2 -19.97676658630371 -3.582602024078369 -0.7476427555084229 6.041356 2.289947 2.362218 0.01510284
1 24.60613441467285 -3.082368850708008 -0.6106238961219788 4.488099 1.685956 1.898921 0.03449845
1 -52.63771438598633 -2.401443481445313 -1.743771433830261 0.790469 1.539002 0.66788 0.08442118
1 -12.13406085968018 -3.686766147613525 -1.156573057174683 4.860777 1.817156 1.531281 0.02584483
1 24.00220108032227 0.6296939849853516 -0.6461184620857239 2.578038 1.552078 0.914107 0.02584481
1 11.39012718200684 21.52187728881836 -1.800050020217896 4.494527 2.101155 1.485169 -3.135002
1 18.56741905212402 -3.113603115081787 -0.7085358500480652 4.586782 2.075128 1.847084 -0.002433736
1 -12.42062664031982 -0.2353591322898865 -1.201381206512451 3.388121 2.189886 1.559261 0.02584483
1 -33.14511489868164 -3.757518768310547 -1.422868132591248 3.03523 0.322044 1.281251 0.03288484
1 -40.2138786315918 -17.23062705993652 -0.9139443039894104 3.984554 1.943946 1.760581 -1.484989
1 30.72348022460938 -2.504463911056519 -0.6886627078056335 1.797361 1.00043 1.741471 0.02584481
1 9.123724937438965 -0.1412371248006821 -0.982323169708252 3.149927 2.01601 1.50191 0.02584481
2 2.544374227523804 -3.490444421768189 -0.6455866098403931 12.682244 3.010119 2.325982 0.02682376
1 29.19155693054199 1.46168315410614 -0.8052247762680054 1.160776 0.330942 1.280566 0.01761352
1 16.99975776672363 -0.2983793616294861 -0.6675893068313599 3.176928 2.078604 0.888519 0.02806677
2 5.690793514251709 19.09868240356445 -0.5826882719993591 2.122971 1.945367 2.853295 -3.115128
2 24.10290908813477 20.96213340759277 0.3053975999355316 11.081532 3.320734 2.187688 -3.139035