5 -17.37767219543457 13.60908603668213 -1.783755421638489 0.250468 0.252487 0.44392 -3.001132
5 -19.56438827514648 14.30334949493408 -1.78124737739563 0.264253 0.263736 0.337568 3.14159
5 -22.90046691894531 -6.148596286773682 -1.392102241516113 0.365791 0.244927 0.453568 -3.006995
1 33.58905792236328 4.267742156982422 -1.486745119094849 3.016251 1.654902 0.814767 0.05400937
5 -21.18725967407227 9.513896942138672 -1.637034416198731 0.237995 0.219037 0.425271 1.574746
1 -26.16884803771973 16.2747802734375 -1.300930738449097 3.931387 1.775106 1.460183 2.223898
2 61.68049240112305 10.633376121521 -0.6749498248100281 8.950702 2.897253 2.380844 -3.088675
5 -21.14903068542481 2.134862184524536 -1.528856992721558 0.299748 0.190368 0.33644 -0.120787
4 -45.95905685424805 -13.45628547668457 -0.9292849898338318 1.458352 0.298653 0.559016 -2.610089
4 -32.38233184814453 12.18855857849121 -1.32016122341156 1.373985 0.58212 1.305391 3.031037
5 -40.43981170654297 -13.08948802947998 -1.251141309738159 0.427119 0.173722 0.31404 -1.223433
5 -32.97114181518555 -16.5702018737793 -1.161755561828613 0.15238 0.100501 0.420502 -1.670272