1 0.3488965630531311 -3.935137033462524 -0.9536917209625244 4.847125 2.068085 1.678147 0.089192
1 -44.23280334472656 6.022277355194092 -1.260898947715759 3.985702 0.778254 1.407809 3.119686
1 -16.00202941894531 6.57023286819458 -0.962766706943512 4.821345 1.826168 2.002472 3.113905
3 -7.913112640380859 5.140176296234131 -0.738781213760376 0.348801 0.493831 0.809226 -0.5569864
1 23.03280067443848 -2.545296907424927 -1.129253029823303 3.191415 1.077689 1.514018 0.004874849
1 -40.21652603149414 -2.841563940048218 -0.9070854187011719 4.523867 0.77863 2.002028 -0.04013787
1 -27.17652893066406 6.543641090393066 -1.216476917266846 3.995813 1.604243 1.481516 -3.100699
1 3.084869623184204 35.19929122924805 -1.514252424240112 3.288181 1.825226 1.587652 -1.498072
1 -23.28349304199219 -3.113254547119141 -1.115862846374512 3.819469 1.691245 1.488495 -0.01263069
1 -28.7394962310791 -3.118583679199219 -0.9881645441055298 3.238592 1.467831 1.743892 -0.01263069
1 28.88965797424316 -3.273931264877319 -1.233615398406982 2.909414 1.423612 1.482776 0.004874849
1 -10.41973686218262 -3.847012996673584 -0.9449252486228943 4.348248 2.081284 1.700239 -0.1682141
3 10.95944976806641 13.30082416534424 -1.105468988418579 0.514621 0.757108 1.786432 1.011436
1 9.963354110717773 7.392515182495117 -1.201820492744446 4.348938 1.967111 1.498458 -2.114
1 -53.40314102172852 6.366237640380859 -1.165917873382568 0.86296 1.333248 1.389041 -3.087385
1 18.03037643432617 -2.940940856933594 -1.079825758934021 3.535932 1.78365 1.55626 0.01237171
1 -3.491915464401245 3.528512954711914 -0.9920496940612793 4.816539 2.222837 1.737407 -3.019994
1 -9.900294303894043 6.455147743225098 -1.030935525894165 4.15269 1.862613 1.751536 3.133418
1 -32.84386444091797 6.227450370788574 -1.237882494926453 3.73711 0.958057 1.234426 3.131372
1 -38.16545867919922 6.066436767578125 -1.35211718082428 3.727366 0.590569 1.077776 -3.07916
6 -58.98805999755859 3.752322673797607 -1.516986012458801 0.56207 1.781569 0.377006 -3.13017
1 5.023520469665527 -3.652749538421631 -0.9653375148773193 4.407471 1.89307 1.685897 0.06259146
1 -51.88119125366211 -2.694598913192749 -1.09887158870697 1.799224 0.582574 1.281754 -0.03456909
1 -16.01270866394043 -3.018040657043457 -1.106647968292236 4.458248 1.552973 1.486234 -0.05010853
1 -21.39134979248047 6.28187370300293 -1.202060222625732 4.093768 1.277745 1.51771 -3.129514
1 -5.439687728881836 -4.225295066833496 -1.029900193214417 4.477345 1.791757 1.580649 0.1306761
1 -34.4222412109375 -3.200070858001709 -0.9013407826423645 2.951194 1.201704 1.842503 0.01601025