4 -10.51433944702148 36.83613204956055 -2.029036998748779 1.174255 0.521874 0.840191 1.411062
1 -13.79334545135498 35.33169555664063 -1.338536977767944 3.52041 1.928931 0.869963 -1.55708
1 -26.82981872558594 6.217035293579102 -0.9818000197410583 3.978158 1.830364 1.521208 3.130147
1 -29.60363960266113 2.841973304748535 -0.9400776624679565 3.582598 1.898529 1.618851 3.141592
1 -56.08690643310547 -3.576092004776001 -0.7060739994049072 2.154902 1.231072 1.735021 0.0
1 -32.93871688842773 6.28811502456665 -0.8623716235160828 4.502086 1.693097 1.853468 3.11814
1 -11.46523571014404 -3.881640434265137 -0.9158185720443726 4.527002 1.962154 1.632073 0.05141348
1 -16.5221004486084 -3.692771434783936 -1.000953674316406 3.924546 1.006732 1.499804 0.07466853
3 -4.100769519805908 12.98297500610352 -1.233105897903442 0.707386 0.481541 1.650783 -0.653591
1 11.78027248382568 -3.447638273239136 -1.10808539390564 3.743599 1.644346 1.501551 0.04102191
6 -21.15745544433594 6.928745746612549 -0.9510798454284668 0.466914 1.024641 0.452166 3.112314
1 -27.4312744140625 -3.96401834487915 -0.941920816898346 3.9125 1.701982 1.643372 -0.1409034
5 2.831690549850464 15.39990711212158 -1.859802603721619 0.386271 0.249656 0.453061 -0.03206118
1 -33.04375839233398 -2.791820526123047 -1.380831956863403 3.97459 0.605032 0.766376 -0.03365019
1 1.251328110694885 -3.147474527359009 -0.9866001605987549 3.943969 2.097972 1.644419 -0.001091117
3 -24.50209808349609 5.054203033447266 -1.098644971847534 0.447466 0.605077 1.33902 -0.08501607
1 -22.09804534912109 -3.904291152954102 -1.074102163314819 3.070953 0.676122 1.45172 0.04794841
1 -12.36791801452637 3.775809288024902 -1.079943060874939 4.422753 1.764636 1.456421 -2.764726
1 6.453210830688477 -3.172380447387695 -1.060707688331604 4.431309 1.870091 1.493934 -0.1343409
1 -37.24941253662109 5.572802543640137 -1.314007520675659 1.539625 0.31316 0.751668 -3.115164
1 -42.82643508911133 5.720830917358398 -0.8552130460739136 1.083032 0.451807 0.613121 -3.141592