2 -33.70365524291992 17.70064544677734 -1.138397097587585 8.615364 2.560926 2.370809 3.122609
1 53.96202850341797 0.8489810228347778 -1.036132216453552 1.350786 1.497662 1.066166 -0.04629452
4 -4.852169036865234 -8.16066837310791 -0.9268461465835571 3.043209 1.112261 1.608729 -0.05050194
4 -0.8350870013237 -5.61515474319458 -0.9897039532661438 1.898479 1.01743 1.521432 -0.009023659
1 -13.55929660797119 -2.784432888031006 -0.8164830803871155 4.464409 1.791371 1.945981 -0.003114038
3 -16.21988296508789 5.636774063110352 -0.9539557695388794 0.606077 0.49733 1.512882 -1.58554
1 -29.98338317871094 -3.428635120391846 -1.24242639541626 3.935222 1.35518 1.121327 0.03354463
1 36.4061164855957 -10.7083911895752 -0.7728255391120911 4.154778 1.705982 1.529677 0.06143321
1 -44.91997528076172 -2.913063049316406 -0.9726319313049316 1.789233 1.508287 1.194103 0.02021247
4 -4.25890588760376 -6.938014984130859 -0.947736382484436 3.8579 1.294845 1.551846 -0.3565591
2 -15.84949588775635 0.1959377825260162 -0.6502332091331482 6.092542 2.260517 2.33118 0.009996394