4 0.03228481113910675 -5.145861625671387 -0.9275012612342834 1.790243 0.742219 1.530377 -0.128606
1 25.93832015991211 4.162017822265625 -1.025291085243225 3.302563 1.886245 1.542223 0.002830181
4 -31.11232376098633 -3.143007516860962 -1.259647727012634 0.982876 0.812518 1.382932 0.01413013
2 -29.33298683166504 1.129270553588867 -0.5133728981018066 7.325609 2.813322 3.029297 0.03541787
1 -3.999401807785034 4.6202073097229 -1.137758374214172 5.222272 2.092565 1.538734 -0.008761907
4 -30.6849479675293 -4.945290565490723 -1.361682415008545 3.26992 1.060707 1.060363 -0.00128476
6 4.535773754119873 25.71709442138672 -2.110569000244141 0.80515 0.555445 0.642672 1.638929
3 -40.20155334472656 -19.14177894592285 -0.4021674990653992 0.207018 0.60038 1.256544 -2.507736
4 -26.20984268188477 -3.312209606170654 -1.141762733459473 1.371869 0.843086 1.414439 -0.03108878
1 -39.67475509643555 4.530418872833252 -1.288123726844788 2.633854 1.675939 1.58303 0.003224946
1 35.71987533569336 0.9964455366134644 -0.9146296381950378 3.422864 1.824823 1.829119 0.03528958
4 27.5576057434082 -4.710554599761963 -0.9881695508956909 1.282065 0.600437 1.678881 0.03695561