1 28.64878845214844 17.14953231811523 -2.10664439201355 1.416293 0.904257 0.582809 3.124368
2 59.95782470703125 -2.933145761489868 -0.2234953343868256 6.902292 2.60221 2.999538 0.05594967
1 47.79619598388672 0.5445494651794434 -1.016377329826355 1.527458 1.693018 1.259366 -0.01083163
4 -48.55361938476563 -7.732543468475342 -1.14910089969635 0.43577 0.555345 0.983706 -3.096062
2 -7.34511137008667 -3.371020078659058 -0.6271421313285828 5.927401 2.258983 2.346418 0.01139208
4 4.964807987213135 17.41164779663086 -1.892550945281982 1.954782 0.572156 1.03364 3.141592
4 39.33285903930664 -6.78488826751709 -0.9479977488517761 0.990494 0.706929 1.338748 0.06021453
1 -32.03949356079102 -0.1238095164299011 -1.68206262588501 0.955276 1.795889 0.744816 0.007831012
1 -48.15995025634766 -3.760836601257324 -1.147462368011475 1.738634 1.584053 1.511665 0.05288086
4 -10.48337841033936 21.96619033813477 -1.732224822044373 1.434129 0.7294 1.614713 3.141592
1 40.02765655517578 -3.10595703125 -1.235305070877075 1.010444 1.512004 0.829591 0.01785439