1 2.307126998901367 56.06105422973633 -1.996662378311157 2.08648 1.662778 1.303519 1.502252
6 -9.945840835571289 40.62707138061523 -1.078248381614685 1.984371 0.224209 0.318367 -1.656214
3 32.08270645141602 -9.958989143371582 -0.9204382300376892 0.635717 0.480258 0.682314 1.540731
3 -17.83222389221191 45.50564193725586 -1.441471815109253 0.876871 1.061792 1.404155 -2.295195e-15
2 -20.15811538696289 -0.5833547711372375 -0.8930103182792664 6.041532 2.25421 2.216978 -0.04216247
1 -23.61706924438477 14.98939514160156 -1.416876077651978 3.222677 1.924428 1.851988 -3.055231
1 -15.97136306762695 -22.54188346862793 -1.234664797782898 4.703186 1.863235 1.589487 -1.345487
1 -5.436797618865967 14.16467952728272 -1.145155787467957 5.57759 1.958908 1.69458 -2.978817
1 -1.922193765640259 -19.71596717834473 -1.029706478118897 4.324837 2.10109 1.514068 1.596975
5 -23.59260940551758 -17.22161102294922 -2.200742721557617 0.437948 0.409179 0.790243 0.0
1 -5.346527099609375 -20.65045547485352 -1.137716293334961 4.422083 1.761485 1.436105 1.655763
3 41.02170562744141 5.738364696502686 -0.6739974021911621 0.772237 0.450243 1.347569 1.892693
1 17.84333038330078 -3.299670696258545 -0.732570230960846 4.330215 1.677153 1.965662 0.01379931
5 -26.70705032348633 -13.84299182891846 -1.984352111816406 0.25742 0.072626 0.370891 2.209399
4 -18.59160614013672 32.97654724121094 -1.576989412307739 1.731344 0.399437 1.271958 2.711977
1 11.23312759399414 -0.1747998893260956 -0.9771671295166016 3.788896 1.759315 1.549927 0.103954
4 9.935103416442871 -10.81731700897217 -1.154666423797607 1.758385 0.982552 1.231261 1.034918
1 -10.23704338073731 5.050774097442627 -1.223044157028198 4.690074 1.96505 1.440635 0.4920287
5 -22.17462348937988 -19.21303176879883 -1.866958260536194 0.121278 0.239616 0.390476 -4.720597e-15
4 0.2725818753242493 -17.67666816711426 -1.054631114006043 1.937343 0.697318 1.513158 2.025169
1 40.46957778930664 -0.7060377597808838 -0.548153281211853 1.042653 1.897765 1.578312 -0.04051774
1 31.18645095825195 21.70440673828125 -1.651728868484497 1.151726 1.017823 0.559733 -3.122922
5 -28.86351776123047 -11.7846565246582 -2.054115772247315 0.185974 0.289735 0.438917 0.0
6 -10.5110559463501 31.0113410949707 -0.9606398344039917 0.18173 0.181814 0.199907 -1.538136
3 28.54462242126465 -7.280019760131836 -0.5280271768569946 0.352562 0.377864 0.772806 0.001068435
1 29.08150100708008 18.05000686645508 -1.263558983802795 4.134839 1.964745 1.275984 3.116952
1 41.06842041015625 17.63149261474609 -1.171172499656677 2.850056 1.630978 0.557481 3.11454
1 -4.94890308380127 -27.4074764251709 -0.839587926864624 4.920267 2.102494 1.83899 1.645817
4 5.656879901885986 -15.2232551574707 -1.010440707206726 1.535231 0.878096 1.511794 1.425953
4 -32.22986602783203 -11.91288757324219 -1.390452146530151 1.22828 1.011205 1.427278 -0.01756055
1 -49.69384765625 -4.502466678619385 -1.551300644874573 1.883224 0.735807 0.790398 0.06646625
3 6.669308185577393 32.73822402954102 -1.376226902008057 0.26847 0.568498 1.442874 -2.561953
1 -1.840707063674927 37.05160522460938 -1.535314559936523 2.989902 2.077932 1.583863 1.733763
3 9.633819580078125 49.74907302856445 -1.579965233802795 0.588646 0.641292 0.859441 -2.721007
4 -45.3294677734375 -10.21865844726563 -1.569607138633728 1.045134 0.592173 1.124019 -3.111152
1 2.44857120513916 9.68709945678711 -1.036880373954773 4.557726 1.86981 1.56899 -2.836676
1 4.150767326354981 30.82795906066895 -1.568004131317139 3.992167 1.540006 1.325094 2.258404
1 -34.978515625 1.903073191642761 -1.785860300064087 3.459608 0.913094 1.086915 0.02118956
1 -31.69565200805664 -4.387705802917481 -1.802901864051819 4.25935 1.983423 0.986311 -0.06130482
1 -8.004637718200684 18.43832969665527 -1.136577606201172 2.628047 2.129481 1.311578 -3.119239
5 -25.62461280822754 -14.88837242126465 -1.951621174812317 0.18703 0.099118 0.366289 2.432696
2 9.550780296325684 11.47296524047852 -0.5021035075187683 6.153164 2.447323 2.659097 -3.003187
2 52.09900665283203 21.37382507324219 0.1219997107982636 2.580177 2.824147 1.390669 3.132421
1 -25.04023742675781 2.426006078720093 -1.451152205467224 4.219432 1.943416 1.244254 -0.04610352
1 -16.54220008850098 3.606612205505371 -1.191775321960449 4.45893 2.101133 1.650641 0.1895275
3 3.90865159034729 44.61755752563477 -1.642941117286682 0.569913 0.587008 0.847755 1.596794
1 -14.61005973815918 -4.321812152862549 -1.252142786979675 4.413961 2.159857 1.468362 -0.01892782
6 -7.437509536743164 33.90507888793945 -0.8416497111320496 0.219077 0.328936 0.181567 -1.538136
4 -11.05935192108154 6.803154468536377 -0.8675593733787537 1.309228 0.643792 0.785857 0.7264639
6 59.69324493408203 -4.092379570007324 -0.5343512296676636 0.18869 1.402879 0.104969 3.088026
1 -22.48459053039551 10.67859268188477 -1.125121712684631 4.496674 1.829469 0.969945 -3.032496
5 42.46033096313477 5.271290302276611 -1.130963563919067 0.576618 0.700199 0.549427 3.126392