5 -17.98092079162598 0.581694483757019 -1.453934550285339 0.322671 0.31735 0.522053 3.109297
1 -6.44617509841919 -8.666579246520996 -1.04561185836792 3.738916 1.798022 1.613949 0.07757978
1 -10.96495151519775 -9.257479667663574 -1.147317409515381 4.641171 2.045266 1.45482 0.1333884
1 -34.67877197265625 -9.228876113891602 -1.388443470001221 4.113241 0.592008 0.826069 0.03905511
1 -0.3228991031646729 21.58917236328125 -0.797971248626709 4.360921 1.920946 1.799164 -1.475373
6 -16.12362861633301 1.426393628120422 -1.131502270698547 1.660133 0.319009 1.266985 1.167673
3 -1.387840747833252 -8.510868072509766 -0.4505265653133392 0.524041 0.546232 0.476271 -1.327294
1 11.96023464202881 -7.074858665466309 -1.266210913658142 4.359993 1.804993 1.518169 -0.07526073
6 -54.59580612182617 -1.705755352973938 -0.8138834834098816 0.735353 0.267193 0.784194 -3.097346
5 -18.58662223815918 0.1837825030088425 -1.457559585571289 0.326193 0.308355 0.424399 3.109297
1 -10.29446029663086 30.25575256347656 -0.5383326411247253 3.561013 1.969439 1.166124 -1.489375
2 -0.6484173536300659 -5.701557159423828 -0.7197285294532776 6.679317 3.04534 2.242509 -0.9593894
4 -9.413536071777344 43.57383346557617 -1.049998164176941 1.967871 0.83159 0.973765 -2.047485
1 -51.44536972045898 -10.6112174987793 -0.736733615398407 4.390656 1.306125 1.914153 0.0626938
1 -40.12984848022461 -9.439116477966309 -1.337816953659058 3.583323 0.315194 0.834931 0.02897466
1 -21.39496994018555 0.5660293698310852 -0.8658108115196228 3.621582 1.788219 1.745566 -3.06204
1 -16.63790321350098 -9.839879035949707 -1.101155757904053 4.173051 1.714809 1.518841 0.1640953
1 -39.14348983764648 -0.8612110018730164 -0.8936041593551636 2.978414 0.458099 1.349194 -3.06204
1 17.3282642364502 -7.088586330413818 -1.303093075752258 3.83637 1.570024 1.517598 0.08546896
6 -32.28915405273438 -0.6718550324440002 -1.429313659667969 1.296322 0.240014 0.34071 -3.06204
1 -45.50320816040039 -10.20236396789551 -1.009515881538391 3.158679 0.731526 1.360663 0.07924629
1 -27.42288017272949 -8.9315824508667 -1.279518842697144 4.521575 0.920226 1.038498 0.004451972
1 6.828436851501465 -7.204274654388428 -1.146201252937317 3.925558 1.736002 1.588892 0.06036305
1 -21.79115867614746 -9.801714897155762 -0.9897797703742981 4.333428 2.086607 1.681455 -0.1037014
1 -26.07920265197754 0.3421156704425812 -0.6163231730461121 0.884824 1.609429 1.708006 -3.06204