6 50.17615509033203 6.657569885253906 -0.5661962032318115 0.216775 1.638119 0.388355 0.2938512
5 5.473097324371338 -2.170480728149414 -1.474780678749085 0.262966 0.242407 0.414417 -1.355032
1 39.13991546630859 -1.228419661521912 -0.5124542713165283 4.318248 1.834291 1.06873 0.8906971
1 26.32287788391113 -17.73113250732422 -0.3591733574867249 4.164585 1.71733 1.511368 -1.268036
3 9.297696113586426 46.286865234375 -0.8608371019363403 0.219283 0.425347 0.897665 1.613141
3 10.53318977355957 46.40927505493164 -1.119643211364746 0.281865 0.458094 1.501248 1.613141
3 -34.23075485229492 -1.339467644691467 -1.833989381790161 0.469989 0.776595 1.40779 0.08602685
5 17.94520950317383 -9.429229736328125 -1.183611154556274 0.347006 0.349666 0.400188 -1.090795
3 6.314250946044922 35.78789901733398 -1.045469641685486 0.677495 0.586417 1.613923 1.178966
4 36.26532363891602 -20.31780815124512 -0.06528588384389877 1.177829 0.547552 1.013737 1.841535
5 4.517287254333496 9.635384559631348 -0.9629524946212769 0.157816 0.134429 0.300206 2.744956