1 -38.28323364257813 -3.398895740509033 -1.345611095428467 4.078361 0.62611 0.904808 -0.05840241
1 18.58309555053711 -10.10465908050537 -1.367040872573853 3.864024 1.609115 1.480392 -0.102553
1 -44.00662994384766 -3.200066566467285 -0.8666976690292358 3.311805 0.917809 1.589879 -0.07967109
2 1.051240801811218 -5.795930862426758 -0.7887605428695679 6.641066 3.274037 2.216995 -1.104196
1 -18.66722869873047 3.727969884872437 -0.8724387884140015 3.92619 1.998313 1.623873 3.038661
6 -13.171706199646 3.679122924804688 -1.114972472190857 1.604565 0.476321 1.25851 0.9926426
5 -16.26838111877441 2.703612327575684 -1.537843942642212 0.103127 0.14836 0.418787 -0.3017789
1 -29.2872200012207 4.097208023071289 -1.152539253234863 1.181025 0.213246 0.943972 3.047088
1 -33.09134674072266 -4.20728063583374 -1.222381711006165 4.102338 1.150563 1.186126 -0.08897074
4 0.4388485550880432 44.08027648925781 -0.9856189489364624 1.616361 0.490437 0.938229 -2.159379
1 -20.54169845581055 -6.540108680725098 -0.9962506890296936 4.361682 2.015417 1.704894 -0.2592242
1 -49.85885238647461 -2.787579298019409 -0.751630425453186 4.202515 1.497514 1.880614 -0.1100894
1 -15.42326736450195 -7.433642864227295 -1.135021090507507 4.192315 1.700073 1.494188 -0.01107788
1 -23.93993949890137 4.296210765838623 -0.4313066303730011 2.646153 1.636488 1.290676 2.972408
1 -4.724356651306152 -7.859177589416504 -1.082604169845581 4.6363 1.719119 1.692589 -0.05813571
1 13.29237174987793 -9.361898422241211 -1.325294017791748 4.474431 1.850734 1.450072 -0.2408027
5 -15.09880352020264 3.092215538024902 -1.412387013435364 0.168007 0.274942 0.58812 0.1227009
1 5.94796895980835 24.72845458984375 -0.7478070855140686 4.360092 1.786999 1.709776 -1.615857
1 -36.23471069335938 4.997254848480225 -0.8188782930374146 3.151743 0.482792 1.185307 3.014027
1 -9.619375228881836 -7.675742626190186 -1.155820846557617 4.447076 1.845761 1.468962 -0.01107788
1 8.152710914611816 -8.609174728393555 -1.202341675758362 3.857737 1.793525 1.579729 -0.1220391
5 -15.75692081451416 2.801328420639038 -1.431274771690369 0.292892 0.234455 0.495107 0.1227009
1 -2.750440835952759 30.85430145263672 -0.6181461215019226 3.292535 2.041867 1.380259 -1.768344
1 -53.47024917602539 7.154588222503662 -0.8679024577140808 4.551049 1.301567 1.507301 3.093266
3 -0.1574272215366364 -8.103262901306152 -0.5005934834480286 0.4706 0.571541 0.555055 -2.132269
1 -25.92120361328125 -5.142910480499268 -1.300299644470215 4.466131 1.716019 1.030884 -0.1144658