2 -18.67315101623535 -0.3077449798583984 -0.6202486157417297 6.004866 2.213007 2.361322 -0.005769577
6 10.57507801055908 5.07042121887207 -1.482870101928711 0.467036 0.441372 0.584712 3.141592
1 -46.86271667480469 -18.49356842041016 -1.048999071121216 3.944005 0.353916 0.822099 -1.164225
1 -48.58401489257813 -4.85155200958252 -1.133457064628601 1.188492 1.840835 1.031023 0.1725348
4 17.80685424804688 -7.750997066497803 -1.045054793357849 1.682406 0.507022 1.472973 -0.02463118
4 -42.49643707275391 6.347350120544434 -1.104182958602905 1.157236 0.367689 1.603575 0.5855289
1 53.34473037719727 -1.946378707885742 -0.9402891397476196 0.615944 1.770378 1.461434 -0.03084751
1 -12.67528915405273 -4.297743797302246 -1.013232946395874 4.496322 2.108467 1.470523 0.002247112
1 -46.92703628540039 15.67867279052734 -1.030853748321533 2.795198 1.161639 0.81226 -2.673775
3 0.5270988941192627 -9.906898498535156 -0.9979700446128845 0.634934 0.554379 0.817601 1.589451
1 -42.68084716796875 39.69057083129883 -2.038322687149048 4.631457 2.044212 1.504318 -1.668164
6 -36.4004020690918 -19.43560409545898 -1.08873462677002 0.421638 0.307801 0.493177 -1.598644
3 8.851320266723633 5.311404228210449 -1.089543223381043 0.4777 0.464788 1.461981 3.141592
1 -36.35204696655273 -27.82160377502441 -0.5053601861000061 4.80382 1.815208 1.948662 1.645422
1 -41.78144836425781 4.542898178100586 -1.164355635643005 4.188273 1.911968 1.341825 0.5018658
1 -47.07073974609375 3.154313087463379 -1.076951026916504 1.740274 1.817953 0.966047 0.3680027
3 -25.31184196472168 32.35877227783203 -1.702298045158386 0.420248 0.3431 1.318152 -2.4198
2 21.24514389038086 18.13263320922852 -0.9323398470878601 5.991317 2.284374 2.196209 3.120841
1 -15.94144630432129 16.99346923828125 -1.310176253318787 4.270006 1.605559 0.908685 -3.04284
4 47.76913070678711 -8.166177749633789 -1.001688241958618 0.638127 0.346834 0.970903 0.07074594
4 -23.38125991821289 41.24941253662109 -1.80536425113678 0.62031 0.531149 1.25318 1.663719
1 20.72052955627441 0.09650570154190063 -1.175976276397705 3.088257 1.932933 1.446429 -0.01680452
1 8.730857849121094 17.3387565612793 -1.214602470397949 4.490481 1.519098 0.735738 -3.121946
1 -29.00881385803223 9.466631889343262 -1.319674372673035 4.275242 1.783172 1.264115 -2.81394
1 -37.97587585449219 44.7740592956543 -2.190454006195068 3.86321 0.449214 1.101206 -1.681724
2 -22.1120548248291 11.29473686218262 -0.4900883436203003 5.937521 2.530346 3.106124 -2.993288
6 34.65901184082031 17.58440780639648 -1.312880039215088 0.737423 1.201383 0.473418 3.084922
1 -26.32160186767578 19.3570671081543 -1.50850260257721 3.743825 1.316769 1.471543 -3.025144
1 15.06624698638916 -3.49120306968689 -0.9026954174041748 4.618938 1.820859 1.904352 -0.02911456
6 -53.81700897216797 12.16898536682129 -2.144816637039185 1.1632 4.89502 0.210653 -2.711252
4 -21.57161140441895 -11.21297740936279 -1.050508260726929 1.770366 0.962949 1.352116 -2.077888
4 -41.79166412353516 -17.01518440246582 -0.9075156450271606 1.482845 0.522544 1.181233 2.974791
4 -25.83535194396973 -15.63424110412598 -0.8844195008277893 1.519243 0.699015 1.516378 1.403437
1 -33.33828353881836 -20.44649696350098 -0.7620625495910645 4.419759 2.045972 1.56088 1.586254
2 9.345863342285156 21.54532051086426 -0.7003549337387085 11.922047 3.081261 3.142654 -3.131877