2 -17.28736114501953 -3.586625099182129 -0.6029961109161377 5.988598 2.323841 2.346272 0.0100345
2 20.66265487670898 21.10336685180664 0.07248897105455399 10.951096 3.113774 2.515607 -3.131371
1 -47.14214324951172 -5.129917144775391 -0.8524470329284668 3.206775 1.556483 1.587951 0.03538076
1 -5.231813907623291 -0.02272772416472435 -0.9384434819221497 3.401618 2.249155 1.26574 0.0729839
1 35.3746452331543 -2.373988151550293 -1.007645964622498 0.883033 1.152243 1.568047 -0.05291574
1 31.64272689819336 1.544724583625794 -0.6766884922981262 1.161955 0.949969 0.667664 0.01839178
1 -22.64228057861328 -0.8918066620826721 -0.9994420409202576 2.836782 2.147202 1.225029 0.05795925
2 6.667716979980469 -3.133500576019287 -0.5834799408912659 9.867588 2.852895 2.333264 0.03090492
1 15.2888650894165 -0.1388616263866425 -0.8482707738876343 3.439193 1.994417 1.078736 0.01436332
1 7.690916538238525 21.4575252532959 -1.791406154632568 3.975207 1.837408 1.317672 -3.122998
1 -28.85493659973145 -3.746019601821899 -1.134952425956726 3.456861 0.320077 1.256885 0.05473377
1 -43.06558227539063 -18.10363006591797 -0.4580047726631165 1.479929 1.538367 1.271756 -1.568622
1 20.03972816467285 0.7110356688499451 -0.9081814289093018 1.34196 1.445153 1.072147 0.0138643
1 15.32192516326904 -3.044500827789307 -0.8344865441322327 4.358776 2.015487 1.807916 0.006599058
6 0.1062287241220474 -4.72267484664917 0.06580750644207001 0.286254 0.258419 0.685311 -0.0300546
1 56.64646911621094 13.95179271697998 -1.129913091659546 3.378446 1.782543 1.170213 3.136546
1 -9.249917984008789 -3.581485033035278 -1.05243456363678 4.889475 1.815791 1.51101 0.03877962
1 7.291509628295898 -0.06127915531396866 -1.036687135696411 3.419269 2.04197 1.440307 0.01488816
1 22.70268440246582 -2.683243274688721 -0.8284104466438293 4.730427 1.363697 1.880686 0.09559697
6 53.38815307617188 17.48856163024902 -0.3788885772228241 1.361749 1.351117 0.488768 3.139932
2 -1.563244819641113 20.87293815612793 -0.8001260161399841 9.744016 2.974916 3.611177 -3.096483