1 11.0158748626709 16.61150169372559 -1.01447069644928 4.319429 1.75394 1.469056 1.648512
5 7.707304000854492 1.930215001106262 -1.555838704109192 0.257234 0.221384 0.419332 1.094851
4 -21.65349578857422 2.195041179656982 -1.188072443008423 1.544047 0.510254 0.786415 -3.083681
4 39.92097473144531 -8.592418670654297 -1.457284331321716 1.56937 0.694611 1.255166 2.566215
4 10.90981578826904 6.219116687774658 -0.9864431619644165 1.703289 0.842133 1.627449 2.254772
5 11.56545925140381 8.10089111328125 -1.540140748023987 0.18533 0.114165 0.359541 2.676476
5 -21.27065467834473 0.3884842693805695 -1.197235822677612 0.30896 0.424001 0.803281 -2.889503
5 -18.98911666870117 -2.823056697845459 -1.432399034500122 0.363106 0.343924 0.387544 -2.382877
1 42.15201950073242 -21.47222137451172 -1.580173492431641 0.949523 1.805857 1.175907 -0.5798808
5 1.512840151786804 -3.992123365402222 -1.625768303871155 0.281194 0.334602 0.452026 -0.4815898
4 22.35717010498047 4.542474746704102 -1.149608016014099 2.054035 0.6824 1.577907 2.541249
1 17.88373565673828 47.66855239868164 -0.8446400165557861 0.60979 1.558504 0.730078 1.130622
1 13.65860176086426 30.10655021667481 -1.08695375919342 0.704324 1.803171 0.808053 1.08945
5 -12.36254978179932 -7.464759349822998 -1.586151719093323 0.245855 0.276206 0.412479 2.949195