1 -7.06305742263794 -2.679271459579468 -1.096593499183655 4.498214 2.017867 1.439137 -0.005107401
1 39.71348571777344 27.03930854797363 -1.324553489685059 1.183789 1.344402 0.608015 -1.745461
4 19.86320114135742 -9.258475303649902 -0.7821887135505676 2.108814 0.679683 1.461753 -0.1759956
1 24.53337287902832 -2.69040846824646 -0.3591626882553101 2.282756 0.832627 0.519709 -0.00526695
1 48.47727203369141 -14.46382808685303 -0.6251708269119263 2.085445 1.590341 1.08664 1.652969
6 20.77214241027832 0.6534172892570496 -0.008123187348246574 1.227799 1.318907 0.166108 -0.00526695
1 2.795000076293945 3.569596767425537 -0.9437763094902039 4.175014 1.896924 1.644965 0.0145595
1 7.315159320831299 0.2006435096263886 -0.8024598360061646 3.172972 2.079046 1.866891 -0.005106796
1 28.63955116271973 22.19495582580566 -1.347891092300415 3.694599 1.758111 0.978588 -2.297412
1 -11.75954437255859 3.354803562164307 -1.168177008628845 4.173794 1.755654 1.485735 0.01824307
6 -1.898631930351257 -4.66429328918457 -0.661277174949646 0.134437 0.06656 0.062362 -1.565686
6 53.29596328735352 16.09589385986328 -0.7254089117050171 1.077873 0.474795 1.144359 2.282659
2 -22.08172225952148 3.26941180229187 -0.3813933730125427 12.16922 2.872842 2.415304 0.005347646
5 22.79228973388672 20.85063934326172 -1.676296591758728 0.18989 0.173908 0.397327 -3.077816
4 28.78298950195313 11.90181159973145 -0.7771188616752625 1.027053 0.848974 1.233602 -0.2103116
1 18.12934112548828 -1.696442127227783 -0.9263790845870972 3.79323 0.484949 1.420262 -0.005106854
1 -4.675247669219971 3.24117922782898 -0.9599615931510925 5.006434 1.928685 1.785888 0.0145595
5 18.77586174011231 19.16957664489746 -1.678822994232178 0.121888 0.114753 0.483779 -1.578303
2 47.91703414916992 -37.03403472900391 0.5041481852531433 4.377426 3.391032 2.920246 1.588972
6 -13.73912620544434 -3.153062105178833 -0.7148386240005493 2.725428 1.099383 0.492562 -0.005111781
5 21.45384025573731 20.11231231689453 -1.584001302719116 0.106136 0.064501 0.379636 -0.09511343
1 45.57210922241211 -15.82619857788086 -0.6101983785629272 4.179407 1.814023 1.568619 1.688614
1 9.218981742858887 3.498270511627197 -0.9989096522331238 4.408544 2.078852 1.459049 -0.005106776
6 -19.82939910888672 -3.629403829574585 -0.4826251268386841 1.190478 0.576032 0.307191 -0.005116787
1 19.93239974975586 3.131833791732788 -0.7193233966827393 1.894046 0.440733 0.803583 -0.005106778
1 -1.145467758178711 -3.123231649398804 -0.8692454099655151 5.085005 1.903608 1.672359 -0.005107089
1 39.14499282836914 -25.13205909729004 -0.6013617515563965 4.361632 1.929071 1.55902 -1.488623
2 -6.125772476196289 -0.02295762300491333 -0.5311149954795837 6.036535 2.322774 1.989201 -0.005109278
5 17.20332336425781 18.75848197937012 -1.724294900894165 0.123453 0.177918 0.445267 -1.578303
4 7.454023361206055 -6.164978504180908 -0.9077550768852234 1.791685 0.623206 1.225415 -0.005126798
1 12.38740634918213 -2.250850915908814 -0.7036670446395874 4.573227 1.673287 1.886155 -0.005106815
1 15.01338863372803 3.3082275390625 -0.780026912689209 3.112386 1.566173 1.680548 -0.005106777
2 -56.28075790405273 17.11504936218262 -0.7306824922561646 6.309385 2.208828 1.774748 3.038324
1 4.935324192047119 -2.432635068893433 -1.027136087417603 4.136182 1.799286 1.470214 -0.005106932
1 -32.58218765258789 17.30327796936035 -1.062507033348084 1.576264 1.366598 0.613636 3.002958
2 -46.37705612182617 20.93948745727539 -0.6389757990837097 10.596051 2.568241 2.726155 3.002958
2 46.64537811279297 -26.23960494995117 0.4674486517906189 5.915253 2.178231 2.557201 1.636513
2 52.48746871948242 -19.87578392028809 0.3741646409034729 11.290414 2.83538 3.472742 1.652969
1 38.68753433227539 19.6317138671875 -1.259175896644592 4.364298 1.264909 0.761462 -1.552621
1 37.44902038574219 6.68766975402832 -0.5005121827125549 3.104191 1.307987 0.996471 -1.668114
5 20.21113204956055 19.5322437286377 -1.703913688659668 0.109946 0.159017 0.380073 -1.578303