1 -7.004077434539795 -2.676131010055542 -1.080238461494446 4.382748 2.020659 1.486227 0.007088973
6 42.03109359741211 38.68162536621094 -1.627584338188171 0.785415 0.202323 0.657003 -1.674035
1 38.93038558959961 32.37234497070313 -1.447912693023682 4.24407 1.840947 0.750117 -1.674035
1 -1.111142158508301 -3.135310888290405 -0.8516008853912354 5.042612 1.957808 1.635839 0.007088973
4 1.800014495849609 -6.543509006500244 -1.008090496063232 1.776413 0.731866 1.505111 0.007088973
2 -6.189399242401123 -0.05226534605026245 -0.6812577843666077 5.929724 2.340211 2.291326 0.007088973
1 9.207974433898926 3.352936506271362 -1.002792954444885 4.460464 1.81517 1.459499 -0.01549682
2 -22.03617286682129 3.261461973190308 -0.3883901536464691 12.0986 2.875571 2.43316 0.007088973
6 20.74110984802246 0.6706914305686951 -0.02228862978518009 1.341969 1.299702 0.21487 -0.01549682
6 -19.84938812255859 -3.677077054977417 -0.4740084707736969 1.259044 0.61629 0.325466 0.007088973
1 -4.666289806365967 3.240066766738892 -0.9423559904098511 5.011194 1.924656 1.753949 0.007088973
2 52.81916809082031 -22.60759544372559 0.6205689907073975 11.059389 2.91515 3.152452 1.646147
1 38.31893539428711 13.8509578704834 -0.9643985629081726 4.091999 1.330339 1.305387 -1.674035
6 23.87989234924316 -2.856144189834595 -0.1851048171520233 0.979263 0.415517 0.137245 -0.01549682
2 8.892687797546387 14.87460041046143 -0.5150131583213806 12.240429 2.908976 2.946597 -3.125344
1 19.94530868530273 3.132693290710449 -0.7120964527130127 1.916893 0.480332 0.826915 8.091714e-17
1 24.13930892944336 14.67524242401123 -0.9551823139190674 2.666314 2.082177 1.63074 -2.676678
1 7.366211414337158 0.2153797745704651 -0.7950776815414429 3.269308 2.031831 1.845482 -0.01549682
1 48.7292366027832 -17.8724536895752 -0.784593403339386 2.578506 1.557033 1.344707 1.661654
1 2.79183292388916 3.543885469436646 -0.9362407326698303 4.172784 1.82285 1.627319 -0.01549682
1 -11.76853942871094 3.361987352371216 -1.144876956939697 4.195923 1.748445 1.444274 0.007088973
1 12.38698863983154 -2.24773097038269 -0.710246741771698 4.590579 1.697743 1.890643 -0.01549682
1 18.12846565246582 -1.659568786621094 -0.9430874586105347 3.772251 0.528651 1.400672 0.0
4 10.1079273223877 -9.022706031799316 -0.6634754538536072 1.77015 0.690483 1.589606 0.0
1 41.42987823486328 21.82203674316406 -1.108393311500549 1.888891 1.090142 1.011761 -1.674035
1 45.86808013916016 -19.78582191467285 -0.5515308976173401 4.190799 1.380772 1.410687 1.661654
6 -14.08451843261719 -3.395815372467041 -0.711379885673523 2.128472 0.792425 0.479403 0.007088973
1 4.933856010437012 -2.459617376327515 -1.012787222862244 4.142131 1.90577 1.477468 -0.01549682
2 -18.96686935424805 16.11541557312012 -0.5295574069023132 12.570947 2.838702 3.289965 2.996966
3 29.20220184326172 20.84208106994629 -0.9965399503707886 0.773581 1.162552 1.546568 -2.403128
5 20.86860847473145 -9.706199645996094 -1.357154488563538 0.160604 0.179291 0.32985 2.761437
1 15.00610733032227 3.313151359558106 -0.7907322645187378 3.106699 1.578628 1.69058 0.0
4 27.70905303955078 22.02129554748535 -1.111533522605896 1.817787 0.760382 1.433653 -2.189555
2 -56.69046783447266 16.70477104187012 -0.94989013671875 7.187301 2.493909 2.225115 3.133821
4 58.52898788452148 -5.515087604522705 -0.7991217970848083 1.127849 0.644864 1.269084 1.610027
2 46.76083374023438 -27.39609336853027 0.4677703082561493 5.947666 2.284735 2.711283 1.63088