6 19.26424217224121 10.01187515258789 -1.495046734809876 0.929722 0.370529 0.783389 -0.06416591
1 4.486225605010986 9.25877857208252 -1.062596559524536 4.6635 1.787538 1.711085 3.094281
1 -39.39448547363281 7.166192054748535 -1.566664457321167 3.719218 1.437051 1.473011 -3.092478
4 1.168455123901367 -5.195217609405518 -1.040789365768433 1.695007 0.990312 1.545634 -0.1262975
2 -27.25606346130371 7.513296604156494 -0.5173844695091248 6.969727 2.374502 3.355063 -3.092478
1 -42.29037094116211 -6.616966247558594 -1.555202603340149 1.282762 1.719643 0.798836 0.04911447
1 44.0850715637207 37.60592269897461 -0.618812084197998 2.386855 0.391641 1.342324 -1.590262
3 -8.012734413146973 13.93736553192139 -1.023147463798523 0.377616 0.652654 1.70177 3.137656
6 20.56254768371582 9.885669708251953 -1.260470867156982 1.296076 0.216336 1.229917 -0.04420308
6 -57.4129753112793 9.266974449157715 -1.709147810935974 0.545992 1.111658 0.730107 1.68571
1 36.55025482177734 35.86055755615234 -1.090868353843689 4.410755 0.436973 1.104988 -1.618029
1 42.14738082885742 20.18046569824219 -0.8389274477958679 5.114521 1.884081 1.869216 -1.590262
3 -9.90695858001709 -9.669458389282227 -0.941657304763794 0.659838 0.6751 1.630741 3.125613
6 16.77030372619629 9.779666900634766 -1.278431534767151 1.645344 0.356964 1.227974 -0.04430504
6 45.59491729736328 -33.70354080200195 -0.59322190284729 3.076386 0.240461 0.297295 -1.542295
4 -8.406028747558594 -4.98320484161377 -1.129615545272827 1.737419 0.896973 1.525476 -0.003306453
6 21.25812721252441 -4.323716640472412 -1.421533465385437 1.510628 0.256504 0.708143 1.518962
4 38.53056335449219 -27.01877784729004 -0.6462876200675964 1.686821 0.430817 1.323005 -1.745912
1 11.21137237548828 9.975807189941406 -1.013188004493713 4.73339 1.872108 1.785772 -3.092477
6 27.05342864990234 10.90609264373779 -0.9227637648582458 1.08056 0.107191 0.582029 0.6978822
1 44.14418411254883 4.035087585449219 -0.8680253028869629 4.909573 0.994205 1.323155 -1.590262
6 18.07657623291016 9.682822227478027 -1.579042792320252 0.903627 0.253561 0.614368 0.04170405
1 -33.59029388427734 -0.3345176577568054 -1.706437945365906 0.645001 1.481676 0.560522 0.0491147
1 -51.62253189086914 5.582795143127441 -1.788912057876587 3.856955 1.164411 1.17551 2.230147
6 25.46244239807129 10.09127426147461 -1.197366118431091 1.711142 0.208511 1.279973 0.2835754
1 -30.77824783325195 -6.561259746551514 -1.501269698143005 4.413224 2.10336 1.465474 -0.009763183
6 21.25303077697754 -2.751755475997925 -1.39613687992096 1.316344 0.254056 0.686082 1.539075
6 22.96815872192383 9.927084922790527 -1.224336266517639 1.693614 0.234632 1.223649 0.0300503