5 -5.729547500610352 9.121013641357422 -0.9784622192382812 0.251434 0.286003 0.355277 -0.2098818
6 -2.90051007270813 -2.383175134658814 -1.45432984828949 0.180306 0.214808 0.13961 -2.764638
5 1.505721926689148 14.37332916259766 -1.243795990943909 0.302417 0.246968 0.596048 0.04678548
5 10.11819839477539 -8.35673999786377 -1.615786910057068 0.281931 0.242436 0.455356 0.3690533
1 40.65100479125977 10.8890962600708 -1.194050669670105 0.460031 1.654454 0.513321 0.3916111
4 -4.084946632385254 10.90178489685059 -1.169246673583984 1.646102 0.594609 1.034791 2.62471
5 25.54745101928711 -5.045334339141846 -1.434792399406433 0.143973 0.1616 0.372321 -2.901064
1 24.29612922668457 -28.98655700683594 -1.036975264549255 4.097845 1.788499 1.518903 -1.201185
1 30.38743209838867 1.946962952613831 -0.9654839038848877 4.337536 1.790923 1.554958 0.9747192
4 36.31502151489258 -25.30380630493164 -0.8480864763259888 1.44969 0.631528 0.899646 1.975105
3 -5.031432628631592 9.264753341674805 -1.242280840873718 0.401984 0.350675 0.913685 2.62471
5 34.19044876098633 4.903489112854004 -1.442264318466187 0.079038 0.272694 0.304702 -2.901064
1 41.09524536132813 15.00399589538574 -1.245200395584106 3.817392 1.856522 0.675715 0.4061303
5 -5.176159381866455 5.285770416259766 -1.511336088180542 0.291624 0.408158 0.550032 -3.026325
5 30.59307098388672 -7.343069553375244 -1.595897436141968 0.325538 0.344085 0.406969 -2.901064
4 26.0626277923584 -13.73675918579102 -0.9338586330413818 1.726201 0.732468 1.502786 1.940408
5 18.60538673400879 -7.511513233184815 -1.48711097240448 0.182792 0.226962 0.387313 -2.901064