5 -1.752771377563477 9.39175796508789 -0.9805518984794617 0.296026 0.185973 0.353614 -1.327945
1 23.77402877807617 -26.69577407836914 -1.043406486511231 4.205883 1.598419 1.172511 -1.267278
1 44.72420120239258 7.467270851135254 -1.125597834587097 0.465525 1.609765 0.937669 0.3134186
4 0.05715000256896019 10.95846462249756 -1.202261924743652 1.605227 0.730274 1.061166 2.440408
5 21.22030448913574 -9.137334823608398 -1.3993239402771 0.231375 0.268226 0.346704 0.3072727
4 28.8319206237793 -18.22772789001465 -0.7053755521774292 1.40348 0.526762 1.298729 1.848825
5 33.33417129516602 -7.665574550628662 -1.444002747535706 0.300222 0.101811 0.258348 -1.838472
1 33.6683349609375 -0.5953192710876465 -0.9486825466156006 4.365803 1.645302 1.412059 0.9170538
5 5.884397983551025 14.07272911071777 -1.25905179977417 0.307607 0.312978 0.625326 0.04678548
5 -1.391149520874023 5.397634029388428 -1.519620180130005 0.172003 0.149263 0.545318 -2.816329
4 38.37857437133789 -31.14105224609375 -0.7014042139053345 1.618007 0.616731 1.017224 1.928916
5 12.66914463043213 -9.28218936920166 -1.565699100494385 0.225562 0.278587 0.424634 -1.202543
1 41.83762359619141 10.34570598602295 -1.239578604698181 3.859098 1.733905 0.634341 0.4934198