6 20.31845855712891 10.07124900817871 -1.118251085281372 1.761135 0.22376 1.046603 -2.9486
6 17.8440113067627 9.923717498779297 -1.177405118942261 1.631457 0.189605 1.260078 3.110577
4 33.34322357177734 -29.60962104797363 -0.4968007802963257 1.579269 0.681996 1.413429 -1.552811
5 12.97404766082764 9.554621696472168 -1.642515659332275 0.308557 0.167279 0.431205 -0.1033462
5 13.32452297210693 9.568442344665527 -1.5476233959198 0.210225 0.186555 0.439969 -0.1033462
3 -13.77326107025147 13.88130950927734 -0.9984793663024902 0.359654 0.619125 1.460564 3.141135
2 -32.32137298583984 7.447251319885254 -0.6836804747581482 6.980966 2.578395 3.237315 -3.114805
6 11.5060625076294 9.765438079833984 -1.216335296630859 1.249371 0.187473 1.201301 3.096627
4 -1.013165712356567 -5.257745742797852 -1.035131931304932 1.647382 0.874255 1.54088 0.02875576
1 -35.72776412963867 -6.728831291198731 -1.555064678192139 3.993565 2.053135 1.312237 0.01216487
6 15.4707202911377 9.88283920288086 -1.204601407051086 1.176069 0.148138 1.198614 3.110577
4 2.233965635299683 10.61222362518311 -1.156503319740295 0.788554 0.43119 1.473352 2.173651
1 53.77118682861328 6.218619346618652 -0.1957171261310577 1.858923 1.609033 0.770418 1.600944
1 -34.20928955078125 -0.3048325479030609 -1.905845761299133 0.713767 1.712245 0.549064 0.02907215
5 13.98789119720459 2.130732297897339 -1.50060498714447 0.136374 0.127753 0.395245 -1.478425
5 12.48892498016357 9.624991416931152 -1.431952714920044 0.362907 0.25858 0.789796 -0.1033462
1 -55.41798782348633 3.747723340988159 -1.868256449699402 3.999842 1.737011 0.764973 2.385503
6 16.18031883239746 -2.816933155059815 -1.334967970848084 1.411727 0.241406 0.672117 1.505332
1 -0.4830024242401123 9.135167121887207 -1.064710378646851 4.64234 1.613546 1.680666 3.113221
6 52.83265686035156 -16.04557037353516 -0.307409405708313 3.778939 0.549416 0.451652 1.628423
3 4.657598972320557 12.2362642288208 -1.035850882530212 0.336894 0.578843 1.550418 1.50601
1 37.08725357055664 15.01766109466553 -0.6789419054985046 5.215765 1.889332 1.754754 -1.544128
6 13.96115207672119 9.97354507446289 -1.294761419296265 1.439723 0.215445 1.014331 3.035284
1 -47.59918212890625 -6.767238616943359 -1.610367178916931 1.716941 2.017279 1.102183 0.0320626
1 -44.37894058227539 6.9802565574646 -1.673344135284424 3.615789 1.206296 1.072774 -3.086948
6 40.70167541503906 -39.84505844116211 -0.4715695083141327 0.319472 0.32271 0.702623 -1.545541
4 27.93513870239258 44.4451789855957 -0.8744258284568787 0.617302 0.239815 0.799624 -1.191897
4 -10.39155864715576 -5.171821594238281 -1.137214183807373 1.700601 0.777795 1.538594 0.02875576
1 39.90948867797852 27.18184471130371 -0.4754822254180908 1.346821 1.603041 1.2997 -1.515968
3 29.45322227478027 -22.25428581237793 -0.4082336723804474 0.339847 0.431093 1.58834 0.003071346
1 30.52948379516602 20.52987098693848 -1.39992880821228 0.561356 1.418581 0.520044 -2.172484
1 38.60366058349609 -4.07572078704834 -0.6420543193817139 4.86146 0.623947 1.255078 -1.599804
6 16.13842582702637 -4.348311424255371 -1.388992786407471 1.484313 0.266932 0.661611 1.549659
3 -15.17531299591065 -9.772416114807129 -0.9932973980903625 0.404934 0.52615 1.539832 3.121718
1 6.152355194091797 9.949949264526367 -1.011606812477112 4.687657 1.812063 1.761895 -3.068836
6 31.94380187988281 -23.41378784179688 -1.042886018753052 2.70815 0.884652 0.45603 -1.552811