6 -38.08259582519531 5.527587890625 -1.603824853897095 1.558191 0.317024 0.867787 -0.00279283
6 14.27691745758057 -2.837481021881104 -1.156794548034668 1.332899 0.198192 0.857679 3.127362
6 10.1953763961792 -2.790354490280151 -1.36510694026947 0.249489 0.252063 0.580056 3.127362
1 29.19029808044434 6.390200614929199 -1.019622206687927 3.997061 1.606199 1.509024 -3.134587
4 -38.95772171020508 9.37742805480957 -1.12365448474884 1.394852 0.711457 0.582678 -0.004790734
5 -6.160398006439209 -2.879805088043213 -1.490796566009522 0.350352 0.234883 0.657333 3.127364
5 -29.31742477416992 5.474730968475342 -1.705330729484558 0.384924 0.198467 0.211926 -3.129268
6 18.76750755310059 5.940864086151123 -1.323342442512512 1.764838 0.251923 1.027019 3.127362
5 -11.5640869140625 5.701187133789063 -1.583801507949829 0.22734 0.220066 0.540015 3.114346
5 -9.986702919006348 -2.886672496795654 -1.505500674247742 0.431305 0.326398 0.648427 3.127367
1 37.67931365966797 -2.441811084747315 -1.220890045166016 3.346546 0.397423 1.049885 0.01724178
5 11.91539764404297 5.727885723114014 -1.519641399383545 0.303126 0.273322 0.639572 3.114346
5 -12.80269145965576 -2.904239654541016 -1.558802008628845 0.287343 0.332063 0.669544 -0.05816991
5 6.312100410461426 5.662557125091553 -1.549992084503174 0.374082 0.269251 0.615311 3.114346
6 -38.43987274169922 6.244151592254639 -1.714656710624695 0.912104 0.921546 1.072665 -3.128964
5 5.992691993713379 -2.847835779190064 -1.426934838294983 0.354209 0.245517 0.67165 3.127362
6 -32.5316047668457 5.507750511169434 -1.670809864997864 1.542452 0.40157 0.610962 -3.129268
5 15.40400218963623 7.838602542877197 -1.504498600959778 0.129967 0.23591 0.527897 -3.11414
5 15.60580158233643 -2.678010940551758 -1.426519274711609 0.259934 0.275405 0.524296 3.127362
5 11.97239208221436 7.984214305877686 -1.40941596031189 0.370343 0.280903 0.647834 3.127652
5 -2.80010724067688 -2.858547687530518 -1.34913444519043 0.289998 0.277217 0.459893 3.127363
1 22.64759254455566 6.434351921081543 -1.103715419769287 4.121382 1.955962 1.497606 -3.106933
5 8.871612548828125 -2.703095674514771 -1.391377210617065 0.417465 0.249427 0.583861 3.127362
2 35.32139205932617 6.225541114807129 -1.036182522773743 2.745741 0.356185 1.712646 -3.134587
5 9.021522521972656 5.658647060394287 -1.504599332809448 0.349731 0.246085 0.632244 3.114346
1 44.07718658447266 -3.103448629379273 -1.185146450996399 4.215892 1.584251 0.660046 -0.001002144
1 45.02758407592773 6.083907127380371 -1.150352358818054 1.800264 0.507398 1.206407 -3.134963
3 -46.57007598876953 -15.18308353424072 -1.068354606628418 0.352429 0.549657 0.798203 -3.108545
5 20.03934288024902 5.472455978393555 -1.534913539886475 0.191322 0.194713 0.392477 3.127362
5 -2.884249210357666 5.709598541259766 -1.57444155216217 0.339657 0.408725 0.62532 3.114346
6 -32.67101287841797 -3.216958999633789 -1.437161922454834 1.75091 0.42751 1.308937 2.98662
6 -26.57921409606934 -3.304463386535645 -1.448721528053284 1.596532 0.172781 0.815619 -3.128516
5 -28.1447868347168 1.192351937294006 -1.691166520118713 0.297403 0.20648 0.379695 -3.129268
5 -16.37813949584961 -2.950658559799194 -1.581040859222412 0.388879 0.265338 0.626172 3.127383
1 50.42459106445313 6.389492034912109 -1.023985147476196 1.468641 0.825841 1.296046 -3.109925
5 -0.8612434267997742 5.756714820861816 -1.561123967170715 0.259335 0.287194 0.605338 3.114346
1 31.56440734863281 -2.613730907440186 -1.026543259620667 3.891027 0.772233 1.391461 -0.03850933
5 13.77871894836426 5.762848377227783 -1.484233617782593 0.334158 0.32766 0.631979 3.114346
6 10.35323143005371 5.745055675506592 -1.339369297027588 1.688104 0.511289 0.994867 3.114346
6 -5.278105735778809 5.634807109832764 -1.53517484664917 0.276704 0.332051 0.647547 3.114346
6 16.20301818847656 5.808846473693848 -1.279123902320862 1.752083 0.381847 1.102096 3.127362
5 4.941232681274414 5.766167640686035 -1.563226461410523 0.316765 0.389643 0.616405 3.114346
5 -14.50040817260742 5.69605302810669 -1.608099818229675 0.385129 0.316038 0.667097 3.114346
5 1.689665198326111 5.653358936309815 -1.508245348930359 0.364004 0.363591 0.718018 3.114346
5 7.752483367919922 5.619303703308106 -1.511388063430786 0.396206 0.379881 0.641606 3.114346
1 25.55580520629883 -2.904712677001953 -0.8561179637908936 3.86283 1.180454 1.567297 0.06205488
5 3.661689281463623 5.735619068145752 -1.543193340301514 0.325392 0.341103 0.626771 3.114346
1 20.27797889709473 -3.318836212158203 -0.9894639253616333 3.751169 1.759431 1.435164 0.1004975
5 13.14766597747803 -2.790657758712769 -1.444343447685242 0.361518 0.21154 0.456572 3.127362
6 12.02054119110107 -2.802926540374756 -1.241000056266785 1.803433 0.210362 0.970834 3.127362
5 10.76761627197266 -2.770266056060791 -1.365728139877319 0.307352 0.213367 0.471529 3.127362
5 16.40834045410156 -2.697857856750488 -1.426275253295898 0.347316 0.159097 0.575907 3.127362
6 3.15610408782959 -2.877391338348389 -1.269595742225647 1.715968 0.310675 0.990711 3.127363
1 -12.04687595367432 2.98432183265686 -1.142043590545654 3.715356 1.776572 1.51834 -3.112112
1 39.61069488525391 6.106382846832275 -1.138947129249573 4.036741 0.660637 1.388431 -3.134587
6 -20.8134880065918 -3.113015413284302 -1.441864132881165 1.612804 0.226306 0.988829 3.127444
5 17.00782585144043 -2.68667483329773 -1.370352506637573 0.300551 0.212407 0.566345 3.127362
5 -8.66347885131836 5.665060997009277 -1.573614835739136 0.154264 0.211385 0.514131 3.114346