1 51.93607711791992 17.3945426940918 -2.247918844223023 4.022702 1.96522 1.432525 3.128505
1 28.49599075317383 -3.557837724685669 -1.462442636489868 1.279739 1.394495 1.172975 0.04941037
1 41.38592910766602 -2.587677478790283 -1.195416212081909 4.099129 1.359884 1.759064 0.04941037
4 7.669499397277832 -8.506173133850098 -0.772442638874054 1.295213 0.78578 1.067285 0.1172455
2 -8.637139320373535 20.69281196594238 -0.7907056212425232 11.172995 3.399859 3.694464 -3.099564
1 53.41136932373047 14.55895137786865 -2.093289613723755 4.600137 2.662118 1.701893 -3.092182
1 15.51513957977295 0.2647741436958313 -1.258342146873474 3.105747 1.928871 1.46042 0.04558904
1 33.45766830444336 31.06335258483887 -1.93108856678009 0.889744 1.296472 0.878527 -1.330472
2 14.34866523742676 20.98046493530273 -0.391801118850708 11.443254 3.178183 2.63495 -3.130644
1 -20.22033500671387 -3.727327823638916 -0.7608891725540161 4.083639 2.061814 1.761128 0.04558904
1 -28.60249519348145 -0.532709002494812 -0.5733553171157837 3.326647 2.088245 1.901336 0.04941037
6 -25.36023902893066 20.84976768493652 -1.616388440132141 0.214425 0.629211 0.432384 3.103665
1 -16.47568893432617 -0.3797551989555359 -0.4761400818824768 1.132269 1.764678 0.572245 0.04558904
2 -6.3893723487854 -3.329713344573975 -0.575965940952301 6.012902 2.28103 2.245295 -0.000475619
1 2.595743894577026 -3.201096534729004 -1.034697651863098 4.607938 2.017586 1.500401 0.04558904
1 4.482623100280762 15.92084693908691 -0.5150458812713623 3.959881 1.510422 0.689514 3.136654
2 15.17731380462647 -3.234107255935669 -0.5146570801734924 12.885594 3.568977 2.732459 0.02877762
6 41.21924209594727 1.645066976547241 -1.250559449195862 0.750177 0.669508 0.717591 0.04941037
1 54.23367691040039 -1.699796319007874 -1.202437043190002 0.63759 1.804613 1.357579 0.04941037
1 -31.24532127380371 -3.988692760467529 -0.5380899906158447 3.332098 1.500306 1.859119 0.04941037
1 -7.560678482055664 0.01185869425535202 -0.8485131859779358 3.435184 2.017835 1.83354 0.04558904
1 29.77163696289063 0.2233932614326477 -1.331918358802795 3.111221 2.117508 1.516137 0.04941037