6 -32.12623596191406 -3.392880439758301 -1.20172655582428 1.56933 0.259046 1.17294 -3.120458
5 3.421710729598999 -2.904870510101318 -1.465783476829529 0.315823 0.279099 0.666122 3.137346
6 -44.02170181274414 5.9505934715271 -1.133717894554138 1.22732 0.622204 1.123347 -1.540229
6 0.5210806727409363 -2.98839807510376 -1.212379217147827 0.169026 0.210265 0.245886 -3.114514
5 -27.47452926635742 5.461245059967041 -1.482325196266174 0.234317 0.262441 0.424236 -3.120458
5 -3.74409818649292 5.468201637268066 -1.448000550270081 0.287057 0.329682 0.756458 -3.120458
1 23.64213562011719 6.183914661407471 -1.222987055778503 3.994548 1.675802 1.640657 -3.103127
6 -34.81011581420898 5.339465141296387 -1.487448692321777 0.352836 0.198132 0.492154 0.1079766
6 6.485954284667969 -3.019729614257813 -1.319370865821838 1.683734 0.229147 1.043053 0.01883164
6 4.872015476226807 5.57095193862915 -1.347548723220825 1.685646 0.206907 1.056919 -3.120458
5 -1.779121279716492 5.448938369750977 -1.487783789634705 0.20336 0.250216 0.672557 -3.120458
5 5.338313579559326 -2.98178768157959 -1.482437133789063 0.276971 0.276677 0.696511 3.137346
1 44.91298675537109 -3.000608205795288 -1.228947281837463 3.00325 0.46683 1.801922 -0.02943689
5 -19.9777717590332 5.534101009368897 -1.464528560638428 0.302993 0.205051 0.672622 -3.120458
5 -17.0565128326416 5.593526363372803 -1.52081573009491 0.368437 0.187483 0.570622 -3.120458
5 10.9394121170044 -2.931255340576172 -1.513378500938416 0.325248 0.25096 0.659921 3.137346
6 -30.58879470825195 5.493227005004883 -1.410346388816834 0.239029 0.286225 0.680499 -3.120458
5 -5.069429397583008 -2.945841312408447 -1.442541480064392 0.302854 0.351052 0.683938 -3.114514
5 7.64614725112915 -3.016631603240967 -1.512384414672852 0.34574 0.317467 0.654763 0.01883164
6 -2.321892499923706 -3.216805458068848 -1.262965202331543 1.642381 0.524704 1.092892 3.13506
5 11.4962215423584 -2.924377202987671 -1.559409379959106 0.494558 0.316929 0.624444 3.137346
6 -26.30860900878906 -3.213040113449097 -1.243162035942078 1.52158 0.201632 1.043061 3.081956
5 0.8929702043533325 5.46771764755249 -1.471919178962708 0.249994 0.354345 0.730845 -3.120458
5 -18.30279159545898 -3.025301933288574 -1.3948073387146 0.195858 0.178776 0.577943 -3.114514
1 17.48954963684082 6.272758960723877 -1.138792514801025 3.216982 1.87968 1.609626 -3.103127
6 -33.66756820678711 1.104295492172241 -1.417542576789856 0.235171 0.360347 0.468181 0.1079766
1 25.99847984313965 -3.262450456619263 -1.24660587310791 3.807983 1.562857 1.398377 0.03839302
5 -21.80099868774414 -3.077938079833984 -1.430878043174744 0.256787 0.139256 0.66256 -3.114514
1 20.0262565612793 -3.352859497070313 -1.099587440490723 3.936278 1.632595 1.615545 0.06856553
5 3.560345411300659 5.426993370056152 -1.498059391975403 0.412149 0.365476 0.708259 -3.120458
5 -6.278024196624756 5.607973575592041 -1.487854480743408 0.295053 0.266219 0.715079 -3.120458
6 8.945902824401855 -3.07371997833252 -1.339571714401245 1.672958 0.208855 1.029485 0.01883164
1 45.50618362426758 6.184667587280273 -1.804071545600891 3.575571 1.08893 0.814923 -3.134762
1 5.837566375732422 3.164300680160523 -1.017103910446167 4.047321 2.028399 1.653471 3.133026
5 6.432235240936279 5.553940773010254 -1.5538170337677 0.247283 0.203866 0.660322 -3.120458
6 -23.95207595825195 5.563872337341309 -1.269706606864929 1.69812 0.221806 1.006222 -3.120458
1 29.79857635498047 6.043118000030518 -1.491851925849915 2.424789 0.648093 1.166208 -3.1032
5 -11.67222309112549 -3.087741851806641 -1.430379629135132 0.266666 0.270168 0.650497 -3.114514
5 -8.266374588012695 5.564019680023193 -1.468767881393433 0.299181 0.375194 0.702487 0.02113461
5 -8.230469703674316 -3.057088136672974 -1.470378279685974 0.241277 0.342347 0.636488 -3.114514
1 48.70763778686523 -2.787534713745117 -1.483943462371826 1.073273 0.46683 0.970827 -0.02943689
1 38.45409393310547 -3.427614450454712 -1.141753315925598 4.007 1.515963 1.887982 0.02712708
1 50.33539581298828 5.869999408721924 -1.536109447479248 1.589177 0.451606 0.852992 -3.124819
5 -14.09433746337891 5.582568645477295 -1.50822901725769 0.115894 0.224107 0.582988 -3.120458
5 10.24765682220459 -2.895889043807983 -1.501822352409363 0.567616 0.328687 0.70852 3.137346
5 -15.43695068359375 -3.009498119354248 -1.455533981323242 0.238963 0.358052 0.607565 -3.114514
1 34.39394378662109 5.811454772949219 -1.363794088363648 3.884876 0.87552 1.390213 3.134755
1 14.70209980010986 -3.60223126411438 -1.134777307510376 3.702109 1.785326 1.505025 0.07327843
5 -10.75131893157959 5.497570037841797 -1.459877729415894 0.365891 0.216974 0.688409 -3.120458
6 -38.24315643310547 -3.271446704864502 -1.243686676025391 1.864884 0.362389 1.032142 3.109474
5 4.733889579772949 -2.988401889801025 -1.476791620254517 0.294691 0.335093 0.67545 3.137346
6 -43.11614608764648 5.509575843811035 -1.281888365745544 0.628314 0.19264 0.748218 0.06532808
1 32.11971664428711 -3.154085397720337 -1.145937085151672 3.245293 1.116093 1.656715 -0.006511694
5 -0.5069624781608582 5.472011089324951 -1.496972560882568 0.18447 0.262045 0.669637 -3.120458
4 45.18050765991211 3.69891881942749 -1.476049900054932 1.679887 0.677984 1.057516 -3.1032
5 2.311564922332764 5.407895088195801 -1.467640280723572 0.280736 0.339222 0.771433 -3.120458