1 -46.61363983154297 4.382449150085449 -1.256344437599182 4.138361 1.690062 1.326037 -2.622999
4 16.07043647766113 -7.803891181945801 -1.02203893661499 1.745569 0.488227 1.538044 0.02246441
3 -4.359675407409668 -9.9881010055542 -1.072930455207825 0.641612 0.422399 0.842124 1.571556
2 -27.06492614746094 11.10051441192627 -0.4259582757949829 5.864856 2.027021 3.128119 -2.986995
1 -47.59733200073242 40.44384384155273 -1.570398449897766 6.727226 1.863264 1.388508 -1.624473
2 14.5737247467041 -3.498632431030273 -0.8937862515449524 4.661881 1.705112 1.913301 0.009930919
3 3.81177830696106 5.330826282501221 -1.02597188949585 0.54465 0.416614 1.469486 2.352006
2 13.62822532653809 18.15088272094727 -0.7001768350601196 6.015243 2.460535 2.214147 3.136671
1 28.73954582214356 17.66851234436035 -1.211523413658142 1.918109 1.166775 0.798515 -3.122935
4 46.44017028808594 -8.063244819641113 -0.8848293423652649 0.642388 0.532624 0.933365 -0.006947521
4 -48.48933410644531 -17.387451171875 -1.077323198318481 1.182227 0.718643 1.300235 0.1470813
1 22.72860717773438 0.03472958132624626 -1.111169934272766 3.182715 1.75412 1.462061 0.01661671
3 -30.38594055175781 32.18971252441406 -1.463501572608948 0.295376 0.346281 1.069662 -2.808539
2 1.872228622436523 21.47632026672363 -0.5516640543937683 11.86854 2.899969 3.038783 -3.133057
1 -37.68238067626953 -20.51238632202148 -0.9855450987815857 4.620779 0.968378 1.322884 1.790506
4 -30.68584060668945 -15.88574028015137 -1.053233742713928 1.410494 0.615532 1.324751 1.47488
1 -51.83511352539063 2.41482424736023 -1.237126588821411 1.343273 0.486707 1.078225 -2.793053
1 -57.26823806762695 14.00678253173828 -1.243886709213257 3.494906 0.328158 0.888554 -2.970363
1 -41.1640739440918 -28.17407417297363 -0.829348087310791 4.342686 1.828268 2.006446 1.619317
6 5.664021968841553 5.00791072845459 -1.485940456390381 0.368758 0.445488 0.666201 0.4385766
6 -41.62310028076172 -19.41473960876465 -1.52890932559967 0.24756 0.932314 0.175452 1.549778
1 -33.91221618652344 9.239575386047363 -1.194258213043213 4.187539 1.656699 1.622988 -2.783823
1 0.772641122341156 16.96794128417969 -1.006986856460571 4.623036 0.957866 1.109331 -3.130849
1 -43.48709487915039 43.11577606201172 -1.953366160392761 3.928158 1.138968 1.079377 -1.660789
4 -26.6137580871582 -11.35801029205322 -1.057131409645081 1.537398 0.765282 1.107368 -2.37339
1 -50.50588226318359 -22.40694808959961 -1.203590512275696 1.086375 0.436898 1.449161 -1.237411
1 -34.52573013305664 19.0411491394043 -1.59939181804657 1.066786 1.515673 0.821133 -3.013836
1 -25.13780784606934 16.44337844848633 -1.150256156921387 4.299515 1.63514 0.964067 -2.990408
1 55.5607795715332 -1.940892577171326 -0.9074803590774536 1.406227 1.766929 1.493202 -0.003219303
1 -48.31094741821289 -5.014654159545898 -0.9959182739257812 2.020192 2.116892 1.200203 0.01037822
1 -12.47979927062988 -4.442896842956543 -1.088349938392639 4.574369 2.094426 1.529634 0.02397761
3 -40.00220489501953 34.82425689697266 -1.792958498001099 0.237177 0.209896 1.252963 2.458492
4 -47.56610488891602 6.152848720550537 -1.24907124042511 0.639563 0.694731 1.25343 2.973676
2 -18.24778366088867 -0.4302933514118195 -0.6543881893157959 6.014992 2.279855 2.319804 0.03039256