6 8.631872177124023 -2.851710319519043 -1.310810446739197 1.728042 0.292136 1.086098 0.01840851
6 6.400259017944336 -2.860946655273438 -1.332232236862183 1.450311 0.221812 1.008953 0.01395066
6 -32.36095428466797 -3.439886808395386 -1.30363941192627 1.45822 0.166422 0.993773 -0.05262952
5 10.68348407745361 -2.703421592712402 -1.533958911895752 0.240825 0.163913 0.547849 0.05027793
5 8.629831314086914 7.824083805084229 -1.530210971832275 0.314744 0.245037 0.531563 3.088884
5 -18.53343009948731 -3.027273178100586 -1.430712342262268 0.237438 0.304194 0.616087 0.1541361
1 29.67313194274902 6.288774490356445 -1.519078493118286 2.910327 0.562032 0.996862 3.11007
6 -11.03479290008545 5.590331554412842 -1.498388290405273 0.442241 0.322727 0.617791 -0.009729368
5 7.951231956481934 7.858295917510986 -1.451935529708862 0.287903 0.246637 0.549527 -3.09337
6 12.85475826263428 5.938828945159912 -1.398127436637878 1.634316 0.38676 1.015921 -0.03239837
1 48.43689727783203 -2.271737337112427 -1.462667107582092 0.895351 0.34429 0.822236 -0.06721111
1 31.85298156738281 -2.805887937545776 -1.169254064559937 3.267077 1.337733 1.650256 -0.01867577
1 19.75095176696777 -3.047674179077148 -1.090408086776733 4.034849 1.623448 1.612223 0.07371511
5 -22.09551811218262 -3.083999633789063 -1.428941607475281 0.206127 0.19253 0.558229 -0.07098041
5 -8.538901329040527 -2.969484329223633 -1.5146164894104 0.402116 0.388155 0.579725 -0.04901985
1 16.7573413848877 6.568408012390137 -1.112597584724426 4.275149 1.92159 1.579346 -3.091468
5 -14.44227504730225 5.613594055175781 -1.554578900337219 0.113337 0.204123 0.532443 -0.0433313
6 -24.28607940673828 5.551411151885986 -1.315533638000488 1.63804 0.135699 0.997374 0.03783074
1 14.47109413146973 -3.285905838012695 -1.123043775558472 3.808451 1.688912 1.500367 0.07699825
6 4.517323970794678 5.746376037597656 -1.341748118400574 1.671211 0.183789 1.044378 0.008644912
5 -4.063766956329346 5.609419345855713 -1.490012645721436 0.342941 0.439685 0.698026 -0.152712
6 -26.58268165588379 -3.292274475097656 -1.291717290878296 1.549178 0.107863 1.010872 -0.04091106
1 23.28411102294922 6.606493473052979 -1.204013466835022 4.024644 1.723091 1.626292 -3.136734
6 4.485237121582031 -2.802912950515747 -1.491712689399719 0.343344 0.330331 0.660198 0.05851595
1 -21.58976745605469 2.810126304626465 -1.02246904373169 3.569342 1.889787 1.444529 -3.137828
5 -0.8466969132423401 5.63682222366333 -1.505307912826538 0.331848 0.283357 0.598709 -0.1869271
1 33.94623184204102 6.246232509613037 -1.363459229469299 3.718021 0.781685 1.415057 -3.138753
5 6.11801290512085 5.716563224792481 -1.550069689750671 0.311302 0.306899 0.637158 -0.01039276
5 3.152095556259155 -2.706633567810059 -1.476606726646423 0.354021 0.284112 0.664703 0.02201342
1 25.76413917541504 -2.556751489639282 -1.246980667114258 3.94381 0.717766 1.417515 -0.01782809
5 9.876128196716309 -2.674645900726318 -1.529833197593689 0.308205 0.271779 0.607315 -0.01921888
5 3.226507425308228 5.630016803741455 -1.501399159431458 0.348361 0.275054 0.627123 -0.0254473
1 39.88042449951172 6.145452499389648 -1.396357893943787 3.267432 0.500814 1.173071 -3.137717
5 -17.35995101928711 5.616162776947022 -1.540802597999573 0.290334 0.22853 0.484788 -0.1112422
5 5.024402618408203 -2.761905193328857 -1.48697304725647 0.369081 0.301941 0.671745 -0.1152826
5 -6.636055946350098 5.708160877227783 -1.528954982757568 0.277329 0.316793 0.630777 -0.1119749
1 38.14244079589844 -2.958877801895142 -1.148098945617676 3.937974 1.516926 1.811958 0.03517033
5 10.84217357635498 7.729859352111816 -1.495642423629761 0.373958 0.266004 0.648156 -3.111983
5 -33.98471832275391 1.024818778038025 -1.451752662658691 0.127925 0.191556 0.414124 -0.3517468
1 50.01462173461914 6.376306533813477 -1.513329863548279 1.542398 0.474655 0.80189 3.127079
5 7.389832973480225 -2.808594942092896 -1.51436972618103 0.326484 0.241082 0.655286 0.01745658
5 5.435267925262451 -2.887068748474121 -1.357839584350586 0.459735 0.573942 0.87414 -3.061991
5 14.31512451171875 5.494038581848145 -1.669497609138489 0.256544 0.371455 0.505819 0.004761562
6 -2.614219188690186 -2.932528018951416 -1.296409368515015 1.640724 0.286084 1.019796 0.02534436
1 44.12627410888672 6.270877361297607 -1.724249124526978 0.86679 0.296197 0.578526 -3.125141
6 43.33784866333008 -2.3432776927948 -1.088748097419739 0.75193 0.822622 1.897078 0.0368251
5 -15.72796726226807 -3.027123928070068 -1.478346347808838 0.2468 0.24395 0.532542 -0.07096284
6 10.36116027832031 5.852755069732666 -1.323420286178589 1.641827 0.347123 0.979658 -0.0069411
5 0.5406875610351562 5.620697498321533 -1.501853704452515 0.321444 0.342259 0.618364 -0.1633557
5 -11.9401798248291 -2.999769449234009 -1.467154502868652 0.263456 0.3267 0.606063 -0.01182254
5 1.992791414260864 5.589231491088867 -1.4992516040802 0.341233 0.354228 0.662601 -0.04927894
5 -20.32763290405273 5.553343296051025 -1.437286496162415 0.307653 0.231132 0.505642 -0.02806057
5 -5.356834888458252 -2.829997539520264 -1.488023161888123 0.386127 0.356396 0.632354 -0.01702373
5 7.971488475799561 5.723913192749023 -1.525539636611939 0.425888 0.431511 0.577057 0.006491493
5 -2.149051666259766 5.625903129577637 -1.478425145149231 0.362425 0.34998 0.701314 0.0281356
5 10.44530010223389 7.768739700317383 -1.505195498466492 0.260069 0.232461 0.555131 3.119492
6 0.2486613690853119 -2.852592945098877 -1.185512542724609 0.101518 0.106901 0.050566 0.07795243
5 -8.606695175170898 5.636371612548828 -1.509388566017151 0.383513 0.367598 0.641714 -0.05949892
5 11.27863216400147 -2.655207395553589 -1.569321632385254 0.335684 0.187989 0.611789 0.03483186
6 -38.39512634277344 -3.404789447784424 -1.264424562454224 1.683972 0.380162 1.059942 0.01169701
6 -27.89787101745606 5.399486064910889 -1.520390152931213 0.233612 0.210293 0.367842 -0.007709974
5 10.11685657501221 7.760928153991699 -1.557623982429504 0.309308 0.285872 0.571593 -3.133493