1 28.35090637207031 12.01346206665039 -1.260491609573364 3.39154 1.53565 0.937192 3.072367
2 10.13983917236328 -3.640514612197876 -0.5650907158851624 12.802237 2.683719 2.598835 3.363137e-17
6 24.63344192504883 -4.977921962738037 -1.272556781768799 0.614555 1.467805 0.341986 -0.02722545
1 3.54564380645752 39.61082077026367 -1.191648483276367 3.358106 1.487208 0.868601 -1.65501
1 -5.043333530426025 31.30810928344727 -1.446385025978088 3.174495 1.395647 1.565851 -1.576225
1 -26.1212272644043 21.43424987792969 -1.255036354064941 1.083162 1.102897 0.775404 -3.136715
1 44.18597412109375 -0.5733781456947327 -0.7923911213874817 1.047356 1.247128 0.609139 0.06817795
1 59.88613510131836 -3.840116500854492 -0.963718056678772 0.513846 1.689404 1.283272 -0.02295518
1 -27.45063018798828 -3.236431837081909 -1.097025036811829 4.008419 1.704558 1.67224 0.007052328
1 -4.281195163726807 -3.713748931884766 -1.090156316757202 4.716047 1.826933 1.487893 0.002902432
1 -1.812184929847717 30.34055328369141 -1.505740404129028 3.493581 2.153092 1.400965 -1.627916
1 -25.06699943542481 0.2100744396448135 -0.7236490845680237 1.669425 2.192226 0.533672 0.02856939
2 -38.17572784423828 20.76851654052734 0.3225087821483612 11.146689 3.020874 1.809276 -3.141224
1 -10.55530643463135 -0.01475035864859819 -1.095834374427795 3.402807 1.904573 1.490265 0.001206111
6 -44.52163314819336 -2.225145816802979 -1.966574311256409 0.195871 1.330046 0.016546 0.03917177
1 1.126909613609314 30.4094181060791 -0.8353383541107178 3.373023 1.468436 1.118329 -1.433879
1 -6.622482776641846 13.19904804229736 -0.9710862040519714 5.5678 1.960295 1.95666 3.141592
6 33.19137573242188 15.98591136932373 -1.659984707832336 0.470367 0.833537 0.485574 -0.01493713
1 -40.711181640625 -3.411311864852905 -0.9726523756980896 3.316873 1.487062 1.911228 0.07671795
1 25.8118953704834 -0.06943679600954056 -1.140777349472046 2.972238 1.738943 1.27475 0.02000339
4 48.94789886474609 -4.837207317352295 -1.327105522155762 1.076912 0.568762 1.001638 0.03680141
1 13.37871932983398 11.87778186798096 -1.205797672271729 4.744537 1.761629 1.445013 3.102818
2 -14.12716579437256 -3.420696496963501 -0.6919044852256775 5.950123 2.173574 2.36057 0.009097537
2 -15.19202995300293 20.24200057983398 -0.5239737033843994 11.251635 2.962264 3.400159 3.112053
1 -12.25226783752441 15.8793535232544 -1.18219006061554 3.122673 1.706863 1.233443 -3.138268
1 4.053332805633545 31.05572509765625 -1.414628505706787 3.638948 1.654497 1.53977 1.846492
1 -42.71935653686523 0.5375553369522095 -0.4563608765602112 3.828734 1.539514 0.863076 0.008192314
1 -8.416305541992188 37.1945686340332 -1.490058541297913 2.695324 1.205513 1.408499 -2.140863