1 55.27911758422852 16.10348892211914 -1.070564985275269 1.049089 1.089367 0.584444 1.605362
1 12.38104820251465 -2.269396543502808 -0.7149864435195923 4.569858 1.718578 1.914382 -0.02352099
1 37.9628791809082 14.49455070495606 -1.038546562194824 4.22092 0.453151 1.098946 -1.572494
6 47.96850204467773 -13.96602058410645 -0.6454571485519409 0.721896 0.336577 1.152689 1.58485
1 47.15357971191406 -35.74447250366211 -0.05765794962644577 4.045356 1.772644 1.670428 1.636567
1 -4.693784236907959 3.327008247375488 -0.9421819448471069 5.052879 2.097044 1.794512 0.009093669
1 46.95713424682617 19.71559715270996 -0.7470995783805847 3.165696 1.560387 1.356172 1.605658
5 27.52449417114258 -15.74588871002197 -1.239525437355042 0.218432 0.204678 0.302316 -0.5825511
5 20.79937934875488 -9.6786470413208 -1.32292377948761 0.150601 0.171413 0.340893 0.0123855
1 42.23567581176758 -27.55205917358398 -0.800572395324707 4.359334 1.360274 0.822303 -1.507215
2 -22.01913833618164 3.237364530563355 -0.3526343107223511 12.073505 2.853379 2.518743 0.01344034
2 -6.162877082824707 -0.04613198712468147 -0.6265611052513123 5.961296 2.391979 2.17753 0.02160209
1 43.35783004760742 -2.383398532867432 -0.6354343891143799 3.848391 1.636424 1.662156 1.760074
1 -14.129563331604 -3.166778326034546 -0.6985088586807251 2.013045 1.195378 0.535638 0.02160209
1 18.06325149536133 -1.688113808631897 -0.907346785068512 3.651085 0.441829 1.349281 0.02025027
6 -1.906960844993591 -4.651983737945557 -0.6870241761207581 0.156617 0.253535 0.205184 -0.01532646
2 -56.66751098632813 17.21427726745606 -0.889802873134613 6.921043 2.24979 1.497436 3.020172
2 45.33675384521484 -16.49087142944336 0.1516564637422562 6.024669 2.430869 3.041963 1.83265
5 25.38712692260742 22.49364852905273 -1.653111577033997 0.176733 0.276571 0.485664 -2.60034
1 24.79225540161133 -2.630535364151001 -0.4367217123508453 2.837702 0.922302 0.751119 0.02025027
1 19.95154571533203 3.135305404663086 -0.7055242657661438 1.928369 0.447639 0.847384 0.02025027
4 -26.16602325439453 -9.328882217407227 -1.174721479415894 1.571059 0.664611 1.088741 -0.02353585
6 -19.83917999267578 -3.662950038909912 -0.4811406135559082 1.242172 0.651681 0.387015 0.02160209
1 9.23746109008789 3.506427526473999 -1.02837336063385 4.501013 2.103628 1.405117 0.001454035
2 42.91482162475586 43.02053833007813 -0.5585975646972656 8.491809 2.744149 2.977568 -1.645297
5 17.22113227844238 18.80552101135254 -1.565780878067017 0.170619 0.154417 0.51266 -3.063189
5 20.2320671081543 19.54350090026856 -1.671453952789307 0.141763 0.215897 0.402567 -3.063189
1 2.807121276855469 3.532457590103149 -0.9354897141456604 4.189272 1.826035 1.628779 -0.00253855
4 19.43271255493164 -9.192390441894531 -0.7536900043487549 1.513915 0.627814 1.457335 -0.1132391
4 8.154444694519043 -6.368385791778565 -0.8131971955299377 1.534368 0.563136 1.009482 -0.01450303
1 46.87187194824219 3.572176694869995 -0.3538215160369873 1.988322 0.536923 0.610476 1.614058
1 14.94722843170166 3.345840930938721 -0.7919816970825195 2.968175 1.637848 1.709664 0.02025027
1 4.976454734802246 -2.476263523101807 -1.019338607788086 4.228007 1.879971 1.480686 0.0005742247
4 29.17856025695801 -21.91824722290039 -0.4303569197654724 0.445574 1.09795 1.678057 -0.07121199
5 25.44532775878906 -13.51309013366699 -1.312599658966065 0.233404 0.214615 0.300723 -0.490933
6 20.93060684204102 0.6734099388122559 -0.01917711272835732 1.474338 1.248598 0.279899 0.02025027
1 -1.127038478851318 -3.123579502105713 -0.8777002692222595 5.080262 1.958207 1.689536 0.04411
6 28.70533561706543 5.328305244445801 -0.137689083814621 0.794817 0.650932 0.416614 0.05206724
1 -17.25359725952148 15.86139488220215 -1.442409157752991 2.924457 1.672849 1.432042 3.014154
2 50.98140716552734 6.517961502075195 0.4029937386512756 11.194764 2.955351 3.27756 1.648092
1 -11.78450584411621 3.353389024734497 -1.171008706092835 4.181559 1.791223 1.487605 0.02025027
1 -7.005755424499512 -2.678598642349243 -1.106419324874878 4.387907 2.0275 1.482703 -0.01060543
1 7.359757423400879 0.2048064023256302 -0.789848804473877 3.255189 2.040109 1.845222 -0.006241307