1 7.297182559967041 0.2965256869792938 -0.7913358807563782 3.157054 1.942995 1.843813 0.02284679
1 -6.953807353973389 -2.66992998123169 -1.069772362709045 4.411508 1.997194 1.486951 -0.01407541
6 -41.75281524658203 20.79554748535156 -1.71982753276825 0.241548 1.470612 0.217666 -0.1559692
1 32.12741088867188 22.70596885681152 -1.037361860275269 4.484041 1.930409 1.540956 -2.024076
1 4.918283462524414 -2.450009346008301 -0.9869201183319092 4.115873 1.80557 1.436007 -0.01483902
6 32.10374450683594 5.316977500915527 -0.1165435314178467 0.231894 0.190979 0.30329 -2.499499
1 -4.628156185150147 3.364435434341431 -0.8939158320426941 5.131584 2.115209 1.758953 -0.01277993
1 24.75209045410156 3.963846445083618 -0.6965550184249878 1.710769 1.26744 0.964806 0.00232616
5 17.23831558227539 18.76539421081543 -1.589119672775269 0.159397 0.152692 0.487419 -2.874408
5 22.78368759155273 20.85408592224121 -1.674291968345642 0.097072 0.197707 0.416362 -2.556069
6 23.07804107666016 0.6457543969154358 -0.01826583221554756 1.670833 1.33762 0.316566 0.09280995
3 33.49327850341797 36.68767547607422 -1.232730746269226 0.455352 0.284632 1.64866 -1.359159
3 -13.08401393890381 -7.651830673217773 -1.082762479782105 0.696294 0.795742 1.200576 3.007466
4 30.88721466064453 -11.10007762908936 -0.8184588551521301 1.313829 0.52068 1.264318 0.1842796
4 22.79179191589356 -9.026488304138184 -0.7518080472946167 1.440298 0.454464 1.680449 0.1328248
1 -13.74791431427002 -3.18870997428894 -0.7400648593902588 2.74639 1.08148 0.57426 0.002882545
1 12.39646625518799 -2.258227825164795 -0.7225127816200256 4.526625 1.743191 1.922552 -0.01569264
1 -11.78589534759522 3.345337629318237 -1.14294171333313 4.229472 1.793027 1.436551 0.03375099
1 18.17530632019043 -1.641035437583923 -0.9437980651855469 3.772798 0.421364 1.408255 0.06675681
6 -19.83898162841797 -3.651785135269165 -0.4791248142719269 1.163943 0.605891 0.339068 0.05285571
1 -1.154008388519287 -3.128421545028687 -0.8884037733078003 5.123456 1.951837 1.71022 0.01214756
1 15.54542255401611 3.347926616668701 -0.8021581768989563 3.116081 1.640954 1.704286 0.03418602
2 -56.28076553344727 17.30672264099121 -0.9215540885925293 6.225382 2.436029 1.590047 2.97193
1 2.793418169021606 3.558419942855835 -0.9419893622398376 4.168292 1.841201 1.639609 0.006896061
6 38.4803466796875 43.37265396118164 -1.47764527797699 1.024062 1.173184 0.36664 -1.706915
6 -1.895531177520752 -4.673198223114014 -0.6653919816017151 0.127934 0.07071 0.071796 1.639643
1 9.21081256866455 3.513531923294067 -0.9654141664505005 4.457426 2.127803 1.392362 -0.01621347
4 27.12941551208496 18.84703063964844 -1.01034677028656 1.036877 0.434686 1.313977 1.889571
2 -19.49431991577148 3.170873165130615 -0.3499248325824738 7.094311 2.815106 2.519674 0.03959263
5 18.75314331054688 19.1612663269043 -1.674344778060913 0.121026 0.125957 0.526428 -2.781539
4 -13.90330219268799 -9.131381034851074 -0.8009873032569885 1.280919 0.718992 1.700588 0.03294684
1 25.05904197692871 -2.674382448196411 -0.372564822435379 2.347024 0.872206 0.59479 0.02777443
5 20.24436569213867 19.57091903686523 -1.697061538696289 0.143326 0.177822 0.37157 -2.664114
2 -6.104153633117676 -0.07917138934135437 -0.5567957758903503 6.137674 2.332882 2.039952 0.01540267