1 -13.75787925720215 -3.144898176193237 -0.7116906046867371 2.715574 1.153221 0.525612 0.004427502
1 44.35423278808594 32.74103546142578 -1.56254518032074 4.117028 0.435644 0.673208 -1.214414
6 -19.85231399536133 -3.618710041046143 -0.4744024574756622 1.225435 0.629997 0.36706 0.004427502
1 48.37793731689453 -17.46006202697754 -0.8575261831283569 2.817924 0.30613 0.832034 1.659224
1 -7.054038524627686 -2.681800127029419 -1.125505805015564 4.488128 2.023793 1.447212 0.004427502
1 40.35647583007813 -1.648722529411316 -0.7017109990119934 3.258281 1.665227 1.349812 -1.50399
1 -4.661795139312744 3.328431367874146 -0.9463754892349243 4.929002 2.08923 1.759026 0.009810236
1 9.205638885498047 3.485061407089233 -1.003423571586609 4.433757 2.066398 1.459515 0.002515508
4 19.45750427246094 -9.175642013549805 -0.6566358208656311 1.093776 0.595017 1.521941 -0.06547716
2 -6.136303424835205 -0.04113099724054337 -0.6475686430931091 6.045871 2.340472 2.224522 0.004427502
1 38.27480697631836 -11.84962558746338 -0.7116499543190002 2.752118 1.702906 1.3802 -1.506823
1 18.06031799316406 -1.664179921150208 -0.9373200535774231 3.619839 0.579581 1.430367 -0.006746773
2 52.01344299316406 -11.5854377746582 0.6905747056007385 11.237129 2.908014 2.643399 1.629274
4 28.78839492797852 9.33387279510498 -0.6464234590530396 1.003303 0.835463 1.378075 -0.1036509
1 24.69305992126465 -2.632162094116211 -0.4430338442325592 2.621241 0.959297 0.733048 -0.006746778
4 32.72174453735352 -24.46966934204102 -0.7354587912559509 0.675313 0.419461 1.405991 -1.436876
1 -1.119278073310852 -3.129781723022461 -0.8788595199584961 5.047357 1.952812 1.691742 0.004427502
5 20.80000877380371 -9.67343521118164 -1.338846206665039 0.205406 0.178824 0.346968 0.1705521
2 46.37178039550781 -21.92147636413574 0.1964156776666641 5.96945 2.579767 3.068529 1.673008
1 2.791682481765747 3.560294151306152 -0.9387760162353516 4.164251 1.865227 1.636496 0.01587095
1 7.321194648742676 0.2065199464559555 -0.786698579788208 3.168246 2.082805 1.829468 0.004427502
1 -11.76253509521484 3.3799729347229 -1.163133502006531 4.187039 1.797666 1.478467 0.01698521
1 14.97852516174316 3.303369045257568 -0.7863257527351379 3.030068 1.599451 1.683077 0.0230528
1 49.65114593505859 -31.35566711425781 -0.4172759652137756 4.662499 1.524373 1.109674 1.678056
6 -49.4665412902832 20.20098304748535 -1.633866906166077 0.234517 1.041563 0.402345 2.996927
2 -22.11000061035156 3.304313182830811 -0.3475499153137207 12.211772 2.826251 2.521713 -0.0006846958
4 8.259413719177246 -6.417040824890137 -0.8008720278739929 1.583375 0.63952 1.075158 -0.02012219
2 -56.86167907714844 17.18501091003418 -0.7610096335411072 7.436491 2.348763 1.841606 3.042578
1 47.32189178466797 -3.945827007293701 -0.4215486347675324 2.726537 0.589023 0.682919 1.64071
1 5.174979209899902 -2.424838066101074 -1.014313817024231 4.627066 1.801483 1.48466 0.004427502
5 22.80412292480469 20.83193588256836 -1.664651274681091 0.159819 0.197605 0.445902 -2.467231
6 20.74399948120117 0.6808062791824341 -0.03290591761469841 1.294295 1.281074 0.279465 0.004427502
1 19.94449424743652 3.150830030441284 -0.7133118510246277 1.890727 0.487522 0.830464 0.0230528
1 14.17522525787354 15.52321338653565 -1.13116729259491 4.813531 1.837191 1.402589 -2.954347
1 12.39526748657227 -2.264086961746216 -0.7361210584640503 4.573483 1.707173 1.942948 -0.01391662
6 -1.898022413253784 -4.634456157684326 -0.685941219329834 0.163419 0.284753 0.201345 0.002550426