6 -39.45809173583984 5.40024995803833 -1.713533997535706 0.285891 0.262521 0.524454 0.05215786
5 -1.070149660110474 7.671597480773926 -1.472250580787659 0.267886 0.271649 0.644375 -3.121303
1 5.301854133605957 6.434977531433106 -1.036078095436096 4.423739 1.783948 1.58768 -3.091837
5 -16.93776512145996 -2.907902479171753 -1.526163935661316 0.358615 0.343044 0.720173 3.140564
5 -15.60763740539551 5.559705257415772 -1.512535929679871 0.36438 0.362782 0.580932 -3.112295
5 -42.48497009277344 5.410454750061035 -1.633268713951111 0.283337 0.211869 0.59126 0.05215786
1 14.08256816864014 -3.124268531799316 -1.041107535362244 4.072812 1.696078 1.46216 -0.007274324
5 -8.253464698791504 5.56473445892334 -1.49497926235199 0.323496 0.303849 0.541218 -3.112295
5 2.828172922134399 5.496219158172607 -1.493223667144775 0.343718 0.467116 0.693997 3.122139
1 49.12197875976563 -2.150853157043457 -1.427138566970825 1.01506 0.367851 0.660309 -0.008308712
5 -4.007174015045166 -2.939897298812866 -1.445750594139099 0.410902 0.504729 0.673595 3.13069
5 -13.64400386810303 5.622744083404541 -1.506104946136475 0.412479 0.338286 0.676078 -3.112295
1 11.80920505523682 6.601550102233887 -1.054808020591736 4.196546 1.956056 1.679665 -3.134531
5 -3.500202178955078 5.601733684539795 -1.492124557495117 0.36183 0.417513 0.68851 -3.112295
6 -56.26491165161133 5.781899929046631 -1.351216435432434 0.545172 1.332259 1.16188 3.067394
5 -6.435998916625977 -2.859443426132202 -1.463375687599182 0.364817 0.333358 0.653812 3.04764
6 -7.051556587219238 5.668643474578857 -1.332570195198059 1.619856 0.281357 1.028509 -3.112295
5 2.761133670806885 7.621472835540772 -1.507905960083008 0.352483 0.280134 0.598168 3.123845
5 -10.94888877868652 5.583213806152344 -1.514275193214417 0.364823 0.281941 0.566701 -3.112295
6 -1.239223122596741 5.863259315490723 -1.298220872879028 1.7678 0.586815 1.074486 -3.112295
5 -1.379087805747986 7.669663429260254 -1.304539322853088 0.186083 0.283965 0.3068 -3.083226
5 -26.04180145263672 5.526765823364258 -1.639289855957031 0.135637 0.250351 0.485172 0.05215786
5 2.358875274658203 7.6864013671875 -1.47612190246582 0.355515 0.321647 0.690454 -3.099231
6 -2.941242694854736 -2.922015190124512 -1.264820337295532 1.73261 0.550967 1.041096 0.04693004
5 -0.7218406200408936 7.621646881103516 -1.426324129104614 0.270098 0.307354 0.702576 -3.12019
5 -28.93024444580078 5.565793991088867 -1.580084562301636 0.295621 0.311272 0.407892 0.05215786
3 59.42694091796875 5.277609348297119 -1.194554328918457 0.327311 0.258009 1.196499 -1.398803
6 -1.653858184814453 -2.761580228805542 -1.205095052719116 0.232624 0.271784 0.183154 0.01248372
5 -1.991206526756287 7.760095596313477 -1.466681122779846 0.209651 0.199204 0.597243 -3.076939
5 -5.387820243835449 5.638061046600342 -1.467567086219788 0.254188 0.309037 0.645146 -3.112295
1 -39.41376113891602 2.796273708343506 -1.121663928031921 1.118316 1.641993 1.309903 -3.112295
5 -31.88999938964844 5.516063213348389 -1.655396342277527 0.32005 0.263921 0.597956 0.05215786
6 58.96394729614258 2.515506267547607 -1.465881586074829 0.476284 1.625367 0.162576 3.069727
5 -23.44743347167969 -3.100552558898926 -1.546374320983887 0.252823 0.240904 0.479675 3.140564
1 56.55910491943359 6.265607357025147 -1.384986281394959 3.125189 0.566612 1.173521 -3.129728
5 -12.32727241516113 5.637259960174561 -1.553503155708313 0.301593 0.313468 0.548007 -3.112295
6 1.297617077827454 5.926458835601807 -1.345082879066467 1.666011 0.45077 1.015329 -3.112295
1 26.73084831237793 -3.143281698226929 -0.8787165880203247 4.504381 1.698922 1.890708 0.006506979
6 -45.75736236572266 0.943253755569458 -1.610620141029358 0.494982 0.249198 0.34328 -2.987985
6 45.21695327758789 6.342479705810547 -1.436354994773865 3.404929 0.513534 0.419163 -3.12642
6 -33.80490875244141 -3.105666160583496 -1.546433448791504 0.133675 0.239469 0.180228 3.039233
1 33.0362548828125 -2.665701866149902 -0.9907804131507874 3.17453 0.662498 2.004709 0.05080777
5 -8.326396942138672 -2.854350566864014 -1.492434024810791 0.311653 0.291759 0.629277 0.04693004
6 -11.25466823577881 -2.980779886245728 -1.475381731987 0.421172 0.406518 0.732874 3.120508
1 20.41653823852539 -2.861431837081909 -0.9785924553871155 3.743838 1.455244 1.673483 0.02338909
5 -9.551243782043457 5.568092346191406 -1.518044233322144 0.387123 0.302607 0.666873 -3.112295
5 -20.06892013549805 -3.0225830078125 -1.557602286338806 0.266588 0.236864 0.662979 3.140564
5 -6.987003326416016 -2.880172491073608 -1.460625410079956 0.3662 0.38603 0.619647 1.625
5 -20.16763877868652 5.579917907714844 -1.577068209648132 0.391286 0.234945 0.518198 -3.112295
1 38.14411544799805 -2.374228954315186 -1.352428793907166 3.615721 0.50605 1.166966 0.009727001
6 -5.344469547271729 -2.880314350128174 -1.287889361381531 1.713139 0.346713 1.010665 0.04693004
1 33.9814338684082 6.598666667938232 -1.135393619537354 4.060611 1.165551 1.419985 -3.100455
6 -35.87010955810547 5.526634693145752 -1.441980481147766 1.657721 0.198161 0.756172 0.05215786
5 -27.34083366394043 -3.077202796936035 -1.533482313156128 0.284476 0.271942 0.596079 3.140564
6 -38.30826950073242 -3.29107666015625 -1.451963543891907 1.659427 0.234114 1.042227 3.091282
1 50.85947799682617 7.019565105438232 -1.017178058624268 3.855698 1.791687 1.810757 3.135454
6 -46.62337875366211 5.214475631713867 -1.665631771087647 0.26779 0.293537 0.291015 0.05215786
5 -18.19563484191895 5.681198596954346 -1.619946956634522 0.259925 0.250071 0.514586 -3.112295
6 -14.18606376647949 -3.002155542373657 -1.335272073745728 1.68281 0.327481 1.041947 3.120508
5 1.841264843940735 7.69167423248291 -1.426464796066284 0.255076 0.20422 0.401402 -3.132195
5 -3.566998243331909 7.679564952850342 -1.411114454269409 0.23198 0.301154 0.554538 -3.089296
5 -2.876438856124878 7.680644512176514 -1.46570086479187 0.316797 0.242756 0.579544 -3.102584
6 -43.77542495727539 -3.438838720321655 -1.540170907974243 1.09268 0.324815 0.804763 3.103446
1 17.87106513977051 6.551594257354736 -1.080076217651367 2.76313 1.082855 1.610947 -3.100455
1 8.151530265808105 -3.15194845199585 -0.9635347127914429 4.155245 1.760001 1.616675 0.08772793
1 3.027708768844605 -3.421372890472412 -1.019373774528503 3.96858 1.89938 1.525686 0.07186817
6 -22.61699104309082 5.517241954803467 -1.620747447013855 0.34607 0.355444 0.570508 -3.112295
1 22.42633056640625 6.6095871925354 -1.14992368221283 3.951983 1.610032 1.482462 3.13008
1 39.45341873168945 6.364627838134766 -1.161126732826233 3.530854 0.591088 1.288021 -3.100455
1 28.43384170532227 6.315094947814941 -1.16836428642273 3.715166 1.002684 1.204567 -3.100455
5 -30.14505577087402 -3.079094648361206 -1.608505606651306 0.220395 0.293515 0.457692 -0.1087023