2 44.87266159057617 -10.63579845428467 0.2635891437530518 11.023108 3.060078 3.083749 1.767603
6 -1.895834088325501 -4.663620948791504 -0.6610625386238098 0.141614 0.055886 0.063846 -1.565629
1 49.63616180419922 33.5980110168457 -1.14356791973114 3.687408 1.628326 1.190051 1.565775
1 7.320469379425049 0.204417958855629 -0.8032934665679932 3.185311 2.062988 1.87108 -0.01270634
1 45.75666046142578 -25.1967716217041 -0.451960414648056 3.305823 0.51355 0.681807 1.767603
6 -19.83539199829102 -3.658836603164673 -0.4884066879749298 1.17715 0.521937 0.295731 -0.01270634
1 50.82038116455078 6.410367012023926 -0.649926483631134 3.884737 0.864392 1.064495 1.685506
1 38.14519882202148 -16.11477279663086 -0.6125584840774536 3.272572 1.109392 1.1947 -1.461494
6 -3.368008613586426 -5.586948871612549 -0.189935490489006 0.121597 0.165229 0.085082 -1.613775
1 43.05619049072266 24.77693176269531 -1.160492539405823 3.902987 0.959556 1.036856 1.685506
6 -13.75114440917969 -3.2064208984375 -0.7269653677940369 2.706023 1.058209 0.466204 -0.01270634
2 32.82167816162109 -22.75467300415039 -0.224213033914566 5.849202 2.354295 2.589501 -1.515619
1 18.11933517456055 -1.707411050796509 -0.9321330785751343 3.775102 0.52797 1.440269 -0.01270634
1 -15.00882911682129 15.62515163421631 -1.318520545959473 4.046342 1.958562 1.612986 2.987539
1 24.52690315246582 -2.673693180084229 -0.3605981171131134 2.285744 0.796313 0.514682 -0.01270634
1 -4.684986591339111 3.307747840881348 -0.9597142338752747 5.016781 2.047849 1.732361 0.01792974
2 44.22733688354492 13.76249027252197 -0.04898288100957871 12.002222 2.695905 3.190684 1.685506
4 34.98964309692383 28.04269027709961 -1.042500734329224 0.418505 0.710219 1.402201 -0.1410795
1 -11.76618766784668 3.356292724609375 -1.170004963874817 4.197133 1.761573 1.488745 0.02931599
1 14.91314697265625 3.32019853591919 -0.7906879782676697 2.914414 1.599705 1.699112 0.01792974
6 20.73505210876465 0.7055442929267883 0.003626631572842598 1.317445 1.153454 0.174621 0.01384561
1 47.42619323730469 24.58972358703613 -0.8039624094963074 3.190624 1.696666 1.427419 1.639401
2 -22.09232330322266 3.317754745483398 -0.3488666415214539 12.180008 2.87106 2.520395 -0.003176672
1 -1.133717179298401 -3.149690389633179 -0.8295137286186218 5.042762 1.930265 1.59232 -0.01270634
5 20.21942901611328 19.53944396972656 -1.692040205001831 0.056378 0.121345 0.350781 -2.605104
1 19.93063354492188 3.131424188613892 -0.6986647248268127 1.922828 0.446171 0.819279 0.01792974
4 -40.207763671875 -9.385209083557129 -1.042343378067017 0.832923 0.41096 1.019228 0.09406517
2 -6.15418291091919 -0.0187520831823349 -0.5281015038490295 6.03769 2.342724 1.981215 -0.01270634
4 -33.67590713500977 -9.38656234741211 -1.091107964515686 0.63651 0.487496 1.368488 -0.07342686
4 19.13982009887695 -9.1334228515625 -0.7488706111907959 1.426937 0.537997 1.406392 -0.08852659
1 12.38583660125732 -2.25223445892334 -0.7294224500656128 4.596895 1.639084 1.892857 -0.006761627
1 -7.109599113464356 -2.672114849090576 -1.120420932769775 4.593341 2.004798 1.427934 -0.01270634
1 9.190524101257324 3.492999315261841 -0.9986990094184875 4.415924 2.077173 1.46387 0.01792974
1 2.78899359703064 3.478541374206543 -0.935811460018158 4.162896 1.717911 1.629732 0.01792974
4 14.56475067138672 -9.925219535827637 -0.6766086220741272 1.359989 0.670199 1.397741 -0.02495211
1 4.916090488433838 -2.403403043746948 -1.02247965335846 4.120267 1.775805 1.458187 -0.01270634
2 -54.43107604980469 16.76108741760254 -0.9327269196510315 2.58385 2.388097 1.602155 3.109423
2 53.30935287475586 -28.05879974365234 0.4687797427177429 4.908113 2.840528 2.147425 1.685506
5 17.19210815429688 18.78412628173828 -1.642757058143616 0.125656 0.085426 0.599917 -2.605104
6 24.2336368560791 -7.11223030090332 -0.2902943193912506 0.601211 0.633047 0.347698 -0.08852659
4 8.177265167236328 -6.399987697601318 -0.7891989350318909 1.593123 0.591247 1.027527 -0.01270634