1 4.942468166351318 -2.434573411941528 -1.000830888748169 4.151841 1.803136 1.498913 0.005676711
1 -1.116967082023621 -3.138789176940918 -0.846788227558136 5.051887 1.967198 1.625998 0.005676711
2 -28.49986839294434 17.36936950683594 -0.09626857191324234 11.121635 2.867562 2.680832 2.997629
6 -1.896146297454834 -4.647196769714356 -0.6622680425643921 0.074234 0.194083 0.068185 -0.0570659
4 27.31352424621582 -11.92224216461182 -0.8157589435577393 1.65822 0.593544 1.348121 0.3266007
1 18.14715576171875 -1.684025764465332 -0.937951385974884 3.873471 0.495566 1.443697 0.005676711
3 8.157902717590332 -8.419407844543457 -0.7222214341163635 0.517883 0.642166 1.549514 3.023136
1 24.57071685791016 -2.653064250946045 -0.3698828816413879 2.386371 0.796793 0.521378 0.005676711
6 20.81427764892578 0.6603578925132751 -0.01417531818151474 1.532492 1.341691 0.24192 0.005676711
1 9.203056335449219 3.367565393447876 -0.9986304640769958 4.429746 1.841846 1.458323 0.005676711
1 12.23280715942383 -2.230129718780518 -0.7304328083992004 4.235536 1.643786 1.939288 0.005676711
1 7.308210372924805 0.2058002650737763 -0.7981429100036621 3.168556 2.092259 1.857814 0.005676711
5 21.46599006652832 20.09615135192871 -1.592850089073181 0.146002 0.071915 0.382003 -3.013219
2 41.13974380493164 42.43943405151367 -0.9728266596794128 7.003353 2.056796 2.262632 -1.687153
2 -56.77914047241211 17.29757308959961 -0.762529730796814 7.321989 2.365148 1.834024 3.002755
2 -6.106147766113281 -0.04277212917804718 -0.5838797688484192 6.110007 2.340904 2.096197 0.005676711
4 40.99477386474609 23.76721572875977 -0.9926915168762207 1.505993 0.519941 1.22548 -1.463441
6 -2.253185272216797 13.08091545104981 -1.325518488883972 0.733698 1.297063 0.665023 2.98666
1 46.56064605712891 29.86944770812988 -1.079944372177124 3.8591 0.401912 1.198087 1.634301
4 7.241007328033447 -9.607190132141113 -0.6903277635574341 1.555711 0.602345 1.5756 -0.05485456
2 -22.09851837158203 3.276719093322754 -0.3443702161312103 12.200792 2.839847 2.512864 0.005676711
4 20.37240791320801 -10.25522804260254 -0.688420295715332 1.142983 0.544155 1.577085 0.08543457
1 6.985044002532959 11.93416881561279 -0.5084096193313599 3.601721 1.79421 0.800415 3.022955
1 -4.986576557159424 13.66414546966553 -1.303584218025208 4.608654 1.993826 1.410194 2.979037
1 19.62215042114258 3.144742965698242 -0.6983913779258728 1.382758 0.441197 0.812825 0.005676711
4 35.63549423217773 -2.313692331314087 -0.5691980719566345 1.353064 0.468919 1.528345 -1.460735
6 -19.78249740600586 -3.597087383270264 -0.4797670543193817 1.275005 0.566439 0.30708 -0.0570659
5 20.21229934692383 19.54001045227051 -1.707757115364075 0.103589 0.116244 0.366108 -3.013219
1 -11.76455307006836 3.369163990020752 -1.148471713066101 4.178006 1.755611 1.445893 0.005676711
1 14.95524883270264 3.300314903259277 -0.79156094789505 3.022339 1.568382 1.69696 0.02301073
5 22.75863456726074 20.83787536621094 -1.677429795265198 0.12205 0.097674 0.412645 -3.013219
6 46.96295928955078 15.37572479248047 -1.233192205429077 0.669819 0.248409 0.275068 1.574444
1 2.792334318161011 3.554451704025269 -0.9383405447006226 4.164538 1.855618 1.637221 0.005676711
6 -14.12253379821777 -3.389313459396362 -0.7181757092475891 2.099126 0.691973 0.492531 0.005676711
4 8.172405242919922 -6.387135982513428 -0.7893703579902649 1.669902 0.551503 1.065361 -0.0633309
1 -6.98281192779541 -2.675259351730347 -1.093927025794983 4.332619 2.01954 1.45229 0.005676711
1 51.13265991210938 19.35889434814453 -1.026506543159485 4.130758 1.880536 1.126497 1.647774
2 44.94215393066406 8.503728866577148 0.1026851385831833 11.787505 2.666536 3.348549 -1.411446
1 43.31260299682617 20.37224769592285 -1.32441782951355 3.902182 0.432334 0.626253 -1.416305
5 18.77092742919922 19.13181877136231 -1.677590012550354 0.112325 0.092681 0.495245 -3.013219
1 -4.663679122924805 3.366427659988403 -0.9242957830429077 5.000285 2.143473 1.824113 0.005676711
4 19.14266204833984 -9.16975212097168 -0.6815464496612549 1.401378 0.548834 1.585312 -4.926811e-16