6 22.16594696044922 6.452654361724854 -0.7780866026878357 0.187242 0.734725 0.791209 -0.4113705
1 -19.77951240539551 -3.464865446090698 -1.212820053100586 3.975173 1.334572 1.626631 0.01355872
2 37.68268585205078 -0.6211308836936951 -0.2333599478006363 6.210044 2.488231 2.257477 -0.9699991
1 26.68251419067383 -3.830085515975952 -0.7801218628883362 4.006338 1.512546 1.356414 0.1089429
6 -46.2641716003418 -3.397026777267456 -1.832466721534729 2.828573 0.147599 0.735973 -3.124344
1 -31.92527198791504 -3.43171763420105 -1.361897349357605 3.385256 1.260415 1.561829 -0.006784312
1 10.3354082107544 6.326545238494873 -0.7574926018714905 5.210347 1.938906 1.972874 3.117053
6 -49.76659774780273 5.029613018035889 -2.347319841384888 1.850672 0.245419 0.328946 -3.128255
1 9.949259757995605 -3.36030125617981 -0.9391335248947144 4.50869 1.877282 1.488772 -0.03933429
1 29.45095825195313 35.5634651184082 -0.9747039079666138 4.12755 1.574798 1.217203 -1.641723
1 -22.62849044799805 5.904138088226318 -1.454221248626709 2.622603 0.997513 1.478046 -3.097614
1 -17.76750946044922 6.086997985839844 -1.397245526313782 4.208197 1.889269 1.530607 -3.127008
1 -34.83964538574219 5.681388378143311 -1.586721539497376 3.656885 1.420543 1.526607 -3.109213
1 2.805253982543945 -3.404473781585693 -0.9727554321289062 4.5539 1.863766 1.532268 -0.02227264
1 -28.33209228515625 5.896420001983643 -1.47559916973114 3.973885 1.660874 1.665698 -3.109213
6 -40.75441360473633 5.210219860076904 -1.936439514160156 4.000564 0.257328 1.081688 -3.109213
1 21.19412803649902 -3.881606340408325 -0.7841994762420654 3.092464 0.671956 1.505511 0.1250987
1 15.46492862701416 -3.828718185424805 -0.7589918375015259 3.393025 1.866624 1.617066 -0.1574617
5 -37.78996276855469 4.881272792816162 -2.09784746170044 0.276202 0.270547 0.541085 -3.097807
1 -7.463444232940674 -3.787523031234741 -0.9514948725700378 3.816011 1.672886 1.887056 0.006017121
1 -13.50604724884033 -3.747237920761108 -0.9637197852134705 5.013056 1.792428 1.924643 0.01662964
1 -2.081637382507324 -3.716831922531128 -0.9248093366622925 4.710323 2.060716 1.760331 -0.002905306
1 -25.95706558227539 -3.380523681640625 -1.436483860015869 3.787651 0.990989 1.421571 -0.006784312
1 31.70390319824219 -3.585140705108643 -0.5723595023155212 4.013774 1.454667 1.546244 0.05449076
1 -36.56084823608398 -3.315244674682617 -1.588186740875244 1.719007 0.507384 1.310961 -0.006784312
1 4.670527935028076 6.197441101074219 -1.067094922065735 4.805829 1.771921 1.519329 -3.141277
1 16.40383529663086 6.230600357055664 -0.8406487107276917 4.553001 1.832707 1.69578 3.141592
1 -6.352556705474854 6.277660369873047 -1.211236834526062 4.289176 1.945261 1.502205 -3.111223
1 -0.8820809721946716 6.246416091918945 -1.121374726295471 4.50391 1.915807 1.51215 -3.112871
5 25.9657154083252 6.660178184509277 -1.371272802352905 0.241611 0.327317 0.269761 0.1439064
4 -54.14332962036133 2.931645393371582 -1.978393197059631 1.527038 0.523229 1.064673 -3.121866
6 -45.90510940551758 5.13083553314209 -2.099680423736572 3.538675 0.327349 0.592489 -3.105447
5 19.78680610656738 5.746592044830322 -1.330351710319519 0.371173 0.29226 0.568838 0.02758513
6 -42.51903915405273 -3.356694936752319 -1.891335368156433 3.415069 0.297909 0.974917 -3.121408