6 21.46349716186523 -7.546735763549805 0.4985656142234802 0.146571 0.336189 0.609651 -0.1699338
1 42.775146484375 -4.834391593933106 -1.026092767715454 1.322574 0.642513 1.152818 0.1183281
6 -13.55467891693115 12.57824993133545 -0.5410855412483215 1.638012 0.86309 0.152667 -2.868931
1 -37.67053985595703 0.2574475109577179 -0.1793907880783081 2.206537 1.420947 0.695035 0.04620188
6 45.70190048217773 12.43967437744141 -1.615841507911682 0.344071 1.401642 0.278573 3.125758
1 14.8539400100708 29.92435264587402 -1.335060119628906 1.027497 1.792866 1.03192 -1.369342
4 -51.42393493652344 -8.751930236816406 -1.139020442962647 1.082745 0.821743 1.315773 0.08470741
1 -25.33184432983398 -3.251963376998901 -0.9662926197052002 4.048328 2.129355 1.68699 -0.001767971
1 3.413002967834473 40.17436599731445 -1.693727254867554 1.326187 0.352944 0.694984 -1.58571
1 2.389733076095581 37.47976303100586 -1.366328835487366 2.088778 0.53905 1.190067 -2.103521
1 55.24463272094727 -3.71761965751648 -1.076266169548035 3.367272 1.800631 1.446046 0.003558397
2 11.71829509735107 -3.441289901733398 -0.4704759120941162 12.776003 2.852978 2.679127 0.006162357
1 11.22699546813965 30.6771125793457 -1.475222945213318 3.686621 1.698378 1.715858 -1.48457
1 -37.93638610839844 -3.447508573532105 -0.8978246450424194 3.627251 1.581006 1.759578 0.008062896
1 -2.012317657470703 -3.604748249053955 -1.038405299186707 4.852005 1.838726 1.491801 -0.0159106
6 -24.00845909118652 0.1632127612829208 -0.6301262974739075 0.886916 1.530521 0.392932 0.0445364
1 39.13146209716797 -0.7780486345291138 -0.9044060707092285 1.530343 0.964126 0.966141 0.1111922
1 21.05573844909668 -4.746883392333984 -0.9499666690826416 1.223411 1.232235 0.824218 -0.03989369
2 -27.81057739257813 20.67854309082031 0.1399296969175339 11.168533 2.657656 2.286474 -3.11493
1 -46.15166473388672 -1.101828098297119 -0.737250030040741 1.999134 0.433648 0.625391 -0.01299651
1 5.210901737213135 31.24406433105469 -1.25117552280426 2.390995 0.928727 0.565331 -1.392422
1 14.51226139068604 13.16368389129639 -1.078715920448303 4.952224 1.978428 1.975618 3.128473
1 -53.85986709594727 15.66843986511231 -0.4960373342037201 3.44809 1.40983 0.707277 3.13485
1 11.11099720001221 16.12983703613281 -1.449725151062012 4.610731 1.757266 1.47433 -3.12957
1 33.3199577331543 11.77500438690186 -1.460116028785706 4.181823 1.785515 1.289716 3.123103
2 -10.94350051879883 -3.348124980926514 -0.6212090849876404 6.040551 2.231902 2.280057 -0.005505333
2 -4.804550170898438 20.29243850708008 0.01335074193775654 11.104947 2.997211 1.895335 3.103609
1 -11.26532077789307 -0.07629342377185822 -1.040850162506104 3.471466 2.12884 1.512448 -0.0001312798
1 8.164144515991211 30.72958374023438 -1.81493866443634 4.062061 1.891469 1.372309 -1.589695
1 21.88480949401856 0.09262066334486008 -1.076434969902039 3.039383 1.779057 1.353676 0.04161429