1 -3.304341554641724 -3.357053756713867 -0.7968937158584595 4.003903 1.649029 1.91752 0.02543679
1 7.837448596954346 16.50175094604492 -1.857308149337769 5.356126 0.498345 0.905391 -3.083621
4 13.73208141326904 -5.593489646911621 -1.085582733154297 1.861133 0.70325 1.491705 0.0385531
2 -15.85385036468506 -0.5797473192214966 -0.6292909383773804 5.998056 2.296034 2.304229 0.0385531
5 2.202061891555786 -20.24868774414063 -1.340722560882568 0.306263 0.263799 0.437854 -1.433465
1 49.0299072265625 1.162279725074768 -1.125307202339172 1.314085 1.595255 1.294918 -0.02979888
5 7.052862644195557 -13.58815670013428 -1.286755084991455 0.296722 0.226311 0.442601 0.08849429
3 18.36416816711426 7.842104911804199 -0.8782750368118286 0.494689 0.593936 1.45866 -2.127289
4 29.37076187133789 -7.839675903320313 -1.092172741889954 2.511651 0.873428 1.468663 -0.08590415
4 28.6147346496582 -6.453353881835938 -1.07417631149292 2.077225 0.900181 1.452024 -0.5446989
3 -0.3686501681804657 -23.47712326049805 -0.2122791260480881 0.445628 0.647336 0.856459 -1.587473
4 -21.23291397094727 -7.782293319702148 -0.9554722309112549 1.380512 0.616913 1.625644 0.0385531
5 2.14712119102478 -15.06546306610107 -1.40483832359314 0.207623 0.256101 0.331633 -1.669991
5 5.353981018066406 -13.59183979034424 -1.307503819465637 0.29401 0.207624 0.446701 0.06913091
4 -13.30940532684326 -7.309614181518555 -1.021406173706055 1.418805 0.570019 1.479558 0.1324204
5 3.738290309906006 -13.59812641143799 -1.341963171958923 0.308648 0.243095 0.395605 0.04245407
3 -5.209961414337158 -28.60763740539551 -0.682471513748169 0.732246 0.44286 1.495002 -1.478532
1 -41.45509719848633 -4.974198341369629 -1.072665452957153 2.058213 2.160275 1.557356 0.0385531
5 2.176406860351563 -17.84511184692383 -1.378428459167481 0.266651 0.299771 0.416322 -1.53155
5 2.165937900543213 -16.44496917724609 -1.441159129142761 0.33588 0.264623 0.392127 -1.534443
3 -2.874866962432861 -25.8304328918457 -0.7478355169296265 0.57659 0.524724 1.662618 2.247146
5 2.214504241943359 -19.19152641296387 -1.363490462303162 0.171422 0.269034 0.375427 -1.50332
1 -21.7586669921875 -4.245771884918213 -1.043492794036865 4.156402 2.067375 1.428702 0.05377201
5 2.061542272567749 -13.61704730987549 -1.380641102790833 0.319627 0.200084 0.428821 0.02843944