3 -38.88100814819336 -2.594126701354981 -0.1103997677564621 0.393238 0.406722 1.02328 0.5025581
6 -53.11473846435547 12.03407573699951 -0.4772377908229828 0.795902 0.484745 0.704192 -0.3362234
1 -36.50064849853516 2.948382377624512 -0.5675861835479736 4.128827 1.593733 1.675939 -0.4468003
6 -26.93930435180664 -10.3068323135376 -0.9552029967308044 1.298884 0.429453 0.604041 -1.372959
6 -27.26604843139648 -8.708337783813477 -1.042704701423645 1.623781 0.428629 0.790584 -0.9163349
6 -28.35474395751953 -18.81352996826172 -0.970504641532898 1.235915 0.195228 1.193895 -1.731047
5 -8.106114387512207 -12.42760181427002 -1.641503214836121 0.184773 0.212987 0.394408 0.3330918
6 -13.71624660491943 -16.92136955261231 -1.430323839187622 1.209638 0.339347 0.700481 2.935442
1 -48.62928009033203 6.361367702484131 -0.4797637760639191 2.04682 1.636796 1.276111 -0.1909075
1 20.43912506103516 1.528135180473328 -1.166581511497498 3.850913 1.837311 1.615108 -0.21854
2 -19.76513481140137 5.758624076843262 -0.3004984855651856 5.971938 2.856544 2.450844 -0.1298491
6 -27.71344757080078 -14.98154163360596 -1.004568099975586 1.214839 0.213866 1.279338 -1.696478
1 -17.45228958129883 -13.40312957763672 -1.032850742340088 4.188155 1.868788 1.282768 1.292852
4 -1.688512802124023 -5.136064529418945 -1.103171825408936 1.663984 0.886518 1.508781 0.2911556
1 -8.8753662109375 7.684069156646729 -0.8277075886726379 4.699886 1.860175 1.506685 -0.2067558
4 55.8387565612793 -14.08283519744873 -1.953276038169861 0.57793 0.361115 1.390868 -0.1696785
5 -27.8802661895752 -17.30805969238281 -1.376294136047363 0.34482 0.380338 0.415718 -0.08802562
1 -30.14701461791992 -30.54156684875488 -0.9141109585762024 4.177685 1.866123 1.157307 -1.762854
5 -27.87923049926758 -16.97233581542969 -1.402241945266724 0.282972 0.170615 0.534932 -3.024679
1 -29.5098876953125 -23.80899810791016 -0.4501853883266449 4.487135 1.620779 1.366504 -1.670127
6 -27.30233764648438 -12.71255493164063 -1.119293332099915 1.251354 0.360063 0.859937 -1.696478
5 -4.144795894622803 -7.978666305541992 -1.615880727767944 0.206669 0.168764 0.423891 0.1615986
4 8.165099143981934 -5.355271816253662 -1.430124521255493 2.820496 1.148038 1.074057 -0.2793692
3 -44.95721817016602 1.157434582710266 -0.3010826706886292 0.383979 0.364322 1.451354 2.942364
1 37.7338981628418 -4.356891632080078 -1.500192642211914 3.387239 1.980787 1.587363 -0.07014959
5 -27.96329307556152 -17.7624626159668 -1.305858016014099 0.324562 0.247035 0.615023 -0.1148209
2 -16.30306243896484 24.39591026306152 -0.2242920696735382 6.386752 2.5864 2.249247 2.891556
3 -0.691432535648346 -13.74967384338379 -0.9149876236915588 0.753704 1.193202 1.594036 0.1615986
4 -7.412317752838135 -9.955771446228027 -1.115523099899292 1.181101 0.927486 1.501055 1.093313
1 55.78596115112305 -5.319944381713867 -1.484141945838928 0.592945 1.268519 1.484999 -0.1507146
6 -28.01433372497559 -16.3959846496582 -1.186953902244568 1.288326 0.425065 0.847521 -1.731047
4 34.34783554077148 -10.25447845458984 -1.625392317771912 0.726891 0.496443 1.461609 -0.07187938
6 -15.07530021667481 -16.72977447509766 -1.347414255142212 1.393312 0.403881 0.727986 2.935442
5 -5.461294174194336 -9.087127685546875 -1.664599299430847 0.283985 0.380507 0.392211 0.087473
6 -12.12277698516846 23.43842506408691 -0.8771937489509583 0.714148 1.283106 1.23818 2.839853