5 -4.420469284057617 -16.48485565185547 -1.350220203399658 0.291323 0.130322 0.337062 -3.021147
1 -42.15662002563477 -4.610520839691162 -0.8056550621986389 2.233617 1.837593 1.563311 -0.01699965
4 22.25312995910645 -6.772280216217041 -1.14906632900238 2.652339 0.852849 1.483266 -0.2953174
4 10.9054479598999 -5.45198917388916 -1.115477323532105 1.890246 0.762557 1.47255 0.02683761
4 -24.38075828552246 -7.672741889953613 -0.8751798868179321 1.147696 0.602194 1.609106 0.001787877
2 1.307076692581177 17.56401062011719 -0.8592509031295776 8.588653 2.483123 2.977281 3.102489
3 11.46928405761719 7.40436315536499 -0.9126796126365662 0.514069 0.613369 1.53534 -2.74353
1 -23.14441108703613 -4.079243183135986 -1.051492810249329 4.190845 2.03511 1.386282 0.07504179
5 -4.406211376190186 -15.13435363769531 -1.366840720176697 0.296171 0.1111 0.394474 -3.021147
4 14.79769992828369 21.40742874145508 -1.8266521692276 1.704944 0.649636 1.424974 3.1114
5 -4.330469608306885 -20.2954158782959 -1.335922956466675 0.279915 0.158684 0.375739 -3.021147
2 -15.82814311981201 -0.4635089933872223 -0.6298282742500305 6.001661 2.316357 2.291016 0.03233708
1 -5.090934276580811 -3.229719161987305 -0.7884195446968079 4.041333 1.747135 1.920316 0.03941147
1 49.80997085571289 1.113129019737244 -1.443915367126465 0.616426 1.771513 0.617769 -0.001982656
5 -2.846484899520874 -13.65199661254883 -1.310298085212708 0.278937 0.210905 0.468503 -3.021147
5 -4.353047370910645 -19.18900299072266 -1.370215535163879 0.258082 0.179421 0.336512 -3.021147
3 -6.95289421081543 -23.54834938049316 -0.5307576060295105 0.649033 0.486929 1.535255 -3.129975
5 -4.491106033325195 -13.67046737670898 -1.390479564666748 0.273078 0.191125 0.367094 -1.7422
3 -9.780640602111816 -25.64259910583496 -0.5487509965896606 0.556751 0.591051 1.565434 -1.704002
5 -4.365823745727539 -17.89581680297852 -1.350398898124695 0.213128 0.177276 0.449405 -3.021147
3 -11.78342342376709 -28.6616268157959 -0.6236857175827026 0.6062 0.407373 1.400128 1.600579
4 22.0526180267334 -7.872538566589356 -1.144921898841858 2.408872 0.763546 1.440925 -0.05049417
5 0.4916467666625977 -13.62551212310791 -1.289908885955811 0.221852 0.164849 0.389491 -3.021147
5 -1.204053163528442 -13.65732383728027 -1.309096932411194 0.308959 0.198104 0.44011 -3.021147