3 -42.81965637207031 27.44054794311523 -0.6310200095176697 0.214746 0.58295 0.409544 -0.0716657
1 14.94642543792725 3.292393922805786 -0.7920401692390442 2.954107 1.536593 1.710993 0.01164036
4 27.33944511413574 -11.93531131744385 -0.8092827200889587 1.646323 0.581586 1.347 0.4448731
1 7.327418327331543 0.1956582069396973 -0.771908700466156 3.114517 2.126645 1.808391 0.02905481
1 -7.004586219787598 -2.669791221618652 -1.097232341766357 4.37282 2.002618 1.414384 -0.02391618
2 -56.61769866943359 17.23466491699219 -0.9515066742897034 6.86003 2.414621 1.638885 3.012671
1 -11.77271175384522 3.360239028930664 -1.16784405708313 4.209384 1.753891 1.484154 0.04282894
6 23.94829177856445 -2.794380187988281 -0.1537573337554932 1.050387 0.44053 0.172847 0.0
1 24.2664966583252 10.03857421875 -0.9337518811225891 4.199634 2.268582 0.968155 2.809673
4 10.74451637268066 -6.367082118988037 -0.5751336216926575 0.65289 0.635612 0.746892 -0.03160679
1 -1.125729560852051 -3.150739431381226 -0.8818200826644897 5.055115 1.974984 1.696864 0.02617601
1 4.963301181793213 -2.416864395141602 -1.008411645889282 4.129648 1.684709 1.488442 0.03036088
1 19.98166656494141 3.157639026641846 -0.6978870034217834 1.918541 0.461176 0.82768 0.04329186
1 9.221911430358887 3.484325170516968 -1.010158896446228 4.468998 2.043551 1.485631 0.008117745
6 20.73685264587402 0.6982441544532776 0.004205264151096344 1.156937 1.309698 0.203589 0.0
4 19.11377906799316 -9.179128646850586 -0.6653453707695007 1.267903 0.582603 1.563955 -0.07194294
1 12.40461730957031 -2.227084875106812 -0.7156329154968262 4.581105 1.640655 1.914881 0.01119199
1 18.22480392456055 -1.625203490257263 -0.9400039315223694 4.024157 0.509799 1.456763 0.09311196
1 2.875256299972534 3.532358169555664 -0.9462726712226868 4.328683 1.83698 1.616532 0.01949978
1 -14.09612464904785 -3.359606981277466 -0.713254451751709 2.004326 0.847928 0.518213 0.04023919
6 30.58058547973633 -2.020590305328369 -0.704052746295929 0.408825 0.64218 1.521914 0.0
6 -1.899094223976135 -4.644932270050049 -0.6637805700302124 0.179903 0.06842 0.061806 -1.49904
2 -22.01977729797363 3.222968816757202 -0.6075837016105652 12.158969 2.934531 2.99831 0.02327614
3 -34.46901702880859 -9.519612312316895 -0.9372061491012573 1.014519 0.578432 1.420135 -0.01673814
6 -19.95553398132324 -3.597615003585815 -0.3968531489372253 0.967084 0.475318 0.181545 -0.05258578
3 29.21115875244141 -21.97765731811523 -0.5343992114067078 0.368938 1.011754 1.47107 3.137007
2 -6.114133834838867 -0.04848676174879074 -0.6503793597221375 6.068597 2.324528 2.227963 0.03742038
5 18.76828193664551 19.12933731079102 -1.628898143768311 0.166849 0.173515 0.475372 3.141592
1 -4.664944171905518 3.311667203903198 -0.9413220882415771 5.017019 2.043642 1.759961 0.02199386
6 -35.56267929077148 15.03287887573242 1.461037635803223 0.548831 1.244164 0.09384 0.0
3 33.34183883666992 36.9862174987793 -1.189965844154358 1.377186 1.251691 1.63419 3.137007