5 15.06642913818359 -17.80999183654785 -1.522068023681641 0.35128 0.303864 0.349256 -1.509439
3 12.59565353393555 -23.34746932983398 -0.7849848866462708 0.445317 0.681203 1.720614 1.578467
1 20.92955017089844 -48.72640228271484 -0.3450792729854584 1.905239 1.349143 1.029327 1.627852
1 23.27455139160156 -49.19843673706055 -0.3422799110412598 2.079686 1.571313 1.01188 1.627852
4 41.36557769775391 -7.652030944824219 -1.375182747840881 2.255418 0.834125 1.481448 -0.4301136
1 -19.0980224609375 -4.487293243408203 -0.9644151329994202 4.227777 2.072175 1.43549 0.05421821
1 46.61693954467773 1.066694974899292 -1.366572737693787 1.485839 1.773722 1.263762 0.04868827
2 -16.03838539123535 -0.9172285199165344 -0.4978521168231964 5.958259 2.243959 2.386232 0.08916066
3 10.48209953308106 -25.70051574707031 -0.5857406258583069 0.481818 0.389118 1.313399 -1.563719
1 0.03598605841398239 -3.514073610305786 -0.8119403719902039 4.013344 1.841016 1.976288 0.03738055
5 16.57579231262207 -13.55004501342773 -1.466108798980713 0.301611 0.179899 0.459426 1.467978
5 14.94000148773193 -13.51839923858643 -1.482028007507324 0.260703 0.270085 0.397946 -3.028118
4 19.24299812316895 -5.977681636810303 -1.180893659591675 1.71172 0.75299 1.489949 0.08916068
5 15.04230880737305 -15.02220058441162 -1.547313928604126 0.232686 0.261134 0.375633 -1.561042
4 -5.997642040252686 -7.527849674224854 -0.9742456674575806 1.850655 0.695638 1.471536 0.08916068
4 -15.26836681365967 -8.028119087219238 -0.850193202495575 1.712345 0.625998 1.636833 0.08916066
5 15.02200317382813 -16.38002777099609 -1.50657069683075 0.28399 0.252197 0.452442 0.0
4 42.21136856079102 -6.677830219268799 -1.356425881385803 3.156767 0.841028 1.452929 -0.5055546
1 18.47067451477051 -47.90753936767578 -0.6764779090881348 3.55429 1.78032 1.195076 1.627852
1 -40.91573333740234 -5.574449062347412 -0.6498153805732727 2.039192 2.076858 1.305112 0.08916066