1 -13.70052337646484 8.687606811523438 -0.9046288728713989 5.077029 1.887148 1.949131 2.817641
1 -29.95863151550293 13.2144775390625 -1.302823901176453 3.876141 0.856115 1.262807 2.880846
1 13.12358951568604 30.81558799743652 -0.9131125211715698 3.765174 2.049746 1.442299 -1.908247
1 16.39140892028809 -9.523527145385742 -0.6331290006637573 2.462357 0.451122 0.511917 -0.231795
2 10.07792186737061 -5.868697166442871 -0.725221574306488 6.097675 3.303493 2.186768 -1.304063
1 -49.41575622558594 19.17259407043457 -1.14881443977356 0.735655 1.235609 1.33151 2.843175
1 -40.68976593017578 16.58367538452148 -1.104829907417297 4.023155 1.450848 1.132261 2.835539
1 -6.591054439544678 -4.588039875030518 -1.102704524993897 4.508725 1.719251 1.497705 -0.1802595
1 -0.9723883867263794 -5.926697731018066 -1.127353191375732 4.508134 1.915646 1.441031 -0.2016208
1 -7.656371116638184 6.856264591217041 -0.9711710810661316 4.270505 2.027117 1.766897 2.84668
1 26.58304023742676 46.88264846801758 -1.123459219932556 3.710794 1.658294 1.340732 -1.869363
1 3.726891756057739 -7.032832145690918 -1.021748900413513 4.376631 1.854509 1.656758 -0.2524741
5 -4.226701736450195 5.532612323760986 -1.510621786117554 0.384585 0.341093 0.600489 -3.106896
1 -33.89789581298828 4.84166955947876 -1.253981709480286 3.609355 0.562598 1.1851 -0.3190714
6 -50.03833770751953 9.999853134155273 -1.425806283950806 0.704437 0.377691 0.565426 -0.325747
1 21.16463088989258 -11.31649208068848 -0.8546183705329895 3.07994 1.086957 0.647049 2.780273
6 -43.91894912719727 8.191092491149902 -1.349648475646973 0.834284 0.34275 0.299518 -0.325747
1 -18.92423248291016 9.860942840576172 -1.154901146888733 4.163933 0.889092 1.448725 2.848494
1 -28.42419624328613 3.009998798370361 -1.120420455932617 3.794478 1.468722 1.673171 -0.2726306
6 -2.09978461265564 5.748833179473877 -1.18691098690033 1.68954 0.333866 1.255554 0.820739
1 26.37624359130859 -13.44355010986328 -0.9864017963409424 3.067573 1.378614 0.880648 -0.2547576
5 -4.964940547943115 5.403019428253174 -1.505854368209839 0.414075 0.293857 0.658334 -3.106896
1 -23.37146759033203 1.428982496261597 -1.145226240158081 4.319466 1.761882 1.528762 -0.2982807
1 -39.46137237548828 6.187872409820557 -0.9846688508987427 4.279538 1.514777 1.87337 -0.2821837
1 -24.32664489746094 11.86196899414063 -1.191066861152649 3.852113 1.560356 1.457469 2.880846
1 -11.36345481872559 -2.778770685195923 -1.03514564037323 4.531428 2.041771 1.723421 -0.4451996
1 -16.48149490356445 -0.5067328214645386 -1.179425120353699 4.862886 1.797379 1.422186 -0.3266793