2 -56.71474075317383 17.1632251739502 -0.9059656262397766 7.036051 2.448382 1.540474 3.033634
4 41.99991226196289 21.74368095397949 -0.9934884905815125 1.501192 0.433122 1.228799 -1.088339
2 -22.04141616821289 3.182393074035645 -0.3499753773212433 12.143354 2.841864 2.519562 0.02272103
1 -10.063645362854 14.84881114959717 -1.236410975456238 4.004843 1.97984 1.689387 2.976645
4 27.33660507202148 -11.92886734008789 -0.8097862005233765 1.644869 0.512741 1.335344 0.376515
1 4.902895927429199 -2.429347991943359 -1.020802855491638 4.074213 1.859939 1.442432 -0.02050531
1 -13.77046489715576 -3.24198579788208 -0.70555180311203 2.700861 0.983561 0.507036 0.06157827
1 24.76899147033691 -2.616935253143311 -0.4352006614208221 2.771967 0.978132 0.732477 -0.001558412
5 20.83757781982422 -9.713610649108887 -1.346107840538025 0.139702 0.178652 0.314372 2.911481
4 19.32220077514648 -9.298151016235352 -0.6727650761604309 1.779146 0.769141 1.567176 -0.05320464
2 41.52648162841797 38.58468627929688 -0.7979787588119507 7.144948 2.279158 2.554404 -1.417626
4 11.96598434448242 -9.543646812438965 -0.6056534051895142 1.535548 0.499812 1.46418 -0.0359214
1 48.70576858520508 22.36724853515625 -1.005313277244568 3.510986 0.419386 1.096457 1.706902
1 44.4691047668457 16.40422248840332 -0.9819773435592651 4.56719 0.832121 1.203256 -1.256497
1 6.619112968444824 0.2916070222854614 -0.7928285598754883 1.771355 1.897699 1.846704 -0.02745969
4 24.30008888244629 -9.434094429016113 -0.8297303318977356 1.52074 0.803305 1.473762 -0.001558412
2 46.71729278564453 4.681437492370606 0.3303249478340149 11.902749 2.619967 3.122418 -1.133102
3 5.534634113311768 -8.377764701843262 -0.7701934576034546 0.886499 0.608142 1.498726 3.058655
1 2.790958881378174 3.572416305541992 -0.9423828721046448 4.162866 1.870985 1.639787 0.0
1 -7.126442432403565 -2.663710117340088 -1.131064176559448 4.628115 2.00809 1.373373 -0.02745969
1 46.08979415893555 29.48006820678711 -1.57355797290802 3.785899 0.353801 0.673887 1.555991
1 18.15246200561523 -1.6953444480896 -0.9380770921707153 3.83247 0.51169 1.401055 -0.01717115
5 20.22880363464356 19.54311943054199 -1.70020854473114 0.119813 0.217758 0.391638 0.160237
6 -1.896211743354797 -4.663187026977539 -0.6850821375846863 0.182675 0.227944 0.20573 -0.1166344
1 -21.99249076843262 16.55586814880371 -1.188636064529419 3.002803 1.581392 0.583569 3.004647
1 -4.693225383758545 3.258398056030273 -0.8667020201683044 4.996504 1.953661 1.938721 0.00718978
4 8.016724586486816 -6.488024711608887 -0.9747578501701355 1.98679 0.897133 1.438725 -0.01717115
1 14.88595008850098 3.32074785232544 -0.7827518582344055 2.868755 1.562957 1.683644 -0.02050531
6 -19.8311824798584 -3.628924131393433 -0.472577303647995 1.233778 0.625717 0.352289 0.005374765
2 -6.110223770141602 0.007828250527381897 -0.5355941653251648 6.112185 2.346705 1.998573 -0.02745969
2 -48.18741226196289 20.41736602783203 -0.5945700407028198 11.262309 2.805695 2.750547 3.004647
1 9.215237617492676 3.362880706787109 -1.000022649765015 4.482522 1.829309 1.45857 -0.02050531
1 19.66731834411621 3.184269428253174 -0.7090082764625549 1.324896 0.505828 0.832394 0.1048903
5 18.76484298706055 19.13402557373047 -1.658642768859863 0.171982 0.204221 0.523274 0.2850564
6 20.85837173461914 0.5316588878631592 0.006467158906161785 1.528148 1.086884 0.214239 0.1048903
1 -1.137290358543396 -3.125947237014771 -0.8973343968391418 5.035431 1.866528 1.729289 -0.0003529508
5 17.279296875 18.80033493041992 -1.579570531845093 0.24032 0.175374 0.484674 0.2243746
3 33.67049789428711 36.66940307617188 -1.197407364845276 0.35283 0.491294 1.576789 0.07430758
1 12.37415599822998 -2.251981019973755 -0.7251380085945129 4.578208 1.718246 1.927907 -0.01717115
1 -11.79702854156494 3.383062839508057 -1.169467091560364 4.269999 1.818257 1.488299 0.02777936