4 28.76630401611328 12.52001762390137 -0.8003346920013428 0.739583 1.026067 1.283277 -1.959962
6 -19.80472373962402 -3.590417385101318 -0.4698033630847931 1.265757 0.593434 0.371735 -0.001257169
2 -6.161861896514893 -0.06017933040857315 -0.623534619808197 6.01823 2.307561 2.175041 0.008502059
4 7.18285083770752 -6.109222888946533 -0.9372599124908447 1.728808 0.634198 1.369859 -0.0006285847
4 19.46166610717773 -9.195415496826172 -0.7523247003555298 1.35978 0.622435 1.437578 -0.01976659
2 52.57661056518555 -20.58324813842773 0.3309647440910339 10.112823 2.790006 3.564848 1.662014
1 -13.79190349578857 -3.232139825820923 -0.7054594159126282 2.657079 0.962196 0.503579 -0.001257169
1 4.904569149017334 -2.423031330108643 -1.020117878913879 4.084662 1.818853 1.453956 -0.001257169
6 29.78797912597656 -2.973919868469238 -0.1636806130409241 0.274068 0.525704 0.388565 0.05533459
6 -1.894574403762817 -4.656010627746582 -0.6625626087188721 0.076041 0.149676 0.066671 0.002744752
1 9.211889266967773 3.518523931503296 -1.000347018241882 4.461074 2.110889 1.4626 -0.004597086
6 46.03336334228516 24.43626403808594 -1.452335357666016 0.731806 0.450682 0.627402 1.928016
1 7.367748737335205 0.1898528039455414 -0.8006673455238342 3.26174 2.105165 1.863007 -0.004597086
1 -6.983360767364502 -2.67577600479126 -1.095719575881958 4.335612 2.019705 1.498829 -0.001257169
1 2.857163667678833 3.506269931793213 -0.8164088726043701 4.311024 1.741603 1.877217 0.002479094
1 42.86104202270508 -31.07384300231934 -0.8656284809112549 1.187645 1.714348 0.842156 -1.497512
1 -4.597433567047119 3.330106735229492 -0.9507107138633728 5.104841 2.068865 1.814106 -0.004597086
1 38.55184173583984 -19.93480110168457 -0.523001492023468 4.488841 1.363586 1.411496 -1.525306
2 -42.67450714111328 20.32901000976563 -0.4874858558177948 12.036419 2.59383 3.102626 2.994289
1 48.35572814941406 -15.18688297271729 -0.7550677061080933 2.52812 1.31566 1.337056 1.601505
5 22.80356788635254 20.84296798706055 -1.677953004837036 0.193835 0.212036 0.414427 0.8400128
2 -54.79225158691406 16.93016815185547 -0.6246060132980347 3.268501 2.193725 1.562393 3.070381
2 46.6664924621582 -27.03326606750488 0.5645939111709595 5.565233 2.07812 2.415871 1.625901
1 18.07325172424316 -1.661603450775147 -0.9346325993537903 3.661813 0.52873 1.393533 -0.001257169
1 57.69543838500977 8.400788307189941 -0.5373097658157349 1.225297 1.39284 0.799774 -0.5695922
1 -1.127856612205505 -3.125974655151367 -0.8954805135726929 5.050236 1.935204 1.72419 -0.001257169
5 20.17489242553711 19.5583438873291 -1.700797438621521 0.123311 0.139386 0.373009 0.7333475
1 19.93043899536133 3.125554084777832 -0.7037855982780457 1.975794 0.467955 0.825327 -0.004597086
1 38.05513381958008 24.30995750427246 -1.370879173278809 4.081574 0.373106 0.771409 -1.581951
1 37.56352233886719 11.7447395324707 -0.9155364632606506 2.966449 1.828457 1.311714 -1.588568
1 24.78283500671387 -2.655052661895752 -0.4331143498420715 2.803287 0.906441 0.72871 -0.001257169
1 15.02820301055908 3.31032657623291 -0.8061320781707764 3.149799 1.549123 1.732094 -0.004597086
1 -28.69345283508301 16.48148155212402 -0.9575591683387756 2.509891 1.359174 0.624042 3.103009
2 -22.14410591125488 3.724863290786743 -0.3553608059883118 12.138869 2.876517 2.533938 -0.06822036
6 20.67987632751465 0.6629508137702942 0.004651902709156275 1.403018 1.24352 0.192236 -0.001257169
1 -11.77408504486084 3.381852626800537 -1.158835768699646 4.193842 1.789236 1.467707 0.0242638
1 45.7425651550293 -17.14976119995117 -0.635919988155365 4.205254 1.762474 1.617142 1.696993
1 31.08122634887695 24.85334777832031 -1.343637704849243 3.96121 1.862866 1.091569 -2.155349
1 12.39383220672607 -2.258220195770264 -0.7267860770225525 4.588837 1.696057 1.931843 -0.02664078