5 -2.314501762390137 -7.856698513031006 -1.577355861663818 0.23996 0.35077 0.406193 -2.972137
1 16.87245559692383 18.56961631774902 -0.8042224645614624 3.845336 1.778311 1.558428 -1.454315
6 -5.987913131713867 -2.567075729370117 -1.574378490447998 0.310965 0.468281 0.456525 1.612439
1 34.11651611328125 0.6619256138801575 -0.6492418646812439 1.453357 0.501112 1.31885 1.685336
6 -11.29463958740234 8.862479209899902 -1.151758909225464 1.623266 0.268636 1.252041 -3.087377
3 0.979442298412323 23.86364364624023 -0.7301120758056641 0.367603 0.703301 1.658357 -1.13944
1 12.39415740966797 -22.15778541564941 -1.476791381835938 3.171789 1.005116 0.797463 -1.417356
2 10.78992748260498 40.55004501342773 0.06320594996213913 7.024447 2.829157 2.438249 -1.43418
3 -3.937172412872315 -8.858119010925293 -0.6270862817764282 0.211602 0.249094 0.327819 2.886876e-15
1 20.59041023254395 -13.94537734985352 -0.6288650631904602 3.916957 1.840724 1.889649 -1.40734
4 13.98986339569092 -39.83305358886719 -1.069802045822144 1.291065 0.300659 0.90617 -1.711848
6 -7.657737255096436 9.334022521972656 -1.152092456817627 1.421598 0.378841 1.24712 -3.075361
5 4.379543781280518 -9.971274375915527 -1.628990411758423 0.156812 0.176633 0.338476 0.1538785
5 3.072449922561646 -9.336484909057617 -1.605704307556152 0.161901 0.188071 0.369076 -0.3411526
3 1.866522192955017 22.51185607910156 -0.9653524160385132 0.545937 0.726947 1.242521 -0.9792225
5 1.985396981239319 -8.920613288879395 -1.651682853698731 0.131788 0.160015 0.368509 -0.3669975
3 -21.26677703857422 8.89522933959961 -0.6547117233276367 0.371249 0.44766 0.607696 -3.082134
4 -5.969900131225586 -6.440375804901123 -1.147100567817688 1.633834 0.844381 1.513236 0.01617611
6 -2.751566648483276 10.05698680877686 -1.125357508659363 1.71082 0.445889 1.245532 -2.759371
4 -14.26428890228272 -7.103964328765869 -1.117422819137573 1.692679 0.788849 1.545099 -0.02803465
3 -37.69910049438477 -13.75087642669678 -1.049082756042481 0.793401 0.436673 1.512388 0.08914065
1 17.43694496154785 -14.05771255493164 -0.8291776180267334 4.816615 1.808474 1.816689 -1.411639
3 3.247400045394898 26.96958732604981 -0.7053459882736206 0.838819 0.54424 1.563808 1.651799
1 -16.55875587463379 8.585861206054688 -0.9195610284805298 4.414423 1.868753 1.738591 -2.967746
5 -10.32732200622559 8.865633010864258 -1.496297001838684 0.279536 0.328258 0.561515 -3.073142
6 -1.397843241691589 11.03762340545654 -1.130543112754822 1.359949 0.612463 1.275159 -2.357399
6 -5.42810583114624 -4.517534255981445 -1.507359385490418 1.379505 0.480691 0.791354 1.666165
5 0.548081636428833 -8.453439712524414 -1.662884950637817 0.103922 0.147579 0.358039 -0.3039953
1 6.250718593597412 36.02056884765625 -0.9361681342124939 2.967687 1.816239 1.401342 -1.49001
5 -10.00664043426514 8.909090042114258 -1.490848064422607 0.348773 0.33809 0.600191 -3.073142
2 -54.34955215454102 2.084474563598633 -0.1006805375218391 5.693665 2.505852 3.170489 -3.008524
3 5.715005397796631 -18.63501167297363 -0.8649148941040039 0.474313 0.644692 1.635231 2.425076
1 6.345520496368408 23.52290916442871 -0.9137986302375793 4.763839 2.761263 1.684578 -1.675972
5 -5.499445915222168 -5.401578426361084 -1.690433621406555 0.203908 0.166496 0.409146 -1.448336
1 -26.25006866455078 -2.3763267993927 -1.225497364997864 2.952588 1.879295 0.966443 0.1197105
6 -5.524919986724854 -3.113710880279541 -1.456357479095459 1.423916 0.343073 0.802778 1.642176
5 -9.633065223693848 8.906816482543945 -1.472298741340637 0.376726 0.320026 0.61047 -3.073142
1 -56.85932159423828 -12.30578136444092 -1.675981760025024 3.9361 1.698806 0.825921 0.06754441
6 -9.126428604125977 9.355673789978027 -1.376121997833252 1.36252 0.345091 0.825965 -3.099619
6 -5.211541652679443 9.717508316040039 -1.138815045356751 1.642956 0.419913 1.224762 -3.076183
1 -23.23633003234863 7.21075439453125 -0.9733313322067261 4.353209 1.907275 1.631792 -3.067636
5 5.924788951873779 -10.95115089416504 -1.672462344169617 0.094115 0.14238 0.390493 2.471204
2 36.07412338256836 -35.50693511962891 -0.3445369601249695 6.253444 1.474567 1.903938 1.642103
1 21.31078910827637 -48.83363723754883 -1.288784623146057 2.604788 1.757966 1.428821 -1.459166