6 31.39181327819824 -2.840342044830322 -1.575977444648743 1.940376 0.32597 1.00043 -3.118835
5 20.34018135070801 5.760059833526611 -1.675716519355774 0.416315 0.285573 0.557042 -3.127164
5 33.62139129638672 -2.747616529464722 -1.797694444656372 0.544012 0.215609 0.693221 -3.113449
1 42.24798965454102 -3.024584293365479 -1.283438444137573 3.694937 1.127808 1.499004 0.03836595
6 -41.83881378173828 -29.37252998352051 -1.268591046333313 2.056043 0.791593 0.352304 -1.525365
5 5.029007911682129 5.901822090148926 -1.554676294326782 0.291525 0.325713 0.675111 0.09771684
6 -1.749125957489014 5.978031635284424 -1.317766308784485 1.688066 0.448418 1.005671 0.01090573
6 16.85853576660156 -2.719842433929443 -1.668576955795288 0.283854 0.278739 0.577394 -3.093887
1 -45.40081024169922 27.70591163635254 -0.3877722024917603 2.034316 0.289859 1.715495 1.6491
5 -12.58269882202148 5.81950569152832 -1.476891040802002 0.320289 0.365461 0.602868 0.05750617
5 -25.6447868347168 1.498952031135559 -1.42552661895752 0.339855 0.246479 0.516903 0.06276999
5 7.940206050872803 5.820394039154053 -1.539750456809998 0.178473 0.174356 0.482333 0.05923396
6 -4.23415994644165 -2.905653953552246 -1.283454656600952 1.709502 0.474229 1.03367 -3.135461
1 16.90651702880859 3.259009122848511 -1.21617066860199 3.864767 1.987381 1.421347 3.132492
5 -14.93949699401856 1.543228268623352 -1.385936856269836 0.259769 0.241715 0.567344 1.591723
6 -9.95555591583252 -2.984039783477783 -1.268759369850159 1.726532 0.292765 0.975588 -3.140775
5 -28.94541931152344 1.493029236793518 -1.392458558082581 0.181163 0.196237 0.386081 0.007621619
6 38.7078857421875 6.217653751373291 -1.134996771812439 2.290351 1.944277 0.447965 -3.103346
6 -15.97912979125977 -2.9050612449646 -1.070849061012268 1.704345 0.158685 1.17293 -3.12511
5 13.66659641265869 -2.78418493270874 -1.615134954452515 0.233213 0.364209 0.649778 -3.0314
5 18.29202270507813 5.725015163421631 -1.668670058250427 0.331624 0.21146 0.646174 -1.546647
5 -8.4359712600708 5.886788845062256 -1.447461366653442 0.390926 0.343652 0.675349 -0.05826677
5 15.75202369689941 5.871286392211914 -1.648472905158997 0.226011 0.198774 0.566106 -1.442051
6 -15.82705879211426 6.050123691558838 -1.105762004852295 1.667833 0.367076 1.229854 -0.01373928
5 21.52268600463867 5.699706554412842 -1.768292427062988 0.334067 0.353748 0.550183 -3.025318
5 2.125885486602783 5.908931255340576 -1.509358644485474 0.461224 0.433808 0.652418 0.07274678
6 -22.02036476135254 6.809963226318359 -1.104881048202515 1.278695 0.304711 1.291801 -1.553696
5 -11.51988315582275 1.559278011322022 -1.426527857780457 0.254329 0.274257 0.676569 -3.071408
6 -21.35244369506836 6.00230598449707 -1.083664655685425 1.640301 0.375628 1.250936 0.01387439
5 10.37487602233887 -2.759992361068726 -1.579457640647888 0.415078 0.30332 0.585665 -3.119869
1 44.83478546142578 5.527347564697266 -1.645161151885986 1.423218 1.039008 1.310396 3.064741
5 -5.407288551330566 5.836874485015869 -1.492075562477112 0.321776 0.388143 0.629882 -0.04576659
1 36.75137710571289 -3.655972480773926 -1.42918062210083 3.515927 2.051675 1.415688 0.03510982
2 -37.66519927978516 -33.97472763061523 -1.01910924911499 9.749041 2.336545 0.824211 1.616979
6 -21.70761489868164 -3.176933288574219 -1.142817258834839 1.836233 0.494421 1.197318 -3.080906
5 -18.45783805847168 1.522483825683594 -1.408258318901062 0.284631 0.25897 0.545029 -0.07702436
5 6.486998081207275 -2.722243070602417 -1.481691837310791 0.343265 0.310155 0.622349 3.14047
1 55.46442794799805 5.724039554595947 -1.745374441146851 1.54503 0.504637 0.941964 3.13006
5 3.702803611755371 -2.67911696434021 -1.514479517936707 0.323404 0.381607 0.601645 -3.128531
5 11.35166454315186 5.765172481536865 -1.542340397834778 0.269872 0.270022 0.589556 0.1617291
6 27.37314605712891 -2.812250852584839 -1.632789492607117 1.288857 0.291232 0.903691 -3.121272
5 -22.07993698120117 1.526308655738831 -1.39398980140686 0.241329 0.241796 0.529097 0.02371968
5 22.59159469604492 -2.857761859893799 -1.644292712211609 0.295732 0.241556 0.563423 -3.055827
6 29.27206230163574 -2.836475133895874 -1.627188801765442 1.257142 0.399319 1.115435 -3.127762
6 58.85598754882813 -3.518012523651123 -0.7414873838424683 0.239581 1.23717 0.327191 -0.007368036
5 25.50953102111816 -2.773334741592407 -1.708113551139832 0.28115 0.247232 0.62744 -3.080006
5 13.75743007659912 5.811410427093506 -1.586231112480164 0.273333 0.332247 0.588316 -1.384094
6 19.74469375610352 -2.816459894180298 -1.499371886253357 1.610336 0.247089 1.029355 -3.13383
4 -22.27737617492676 9.562216758728027 -0.6324362754821777 2.703065 1.268003 0.863956 -3.042204