1 19.65992164611816 3.116047620773315 -0.7063921689987183 1.306041 0.486689 0.829942 0.0180829
1 -11.76548576354981 3.351662874221802 -1.176199316978455 4.187919 1.769958 1.504048 0.02844744
1 14.97038459777832 3.361340999603272 -0.7921909093856812 3.026701 1.627092 1.710377 0.0180829
5 20.82881546020508 -9.679315567016602 -1.345688939094544 0.199619 0.22836 0.309128 3.118479
2 -56.30006790161133 17.20375061035156 -0.7561426758766174 6.247271 2.353848 1.821397 2.991691
1 9.444766998291016 3.523343563079834 -1.001954555511475 4.9021 2.121279 1.468893 0.0194127
1 27.7852897644043 16.88954925537109 -1.182005882263184 4.954166 2.053974 1.146722 -2.422535
1 -1.112335801124573 -3.138314485549927 -0.8414526581764221 5.041492 1.9853 1.617477 0.01221108
1 12.37952327728272 -2.237343788146973 -0.732230007648468 4.548173 1.694637 1.94387 -0.02558147
1 18.16923522949219 -1.694442510604858 -0.924039900302887 3.880915 0.580008 1.416413 -0.01978157
2 -14.87129497528076 15.58752536773682 -0.5547473430633545 11.709023 2.553005 3.222152 3.018082
4 38.06571960449219 -2.029105663299561 -0.6356987953186035 1.317699 0.329597 1.267653 -1.458049
6 -19.85400581359863 -3.667185068130493 -0.472746878862381 1.230139 0.654608 0.349815 0.0180829
1 49.67971801757813 -35.32289886474609 -0.1045438498258591 2.590111 1.811065 1.811095 1.650107
1 7.342827796936035 0.199511706829071 -0.7779654860496521 3.164047 2.030297 1.817958 -0.01978157
2 46.78736114501953 -27.37801361083984 0.1996603906154633 5.9802 2.457888 3.152185 1.636995
1 24.53694343566895 -2.637706756591797 -0.3703193366527557 2.327477 0.875581 0.60384 -0.01492911
1 2.786574363708496 3.521327018737793 -0.8160920143127441 4.150258 1.789925 1.880646 0.01815923
1 48.74640274047852 -17.86838531494141 -0.6838158965110779 2.417387 1.585425 1.180311 1.655952
6 -1.905099868774414 -4.668798446655273 -0.6648728847503662 0.084411 0.135664 0.071682 -0.006812862
1 -4.678072452545166 3.304922342300415 -0.9766397476196289 5.003613 2.053897 1.733102 -0.01378344
1 4.969081401824951 -2.475515365600586 -1.016268610954285 4.201219 1.869352 1.46201 0.01221108
1 46.0584716796875 -19.7650203704834 -0.617705762386322 4.181863 1.744645 1.577531 1.655952
1 -6.996614456176758 -2.673367261886597 -1.097712993621826 4.370842 2.04798 1.441375 -0.002099525
4 1.783043742179871 -6.532013893127441 -0.9638449549674988 1.72598 0.730012 1.456177 -0.006812862
6 41.42816162109375 27.83740043640137 -1.517359614372253 0.514588 0.083815 0.302747 -1.732553
6 -13.79549598693848 -3.211270570755005 -0.706668496131897 2.689488 1.037183 0.50602 0.0180829
2 12.09076690673828 14.99578475952148 -0.4158520996570587 12.594074 3.14668 2.839684 -3.091685
2 -6.157220363616943 -0.05897149443626404 -0.5255826115608215 6.009227 2.312076 1.978556 0.0180829
3 28.9481258392334 21.59174346923828 -1.017096996307373 0.651149 0.551997 1.574612 0.107306
4 8.908005714416504 -8.988319396972656 -0.6864504218101501 1.831255 0.557591 1.537206 -0.01748596
1 38.51754379272461 17.4265193939209 -0.9896147847175598 4.255211 1.311843 1.346918 -1.582623
2 -22.0871524810791 3.312655210494995 -0.3440422415733337 12.171056 2.888053 2.513842 -0.000811542
2 52.81455230712891 -22.57867050170898 0.5940375328063965 11.097458 2.972043 3.097622 1.650107
6 20.73565483093262 0.6286464929580688 0.02069968357682228 1.190916 1.228845 0.202641 -0.01492911