5 7.163533210754395 18.68056678771973 -1.792688488960266 0.125405 0.223678 0.551021 -0.1315217
1 -30.90833854675293 -2.840353488922119 -0.6142570376396179 2.142716 1.304495 0.922085 -0.05866612
5 8.605360984802246 19.00254058837891 -1.815412640571594 0.152265 0.219413 0.412929 -0.1315217
1 3.019004106521606 -3.654451847076416 -0.8236898183822632 4.766366 2.365233 1.931379 -0.09204166
5 11.1580400466919 20.1729736328125 -1.907631993293762 0.190218 0.12506 0.483861 -0.1315217
3 25.6990966796875 34.27983093261719 -1.661922335624695 0.506737 0.353901 1.280193 -2.311892
1 -7.50504732131958 3.580995798110962 -0.975958526134491 4.264704 1.985278 1.703328 -0.06170951
1 -19.60298728942871 -2.509540796279907 -1.155240416526794 3.888066 1.704431 1.359145 -0.05608935
4 -3.577388763427734 -10.06357669830322 -0.6734527945518494 1.702699 1.018611 1.764622 -0.1646802
1 59.0943489074707 17.88551902770996 -1.496761322021484 4.223122 1.881483 1.577218 -3.130915
5 9.84927749633789 19.45230865478516 -1.804301977157593 0.155805 0.13487 0.428004 -0.1315217
3 36.03322601318359 32.35771560668945 -1.612273573875427 0.509285 0.590048 1.671451 -1.880439
1 -8.484817504882812 13.58777809143066 -1.150065422058106 4.138608 1.896216 1.685017 3.03342
1 14.90753078460693 11.76722049713135 -1.061180114746094 4.485208 2.058107 1.787798 -3.035046
5 14.96191787719727 22.52919578552246 -1.941346526145935 0.199296 0.223794 0.489729 -0.1315217
1 17.2378101348877 20.42625236511231 -1.417201399803162 4.347698 1.898794 1.476649 -2.438854
1 49.0820426940918 12.02666664123535 -0.1406615972518921 1.636835 2.21401 1.533734 -2.978458
5 13.82180690765381 21.80656242370606 -1.847203969955444 0.12144 0.224684 0.518527 -0.1315217
5 2.57278847694397 17.96947479248047 -1.831320762634277 0.138028 0.210567 0.48653 -0.1315217
6 26.75545501708984 3.832873344421387 -1.102381348609924 0.131368 0.208187 0.508836 0.206355
1 12.63621807098389 -2.804363250732422 -1.061628937721252 4.013398 1.870792 1.503587 0.0171497
4 44.12786102294922 -14.96678638458252 -1.254099130630493 1.458664 0.613974 1.235583 1.585587
1 -46.97982406616211 19.10851669311523 -1.056315183639526 3.090364 1.899811 1.290293 2.916247
5 4.290693283081055 18.22553443908691 -1.76809823513031 0.124862 0.194201 0.523542 -0.1315217
1 46.87261199951172 -3.009114503860474 -1.49199652671814 1.325196 1.428486 0.870671 -0.1144586
5 5.675839424133301 18.32375526428223 -1.827351808547974 0.204479 0.145091 0.506629 -0.1315217
4 48.34952545166016 -10.482590675354 -1.445178031921387 1.29204 0.406151 0.634866 1.425189
3 -36.02724075317383 -7.856176376342773 -1.004682898521423 0.731636 0.523376 1.222376 3.07971
2 -12.26669883728027 0.1595076620578766 -0.647549033164978 5.946798 2.276816 2.323853 -0.06597211
1 -17.11932945251465 11.04426097869873 -1.063623905181885 3.665994 1.802005 1.612279 2.947273
1 -23.94986724853516 3.477631330490112 -1.118995428085327 3.853116 0.919768 1.477595 -0.008186165
1 18.48935317993164 3.457504510879517 -0.9905759692192078 3.438051 1.670954 1.737242 0.003246242
1 32.68777465820313 -20.3170051574707 -1.530136704444885 3.971664 1.104537 0.746856 1.638252
1 -21.8937873840332 16.40932273864746 -1.184158563613892 0.669191 0.830083 1.410771 3.084646
5 1.119631767272949 18.03774833679199 -1.824408054351807 0.148906 0.178635 0.474214 -0.1315217
1 36.19760131835938 -19.59067916870117 -1.089993596076965 4.335497 1.299107 1.5655 1.588142
1 -16.15370750427246 3.599183082580566 -0.9584174752235413 4.809129 2.010711 1.821028 -0.01647574
1 40.84051132202148 9.8560152053833 -1.317391991615295 3.645257 0.515313 0.716419 -2.893805
1 22.8286304473877 -3.195111989974976 -0.8712319135665894 4.555583 1.752696 1.932627 -0.003677951
5 12.52537727355957 20.92840576171875 -1.884102582931519 0.139025 0.13079 0.441053 -0.1315217
5 -0.1819670051336289 18.03117752075195 -1.799065589904785 0.167836 0.129203 0.458511 -0.1315217
2 -34.10520172119141 4.139829158782959 -0.1045253425836563 12.146205 3.085719 3.349191 -0.05869258
5 17.07989120483398 24.65638160705566 -1.926273941993713 0.159664 0.226334 0.3923 -0.1351066
1 0.8685383796691895 3.171464443206787 -1.049940824508667 4.477029 1.848472 1.438755 -0.06193711
1 29.15697288513184 46.19171142578125 -1.992277264595032 0.505932 1.638232 0.714978 -1.531988
3 40.74405670166016 -8.056191444396973 -0.9998409152030945 0.49632 0.412236 0.893835 1.459427
4 32.0536994934082 30.57534980773926 -1.436495542526245 0.417831 0.602722 1.493148 -2.50534
1 33.39907073974609 -27.05446624755859 -0.9603481292724609 4.663879 1.888768 1.882989 1.615342
1 24.45364952087402 -0.2150280475616455 -0.9707437753677368 1.195523 1.949112 1.737932 -0.05379486
5 16.10148811340332 23.51229095458984 -1.899966835975647 0.128249 0.150992 0.537778 -0.1331839
4 27.5683479309082 7.177926063537598 -1.041220307350159 1.23962 0.716708 1.415401 0.9340536
6 -5.887321949005127 13.24743843078613 -1.31124484539032 0.693961 1.522357 1.374152 -0.1081722
1 -9.939122200012207 -2.898552179336548 -1.073684215545654 4.474316 2.111616 1.51371 -0.05583929