4 -16.09294700622559 9.867419242858887 -0.8105674386024475 2.760352 1.299038 0.941241 -3.101823
6 43.80934524536133 5.721280574798584 -1.491197943687439 0.54322 0.458401 0.521662 -0.001963888
5 8.240166664123535 6.080773830413818 -1.467727780342102 0.361855 0.282285 0.529866 0.05999159
5 36.69904327392578 5.741029262542725 -1.682411313056946 0.153056 0.185094 0.473054 0.09020215
5 9.815275192260742 -2.496647357940674 -1.546736359596252 0.298423 0.329112 0.61023 -3.127903
2 -31.84082984924316 -34.1458740234375 -0.003121619112789631 11.128632 3.171329 3.325309 1.619388
5 11.18197727203369 6.082520961761475 -1.603935956954956 0.309995 0.295296 0.522131 -0.03889661
6 39.15440368652344 5.69867753982544 -1.577616572380066 1.792187 0.208333 0.988415 0.01669131
5 27.75877380371094 5.852313995361328 -1.684264063835144 0.25537 0.305445 0.62248 -0.08254376
5 -8.841890335083008 1.834446668624878 -1.481519460678101 0.424904 0.345475 0.600025 -0.006873502
5 -2.317507266998291 6.110745906829834 -1.485705256462097 0.367737 0.354861 0.648735 -0.04917756
1 42.94402313232422 -3.563030481338501 -1.462161064147949 3.541462 1.84007 1.096411 0.06812812
5 29.1385383605957 5.804041385650635 -1.68203616142273 0.199899 0.180288 0.405726 -0.08254376
5 26.50565338134766 5.877503395080566 -1.711540460586548 0.271139 0.247008 0.357479 -0.08254376
2 -34.97113800048828 -16.02764511108398 -0.3186704218387604 7.086956 2.415506 2.992846 1.402858
6 -15.52636051177979 -2.881072759628296 -1.182525634765625 1.709025 0.224052 1.192105 0.08909356
1 -35.79065704345703 44.21525955200195 -0.5020403265953064 3.514275 1.586963 0.755898 1.649482
1 51.30147171020508 5.703320503234863 -1.499319314956665 2.074921 0.507502 0.58712 -3.13683
1 -41.58978652954102 34.55657196044922 -0.6903335452079773 2.718283 0.840088 1.158799 1.510318
6 -3.845087051391602 -2.839093923568726 -1.273086905479431 1.703007 0.554423 0.987821 3.103014
6 43.77525329589844 6.814788341522217 -1.503178358078003 0.522531 0.634739 0.550158 0.06640133
5 12.58801174163818 -2.570414543151856 -1.575683236122131 0.305628 0.323723 0.584315 -3.101732
6 33.27539443969727 5.780053615570068 -1.313748002052307 1.345672 0.129498 0.536723 0.03556178
6 -9.631531715393066 6.248766899108887 -1.210496544837952 1.711586 0.272518 1.259711 -0.003616623
5 -25.44430923461914 -7.713629245758057 -1.373220562934876 0.208536 0.209767 0.339043 2.437122
5 19.8176441192627 -2.674331665039063 -1.593766570091248 0.323478 0.274044 0.512754 -2.872363
6 -38.33877944946289 -21.41465950012207 -1.29058849811554 0.980995 0.345385 0.714894 1.560794
1 -40.84751510620117 -1.193520426750183 -0.7721900343894958 4.173831 1.286137 1.537834 1.619535
5 22.9953784942627 -2.585355520248413 -1.633142113685608 0.179212 0.255583 0.432907 2.656204
6 -15.76195812225342 7.07975435256958 -1.201926469802856 1.333882 0.276555 1.272741 -1.564622
5 34.74625396728516 5.647014617919922 -1.820314168930054 0.278906 0.340503 0.468664 0.08146298
6 41.59646987915039 5.788179397583008 -1.570256948471069 1.516387 0.20303 0.867592 0.007299765
6 1.941936850547791 -2.683147430419922 -1.29427981376648 1.736542 0.522997 1.01515 3.113744
5 -15.91337394714356 1.855905294418335 -1.48674201965332 0.328958 0.352864 0.5872 -0.006873502
2 -31.61748313903809 -45.2888298034668 -0.391704261302948 0.46333 2.353601 2.344927 1.664186
5 17.50262069702148 5.939598560333252 -1.570860147476196 0.269477 0.262011 0.49395 -0.03889661
5 -5.349474430084229 1.797110676765442 -1.475615739822388 0.290814 0.292449 0.598159 -0.006873502
5 -19.5226993560791 1.855528593063355 -1.485687375068665 0.316283 0.224163 0.57907 -0.1518563
5 19.88974189758301 5.93516731262207 -1.64943790435791 0.357545 0.347512 0.562215 -0.03889661
5 31.92649459838867 5.707077026367188 -1.674415111541748 0.159795 0.198981 0.419207 0.09020215
6 34.40493392944336 -2.751793622970581 -1.585938215255737 3.015193 0.357757 0.927216 3.14068
1 50.31805419921875 3.120417833328247 -1.489928364753723 0.421855 1.395051 0.600182 -3.089092
5 -28.70585632324219 -11.36316776275635 -1.467592120170593 0.077434 0.18496 0.402903 2.656257
6 4.462369441986084 6.18666934967041 -1.336606502532959 1.69594 0.400213 0.993428 0.01848883
3 -30.92388343811035 25.87501335144043 -0.5506353974342346 0.326235 0.505068 1.076897 2.175919
5 -22.8137321472168 1.858650088310242 -1.426112651824951 0.225184 0.190744 0.533261 0.1248604
6 -27.02375221252441 10.95920753479004 -1.461738228797913 0.289844 0.213714 0.219063 -3.00613
5 28.72553443908691 -2.779764413833618 -1.626120924949646 0.417081 0.293834 0.382544 -3.022685
5 31.60436248779297 -2.715474367141724 -1.796761274337769 0.244607 0.264562 0.425085 3.103251
5 16.48577880859375 -2.640508413314819 -1.551869034767151 0.294528 0.226129 0.564075 -3.033448
1 -36.73025512695313 28.11416625976563 -0.8065921068191528 2.363531 1.175172 1.521562 1.646189
5 -6.469089031219482 6.081282138824463 -1.50245726108551 0.467846 0.355343 0.629091 -1.159275
5 24.56067276000977 5.903784275054932 -1.6480712890625 0.36603 0.262294 0.484884 -0.08254376
5 30.61052703857422 5.717226028442383 -1.769362688064575 0.180328 0.162059 0.41115 0.09020215
5 -27.66636848449707 -10.09823322296143 -1.551003694534302 0.123279 0.11585 0.383124 2.061218
5 14.09524726867676 5.974905014038086 -1.617980360984802 0.142088 0.253575 0.477629 -0.03889661
6 -9.878527641296387 -2.57834792137146 -1.153877973556519 1.66388 0.271407 1.258819 -0.009325129
6 25.86601257324219 -2.687021493911743 -1.492576956748962 1.577767 0.322616 0.794865 -3.051162
5 0.75127774477005 6.023771286010742 -1.512271523475647 0.318962 0.366059 0.624544 0.01588858
5 6.234814643859863 -2.490166187286377 -1.453381896018982 0.369704 0.304719 0.571312 3.102415
5 38.3355598449707 -2.725945711135864 -1.733071208000183 0.27278 0.243651 0.516702 -3.091092
5 -12.35075855255127 1.835217356681824 -1.471972346305847 0.349868 0.267689 0.578113 -0.006873502
5 21.91004180908203 5.988453388214111 -1.671982407569885 0.238928 0.288697 0.556272 -0.08254376
6 -15.16767120361328 6.332253456115723 -1.188167095184326 1.698235 0.404842 1.248046 0.01276886