1 -6.429399013519287 21.3465461730957 -0.9650362730026245 3.312638 1.677839 0.863954 -3.131032
1 27.52016448974609 0.9743716716766357 -0.8644481897354126 3.40053 1.78967 1.829843 0.02764901
4 33.48915863037109 -4.178823947906494 -0.9945135712623596 0.854818 0.639572 1.157088 3.141592
2 -39.31468200683594 0.353326290845871 -0.459336668252945 3.254385 2.77961 2.666513 -0.03178286
4 53.16352844238281 -1.007476806640625 -1.062573909759522 0.620086 1.160426 1.048488 0.02854904
1 -1.138762950897217 4.453023910522461 -1.051678419113159 5.277886 2.039543 1.414492 -0.03192278
1 31.39385795593262 4.141111850738525 -1.216595411300659 2.205509 1.941853 1.193481 0.04170389
1 38.51202774047852 11.51627731323242 -1.112614393234253 4.654233 2.094997 1.588352 0.943332
4 -57.26237106323242 -5.655176639556885 -1.386935234069824 1.143067 0.582354 1.179724 0.05402322
4 -16.63914489746094 -4.796234130859375 -1.023452281951904 1.389845 0.736004 1.648103 0.0
4 31.50930213928223 -4.977432250976563 -0.955572783946991 1.052692 0.595593 1.485395 3.141592
1 -38.26056289672852 4.373743534088135 -1.21311342716217 2.897113 1.663134 1.495545 0.02958891