1 -1.117454528808594 -3.132390260696411 -0.9101279377937317 5.050568 1.98669 1.751363 0.02169106
1 12.36882495880127 -2.261296987533569 -0.7197999358177185 4.566831 1.70154 1.925439 -0.02562174
2 -56.72415924072266 17.23413467407227 -0.776705801486969 7.0449 2.387083 1.853431 2.996489
5 17.2220573425293 18.77668762207031 -1.648148417472839 0.106422 0.057872 0.322798 -0.3976493
1 42.81027603149414 -0.1923286020755768 -0.08847752958536148 2.157981 1.521487 0.573626 1.912511
1 18.22711181640625 -1.677091360092163 -0.9129266142845154 4.044375 0.500017 1.405983 -0.0004125346
4 8.174269676208496 -6.390087604522705 -0.7827187776565552 1.580151 0.56584 1.057166 0.02169117
1 -4.671172618865967 3.233885288238525 -0.9544104337692261 4.994965 1.909967 1.743209 0.02169106
4 19.33137702941895 -9.186659812927246 -0.7466288805007935 1.127523 0.591878 1.447252 0.02170573
2 -6.149946689605713 -0.07222285866737366 -0.5824452638626099 5.996982 2.350982 2.090814 0.02169106
1 38.16162872314453 -3.05841588973999 -0.7325384020805359 2.377171 1.406304 1.48577 1.721639
6 20.78336715698242 0.6492398977279663 0.01109446585178375 1.127175 1.255862 0.169034 0.0
2 47.32337188720703 -33.80780410766602 0.3514214754104614 8.016987 2.98659 3.29665 1.637798
4 -18.15036392211914 -8.911687850952148 -0.9943369030952454 2.033155 0.637428 1.418507 0.03320387
2 42.76250839233398 34.44496536254883 -0.3573571145534515 11.816143 3.005045 3.242193 -1.600891
1 7.353943824768066 0.2274613231420517 -0.7704399824142456 3.214435 1.97073 1.807917 -0.04925535
6 -19.82060813903809 -3.631635665893555 -0.4770456850528717 1.187416 0.598432 0.3262 0.02169106
6 37.67287445068359 26.76822471618652 -1.489684343338013 4.160974 1.119331 0.662958 -1.689094
1 19.97840118408203 3.152510404586792 -0.691223680973053 1.914836 0.492329 0.818241 0.05606897
1 5.035602569580078 -2.386815071105957 -1.012324333190918 4.351536 1.758638 1.477838 -0.01048298
1 -11.77498435974121 3.364410638809204 -1.148894786834717 4.207344 1.75935 1.44523 0.02169106
5 22.79937171936035 20.82833862304688 -1.668142080307007 0.12435 0.148894 0.405164 -2.098641
2 50.19578552246094 22.73418045043945 0.1297343224287033 11.374302 2.708002 3.421028 1.580573
5 20.17325782775879 19.55123901367188 -1.673043131828308 0.105296 0.116639 0.408578 0.7348859
1 9.268762588500977 3.534708499908447 -0.9978334307670593 4.578158 2.132169 1.463192 -0.002972489
2 44.21488571166992 -14.40606594085693 0.2444558590650559 5.9294 2.550227 3.273819 1.996653
1 14.96634960174561 3.343968868255615 -0.7881719470024109 3.018825 1.593782 1.711341 0.0
1 24.53122711181641 -2.609638690948486 -0.335247278213501 2.277389 0.828505 0.571065 -0.02562174
6 -1.900885701179504 -4.674860000610352 -0.6855245232582092 0.148854 0.235998 0.205115 -0.02910087
1 52.35139846801758 -20.75081253051758 -0.7221856713294983 1.145974 1.623491 1.235721 1.676532
6 48.89443588256836 -25.90849113464356 -0.5431366562843323 1.066089 0.137499 0.157584 1.710032
1 2.788570880889893 3.574022769927979 -0.958325982093811 4.16542 1.894258 1.601078 -0.01048298
1 46.18133163452148 21.28533935546875 -1.05937933921814 4.090583 0.815023 1.311636 1.570313
6 28.74355506896973 3.128180742263794 -0.07786346971988678 0.555503 0.841757 0.246052 0.0
2 -22.10191917419434 3.173191070556641 -0.3468539416790009 12.253656 2.814988 2.511577 0.02169107
1 -13.70121574401856 -3.151596546173096 -0.7277904748916626 2.782846 1.209271 0.5586 0.02169106
1 -7.075617790222168 -2.679250478744507 -1.084545612335205 4.524245 2.041375 1.468429 0.02169106
6 -40.02507400512695 19.18064689636231 -1.42572546005249 0.669142 1.4213 0.534446 3.047869
5 18.78658294677734 19.17636489868164 -1.667439341545105 0.115904 0.149929 0.492289 -0.3976493