1 -19.47071075439453 5.938450813293457 -1.269566655158997 4.040479 1.693848 1.620588 -3.111933
1 2.301309823989868 6.312655925750732 -1.090232610702515 4.665954 1.990249 1.454392 -3.110868
1 7.880676746368408 6.381057739257813 -1.069146513938904 4.774219 1.934797 1.490861 -3.10201
1 23.36454963684082 -3.590374231338501 -0.5324448943138123 0.9739 1.649557 1.002812 0.02322142
1 -25.99299430847168 5.756298542022705 -1.349000930786133 3.8733 1.619068 1.591888 -3.111933
1 18.58095741271973 -3.071429967880249 -0.9424830079078674 4.104839 1.582322 1.410836 0.02322142
6 -34.01218032836914 -3.377438068389893 -1.60996687412262 1.510411 0.621768 0.72208 -0.07433023
1 -4.851842403411865 -3.744613885879517 -0.8389093279838562 5.347368 1.98532 1.967026 0.02322142
1 11.61725807189941 -3.384527683258057 -0.9514150023460388 4.419767 1.807919 1.511028 0.01464025
1 -17.0755615234375 -3.602486848831177 -1.237623333930969 3.881974 1.589602 1.484191 0.02322142
1 13.64085483551025 6.335713863372803 -1.063493490219116 5.24754 1.799252 1.504393 -3.112306
6 -38.47419738769531 -3.331376552581787 -1.71369194984436 3.676302 0.342387 1.085298 -0.01726484
1 19.2285041809082 6.430068016052246 -0.7479501366615295 5.159063 1.949265 1.973497 3.122168
1 -13.78813934326172 6.190617084503174 -1.222826361656189 2.652687 1.485193 1.647607 -3.092212
6 -36.83341217041016 5.119140625 -1.686266303062439 3.197934 0.437884 1.290097 -3.111933
4 -35.52882766723633 2.977967977523804 -1.551685214042664 1.247787 0.548868 1.338476 -3.102362
1 25.20458030700684 6.088094234466553 -0.8792353868484497 4.014611 1.240908 1.613389 -3.110868
1 -8.887128829956055 6.063602447509766 -1.182738065719605 4.315079 1.848912 1.508328 -3.121025
1 1.321648836135864 -3.733225822448731 -0.8019914031028748 3.808206 1.765619 1.907198 0.02322142
5 28.57344818115234 5.780390739440918 -1.424414753913879 0.16421 0.190725 0.406754 -1.60438
2 46.46010971069336 -0.3358557820320129 -0.3842667639255524 5.9998 2.268438 2.235163 -0.9823868
1 -23.07547950744629 -3.638875722885132 -1.197980165481567 3.695466 1.587014 1.627245 0.02322142
6 -47.37570953369141 -3.504734039306641 -1.891672492027283 3.933677 0.229453 0.777227 -0.06671865
6 -39.91508865356445 5.063376903533936 -1.783518075942993 0.829242 0.254182 0.6622 -3.075149
1 6.503023147583008 -3.560573101043701 -0.8910260200500488 4.386222 1.960276 1.733065 0.02322142
6 -46.44332504272461 5.015783786773682 -2.098104000091553 2.299154 0.275884 0.554805 3.138451
1 -27.98696708679199 -3.633421897888184 -1.325991749763489 2.456529 1.293177 1.337583 -0.06671865
6 -31.74844932556152 5.215179920196533 -1.712870717048645 4.343005 0.212453 1.078063 -3.107011
6 31.19169616699219 -3.415573358535767 -1.293807625770569 0.559755 0.153289 0.454793 0.08467751
1 35.58534240722656 -3.620576620101929 -0.8635555505752563 4.019687 1.506752 1.362787 0.06019528
1 -10.99693870544434 -3.640148639678955 -1.070245862007141 4.492784 1.889746 1.649037 0.02322142
6 -32.2067985534668 -3.428436279296875 -1.78300678730011 0.664008 0.348283 0.498734 -3.075149
6 45.73631286621094 22.0667610168457 -1.502859473228455 0.155515 1.082207 0.371069 -3.133415
1 40.58751678466797 -3.351284027099609 -0.7328969836235046 3.907927 1.393176 1.525264 0.06019528