5 -2.731032848358154 5.473312854766846 -1.527986288070679 0.364691 0.40553 0.668852 -0.3912342
2 12.13888835906982 -5.158389091491699 -0.7345361709594727 6.028317 3.180953 2.24113 -1.239844
6 -0.6370298266410828 5.705847263336182 -1.244464039802551 1.768409 0.477554 1.301279 0.9119302
1 13.16922378540039 31.73905372619629 -1.103490114212036 3.876573 1.888637 1.511666 -1.796194
1 -48.72036743164063 16.42646789550781 -1.108729004859924 0.776624 1.058797 1.300846 2.94206
1 5.883008003234863 -6.793207168579102 -1.017461657524109 4.424245 2.016853 1.687857 -0.195775
1 -17.5561637878418 8.951375007629395 -1.202082395553589 4.262738 1.042997 1.435845 2.907695
1 -28.74752616882324 11.8795690536499 -1.206510782241821 3.830177 1.370169 1.305269 2.94206
6 28.80488204956055 -11.40825271606445 -0.8559859395027161 2.488134 0.615517 0.460241 -0.2386625
1 -32.22542572021484 2.70443058013916 -1.046215057373047 3.21331 1.26019 1.747933 -0.2129245
1 -9.29078483581543 -3.304741382598877 -1.009961366653442 4.461109 2.06227 1.70748 -0.3800093
1 -4.650269985198975 -4.784140586853027 -1.094173908233643 4.708331 1.866268 1.521221 -0.1311935
1 -21.51577949523926 0.288153350353241 -1.178091883659363 4.103299 1.696577 1.50132 -0.2479627
1 -23.18368530273438 10.60894393920898 -1.192389607429504 3.99155 1.547519 1.536036 2.95305
1 -26.71451568603516 1.484279870986939 -1.112974643707275 3.639052 1.508115 1.747652 -0.2417793
1 1.155928730964661 -5.85851001739502 -1.106100559234619 4.563916 1.962867 1.486978 -0.1405249
1 -12.35182952880859 8.074746131896973 -0.9152658581733704 5.011777 1.742764 1.999243 2.883456
1 -6.274213790893555 6.525002479553223 -0.9872092604637146 4.246151 1.89066 1.770036 2.911219
1 -43.48563385009766 5.816311359405518 -1.1975257396698 2.540676 0.72735 1.696923 -0.1649719
6 -48.63373565673828 7.296069145202637 -1.381043791770935 0.345627 0.30529 0.544994 -0.1823079
1 -39.66800308227539 14.39967441558838 -1.211369276046753 3.844086 1.526022 1.353778 2.94206
5 -3.378930330276489 5.251460552215576 -1.517810106277466 0.354077 0.363537 0.675627 -0.3912342
6 26.79265213012695 54.39286422729492 -1.534667611122131 3.669307 1.350561 0.456009 -1.755701
1 -14.55221748352051 -1.326056599617004 -1.215283274650574 4.749218 1.797207 1.373907 -0.278459
6 23.67637825012207 -9.755577087402344 -0.6552243828773499 3.117135 0.641399 0.450865 2.871057
1 -37.90840148925781 4.083920001983643 -1.012770891189575 4.1843 1.489621 2.009052 -0.2085084