1 -30.14961242675781 -3.886106491088867 -1.459348320960999 4.157512 1.977815 1.448664 -0.05426924
4 -6.512862205505371 6.861586570739746 -0.7425962090492249 0.776837 0.441523 0.833274 0.4757314
1 -11.8408670425415 3.681211471557617 -1.071601867675781 3.584273 1.890461 1.697344 0.1648243
1 58.01968765258789 -4.426157951354981 -1.064606904983521 0.305912 1.269482 0.508563 -0.005083534
1 2.201990604400635 -19.54195785522461 -1.053786993026733 4.020716 2.001835 1.526144 1.606964
1 -13.92202758789063 15.78912448883057 -1.237915277481079 2.692884 1.52753 1.877576 -3.126911
3 -5.205551147460938 31.12319374084473 -1.507621049880981 0.574958 0.50952 1.570817 3.072681
1 -12.34384346008301 11.44535446166992 -1.193954110145569 4.713954 2.144896 1.553189 -3.034073
6 38.74962615966797 21.12270736694336 -1.809015989303589 1.03059 0.163847 0.349712 1.550277
6 -48.69392013549805 -4.096138954162598 -1.500271797180176 0.636531 0.520555 0.307145 -0.0207736
1 -5.807825088500977 5.16731595993042 -1.156465291976929 4.458382 1.957969 1.430499 0.482849
2 13.93891048431397 11.44507789611816 -0.4677980542182922 6.236807 2.376533 2.843016 -3.008914
1 -12.62343978881836 -19.19075202941895 -1.169896245002747 4.844403 1.852547 1.690272 -1.256825
1 -6.100734233856201 39.95962905883789 -1.645308256149292 3.994379 2.079098 1.683956 -1.683447
5 -17.36627960205078 24.20374488830566 -2.180084705352783 0.183194 0.231636 0.475355 -3.141576
3 -13.09499549865723 47.14035797119141 -1.637661337852478 0.162934 0.383183 1.147949 -1.621792
1 48.73326110839844 17.39146995544434 -1.37291407585144 3.524326 1.784348 0.601442 -3.122131
3 7.776810169219971 42.36384201049805 -1.350062489509583 0.219616 0.423688 0.511363 1.380607
4 -12.81552696228027 32.62686920166016 -1.603890538215637 1.80287 0.625941 1.54581 2.816992
3 36.30492401123047 -10.19671821594238 -1.096387028694153 0.501122 0.349166 0.639851 1.564328
1 -0.9223684072494507 -27.37910079956055 -0.8729141354560852 4.738781 2.156176 1.877689 1.606964
6 -13.14285278320313 4.536179542541504 -0.6776891350746155 0.201465 0.167946 0.276584 0.4893534
1 6.765730857849121 9.68175220489502 -1.053674817085266 4.42883 1.896436 1.590212 -2.812833
1 10.7913932800293 -0.5643830895423889 -1.084889769554138 3.971307 1.871611 1.486193 0.05967654
4 -44.90917587280273 -9.708771705627441 -1.559248924255371 1.031975 0.585774 1.136792 -0.1380986
1 -21.59289932250977 2.659263849258423 -1.319669723510742 4.342468 1.823572 1.468004 0.02750217
4 14.30489253997803 -10.90171051025391 -1.252369284629822 1.80729 1.065005 1.232918 1.397641
2 -19.96751976013184 -0.6277027130126953 -0.8414528965950012 5.926592 2.217339 2.337371 0.02750217
4 9.881103515625 -15.28652954101563 -1.08620548248291 1.636076 0.831371 1.514189 1.639783
5 -19.42374038696289 -16.9622802734375 -1.827978610992432 0.111924 0.194848 0.305929 0.0
5 -18.01536178588867 -19.01943588256836 -1.707188129425049 0.184207 0.181843 0.324652 -0.01590254
4 -28.87827873229981 -11.72627639770508 -1.137098789215088 1.25225 0.601624 1.660169 -0.4459646
1 38.89162826538086 -0.8895785808563232 -0.8558652997016907 1.371978 1.869419 1.776335 -0.03560475
5 -24.61713600158691 -11.60284614562988 -1.943370819091797 0.190674 0.287688 0.308823 -9.712816e-16
3 -12.76446628570557 54.30488586425781 -1.560033679008484 0.222222 0.281087 0.64561 -1.658869
1 -5.086260318756104 45.88160705566406 -1.624272704124451 2.167619 1.21046 1.295204 -1.683447
1 -14.84323024749756 -4.144711494445801 -1.236863613128662 4.647702 2.027966 1.440116 0.02750217
1 -32.01869583129883 2.070891618728638 -1.719205379486084 3.929315 0.695059 0.929708 0.0128195
3 45.33695602416992 5.401227951049805 -0.9023435711860657 0.394656 0.334527 1.184604 1.378349
1 -1.345957517623901 -20.31767845153809 -1.145491361618042 3.835347 1.999148 1.454407 1.606964
3 -3.366675138473511 33.84331893920898 -1.468719959259033 0.686138 0.394489 1.67647 3.072681
4 5.138181686401367 -18.89119529724121 -1.035774827003479 1.234753 0.710162 1.500335 1.741543
5 -30.13469505310059 17.7513370513916 -2.169333457946777 0.059959 0.193997 0.460097 9.347574e-16
5 -21.42743110656738 -14.71409320831299 -1.849236011505127 0.147114 0.29755 0.312145 -8.754279e-16
1 2.819586038589478 34.95229339599609 -1.356652617454529 4.23639 0.881899 1.483047 1.986867
1 1.610187292098999 19.04802322387695 -1.230446577072144 3.979842 1.83089 1.573691 -2.983762
1 18.54836082458496 -3.419826030731201 -0.8967426419258118 4.539251 1.714743 1.876605 -0.005619617
1 3.79565167427063 15.14295387268066 -1.10724663734436 4.526208 1.980499 1.707791 -2.983625
3 30.03509140014648 -7.48858642578125 -0.8476338386535645 0.385943 0.262473 1.04042 0.0
1 36.75852203369141 17.85455131530762 -1.402422785758972 4.175883 1.984826 1.22496 3.131332
5 -22.50952529907227 -13.63497447967529 -1.874820232391357 0.136586 0.123598 0.301243 0.0