2 -26.7668571472168 3.357746124267578 0.0004787921789102256 12.08277 2.91748 2.646398 -0.008109148
1 3.513532161712647 -3.111383676528931 -0.9158279895782471 4.755813 2.118628 1.740342 -0.006790425
4 51.98862457275391 -13.46618747711182 -1.64168906211853 1.246791 0.587446 0.904118 1.566161
1 13.08542919158936 -2.447014808654785 -1.13073468208313 4.099061 1.786729 1.460858 0.02355847
6 50.5012092590332 -7.951955795288086 -1.421652317047119 0.215383 0.527437 0.571064 1.566161
4 41.49760818481445 32.01018905639648 -1.91715681552887 1.40297 0.326482 1.524415 -3.112666
1 -16.36680221557617 3.261801242828369 -0.9366242289543152 3.7256 1.498213 1.480388 0.01105686
1 48.78041076660156 11.85311317443848 -1.793839693069458 3.580287 0.91976 0.846121 -3.058992
1 -23.81126594543457 -3.206473588943481 -0.2494837492704392 1.797018 1.070676 0.610073 0.02820479
3 -26.19460868835449 -8.843609809875488 -0.6532608270645142 0.424356 0.464431 1.02621 -0.04109387
1 13.17032241821289 13.83221340179443 -1.281065225601196 4.312062 1.75668 1.657654 -3.032591
1 44.09754943847656 -17.14742660522461 -1.577604293823242 1.670005 1.267621 1.124246 1.720047
1 41.14107894897461 -1.834330320358276 -1.566639065742493 0.47021 1.41837 0.564208 -0.01596551
1 35.84966278076172 14.79907703399658 -1.571057915687561 4.017176 1.896191 1.254413 -2.973269
1 -16.62762260437012 -2.874729156494141 -0.9240962266921997 3.913452 1.649585 1.431971 0.02820479
1 5.320255279541016 3.313759803771973 -1.124247670173645 4.454401 1.84809 1.353265 -0.002185451
1 32.38622283935547 4.521488189697266 -1.411458134651184 1.061723 0.930085 1.248552 0.7115309
2 -8.992481231689453 0.01541247218847275 -0.5964329838752747 6.043909 2.278327 2.2631 -0.04761808
3 30.45775604248047 35.49682998657227 -1.680898070335388 0.223232 0.284224 1.35074 0.09094641
1 22.40208625793457 4.001365184783936 -1.145453214645386 3.323817 1.635291 1.663748 0.03536628
3 52.1973991394043 34.56293487548828 -1.935330152511597 0.215747 0.250642 1.057947 -3.112666
1 29.39486312866211 26.33882522583008 -1.622486591339111 2.915738 1.020997 1.166497 -1.853148
1 20.46502876281738 0.4359374344348908 -0.98392653465271 3.1657 2.200444 1.78478 0.03536628
3 44.92902374267578 33.75428009033203 -2.052855730056763 0.597352 0.316103 1.051903 -3.112666
1 -21.27337265014648 15.1163969039917 -1.006094217300415 4.149562 1.788527 1.606179 2.989145
4 34.65676879882813 8.10873031616211 -1.380054831504822 1.555186 0.531773 1.329978 0.6872591
1 22.71492385864258 -2.406194686889648 -0.9875865578651428 3.806541 1.597453 1.947087 0.03536628
1 -1.431214570999146 3.68152379989624 -0.9495992064476013 4.347179 2.086985 1.667281 -0.01514305
1 -8.44522762298584 -2.70315146446228 -0.9699360728263855 4.586047 2.105924 1.470183 -0.04761808
3 -45.78876495361328 -9.448325157165527 -0.2755729854106903 0.641377 0.472839 0.819283 -0.03692948
6 12.36050605773926 -7.550540447235107 -0.8098452687263489 0.802956 0.415647 0.31034 2.460979e-16
1 4.492991924285889 8.766671180725098 -1.005360960960388 4.310615 1.902861 1.699679 3.12342
6 40.47076416015625 -19.49113273620606 -1.614688158035278 4.174448 0.673426 0.468172 1.726187
4 0.6179783940315247 -9.16379451751709 -0.6628527641296387 1.60845 1.072126 1.72416 -0.1925981
1 54.20671844482422 27.50620651245117 -2.11178731918335 4.286788 0.934814 1.457491 2.611951
1 -8.906940460205078 3.383449792861939 -0.8317827582359314 4.833081 2.126491 1.794482 0.01014525
1 -1.820041298866272 13.83852005004883 -1.155208468437195 5.170385 1.766958 1.697692 3.037031
1 41.78990936279297 -27.28706169128418 -0.9774346351623535 4.682496 1.841899 1.817687 1.650824
4 41.34057998657227 -7.459237098693848 -1.247958183288574 0.57866 0.444782 0.711257 -0.01596551