1 16.86178588867188 0.2561872005462647 -1.154530763626099 3.159441 1.965222 1.410607 0.0461602
2 12.60990047454834 20.75748252868652 -0.3997672498226166 11.047148 3.074315 2.414461 3.130933
1 -20.48691940307617 -3.531949043273926 -0.834648847579956 3.985714 2.042357 1.610463 0.023563
1 -27.94705009460449 20.49107170104981 -1.839807748794556 2.036476 1.590749 1.611669 -3.119424
1 31.79741859436035 -0.04834529757499695 -1.013879299163818 3.367823 1.886508 0.922557 0.008420706
1 30.25165939331055 -3.832414150238037 -1.182652831077576 0.326928 1.594143 0.639295 -0.0329836
1 -8.06652545928955 0.08446643501520157 -0.9613441824913025 3.461361 1.980083 1.489985 0.02488027
2 -10.27367687225342 20.70758819580078 -0.7718175649642944 11.22009 3.220418 3.342507 3.136024
1 -2.381149053573608 15.79309940338135 -0.6092562675476074 4.70566 1.614181 0.919276 -3.129465
1 2.60929536819458 -3.230040550231934 -0.9879562258720398 4.489516 2.054425 1.50047 0.01429697
6 -38.85448455810547 -1.703727006912231 -1.0358966588974 0.37503 0.293562 0.47136 -0.005031568
1 43.75764465332031 -3.065784454345703 -1.077722668647766 3.955537 1.618362 1.622117 0.008420706
1 57.08760833740234 -2.026865720748901 -1.190619945526123 1.281587 1.67193 1.486808 0.008420706
2 -6.194642066955566 -3.242228507995606 -0.5839301347732544 5.992464 2.159954 2.232091 -0.00814387
2 15.32422256469727 -3.15733003616333 -0.4783771634101868 12.755212 2.792169 2.755501 0.009451597
6 11.84470844268799 13.14187717437744 -0.948394775390625 1.900324 1.458805 0.625932 -0.0875095
6 43.64707946777344 1.30669629573822 -1.290179014205933 0.263339 0.708571 0.407533 3.046234
4 9.431903839111328 -8.330206871032715 -0.8879774212837219 1.700627 0.678431 1.364886 0.1439282
1 -28.71308135986328 -0.2194812893867493 -0.1222053989768028 3.643448 1.713239 1.020598 -0.02400818
6 -55.63511276245117 -9.853869438171387 -0.0451011136174202 0.47636 0.542728 0.367857 0.08778344
6 -17.09894180297852 -0.2237877100706101 -0.5199588537216187 0.745519 1.8067 0.461217 -0.01138272
1 49.18319320678711 13.77375984191895 -1.502246618270874 4.840121 2.077774 1.756222 -3.125646
1 -31.77237892150879 -3.642328023910523 -0.5868001580238342 3.590992 1.47148 1.933526 -0.02400818
6 39.279052734375 -7.614532470703125 0.3020719587802887 0.430097 0.355134 0.705575 1.924136
1 47.61668014526367 16.82649612426758 -1.972220301628113 3.701072 1.843624 1.337746 -3.133172