6 20.75912284851074 0.6458690762519836 -0.01072116196155548 1.285808 1.329935 0.193606 -0.01200522
5 18.76180648803711 19.14519691467285 -1.662347435951233 0.115107 0.094669 0.518055 -0.1189794
2 -57.03261566162109 17.29991912841797 -0.7712651491165161 7.717438 2.228176 1.865275 3.011896
1 -1.141878247261047 -3.140172243118286 -0.8773135542869568 5.059161 1.930678 1.689333 -0.01200522
4 19.1397876739502 -9.214777946472168 -0.8242544531822205 1.113629 0.52108 1.369482 0.06916372
3 17.95397186279297 -8.601001739501953 -0.643556535243988 0.706277 0.967059 1.521569 -0.1739543
2 -22.09603691101074 3.288054466247559 -0.3423448503017426 12.202181 2.891394 2.513099 0.003680783
6 -19.81097793579102 -3.600319862365723 -0.4867320656776428 1.196579 0.57621 0.314472 -0.0602123
6 -13.77023029327393 -3.200752019882202 -0.7228041887283325 2.728976 1.100206 0.494427 -0.01200522
1 7.390805244445801 0.2234564125537872 -0.7995440363883972 3.320535 2.021033 1.855062 -0.01200522
5 22.80048370361328 20.83738327026367 -1.676158666610718 0.059853 0.140965 0.407856 -0.02090066
1 12.38276958465576 -2.248777866363525 -0.7367924451828003 4.581838 1.694798 1.945099 -0.01200522
4 35.50143432617188 15.13731193542481 -0.7562983632087708 1.752294 0.579852 1.477076 -1.417851
1 48.56200408935547 32.7559814453125 -1.13358747959137 3.96409 1.39489 1.189159 1.666662
1 2.789873361587524 3.470196485519409 -0.9577606320381165 4.176996 1.65123 1.59952 -0.01200522
6 39.7262077331543 -3.923744201660156 -0.5491328239440918 2.697061 0.880316 1.035935 2.25365
1 18.12387084960938 -1.681501626968384 -0.945293128490448 3.764478 0.43747 1.40604 0.02896444
4 24.76304054260254 -13.01372814178467 -0.8406606912612915 1.020988 0.401773 1.428665 0.03156596
6 -1.895773768424988 -4.641727924346924 -0.6596436500549316 0.081352 0.191346 0.069768 -0.0602123
1 14.89692974090576 3.299271583557129 -0.8056661486625671 2.893896 1.551827 1.706852 0.02733458
1 9.215276718139648 3.347546577453613 -1.005024909973145 4.459038 1.774447 1.464367 -0.01200522
6 49.4119758605957 -28.31795120239258 -0.505815863609314 3.910661 0.387817 0.710642 1.691887
4 18.79003715515137 -6.193200588226318 -0.7919944524765015 1.472167 0.670807 1.554288 -0.2438901
1 -11.77848529815674 3.371274709701538 -1.148152351379395 4.198258 1.750069 1.448115 0.003680783
4 -15.50789642333984 -9.423094749450684 -0.9615334272384644 1.006756 0.45066 1.445366 -0.02674681
4 -13.89725494384766 -8.05601692199707 -0.9360904097557068 2.036492 0.806298 1.540058 0.07501537
1 -7.078713417053223 -2.677821397781372 -1.103108882904053 4.522844 2.01376 1.416403 -0.01200522
4 8.206242561340332 -6.400045871734619 -0.7778652906417847 1.671175 0.617113 1.036489 1.771118e-16
1 43.09602355957031 21.72677803039551 -1.147254824638367 3.816516 0.383225 1.007841 -1.43661
6 44.70442199707031 -14.22339344024658 -0.1229564994573593 1.443161 1.129488 0.102721 1.781833
2 51.2399787902832 -0.2718208134174347 0.2528063654899597 8.875682 1.313454 2.953565 1.59778
5 20.22742462158203 19.54189300537109 -1.706824779510498 0.087781 0.102549 0.357301 -0.1189794
1 -4.658745288848877 3.265009880065918 -0.959942102432251 4.982892 1.924708 1.724856 -0.01200522
4 40.67086029052734 30.17059707641602 -1.091497421264648 1.283058 0.688899 1.2972 -1.417851
1 4.910486221313477 -2.436008214950562 -1.024137020111084 4.103658 1.868378 1.458253 -0.01200522
6 24.55283546447754 -2.681720733642578 -0.3867034316062927 2.347552 0.824195 0.5428 -0.01200522
2 -6.086341381072998 -0.01500460226088762 -0.6036877632141113 6.144968 2.326527 2.136227 -0.01200522
5 17.21911239624023 18.80061340332031 -1.592777132987976 0.107711 0.083765 0.457047 -0.1189794
1 19.93095207214356 3.168270587921143 -0.709112823009491 1.906946 0.455002 0.820181 0.02896444
2 30.51361083984375 6.574400424957275 0.05699749290943146 10.962493 3.014734 2.64209 2.619182
6 52.7398681640625 -18.8642463684082 -0.7555834650993347 1.292288 1.406233 1.240919 1.65077
6 42.68779754638672 16.54233741760254 -0.4289999306201935 0.867915 0.25156 1.710355 -1.476338