4 -18.86357879638672 -5.291567325592041 -0.8420401811599731 1.546185 0.999571 1.534344 0.5783857
1 -39.14206695556641 5.971702575683594 -0.7387613654136658 2.592432 1.150522 1.494398 -0.009057776
1 -35.68562698364258 -36.70186614990234 -0.1144533157348633 4.046599 1.333174 0.668894 1.526411
6 -44.98805999755859 -21.08076286315918 -0.4928190112113953 2.084734 0.622898 0.345268 -1.643524
1 -33.30147171020508 -9.768139839172363 -0.7809966206550598 4.004362 1.570973 1.220481 1.190242
4 -13.06896305084229 -2.979226589202881 -0.9066278338432312 1.446065 0.87809 1.51148 -0.03266658
6 -32.5557746887207 -19.48546409606934 -0.9463353157043457 0.180688 0.62374 0.430996 1.489318
6 -45.15441131591797 -17.13932228088379 -0.7008780837059021 2.854394 0.487606 0.737296 -1.643524
1 8.151519775390625 19.90122604370117 -1.469798564910889 4.705194 1.703518 1.20648 3.140112
6 -45.02225875854492 -23.41291046142578 -0.1540867984294891 0.350105 2.044865 0.741474 -0.2232128
1 -44.95143127441406 -28.94741439819336 0.1263788640499115 4.249802 0.786485 1.304824 -1.531045
4 19.19715881347656 -5.180299282073975 -1.211142778396606 1.632614 0.739641 1.595038 -0.01244444
1 -4.368885040283203 5.115164756774902 -1.071917057037354 5.214138 2.237077 1.410709 -0.02053045
3 -19.91974258422852 -16.9417896270752 -0.3410664796829224 0.57914 0.523707 1.457026 -2.519183
4 42.48252487182617 -5.083937644958496 -1.632276892662048 0.807267 0.524264 1.336117 -0.04957541
4 -10.97726249694824 -4.582876205444336 -1.136658668518066 3.600276 1.27595 1.055033 -0.1633258
1 -44.58718872070313 -35.46571731567383 0.00305403396487236 3.555023 1.126134 1.072369 -1.643524
2 -22.71353530883789 1.759470582008362 -0.2791376113891602 5.128353 3.002101 2.598412 0.01683004
1 -56.80169296264648 -3.700125455856323 -0.3138980567455292 3.940014 1.552886 1.026565 -0.3148625
1 25.92255020141602 4.055555820465088 -1.37005090713501 3.531737 1.838135 1.545556 -0.02446061
1 38.99742889404297 0.7692921161651611 -1.403598427772522 3.439599 1.773748 1.810399 -0.02446058