5 2.653443336486816 6.213688373565674 -1.62175190448761 0.313069 0.294589 0.428728 -2.874578
1 35.82660293579102 7.798248767852783 -1.288117051124573 3.856072 1.905573 1.103394 3.132501
3 21.86140823364258 1.257536888122559 -0.8929337859153748 0.681068 0.493145 1.71582 -1.556232
1 43.72684860229492 -5.76265811920166 -1.118891358375549 2.260095 1.190159 1.156938 0.03473322
5 6.98513650894165 8.55397891998291 -1.700427770614624 0.263641 0.272826 0.385869 0.04255133
4 10.43964862823486 -3.427837371826172 -1.043946504592896 1.397298 0.886649 1.458794 0.04869995
3 32.00117111206055 10.62404823303223 -1.166816353797913 0.471109 0.503109 1.616841 1.389621
2 -43.22156524658203 7.021200180053711 -0.3086954951286316 3.900116 2.515948 3.107285 -3.121697
1 -49.27258682250977 -5.095153331756592 -1.584319949150085 3.374275 0.530779 0.628275 0.01745565
3 31.18769645690918 11.57262420654297 -1.53779935836792 0.470804 0.508469 0.729359 -1.663012
1 34.03193283081055 49.3941764831543 -0.4218683838844299 2.401699 0.512933 1.204202 1.566385
1 20.49453926086426 13.68332195281982 -0.9040852189064026 1.666253 1.344372 0.506949 -1.597903
1 11.04763984680176 -5.21351957321167 -0.9615415334701538 3.05058 1.937806 1.67297 0.007056802
1 -35.97692108154297 2.919497489929199 -1.40977954864502 3.077268 1.876897 1.068991 3.136786
4 20.64644813537598 -3.315637826919556 -1.028156280517578 1.117481 0.838193 1.446 0.02159507
6 21.72429275512695 -1.912843346595764 -1.565897464752197 0.141708 0.048721 0.257872 -1.556996
1 -55.85477828979492 -1.021313905715942 -1.605688691139221 0.447408 1.501566 0.691162 -0.02384454
1 30.98148918151856 -6.241724014282227 -0.9762968420982361 2.33621 1.850073 1.636444 -0.007320278
2 -59.40261459350586 6.20431661605835 -0.3756742477416992 0.285891 0.999922 2.28791 3.136455
2 48.38066864013672 8.07497501373291 -0.1894950866699219 6.756344 2.494672 3.103675 -3.129114
1 20.03018951416016 24.57604598999023 -1.146226167678833 3.249454 1.86759 1.126265 -1.460016
3 20.56463050842285 0.4475127756595612 -1.027847290039063 0.640867 0.418065 1.451052 -1.613924
1 10.82574367523193 8.483646392822266 -1.19181752204895 4.787825 1.943491 1.438021 -2.868574
5 17.0521240234375 -2.221556663513184 -1.565959692001343 0.226904 0.209579 0.387752 -1.556996
3 32.20869827270508 11.4762487411499 -1.505874633789063 0.356787 0.628391 0.949923 -1.608755
1 16.46802711486816 9.580851554870605 -1.095782399177551 4.353038 1.79559 1.637359 -2.813685
1 -37.205322265625 -5.817378520965576 -1.439007878303528 3.810978 1.866783 1.012138 -0.02278735
6 22.54159736633301 -1.723537445068359 -1.628489851951599 0.140363 0.152137 0.276584 -1.556996
6 41.87814331054688 10.89262104034424 -1.397946238517761 1.553476 0.898614 0.546126 0.002725423
3 -40.93759155273438 -10.74373912811279 -1.251608967781067 0.441911 0.528953 0.732593 -3.138769
3 4.698554992675781 13.33505439758301 -1.063677906990051 0.300291 0.454582 1.246349 0.2457042
3 4.671712398529053 12.72533702850342 -0.9427962303161621 0.4839 0.474719 1.374825 1.30412
1 -42.71905517578125 -5.101589679718018 -1.604876637458801 3.703889 0.530449 0.603061 0.006035848