1 21.89934730529785 -2.670313358306885 -0.8019670844078064 4.539718 1.474506 1.846972 0.07048903
1 6.581450939178467 -0.05646006762981415 -1.039645314216614 3.217996 2.029464 1.448469 0.01632088
1 33.09845352172852 -2.260913848876953 -0.8548783659934998 1.237411 1.223057 1.340069 0.036547
1 57.13561630249023 14.07385635375977 -1.131282091140747 3.090374 1.803343 1.181157 -3.091144
1 55.54217529296875 17.59055137634277 -0.4071043133735657 3.709175 1.409413 0.555067 -3.091144
1 -5.257579326629639 -0.04958711192011833 -0.958020031452179 3.374696 2.237923 1.2993 0.02453071
1 -10.11147880554199 -3.535366535186768 -1.052398204803467 5.006821 1.925299 1.512139 0.03779275
1 15.22307777404785 -2.871815919876099 -0.8550752401351929 4.346023 1.629913 1.845282 -0.003760797
1 15.05302906036377 -0.06880080699920654 -0.6491078734397888 3.099367 2.190201 0.693077 0.01632088
2 -18.05385208129883 -3.613343954086304 -0.6262409687042236 5.880757 2.248827 2.359155 0.02453071
1 -25.57343864440918 -1.129879951477051 -1.137386441230774 2.290297 2.042703 1.359948 0.02453071
2 20.70709609985352 21.06148338317871 0.02738149836659432 11.048103 3.099908 2.180571 -3.133638
2 4.077900409698486 -3.208252191543579 -0.5935516953468323 12.792456 2.891343 2.317915 0.02748811
1 -49.36430740356445 -5.18997049331665 -0.8683938384056091 3.006557 1.517611 1.586973 0.02453071
1 -43.22173309326172 -18.21150016784668 -0.4864488840103149 1.694108 1.821739 1.325562 -1.479126
1 7.677055358886719 21.43879699707031 -1.760781288146973 3.924711 1.768688 1.264021 -3.124109
1 -29.60401725769043 -3.81079888343811 -0.9431756138801575 3.238331 0.557123 1.584828 0.02453071
1 20.01127433776856 0.7128152847290039 -0.9056949615478516 1.322125 1.452332 1.074825 0.01632088
2 -1.505352973937988 20.74200439453125 -0.6572279334068298 9.623306 2.755919 3.283676 -3.101153