4 -16.71476173400879 36.61478042602539 -1.932683825492859 1.055455 0.558086 0.903849 1.520571
1 -38.85570907592773 -3.07854700088501 -1.457602143287659 3.758368 0.702333 0.684266 -0.01350694
1 5.938632011413574 -3.401217222213745 -1.043342709541321 3.84172 1.731416 1.498952 0.02886248
1 42.44407272338867 3.818760395050049 -1.664125323295593 0.844365 1.65511 0.616941 -3.093107
1 -28.10396957397461 -4.015135765075684 -1.175619602203369 3.190525 0.297192 0.96768 0.06521559
1 -20.58205032348633 3.04602575302124 -1.133085250854492 4.151242 1.764578 1.499671 -2.889886
1 -22.22698211669922 -3.78157114982605 -1.002379298210144 3.578273 0.771983 1.341457 0.08528219
5 -3.180236101150513 15.36152458190918 -1.74148416519165 0.360736 0.290201 0.43638 -0.03206118
1 -39.31359100341797 2.384867429733276 -1.029913425445557 3.586204 1.891037 1.539659 -3.069121
3 -9.55974006652832 12.92486000061035 -1.164659857749939 0.762472 1.044054 1.67636 -0.5573565
1 -17.14006042480469 -3.997949361801148 -1.003950357437134 4.248768 2.01231 1.591723 0.1073341
1 -31.6954345703125 6.046963691711426 -0.8600484132766724 1.851826 1.682469 1.028762 -3.127747
1 -50.06490325927734 5.080480098724365 -1.371538519859314 3.429522 0.415446 1.409508 -3.042714
1 -38.41742324829102 5.838479042053223 -0.5809012651443481 3.594328 1.498633 0.656635 -3.130224
4 51.78055191040039 -3.240131855010986 -1.24287486076355 1.019683 0.573639 1.101679 0.02890841
1 -19.92404556274414 35.43115234375 -1.266918659210205 3.956202 1.493736 0.773397 -1.563641
1 -4.185602188110352 -3.211281538009644 -0.9632100462913513 4.0841 2.031818 1.603315 0.02607613
6 -27.22485733032227 6.587176322937012 -1.342689156532288 1.533459 0.552533 1.070008 -1.924273
1 -33.28300094604492 -4.239105701446533 -0.9887788891792297 3.993516 1.561129 1.592721 -0.1827289
5 -12.38137245178223 16.60817337036133 -1.858798265457153 0.152378 0.11636 0.409772 -2.067862
1 0.7562180757522583 -3.385197639465332 -1.050434947013855 4.63814 2.170704 1.46945 -0.04707057