1 -51.25868988037109 -4.590462684631348 -1.424058079719544 1.47108 1.335167 0.629919 -0.1040798
5 7.367935180664063 -2.164746284484863 -1.561164259910584 0.235156 0.334472 0.433511 -0.03723781
5 -7.851512908935547 8.534355163574219 -1.777523398399353 0.294322 0.322471 0.370953 -1.564622
3 -7.977000236511231 13.1978702545166 -0.829498827457428 0.40711 0.300914 0.866563 -3.080703
1 19.67733573913574 48.05049896240234 -0.3920742571353912 4.514108 2.672521 1.186507 -1.638898
1 16.60702705383301 -6.779688835144043 -0.99620121717453 4.1601 1.933116 1.612881 -0.004573124
5 -10.44216442108154 6.565375328063965 -1.548510313034058 0.385963 0.19735 0.364811 -3.108848
1 -55.20904922485352 0.3058895170688629 -1.04574453830719 2.347127 1.635024 1.12099 0.03063369
5 -12.19472980499268 6.354129314422607 -1.592366933822632 0.342987 0.353319 0.377958 -3.108848
5 6.628769397735596 -2.275470733642578 -1.531802892684937 0.221114 0.325114 0.424147 3.115873
1 7.174193859100342 15.33666801452637 -1.721508741378784 1.249084 0.10825 0.549794 -1.570753
3 17.28978538513184 9.946982383728027 -1.212916135787964 0.624703 0.522008 1.645729 3.124157
4 18.44131469726563 -4.125483989715576 -1.050053834915161 0.96312 0.635138 1.381043 0.005306772
2 33.46648406982422 6.978480339050293 -0.2413197755813599 6.882387 2.480664 3.256539 -3.131469
1 21.07503509521484 7.074705600738525 -1.233175754547119 4.125587 1.954372 1.489112 -3.131469
1 -3.7646324634552 8.40295124053955 -1.209210872650147 4.842283 1.811532 1.510649 -2.891669
2 -56.39210510253906 8.291470527648926 -0.2316006273031235 0.619365 2.504936 2.858326 -3.080117
3 16.41601753234863 10.9301118850708 -1.561475515365601 0.719889 0.673218 0.929417 -3.047709
4 8.005935668945312 -4.27857780456543 -1.014560103416443 1.714752 0.827222 1.502254 -0.00360285
3 5.469523429870606 -2.296393394470215 -0.9395204186439514 0.778961 0.650829 1.60867 -1.427905
1 29.31599998474121 -6.930000305175781 -1.119378685951233 3.902211 1.635685 1.125259 0.05202829
1 5.781262874603272 21.35762023925781 -0.8081886172294617 2.382957 1.633092 0.524445 -1.52688
3 7.010387420654297 -1.94033408164978 -0.8880805373191833 0.48776 0.441215 1.78917 -1.668034
3 -8.017900466918945 12.53172397613525 -0.9167260527610779 0.317701 0.54902 1.408684 -0.06877299
1 -3.22203540802002 -5.200098037719727 -0.9303576350212097 4.491374 1.805426 1.706941 0.005940983
1 6.46009635925293 9.369339942932129 -1.262768030166626 4.39851 1.80697 1.40591 -1.407374
3 17.42864799499512 10.7628288269043 -1.573426961898804 0.593876 0.686213 0.836617 -3.100982
5 -7.570301055908203 7.159238815307617 -1.628421902656555 0.343545 0.21356 0.412786 -3.108848
1 1.809828758239746 9.371265411376953 -1.137361884117127 4.532461 1.991459 1.659581 -2.793511