1 45.39247131347656 28.15291595458984 -1.297781944274902 3.850993 0.444132 1.030576 -1.560534
1 0.3364267647266388 6.543772220611572 -1.153068065643311 4.56319 1.874096 1.447811 -3.122132
6 -55.78725814819336 -2.958683490753174 -1.656479358673096 3.604371 0.375101 0.344205 -3.111988
1 -12.90584659576416 -3.247594833374023 -0.9875190854072571 4.11909 1.716604 1.637643 0.01806443
1 16.69829750061035 -2.967169523239136 -1.08858335018158 4.378589 1.528413 1.428662 -0.03687637
1 -15.821533203125 6.638418197631836 -1.187815666198731 2.76297 1.557624 1.518686 -3.104229
1 42.50164031982422 8.362274169921875 -1.055279970169067 4.1881 1.745171 1.454494 -2.255258
6 -37.13407135009766 -2.920532703399658 -1.325474858283997 1.809031 0.230954 0.720102 3.132792
1 -25.05091667175293 -2.934528827667236 -1.033473610877991 3.394917 1.257914 1.599904 0.04537899
1 -10.8336296081543 6.42685079574585 -1.156308650970459 4.204658 1.941638 1.517649 3.131106
1 -28.03579902648926 6.2187819480896 -1.250743985176086 3.93426 1.506746 1.499942 -3.082217
6 -29.67382621765137 -2.717495918273926 -1.245630383491516 1.580984 0.241779 1.056059 -3.110234
1 23.21512603759766 6.300918102264404 -1.039707183837891 4.142683 1.417816 1.666834 3.118596
1 2.654667854309082 3.599472522735596 -1.083202123641968 4.064986 1.771326 1.442133 3.131153
1 33.43489837646484 -3.719339370727539 -1.088404417037964 3.815266 1.521433 1.401554 0.08756332
1 38.19303512573242 -3.563688039779663 -0.9838091135025024 3.148483 1.635863 1.483178 0.0583263
1 9.571918487548828 -3.212077379226685 -1.036741256713867 4.452647 1.691995 1.551899 -0.007533944
6 -37.31269454956055 5.622818946838379 -1.752670168876648 0.255597 0.289684 0.215519 0.01921214
1 -0.6671738028526306 -3.489123344421387 -0.8133661150932312 3.85919 1.790196 1.836994 -0.01350759
6 -35.06372451782227 5.671139240264893 -1.523163437843323 1.480685 0.11712 0.876989 0.07256269
6 22.14630126953125 -3.471924066543579 -0.5978320837020874 2.730977 1.649572 0.865258 -0.01105527
3 25.37185096740723 4.959296703338623 -1.14201283454895 0.532272 0.493107 1.295724 -0.00378385
6 -39.1947135925293 5.667773723602295 -1.689350366592407 0.212048 0.4314 0.580885 -3.108866
6 0.03715172410011292 3.556157827377319 -1.16557765007019 0.131927 0.507988 0.220854 -3.124084
5 26.57508850097656 5.896180152893066 -1.598824977874756 0.145675 0.170047 0.565648 1.47129
1 -21.4231014251709 6.370282173156738 -1.145582437515259 3.951741 1.702625 1.648535 -3.129332
6 -55.12729263305664 5.648975372314453 -1.84719979763031 2.873302 0.176722 0.530067 -3.127978
6 -39.89894866943359 -2.858198642730713 -1.412702441215515 2.232545 0.18401 0.821778 3.136525
6 -43.75474548339844 -2.762274265289307 -1.631779789924622 2.967168 0.179067 0.525471 -3.13631
5 -30.95901298522949 5.340548992156982 -1.618635654449463 0.224207 0.25167 0.592422 -0.1006799
1 4.439463138580322 -3.317905426025391 -0.9247133731842041 4.265271 1.833981 1.699564 -0.002682663
6 -42.63460540771484 5.571579933166504 -1.538005590438843 2.320719 0.205696 0.863193 3.133937
5 32.76995086669922 6.861000061035156 -1.698293924331665 0.209728 0.312271 0.433694 0.1200463
1 -19.09323883056641 -3.179328203201294 -1.11700427532196 3.806836 1.412163 1.463497 -0.01574822
1 17.21967315673828 6.569534301757813 -0.943784773349762 4.81817 1.881014 1.909256 3.116333
6 -40.60604476928711 5.625951290130615 -1.579564571380615 0.818831 0.189437 0.983033 -3.129332
1 -6.737525939941406 -3.388883352279663 -0.7863726019859314 5.142478 1.860052 1.977996 0.01215055
1 51.45968627929688 -2.59081506729126 -1.138996362686157 3.168019 1.467126 1.398304 0.08880667
1 11.74981117248535 6.460040092468262 -1.158661246299744 4.827937 1.754234 1.419765 3.129605
5 -34.71718215942383 -2.827503204345703 -1.682071328163147 1.502607 0.15318 0.444503 3.137361
1 -4.926016330718994 6.506771087646484 -1.175638318061829 4.395486 1.840591 1.496176 -3.093828
1 5.866322040557861 6.700369834899902 -0.8912961483001709 4.324449 1.621944 1.007501 -3.129332
6 -48.48809814453125 5.665401458740234 -1.749531865119934 2.185946 0.249712 0.361642 -3.126913
6 -32.5720100402832 5.73353910446167 -1.498509526252747 1.441956 0.173397 0.962997 -0.01249279