4 13.65201950073242 -3.443112850189209 -0.9864920973777771 1.517576 0.930635 1.518696 -0.0005026372
5 -20.43547630310059 6.529592514038086 -1.615431427955627 0.188147 0.208362 0.520499 -3.135035
5 16.36008834838867 8.602897644042969 -1.600768566131592 0.203982 0.254339 0.400787 3.033213
1 20.16223907470703 8.555502891540527 -1.131611704826355 4.658911 1.770365 1.330814 -2.876325
3 -31.59602546691895 -10.48055934906006 -1.293821930885315 0.274546 0.456493 0.641373 -1.520975
1 28.96062660217285 25.36660766601563 -0.8896961808204651 2.289873 1.022248 1.216771 -1.517743
3 40.60735321044922 11.61341857910156 -1.312843322753906 0.388402 0.620543 0.73999 -1.730608
3 31.10713958740234 2.913305759429932 -0.8090449571609497 0.8505 0.541029 1.648319 -1.606876
1 -57.2296028137207 -5.226180553436279 -1.40946888923645 3.835625 0.71131 1.275159 0.0288558
3 41.37992477416992 10.69483089447022 -1.037523627281189 0.248219 0.412847 1.365705 -0.03555147
2 57.34967422485352 8.1073637008667 0.0233994871377945 5.920025 2.314046 2.940258 -3.136983
1 44.49581909179688 7.859745502471924 -0.9912934899330139 2.094862 1.831847 1.175115 -3.127926
1 52.5244140625 -5.75748872756958 -1.057489156723023 1.213279 1.311839 1.095341 -0.03082949
1 -55.38764190673828 -0.9191145300865173 -1.319608926773071 2.368916 1.639031 1.10098 0.007858753
6 51.58290100097656 11.01767349243164 -1.15673553943634 2.208481 0.868656 0.745524 3.131754
2 -37.9544792175293 7.136729240417481 -0.1686336249113083 12.153017 2.669928 3.204204 3.137728
2 -51.69921493530273 6.472503185272217 -0.3537512719631195 3.710497 1.760287 3.013569 3.092493
1 -16.82003402709961 3.112691879272461 -1.123355388641357 3.577033 1.885182 1.531006 -3.127746
3 13.17762088775635 13.58163452148438 -0.812846302986145 0.490475 0.481984 1.351073 0.03648272
3 41.59374618530273 11.43052291870117 -1.339046120643616 0.506015 0.543491 0.781654 -1.561417
3 13.04906558990479 12.99881553649902 -0.80110102891922 0.363155 0.659516 1.055627 -0.3159923
1 -33.34798812866211 -4.973506450653076 -1.496547937393189 3.8126 0.548235 1.052161 0.02885517
1 20.97076225280762 -5.100934505462647 -0.913364589214325 4.093612 1.930346 1.722085 0.004311054
1 39.77505874633789 -6.171474933624268 -0.856433093547821 1.214983 1.674929 1.594902 -0.0190738
1 -40.09098815917969 -5.008242130279541 -1.586079120635986 3.80801 0.69736 1.051449 0.02885517
5 12.00274562835693 6.328409194946289 -1.611236453056335 0.184774 0.322798 0.390081 -0.09678573
4 23.79712104797363 -3.08544135093689 -0.9424564242362976 1.388248 0.940567 1.451642 0.02025525
3 29.81586456298828 2.078631401062012 -0.8696873188018799 0.605439 0.372615 1.347313 -1.346319
1 -27.89802169799805 -5.806285381317139 -1.247040987014771 4.025399 1.929219 1.465046 -0.007177297
1 29.51593780517578 15.34569358825684 -1.087601661682129 3.542954 1.422567 0.84558 -1.48942
1 25.09217262268066 8.854182243347168 -1.231098175048828 2.11006 0.865567 0.814632 -3.139197