1 50.90443420410156 -3.373560667037964 -0.6339295506477356 1.972326 1.499903 1.076029 1.625795
2 -56.51188278198242 17.1247673034668 -0.7429040670394897 6.665293 2.178559 1.798578 3.039609
1 4.914626598358154 -2.430072069168091 -1.016572594642639 4.104529 1.803362 1.463382 -0.009494991
4 8.168584823608398 -6.413102149963379 -0.7838842868804932 1.615752 0.623406 1.054438 -0.02898365
4 -28.23929595947266 -6.445579528808594 -0.7863461971282959 0.620404 0.510319 0.538128 0.0
1 -7.032035827636719 -2.680595636367798 -1.101565718650818 4.429307 2.030272 1.444456 -0.009494991
1 19.61765480041504 3.140862941741943 -0.7033405303955078 1.387205 0.439934 0.821735 -1.708317e-17
6 -1.898047924041748 -4.653187274932861 -0.6630641222000122 0.063928 0.154176 0.062284 -0.009494991
1 31.40673446655273 8.931264877319336 -0.6822174787521362 4.025591 1.697402 1.435642 2.899082
4 1.121281981468201 -8.694766998291016 -0.82644122838974 1.761502 0.656608 1.41783 -0.05915987
6 48.36569976806641 -15.71520709991455 -0.4445732533931732 0.208755 0.318336 0.671812 0.1846026
2 46.81242370605469 -25.53658294677734 0.589510440826416 10.877912 2.989294 2.945968 1.655053
1 -11.7367582321167 3.361341238021851 -1.150436162948608 4.147334 1.719521 1.450376 0.04743239
5 20.81208801269531 -9.6767578125 -1.356492280960083 0.180735 0.137857 0.303596 1.535938
1 14.98040199279785 3.298242330551148 -0.7818114161491394 3.073659 1.558158 1.68475 0.00155646
1 51.81484603881836 -18.08930015563965 -1.018454194068909 1.843268 0.28712 0.53717 1.708922
1 12.38133049011231 -2.25035285949707 -0.7088311910629272 4.55225 1.661442 1.895112 0.0
1 42.47307968139648 32.71953201293945 -1.501003384590149 3.993833 0.924954 0.688642 -1.497849
1 -13.77002620697022 -3.20440149307251 -0.7682405710220337 2.777204 1.108394 0.617239 -0.009494991
1 9.206022262573242 3.352776765823364 -0.9994969964027405 4.453334 1.78142 1.460609 -0.009494991
1 7.361129283905029 0.2017404288053513 -0.7872341871261597 3.261521 2.067994 1.835849 -0.009494991
2 43.77121353149414 18.10279083251953 -0.05640844255685806 11.701437 2.792115 3.418706 -1.465518
2 -6.163598537445068 0.00899127870798111 -0.568606972694397 6.048819 2.393175 2.063503 -0.009494991
2 38.24344635009766 -11.02426052093506 0.1406067758798599 3.974269 2.563567 2.908193 2.930246
5 25.38608360290527 22.49863624572754 -1.674623370170593 0.050859 0.223412 0.444322 3.100243
5 22.79631996154785 20.8348503112793 -1.676469326019287 0.057404 0.131495 0.411901 3.100243
1 18.11925888061523 -1.697543382644653 -0.9345797896385193 3.757692 0.47821 1.434951 0.0
1 2.847181797027588 3.471116542816162 -0.9376798272132874 4.288538 1.662965 1.632866 -0.009494991
1 -4.634889125823975 3.285338401794434 -0.9201424717903137 4.952025 1.985605 1.816186 -0.009494991
1 28.3752498626709 -2.72711706161499 -0.4202480912208557 0.769563 1.073024 0.945888 0.0
4 19.13742637634277 -9.21155834197998 -0.7516846060752869 1.431597 0.601106 1.44528 -0.01318158
1 24.54517555236816 -2.665807008743286 -0.3296953737735748 2.337671 0.762773 0.594562 0.0
1 36.49771499633789 21.43276596069336 -1.280004262924194 4.739722 0.905666 0.738674 -1.497849
6 36.05560302734375 46.10286712646484 -1.24322509765625 0.311575 0.292599 0.832027 -1.568717
5 17.21246910095215 18.7893009185791 -1.583154082298279 0.111182 0.062335 0.479647 3.100243
6 20.71787834167481 0.6294455528259277 -0.0065241614356637 1.28655 1.335788 0.193991 0.0
2 -22.03426742553711 3.37871789932251 -0.3918472230434418 12.033395 2.821001 2.431785 -0.009494991
1 -1.126856565475464 -3.135865449905396 -0.878882884979248 5.054319 1.929702 1.689315 -0.009494991
6 -19.79122352600098 -3.647459745407105 -0.483299195766449 1.302604 0.580497 0.35965 -0.009494991