6 -58.40861511230469 4.326737403869629 -1.494075775146484 0.504226 1.572121 0.323363 -0.05489948
4 -14.48878288269043 -5.863194942474365 -0.813410758972168 0.756669 0.569755 1.669069 -3.125078
1 -35.58320999145508 4.213178157806397 -1.148223161697388 3.492055 1.640064 1.476306 0.03225593
2 59.63037872314453 -2.174574851989746 0.6736980080604553 4.716664 0.925289 1.822433 -0.006798322
6 45.3469123840332 4.099178791046143 -1.111845970153809 0.327552 0.428672 0.921168 0.0213586
4 33.13143157958984 -1.154657959938049 -1.055015444755554 1.968569 1.289176 1.371852 -0.03024969
4 -12.53474426269531 12.90497875213623 -0.7343470454216003 0.775381 0.616047 0.966304 -1.752978
1 26.46913909912109 1.442659854888916 -0.8799422383308411 3.415409 1.836864 1.897045 0.04012063
2 26.6606616973877 18.2893009185791 0.0903274193406105 6.133554 2.244195 1.799612 -3.111584
6 32.38918304443359 13.25088500976563 0.4497584700584412 0.153231 0.6226 0.673152 -3.112491
4 -39.20381927490234 25.94628143310547 -1.724486589431763 1.709064 0.581882 1.401895 3.128666
2 26.44518089294434 22.53294944763184 0.1290584802627564 5.114811 2.960357 1.804532 -3.137345
2 36.03686904907227 -3.452486515045166 -0.1693153977394104 2.065419 2.773316 3.283005 -0.004473435
4 -12.66387748718262 -4.883269786834717 -1.039050102233887 1.838414 0.740954 1.566515 3.107827
2 49.05228805541992 -2.677502155303955 0.8750186562538147 8.56459 1.247168 2.260002 -0.008122083
2 -45.00798034667969 -0.1709822565317154 -0.509415864944458 3.737498 2.646353 2.429721 0.01565216
1 16.28079032897949 -3.826991558074951 -1.007955670356751 3.951194 1.854802 1.572675 -0.008692067
1 0.4956128597259522 18.56785011291504 -0.7368875741958618 4.936543 1.769706 1.009872 3.140994
1 11.36087703704834 4.52476167678833 -1.223661065101624 4.897468 1.8856 1.194212 0.0006476175
6 -51.89035797119141 -4.829456329345703 -1.110705137252808 0.352379 0.22883 1.297687 0.06468573
1 -7.565613269805908 10.68355560302734 -0.9954723119735718 4.803713 1.92995 1.702287 -2.221974