1 4.918549537658691 -2.39593505859375 -1.01457154750824 4.107967 1.744425 1.473124 0.004366226
4 8.226444244384766 -6.382781505584717 -0.7977637052536011 1.656177 0.632986 1.076543 0.01421504
4 35.25773620605469 18.32154083251953 -0.7826151251792908 1.707939 0.635304 1.512021 -1.484617
4 40.5677490234375 34.87284851074219 -1.17577338218689 1.318408 0.610493 1.394118 -1.560546
6 23.88848304748535 -2.818553924560547 -0.1825040876865387 1.063779 0.398674 0.139768 -0.01847442
4 -22.55262565612793 -8.790061950683594 -0.8972964882850647 1.733609 0.69881 1.42069 0.03021375
4 -20.63344192504883 -9.399079322814941 -0.9236997961997986 1.275558 0.609502 1.519611 0.0
6 49.16004180908203 20.73313713073731 -1.131818056106567 0.826877 0.299703 0.77112 1.620266
1 18.14115524291992 -1.671857237815857 -0.9412702918052673 3.810398 0.420618 1.397269 0.02288133
1 -53.67496871948242 21.16176605224609 -1.643195152282715 3.702331 1.534206 0.782301 3.0498
1 -4.714953899383545 3.243458271026611 -0.9321576952934265 4.921432 1.928806 1.780702 0.004366226
2 -22.04666328430176 3.233042240142822 -0.347699373960495 12.124631 2.846808 2.518746 0.01353341
1 -7.094409465789795 -2.676153421401978 -1.093092441558838 4.562307 2.028241 1.44585 0.004366226
1 43.70214080810547 22.46562767028809 -1.181582093238831 4.290771 1.833808 1.06504 -1.505484
2 52.14278411865234 -8.695503234863281 0.2365027070045471 11.075587 2.563317 3.101673 1.62374
2 -6.143007755279541 -0.01102694496512413 -0.6074927449226379 6.024451 2.417429 2.143757 0.004366226
1 12.37343692779541 -2.246474504470825 -0.7261672616004944 4.56507 1.706187 1.923172 -0.01847442
1 2.781001329421997 3.449666261672974 -0.9414858222007751 4.150955 1.634596 1.637913 0.004366226
4 19.14614677429199 -9.176788330078125 -0.7475273013114929 1.375386 0.588434 1.424438 0.01489233
3 19.83577346801758 -8.122297286987305 -0.7718341946601868 0.367156 0.467204 1.472628 -0.1757508
1 7.368990898132324 0.2119734138250351 -0.8048142790794373 3.271802 2.01735 1.865578 -0.01847442
2 44.22442626953125 13.197096824646 -0.06304869800806046 9.092478 2.686432 3.141134 -1.438111
1 9.202205657958984 3.363185405731201 -1.021586775779724 4.459417 1.83077 1.418403 -0.01847442
1 19.61196899414063 3.112838506698608 -0.7021268010139465 1.401031 0.491872 0.805611 0.0
1 50.29200744628906 33.42488479614258 -1.160636425018311 4.031273 1.454874 1.199323 1.604909
2 36.92474365234375 2.117549180984497 0.2845120429992676 11.010737 3.044686 2.521349 2.314913
2 -56.67681503295898 17.21931457519531 -0.7582749724388123 7.021303 2.253294 1.839885 3.027992
1 -11.76703262329102 3.351234436035156 -1.153610825538635 4.199889 1.770175 1.458864 0.01353341
1 -1.127529382705689 -3.13294529914856 -0.8427424430847168 5.062507 1.953976 1.620196 0.004366226
6 20.88022613525391 0.4732276201248169 -0.01957303285598755 1.547674 1.002671 0.23142 -0.01847442
4 12.83966541290283 -4.862874507904053 -0.6580841541290283 1.444721 0.605606 1.318468 0.01421504
6 -1.898652195930481 -4.664719581604004 -0.6593064069747925 0.069642 0.121131 0.062631 -0.01847442
5 20.77812576293945 -9.664229393005371 -1.35849142074585 0.10702 0.116149 0.303588 -0.09519733
4 21.61384773254395 -13.10289764404297 -0.7461602091789246 1.264214 0.492156 1.312593 -0.04634774
6 -19.84074592590332 -3.640033483505249 -0.4837340712547302 1.225801 0.616684 0.342685 0.004366226
1 14.96288776397705 3.339948654174805 -0.7936722040176392 3.01586 1.626896 1.690703 0.02288133
6 -13.72479915618897 -3.168461084365845 -0.7116178870201111 2.801496 1.160625 0.512307 0.004366226
6 49.26549530029297 -25.96079826354981 -0.225128173828125 0.861619 0.375119 0.681116 1.640622