6 -27.52826690673828 26.21085357666016 -1.430081129074097 0.325963 0.253066 0.536885 0.09899135
3 26.4291934967041 28.08262252807617 -1.386575818061829 0.336289 0.306504 1.161932 -3.069674
2 52.2733039855957 -3.588372230529785 0.4213205277919769 12.011364 2.703671 3.591432 0.008724591
1 -37.59841537475586 4.578054904937744 -1.24160647392273 4.10329 1.664223 1.593094 0.05970297
2 -43.85909271240234 0.05029506236314774 -0.6571246385574341 3.212025 2.757741 2.72043 -0.02869237
1 -59.83199691772461 4.593690872192383 -1.716686964035034 0.772529 1.588575 0.73881 0.02033238
4 -43.41239166259766 -4.556771755218506 -1.118811368942261 0.871232 0.63313 1.146517 0.1297944
1 27.5899772644043 -3.75093150138855 -1.016670107841492 4.128766 1.695885 1.472733 0.03083029
1 25.90137481689453 18.60165405273438 -0.5245757699012756 3.359011 1.708902 0.682373 3.094002
4 -1.24146294593811 14.82517910003662 -1.116181969642639 0.842652 0.669254 1.810596 -1.597387
1 41.0926628112793 3.718496084213257 -1.260524868965149 0.898186 1.131375 0.766639 0.03083029
1 3.369508743286133 10.69180393218994 -1.005683183670044 4.473117 2.295129 1.765969 -2.202538
1 7.274804592132568 4.227719306945801 -1.044111609458923 4.949753 1.805355 1.458466 0.03083029
4 -3.652275562286377 -5.574145317077637 -0.793044924736023 1.752772 0.803531 1.69928 2.608616
4 37.79704284667969 -1.48644757270813 -1.028746128082275 1.796777 1.196006 1.535268 0.03083029
4 -1.504282712936401 -4.721873760223389 -0.9824869632720947 1.926529 0.834603 1.527111 3.132395
1 26.44470977783203 1.14085853099823 -0.8803431391716003 4.267785 1.761437 1.914335 0.03083029
2 51.23574066162109 18.25422668457031 0.05306577682495117 5.462363 2.112442 1.406698 -3.126772
2 46.84284973144531 22.58407211303711 -0.2238032072782517 4.76028 3.09983 0.761856 3.129307