2 52.82683181762695 -22.45427703857422 0.6200780272483826 11.183636 2.860947 3.097873 1.656717
1 12.39789581298828 -2.246225595474243 -0.745761513710022 4.548924 1.654055 1.969102 0.002837311
1 4.937541961669922 -2.429695844650269 -0.8072025179862976 4.142394 1.808966 1.886678 0.002837311
2 -6.153026580810547 -0.03849012404680252 -0.5610138773918152 6.031102 2.408103 2.047466 0.02308491
3 29.20132255554199 17.64255332946777 -0.946268618106842 1.021278 0.85741 1.488701 -1.365182
2 -56.47912979125977 17.26372718811035 -0.762612521648407 6.597994 2.550966 1.833119 2.977731
1 5.247708797454834 11.81403636932373 -0.9413163065910339 5.778183 2.083632 1.458003 -3.084088
6 20.77041435241699 0.6451869606971741 -0.003537978744134307 1.270798 1.301432 0.180013 0.002837313
1 14.96973133087158 3.299299955368042 -0.7817748188972473 3.03658 1.546944 1.684643 -0.002753726
1 40.89015579223633 5.36236572265625 -0.5797356963157654 2.931488 0.421277 1.111531 -1.626005
1 24.52468490600586 -2.676924467086792 -0.3457239270210266 2.34 0.784308 0.55276 0.002837313
1 38.04714965820313 15.93108654022217 -1.095408201217651 4.806458 1.933967 1.169231 -1.640028
2 -8.709367752075195 15.78306770324707 -0.615447461605072 12.219506 2.803189 3.052133 3.067886
1 7.340346813201904 0.1998926550149918 -0.7777300477027893 3.214556 2.098521 1.816499 0.002837311
1 45.85243606567383 -19.78843498229981 -0.623102068901062 4.163382 1.341141 1.586591 1.669407
4 14.6868896484375 -8.564715385437012 -0.577614963054657 1.49026 0.680976 1.608441 0.06403285
1 48.27856826782227 -17.80783271789551 -0.6659343242645264 2.213531 0.653646 1.142753 1.669407
6 -1.891717076301575 -4.65338945388794 -0.6588835120201111 0.07352 0.172218 0.065756 0.002837311
5 20.82254028320313 -9.676437377929688 -1.342527985572815 0.283852 0.241226 0.365798 -3.074466
1 -7.003129482269287 -2.681544542312622 -1.108218431472778 4.375679 2.02597 1.419778 0.002837311
1 -11.75755500793457 3.356770992279053 -1.15139639377594 4.179401 1.734984 1.453216 0.03031613
2 -38.63067245483398 19.14457893371582 -0.4138399660587311 11.991841 2.753465 2.819771 2.994505
1 2.794795513153076 3.449931859970093 -0.9360577464103699 4.185133 1.659518 1.631825 -0.002753726
1 38.91134643554688 39.47904968261719 -1.356599688529968 4.534496 1.316784 1.191891 -1.643651
2 46.73527145385742 -27.35639953613281 0.4529465138912201 5.920875 2.175338 2.675555 1.648903
2 -22.02253913879395 3.311646938323975 -0.3925090730190277 12.037848 2.797848 2.432887 0.0
1 44.17155838012695 26.2570686340332 -1.086526989936829 3.693628 0.80744 1.312413 -1.283058
6 -19.84224700927734 -3.662992000579834 -0.4797543883323669 1.225684 0.661528 0.389936 0.002837311
4 2.692973375320435 -6.374013423919678 -0.9917554259300232 1.768789 0.884703 1.48894 0.04572644
1 -4.6394944190979 3.278140783309937 -0.9448564648628235 4.943389 1.914454 1.752946 -0.002753726
6 -13.80077266693115 -3.192811965942383 -0.7636659741401672 2.748724 1.108034 0.617682 0.002837311
1 19.63996887207031 3.220360040664673 -0.6984120607376099 1.32231 0.637111 0.811407 0.2767209
4 26.88982772827148 19.0017261505127 -1.08216404914856 1.789333 0.68764 1.454559 -1.799299
1 -1.131994485855103 -3.14326810836792 -0.8551592826843262 5.054184 1.960333 1.643432 0.002837311
1 9.217081069946289 3.488678932189941 -0.9994233250617981 4.464556 2.059957 1.459776 -0.002753726
1 18.14492988586426 -1.682157397270203 -0.9225984811782837 3.819376 0.498283 1.41298 0.002837311
3 33.39055633544922 36.60000228881836 -1.080076336860657 0.471588 0.597423 1.347983 -2.994553