1 -42.14536285400391 3.933069705963135 -1.632625460624695 0.733358 1.637582 0.579441 0.0007567134
2 -46.05765914916992 -0.3588119149208069 -0.6913109421730042 4.271318 2.758405 2.837945 0.0
1 36.04145812988281 0.954913854598999 -0.7030150294303894 3.303398 1.816076 1.809252 0.0007567134
6 57.71123504638672 -2.919492483139038 -0.7594271898269653 0.299746 0.684949 1.262746 0.0007567134
1 -17.13045692443848 4.057839870452881 -1.15474009513855 4.216382 1.946979 1.487622 0.01152638
6 43.16207504272461 4.82206916809082 -1.077666163444519 0.24309 0.571831 0.251064 0.0007567134
2 -5.136099815368652 -4.083706855773926 -0.6005323529243469 11.059029 3.13884 2.401012 0.02450007
4 7.513333320617676 26.30604934692383 -1.469016909599304 2.006329 0.621376 1.392745 -3.111456
1 -13.60876083374023 22.13994026184082 -1.734439611434937 3.828327 1.703116 0.9394 -3.122953
2 -16.63473892211914 -3.114874601364136 -0.4978635907173157 11.217906 1.174907 2.730592 0.0007567134
1 11.43338298797607 21.40693283081055 -1.548339486122131 2.809971 0.491123 0.531645 -3.111466
2 6.482829093933106 -3.68077826499939 -0.5319923162460327 11.314343 3.021261 2.493714 0.00753555
4 11.66726684570313 -1.324236989021301 -0.9320501089096069 2.256868 1.156742 1.635671 0.04966687
2 22.95907211303711 -2.862763643264771 -0.05172351002693176 11.27015 1.351491 2.576401 0.03956967
1 -40.32893753051758 -4.151008129119873 -1.134180545806885 4.08964 1.638995 1.267408 0.03024043