2 -8.102328300476074 22.31249618530273 -0.3893161118030548 12.410281 3.139387 2.639547 -3.141555
2 18.37594223022461 -3.796855688095093 -0.4105547368526459 10.629408 2.789207 2.731571 0.0
4 -36.47999954223633 -5.903427124023438 -0.8327953815460205 0.921426 0.651014 1.661145 3.088684
6 47.57694244384766 -2.266551017761231 0.5739986896514893 0.723061 0.629813 0.290467 -0.08746104
1 -30.45546340942383 4.011168479919434 -1.096625804901123 3.87649 1.838634 1.546941 3.77824e-05
1 28.58694839477539 1.56902813911438 -0.8569193482398987 3.303719 1.81803 1.876422 3.77824e-05
1 -28.90246200561523 10.53877449035645 -0.5213534235954285 1.932763 3.014653 0.723117 -3.139963
1 21.49843597412109 4.796321868896484 -1.361536026000977 4.777847 1.87137 0.985441 3.77824e-05
6 -47.40851974487305 18.67806243896484 -0.4777554869651794 0.049969 0.566239 0.034866 -3.116383
2 30.47215080261231 -2.494260787963867 -0.2352236211299896 13.277546 0.948524 3.215836 0.0
4 24.24929618835449 -1.24174952507019 -1.108407020568848 1.802224 1.198683 1.459267 -0.007094214
6 -54.6967658996582 4.283675670623779 -1.432072162628174 0.62729 1.567828 0.424903 3.77824e-05
2 -22.33804702758789 17.76381301879883 -0.001816671341657639 6.064116 2.235336 1.737587 -3.116383
6 53.25141906738281 -2.335531234741211 0.4855417609214783 0.451269 0.44606 1.951884 0.0
4 -34.49387741088867 -4.977868556976318 -1.066445112228394 1.530187 0.602862 1.346073 3.088684
2 -45.65842056274414 -0.1829307079315186 -0.384486049413681 3.324144 2.731759 2.822645 3.77824e-05
1 -5.069281578063965 -3.925676345825195 -0.9800031781196594 4.48569 1.853147 1.560297 7.253262e-17