1 46.53640365600586 1.225095629692078 -0.7207255363464355 3.392457 1.816795 1.791465 -0.02467491
2 -36.25127792358398 -4.098887920379639 -0.5550732016563416 9.808915 2.364399 2.864544 0.01669956
1 -8.645308494567871 21.29573440551758 -1.520021677017212 2.363711 1.432727 1.083924 -3.112653
2 -40.72951507568359 -0.594025194644928 -0.6420171856880188 3.257129 2.688355 2.544395 0.03394376
1 -1.188715815544128 4.094708919525147 -1.036551475524902 3.388875 2.153739 1.527638 -0.01804406
2 -13.84603500366211 -3.99975061416626 -0.4988503754138947 11.485484 3.146319 2.754315 0.02335048
1 -28.47411727905273 3.707070112228394 -1.336043000221252 4.496039 2.000227 1.340926 0.08901276
2 -25.48280334472656 -3.657607555389404 -0.383540153503418 11.276287 1.952886 3.244587 0.02401862
2 -42.19660568237305 -4.10879373550415 -0.2813167572021484 0.214148 1.959454 1.821582 3.095867
2 2.693605184555054 -3.220310688018799 -0.6139141321182251 11.259851 2.030905 2.312383 0.02001258
1 7.841039657592773 -1.12374472618103 -0.8947446346282959 2.889048 1.300333 1.619452 0.05443178
3 48.81770706176758 -9.510757446289062 -0.5901235938072205 0.275907 1.01365 1.009108 -3.077664
4 50.62624359130859 -1.775647521018982 -0.5315254330635071 0.493369 0.590937 1.394745 -0.0609586
6 23.69413566589356 25.15390396118164 -1.410760879516602 0.2298 1.497272 0.626245 1.578615
1 -55.51143264770508 3.741151571273804 -1.584927797317505 0.858558 1.748243 0.601681 0.06998044