5 20.83707618713379 -9.697750091552734 -1.296099543571472 0.327304 0.241377 0.277048 3.11097
1 12.41153430938721 -2.252765893936157 -0.7190674543380737 4.5718 1.628434 1.917157 4.235748e-17
4 1.791320085525513 -6.520300388336182 -0.9968230724334717 1.768843 0.769201 1.519771 -0.03015396
1 49.59230041503906 -36.55883407592773 -0.1090589910745621 5.123757 2.00597 1.845707 1.644912
1 19.97274971008301 3.130617618560791 -0.7033613324165344 1.95149 0.442039 0.829304 0.005851455
1 -13.79788208007813 -3.163895606994629 -0.7129592895507812 2.711883 1.100628 0.516031 -0.01331606
3 37.83828353881836 11.89208889007568 -0.9934252500534058 0.2862 0.713082 1.035067 -0.4137073
1 -11.76371288299561 3.365976810455322 -1.167621493339539 4.185832 1.750118 1.48432 0.03462473
1 22.1030445098877 13.99964237213135 -0.9398658871650696 4.973901 2.106983 1.685773 -2.820134
6 20.74813652038574 0.6286172270774841 -0.001533481990918517 1.110638 1.250417 0.19472 0.005851455
5 21.47688674926758 20.0877742767334 -1.563047766685486 0.164313 0.178668 0.419982 0.146794
1 14.96362209320068 3.350106000900269 -0.7910832166671753 3.01033 1.620039 1.707766 0.005851455
6 -19.84916687011719 -3.662621974945068 -0.4956869781017304 1.218653 0.670925 0.395302 -0.01331606
2 46.78216171264648 -27.36601066589356 0.4829709529876709 5.927119 2.327648 2.569299 1.663424
2 5.626808166503906 15.02595043182373 -0.5255693793296814 12.052564 2.926452 2.833749 3.128407
2 -56.30764770507813 17.24192810058594 -0.7512484192848206 6.250488 2.310618 1.811261 3.014322
5 22.75912666320801 20.84065246582031 -1.663410305976868 0.151486 0.187777 0.465362 0.2740754
1 48.75742340087891 -18.1320743560791 -0.6588542461395264 2.0635 1.546381 1.129651 1.663424
1 46.08300399780273 -19.79286193847656 -0.6256607174873352 4.160563 1.776205 1.593062 1.663424
4 11.12342166900635 -9.01096248626709 -0.6045563817024231 1.73297 0.704357 1.669979 -0.01901253
1 18.25275230407715 -1.663342237472534 -0.9452261328697205 4.00657 0.559879 1.392956 0.0
2 -22.0322208404541 3.333429574966431 -0.3917449116706848 12.031533 2.798549 2.433396 -0.003849693
1 5.00392484664917 -2.410823822021484 -1.019601583480835 4.284343 1.770744 1.464941 0.0003718608
1 9.357000350952148 3.475803375244141 -1.001862764358521 4.738839 2.011988 1.466984 0.005851455
5 20.1963996887207 19.52001762390137 -1.678719878196716 0.14863 0.154055 0.405415 0.146794
1 -7.01347017288208 -2.679056406021118 -1.102773189544678 4.40226 2.010243 1.438224 -0.01331606
2 -22.65729904174805 16.65166091918945 -0.321528434753418 12.429624 2.705797 3.073308 3.004861
1 24.69302558898926 -2.633753776550293 -0.4354237914085388 2.615092 0.948548 0.734375 0.005851455
5 18.77529525756836 19.12692451477051 -1.680214643478394 0.148889 0.166109 0.510049 0.146794
6 -1.892609000205994 -4.665214538574219 -0.6621439456939697 0.073606 0.128818 0.05533 -0.01331606
1 -4.655835151672363 3.232986688613892 -0.9714741706848145 4.965267 1.926508 1.775928 0.01198689
1 38.35390472412109 29.8538761138916 -1.255516409873962 4.232614 1.116735 1.261999 -1.666991
1 7.326203346252441 0.2167016267776489 -0.7869337797164917 3.146724 2.105144 1.836026 0.005851455
1 2.795452356338501 3.516290903091431 -0.9355278611183167 4.172585 1.796427 1.632585 0.007789277
2 -6.144376754760742 -0.05411661043763161 -0.6711735725402832 6.022515 2.321497 2.268561 0.02049066
4 27.55194282531738 22.08913993835449 -1.098009943962097 1.654209 0.660774 1.406071 -2.157474
1 42.74103927612305 36.86739349365234 -1.225108861923218 3.139025 1.477214 1.457662 -1.49727
1 -1.122058868408203 -3.131860494613648 -0.8837320804595947 5.06774 1.95315 1.701212 0.004742083
2 52.7952766418457 -22.59513092041016 0.6152156591415405 11.120313 2.825747 3.074748 1.663424
1 41.76271820068359 19.53919219970703 -1.094950795173645 4.191887 1.666383 1.030879 -1.600246
4 58.6805305480957 -3.990216732025147 -0.7879599332809448 1.433676 0.632005 1.291763 1.397519
3 29.18351936340332 20.33540534973145 -0.6818253397941589 0.912789 0.742876 0.923934 -1.082028
4 38.16557693481445 -13.29925346374512 -0.6863366365432739 2.103419 0.484626 1.338372 -1.515628