2 5.285212516784668 11.59231662750244 -0.593472957611084 6.289959 2.478992 2.586497 -2.992808
5 -27.95971488952637 -17.25948333740234 -1.67342209815979 0.107401 0.285236 0.319275 4.552689e-15
4 1.38699471950531 -15.26579284667969 -0.970437228679657 1.532287 0.931691 1.487101 1.494994
5 38.03357696533203 5.118957996368408 -1.522116899490356 0.312648 0.296765 0.498831 1.57334
4 -35.68950653076172 -11.817551612854 -0.7373934984207153 0.74986 0.952268 0.950905 0.2571832
1 -0.6184530854225159 31.72183799743652 -1.68051290512085 2.040579 1.71231 1.383454 1.96892
5 -31.05257415771484 -14.01248550415039 -1.749872446060181 0.198253 0.230321 0.333972 0.0
1 -14.41609001159668 46.23403167724609 -1.870037317276001 4.009581 1.742768 1.151496 -1.656629
1 -37.42859649658203 1.628359436988831 -1.526461482048035 1.414292 0.596632 1.169707 0.02714709
4 26.93276786804199 -7.150751113891602 -0.8620051741600037 0.818949 0.411619 1.439168 0.03117574
1 -9.753186225891113 -20.67354583740234 -1.024461030960083 4.209444 2.133914 1.372818 1.619466
3 2.200380086898804 32.64860153198242 -1.573623895645142 0.407147 0.471496 1.471349 -2.386758
3 -23.64955520629883 33.30764770507813 -1.598697781562805 0.392487 0.660863 1.490668 1.582851
1 34.06310272216797 17.7794189453125 -1.282884478569031 3.895678 1.688213 0.916845 3.136499
1 -32.86687088012695 10.28826904296875 -1.268471002578735 4.352058 1.837912 0.638778 -3.089589
1 -28.47813987731934 2.188100337982178 -1.431638121604919 4.043494 1.399881 1.21136 0.05082709
1 -9.336895942687988 -27.42866897583008 -0.4609275460243225 4.821037 1.853701 1.364475 1.650425
1 21.10280990600586 18.0929012298584 -1.401655197143555 4.078679 1.900376 1.464623 -3.127988
4 -47.20807647705078 -12.57380771636963 -1.139470934867859 1.643476 0.468602 1.069582 0.0
3 27.81062889099121 -9.827325820922852 -1.107253074645996 0.583689 0.365582 0.751106 1.550885
3 5.1697678565979 48.5430908203125 -1.886683821678162 0.870395 0.754669 1.49266 -0.3638297
2 48.96360015869141 21.41605758666992 -0.394168883562088 8.994452 2.689296 2.188129 3.091462
1 -50.17553329467773 -4.55739688873291 -1.304513692855835 1.992577 1.322897 1.257686 -0.05066
5 -26.48516082763672 -19.31267929077148 -1.675331592559815 0.17205 0.300047 0.330875 0.0
1 -1.858303308486939 9.69593334197998 -1.081409573554993 4.581129 1.982532 1.606819 -2.823897
4 -22.66794395446777 48.45262908935547 -1.855536699295044 1.060726 0.450649 1.3342 -1.516939
1 -14.49505424499512 -4.345185279846191 -1.10019838809967 4.508403 2.128535 1.434843 0.01542386
1 11.75899505615234 0.04573298990726471 -1.022384881973267 3.074907 2.006443 1.461639 -0.000714845
1 -14.95264148712158 13.19486713409424 -1.19062864780426 4.440021 1.810109 1.66137 -2.949043
5 6.171097755432129 28.91146087646484 -2.186611652374268 0.150466 0.092307 0.331257 3.08072
1 -33.5794677734375 14.50968551635742 -1.454728722572327 4.342959 1.891852 1.546883 -3.076234
1 -20.86982345581055 3.391402244567871 -1.119638919830322 4.51006 1.867395 1.661503 0.187573
3 -15.84938335418701 31.04799842834473 -1.671518921852112 0.60676 0.446696 1.563532 -0.05279871
4 -22.45343208312988 51.57078552246094 -1.878358602523804 0.644651 0.376652 0.694583 -1.888697
4 5.759165763854981 -10.83940696716309 -1.163033485412598 1.830698 1.15341 1.217233 1.307074
1 -19.66323661804199 -26.03746795654297 -0.9714586138725281 4.660085 1.907767 1.660275 -1.396689
1 -14.4539909362793 5.018147945404053 -1.186055302619934 4.435347 1.9583 1.344046 0.4923442
3 -11.2299222946167 33.84493637084961 -1.673044085502625 0.836024 0.488653 1.583517 -0.04845852
1 -33.27939224243164 -5.13652229309082 -1.672630667686462 4.173624 1.882716 0.739032 -0.1802292
1 -15.13819408416748 39.94746780395508 -1.88696300983429 4.450361 2.093276 1.571722 -1.688064
1 -6.643313884735107 39.1885986328125 -2.005616664886475 1.202129 1.754572 1.118543 1.49157
1 42.36506271362305 -0.837795615196228 -0.7857017517089844 1.260427 1.837422 1.447195 -0.0404027
4 -15.46967315673828 6.59154224395752 -0.7568122744560242 1.182413 0.557186 0.729095 0.4845997
4 -5.080969333648682 -16.49931716918945 -0.9522095322608948 1.900457 0.80197 1.509027 2.238896
2 -20.25164413452148 -0.5422809720039368 -0.7102577686309814 5.960833 2.292384 2.289701 -0.01435234
3 36.71878433227539 5.75718879699707 -1.002309918403626 0.620148 0.632114 1.439488 1.580933
1 -15.64123249053955 17.73308181762695 -1.285433053970337 2.233855 1.733362 1.562551 -3.07443
1 17.42630958557129 -3.265894651412964 -0.8155504465103149 4.554125 1.686594 1.908458 0.01697408
5 -29.9196662902832 -14.96992683410645 -1.721573114395142 0.181179 0.201343 0.341503 0.0
1 -6.15323543548584 -19.85413932800293 -0.9151320457458496 4.500688 1.906727 1.595714 1.644824