6 -13.80645179748535 -3.220659494400024 -0.7037602663040161 2.766558 1.01842 0.499152 0.02518766
1 19.93435096740723 3.116252899169922 -0.6931978464126587 1.924383 0.444335 0.809143 3.378501e-17
6 20.76122093200684 0.6784808039665222 0.007473171222954989 1.204363 1.34731 0.214637 -0.001599638
2 -9.914563179016113 14.47498226165772 -0.6111652255058289 11.092211 2.912251 3.04954 2.986483
1 47.99325942993164 -1.717183828353882 -0.6945204138755798 2.211893 0.425742 1.247709 1.569103
1 5.021162509918213 -2.399295568466187 -1.017030715942383 4.317177 1.726085 1.474373 0.0203521
6 -19.8390007019043 -3.666292190551758 -0.4776316583156586 1.240517 0.661451 0.315933 0.008293305
1 8.177905082702637 -6.391391277313232 -0.7789098620414734 1.598207 0.596725 1.043872 -0.007617863
1 15.01726722717285 3.318081617355347 -0.7827637195587158 3.143147 1.564608 1.677591 0.0
1 11.93298149108887 10.45823287963867 -1.053203821182251 4.374531 1.808726 1.418411 2.924153
1 18.26676559448242 -1.663272142410278 -0.925170361995697 4.038757 0.565872 1.418701 -0.001599638
3 11.03675556182861 -8.611650466918945 -0.2749182879924774 0.793477 0.552426 1.078534 0.005808471
1 12.40233135223389 -2.251479864120483 -0.7060520052909851 4.56798 1.639618 1.890758 -0.001599638
2 -6.089066028594971 -0.04846010357141495 -0.646285891532898 6.12774 2.302012 2.219431 0.01602266
4 27.21335029602051 -12.00402164459229 -0.7980672121047974 1.429878 0.484531 1.313082 0.6608365
2 44.57138061523438 10.37271976470947 0.03459648042917252 11.722727 2.678562 3.409749 -1.469765
1 24.68224906921387 -2.643823146820068 -0.4293201863765717 2.629722 0.928901 0.721641 -0.001599638
1 43.14628219604492 21.57358932495117 -1.004104852676392 2.298962 0.360382 1.221698 -1.525675
1 -1.113603234291077 -3.114048719406128 -0.8469891548156738 5.046176 1.99305 1.627141 0.03740419
6 51.31118011474609 4.545331001281738 -0.4329915344715118 1.218833 0.295946 0.677902 1.569103
4 14.63462066650391 -10.08573246002197 -0.5761381387710571 1.879687 0.606766 1.604833 0.02079884
2 -22.06880187988281 3.21349048614502 -0.3442634046077728 12.159585 2.860257 2.514213 0.01415588
5 17.24498558044434 18.81793785095215 -1.510149717330933 0.201076 0.108673 0.386678 -1.608672
1 -7.022871494293213 -2.68029522895813 -0.9107576012611389 4.413298 2.020317 1.823651 -0.005420928
1 47.36824417114258 27.2843189239502 -0.8708414435386658 4.238302 1.771245 1.524302 1.615918
4 19.15295219421387 -9.171320915222168 -0.7596356868743896 1.398353 0.556091 1.462521 -0.007617863
4 40.99811172485352 23.74691009521484 -0.9826697111129761 1.512725 0.430411 1.202975 -1.418044
6 35.67713928222656 3.556721210479736 -0.1429971009492874 0.309799 0.539245 0.67533 0.1335762
1 7.310580730438232 0.3195392489433289 -0.7972189784049988 3.164238 2.011778 1.856224 0.0203521
2 -56.28141021728516 17.25974464416504 -0.7606032490730286 6.217866 2.265767 1.828368 2.986015
1 -11.76467704772949 3.359469175338745 -1.146098852157593 4.191813 1.790004 1.441466 0.04658039
1 9.220636367797852 3.365622520446777 -1.000198602676392 4.473543 1.794651 1.462393 0.0
4 1.939871430397034 -9.157694816589355 -0.7624725103378296 1.70488 0.802636 1.550261 -0.04974508
6 -1.894961595535278 -4.66533899307251 -0.6624074578285217 0.066537 0.14744 0.070724 0.03740419
1 -4.679357051849365 3.257069110870361 -0.9517911076545715 5.020104 1.885528 1.740297 0.01602266
1 2.909065008163452 3.532608509063721 -0.9384258985519409 4.403725 1.839955 1.632298 0.01602266
1 21.44174957275391 8.945589065551758 -0.6774731874465942 4.42679 1.957894 1.548365 2.765996
1 51.41829681396484 -17.47973823547363 -0.6912853121757507 4.5906 0.573411 1.150679 1.633234