2 -56.60371780395508 17.21625900268555 -0.74357008934021 6.886951 2.30213 1.791026 3.033771
6 35.69000244140625 10.53863430023193 -1.165543556213379 0.597292 0.251783 0.424053 1.899018
1 47.03914642333984 15.73122787475586 -0.7298582196235657 3.940185 0.988947 1.327777 1.62609
5 21.4598331451416 20.08653259277344 -1.580363512039185 0.146863 0.087595 0.420658 3.039115
2 -22.06771087646484 3.351850271224976 -0.3935015201568604 12.094872 2.848745 2.432782 -0.006716852
5 18.75644111633301 19.15443992614746 -1.667371988296509 0.145129 0.096178 0.498453 3.039115
1 -11.7568531036377 3.364230394363403 -1.153469681739807 4.175929 1.73215 1.45597 0.0178736
1 -4.690436840057373 3.261335372924805 -0.9356953501701355 5.022751 1.97959 1.776157 0.0178736
4 19.1731014251709 -9.191683769226074 -0.7425200939178467 1.228967 0.525999 1.435844 -0.005927233
1 42.09611129760742 2.14103889465332 -0.1938194334506989 4.191288 1.727021 0.77683 2.018275
1 14.94315719604492 3.345611333847046 -0.7918480634689331 2.982016 1.59258 1.715874 0.01560091
4 8.162320137023926 -6.388287544250488 -0.7869332432746887 1.61978 0.622963 1.058239 -0.002746022
2 42.79506683349609 27.29751968383789 -0.2090774178504944 11.994743 2.684556 3.308284 -1.522643
5 22.75872611999512 20.83479690551758 -1.65970766544342 0.094731 0.100929 0.409824 3.039115
1 4.966599464416504 -2.401352882385254 -0.9993083477020264 4.197153 1.740723 1.497821 0.01563488
1 19.62374877929688 3.140804290771484 -0.6941848993301392 1.393815 0.499969 0.814146 0.06572948
1 7.327230453491211 0.1930798292160034 -0.7929815053939819 3.212851 2.073229 1.851098 -0.002395966
6 -19.8257007598877 -3.632514238357544 -0.4885453581809998 1.172434 0.595826 0.327277 -0.006290289
1 9.203751564025879 3.390045642852783 -1.00059175491333 4.436974 1.838569 1.467523 -0.002337447
4 -12.15411376953125 -8.317550659179688 -0.9347158670425415 1.909451 0.691005 1.448697 0.0
1 12.35494327545166 -2.251927375793457 -0.7181190252304077 4.483765 1.716709 1.919775 -0.01568242
2 -6.108663082122803 -0.03268130123615265 -0.5712434649467468 6.109271 2.413138 2.068967 0.0178736
6 -13.7280445098877 -3.169287204742432 -0.7321889996528625 2.608676 1.184435 0.493053 -0.006290289
1 -7.121360301971436 -2.675187349319458 -1.104927182197571 4.608199 2.011115 1.416279 -0.006290289
6 20.74490356445313 0.4988978207111359 0.01169147063046694 1.235529 0.924316 0.198839 -0.002395966
1 -1.117073178291321 -3.120030641555786 -0.8754631280899048 5.060959 2.001294 1.683856 0.03536297
1 24.44170951843262 -2.644534826278687 -0.3569304943084717 2.445367 0.768804 0.505342 -0.01568242
2 47.24505233764648 -32.26675796508789 0.3247864842414856 10.892835 2.678447 3.177554 1.651193
1 38.42009735107422 -18.43687248229981 -0.8882491588592529 4.23153 1.313961 1.17208 -1.563033
1 2.755263090133667 3.554720878601074 -0.9349182844161987 4.148836 1.870022 1.626889 -0.002512852
1 18.12441635131836 -1.687241911888123 -0.9226443767547607 3.802252 0.476659 1.421858 0.01561844
2 43.56112289428711 -13.51888275146484 0.3300606906414032 5.707122 2.555657 3.249722 2.113903