1 14.82609748840332 -1.252804279327393 -0.9677131175994873 2.290006 1.18238 1.589002 0.03711496
2 37.28831481933594 -2.363676309585571 -0.0137005690485239 3.70094 0.735032 2.385278 0.02683081
2 4.93565845489502 -2.926097631454468 -0.5659119486808777 8.866555 1.192888 2.393292 0.02037324
1 32.03511428833008 -5.495134830474854 -0.7093757390975952 0.176394 1.605827 0.659665 0.02718062
1 36.60073852539063 4.914050102233887 -1.207983493804932 1.711691 1.768947 0.960063 0.006637812
1 -30.64766693115234 -4.257182598114014 -1.069724559783936 3.796295 1.829412 1.491192 -0.00529153
2 -6.985730171203613 -4.105972766876221 -0.5699774026870728 10.936982 2.982105 2.454576 -0.005581804
1 33.33903121948242 1.224529027938843 -0.8032848238945007 3.324597 1.823357 1.696807 0.03496129
2 14.80702686309815 -3.098716259002686 -0.3972140252590179 8.576857 1.748243 2.714899 0.0291567
6 -46.56599807739258 3.968561172485352 -1.519427180290222 0.851837 1.64596 0.597725 0.04593687
1 -21.89362335205078 4.098727703094482 -1.114020466804504 4.165953 1.914383 1.530606 0.02999719
1 -4.451533794403076 19.01319885253906 -1.564640283584595 4.745926 1.583725 0.852413 -3.120393
1 6.600484848022461 21.69290924072266 -1.692490458488464 3.902726 0.668523 0.903317 -3.113314
2 -46.13431549072266 -0.232693538069725 -0.3970165848731995 3.572697 2.813524 2.813209 0.05421084