1 9.216034889221191 3.359621286392212 -0.9989804625511169 4.470632 1.810705 1.459161 -0.000295737
5 20.21415328979492 19.55017471313477 -1.699289083480835 0.089692 0.145802 0.38757 1.12174e-15
6 28.74308395385742 21.91071319580078 -0.3764853477478027 0.218273 0.310659 0.205883 -2.089317
1 18.1536922454834 -1.696592807769775 -0.9341872334480286 3.851028 0.475428 1.435641 -0.000295737
2 -22.45518302917481 3.346656322479248 -0.3270214200019836 12.163689 2.808132 2.641894 -0.0002957369
2 25.57311630249023 17.00155258178711 -0.2654585540294647 11.88672 2.94872 3.144902 -2.772706
5 17.25065422058106 18.76231575012207 -1.649020671844482 0.139539 0.10439 0.324577 0.0
2 -56.62961959838867 17.3042106628418 -0.7467628717422485 6.906322 2.447168 1.802338 2.988205
2 52.76152801513672 -22.5647087097168 0.6247916221618652 11.377209 2.760334 3.043794 1.655246
4 27.60589981079102 22.38338279724121 -1.260143160820007 1.097514 0.229961 1.141665 -2.274284
6 20.69016075134277 0.6586143374443054 0.01000777911394835 1.406169 1.298191 0.180486 -0.000295737
2 46.68766021728516 -27.36507987976074 0.4985635578632355 5.921167 2.215903 2.676318 1.633343
1 12.41706657409668 -2.249083280563355 -0.7224705815315247 4.625715 1.657963 1.922751 -0.000295737
1 24.56231689453125 -2.673220872879028 -0.3562839031219482 2.374542 0.785254 0.575038 -0.000295737
1 46.06010818481445 -19.76178169250488 -0.6333923935890198 4.137311 1.767422 1.607427 1.691602
1 14.93233394622803 3.300632238388062 -0.7817167639732361 2.992271 1.560281 1.681613 -0.000295737
1 48.75353622436523 -17.85887145996094 -0.6567537188529968 2.363524 1.61039 1.124459 1.620345
4 2.593243598937988 -8.953283309936523 -0.6858224272727966 1.859836 0.824272 1.6369 0.03049697
2 -6.156509876251221 0.004581376910209656 -0.5566946268081665 6.002712 2.409307 2.040051 -0.000295737
1 4.950905323028565 -2.410324573516846 -1.017013072967529 4.18088 1.708922 1.488175 -0.000295737
2 2.157549619674683 13.5042028427124 -0.6123875379562378 11.970759 2.90629 2.763093 3.064734
5 20.81014060974121 -9.682228088378906 -1.350418448448181 0.183078 0.175562 0.307139 1.214147e-15
1 -7.001047134399414 -2.680745124816895 -1.091055870056152 4.37692 2.025651 1.46648 -0.000295737
5 18.75142288208008 19.15867614746094 -1.680318713188171 0.13849 0.109112 0.48826 -1.413393e-15
4 1.801496505737305 -6.460514545440674 -0.9987271428108215 1.741602 0.698913 1.526142 -0.04267344
3 28.52514457702637 23.44195556640625 -1.026795268058777 0.838114 0.778773 1.570633 0.8392454
6 38.55908203125 33.62527847290039 -1.545856833457947 1.06712 0.260612 0.369517 1.402115
1 2.867900848388672 3.45805549621582 -0.9355970621109009 4.321311 1.683351 1.630238 -0.000295737
6 -19.77373695373535 -3.670448303222656 -0.4751601815223694 1.304691 0.572659 0.340513 -0.0002957369
6 -1.900271773338318 -4.657912731170654 -0.6582401990890503 0.075843 0.165195 0.062553 -0.0002957369
1 19.65669059753418 3.130761623382568 -0.703743577003479 1.349086 0.481401 0.822105 -0.000295737
1 -4.677872180938721 3.245931148529053 -0.9493855237960815 5.01381 1.937801 1.767466 -0.000295737
1 -13.79277324676514 -3.205942869186401 -0.7710170149803162 2.735092 1.081619 0.632698 -0.0002957369
1 -11.75049209594727 3.358807802200317 -1.167125225067139 4.165841 1.786473 1.484987 -0.000295737
6 42.034423828125 39.26320648193359 -1.743512392044067 3.085764 0.237359 0.416109 -1.58471
6 52.02182388305664 -4.67318058013916 -0.4375387728214264 0.719297 0.608539 0.679385 -0.04380047
1 7.310474872589111 0.1986514180898666 -0.7952781915664673 3.152939 2.089314 1.851699 -0.000295737
1 -1.122804164886475 -3.137785911560059 -0.8478254675865173 5.043468 1.954182 1.630979 -0.000295737