6 56.71521377563477 -13.05130577087402 -0.7679502367973328 0.953691 0.318526 1.225747 1.485692
2 -6.100437164306641 -0.06564020365476608 -0.635941207408905 6.108626 2.329628 2.197872 0.0167368
1 -14.08030414581299 -3.36212968826294 -0.7374861836433411 2.015584 0.776753 0.544335 0.03800663
3 -18.16863059997559 -8.409624099731445 -1.07125198841095 0.596807 0.543801 1.16986 -0.01374678
1 8.2288818359375 -2.3829345703125 -0.9923192262649536 4.585873 1.866386 1.504548 0.0167368
1 17.89278793334961 -2.434666633605957 -0.7030782103538513 4.52995 1.706461 1.865391 -0.01264388
6 47.10809707641602 -34.2032470703125 -0.5259239673614502 0.329728 1.499982 0.722789 1.690838
6 -19.83065032958984 -3.654935359954834 -0.4861156046390533 1.15595 0.565136 0.314391 0.03800663
1 9.196025848388672 3.396386861801148 -1.044995784759522 4.422059 1.885106 1.436118 0.0167368
1 0.4944147765636444 -3.234961271286011 -0.8204805850982666 4.890648 2.124884 1.551827 0.0167368
1 31.30205726623535 11.08186149597168 -0.7596486210823059 3.905325 2.033585 1.578586 -2.955385
1 28.30478858947754 -1.988229274749756 -0.8648123145103455 0.506826 0.934441 0.684498 0.001544178
1 23.45998001098633 16.25703048706055 -0.9541948437690735 3.932262 1.942697 1.635654 -2.642664
1 38.71255874633789 18.09586715698242 -1.28170108795166 3.967464 1.824651 0.880188 -2.860544
4 -1.969797372817993 -8.65321159362793 -0.2037768363952637 1.097905 1.180156 0.799594 0.0
1 -7.012526035308838 -2.682297945022583 -1.112207293510437 4.389017 2.041272 1.399552 0.0167368
1 2.786698579788208 3.55597448348999 -0.9380722641944885 4.155623 1.884788 1.637443 0.0167368
2 -22.06969451904297 3.199622631072998 -0.3441583216190338 12.185116 2.884817 2.513368 0.01891812
1 31.26766204833984 3.843770980834961 -0.86191326379776 2.666047 1.200967 1.396211 0.0197965
1 -4.712544918060303 3.273823738098145 -0.9403992891311646 4.914552 1.9751 1.754437 0.0167368
6 38.53468704223633 -2.96741247177124 -0.06222054734826088 0.175455 0.653381 0.113307 0.0
1 -11.76856899261475 3.36556339263916 -1.148523092269898 4.188219 1.753621 1.448759 0.0167368
1 10.82453060150147 0.2073476016521454 -0.7704756855964661 3.249117 2.128015 1.797316 0.0167368
6 50.50357055664063 32.0665397644043 -0.9804113507270813 0.389308 0.391832 0.866285 1.655945
4 35.14792251586914 -8.570062637329102 -0.6771479845046997 1.113265 0.509441 1.37696 0.09073646
1 22.70137786865234 3.789861917495728 -0.7467060089111328 3.461239 1.624919 1.709158 0.01115221
1 10.80039787292481 11.16140365600586 -0.946932315826416 4.298234 2.041867 1.592699 3.117615
2 -54.25877380371094 16.98562431335449 -0.7487188577651978 2.204301 2.353103 1.813856 2.972002