1 10.38053035736084 4.980932712554932 -1.211111783981323 2.949266 1.943553 1.417951 0.505731
1 15.73110866546631 -27.09188079833984 -0.8958689570426941 4.893311 1.987164 1.94557 1.619225
1 23.59126853942871 9.734901428222656 -1.37736177444458 3.799195 1.718843 1.574682 -2.838732
5 3.423522233963013 29.29526710510254 -2.000744819641113 0.101332 0.104636 0.383045 3.100889
2 30.99554061889648 11.58190536499023 -0.9035410284996033 5.976214 2.286813 2.953308 -3.010696
1 23.90767860412598 13.79666709899902 -1.76963746547699 0.545677 1.852586 0.58032 -2.983
1 -16.19842338562012 15.17577934265137 -1.289873123168945 4.547223 1.827726 1.469438 -3.061862
1 36.77080154418945 16.78816032409668 -1.55983304977417 2.427712 0.391597 0.98761 -3.087335
3 4.446036815643311 38.47318649291992 -1.556300520896912 0.123565 0.309562 1.431282 1.011665
1 19.00670051574707 -19.68086051940918 -1.225243926048279 4.369036 2.079706 1.465824 1.687355
2 -48.14361953735352 4.042451858520508 0.3233076333999634 5.291246 2.946613 3.281263 -0.009144578
5 -9.118438720703125 -10.28011322021484 -1.507228851318359 0.217796 0.189567 0.347727 2.659044
5 -0.2290017753839493 24.52016067504883 -2.005627155303955 0.274765 0.261123 0.583313 -3.141592
1 11.96278953552246 50.11297607421875 -1.883538603782654 3.51862 1.254748 1.338308 -1.692069
6 52.92470169067383 -3.657926559448242 -1.920807480812073 0.332097 1.445273 0.294245 -0.01329343
3 19.06034088134766 35.76703643798828 -1.843636393547058 1.016527 0.568311 1.505146 0.825509
1 15.38667964935303 -20.55401611328125 -1.140478610992432 4.559617 1.777383 1.429365 1.608477
5 -13.09218406677246 18.14486885070801 -1.774735569953919 0.211998 0.182059 0.482327 -3.136606
5 0.6696251034736633 25.51121330261231 -1.944278836250305 0.183143 0.180219 0.552216 3.141592
2 -18.11883163452148 -0.2061296552419663 -0.6010556221008301 5.863511 2.223796 2.314971 0.009707266
3 4.700294971466065 51.93954849243164 -1.85494863986969 0.351756 0.441016 1.258465 -1.623645
1 10.9020881652832 39.85806655883789 -1.705833554267883 2.410046 2.108772 1.522373 -1.867695
1 32.43488693237305 -0.6094290018081665 -1.347008109092712 1.037417 1.917389 1.403837 0.01909258
3 -43.07244110107422 -8.536202430725098 -0.526823878288269 0.706772 0.637635 1.433147 0.0001611822
5 -3.549778938293457 21.69676399230957 -1.860355257987976 0.113757 0.101767 0.477698 -3.13804
5 -7.892321586608887 -11.15379810333252 -1.502380132675171 0.211963 0.16529 0.351554 2.659044
1 -31.02419281005859 3.337871551513672 -0.8228868842124939 4.481545 1.567454 1.746654 0.001737876
1 25.38096618652344 27.35097885131836 -1.625695466995239 4.386256 1.682188 1.638014 2.515086
5 -11.74498081207275 18.27859306335449 -1.826786518096924 0.156098 0.094722 0.453476 3.141592
4 -15.77718162536621 -10.51888179779053 -0.5637466311454773 1.366886 0.757245 1.773781 -0.04766542
5 -11.63242912292481 -8.547379493713379 -1.41637909412384 0.287114 0.252827 0.351905 2.659044
1 4.569303035736084 3.76441764831543 -0.9622990489006042 3.476518 1.686378 1.703534 0.1477375
1 20.92632675170898 -3.13649320602417 -0.8974513411521912 4.464518 1.69845 1.801661 -0.0002897498
1 -29.00396728515625 12.4806489944458 -1.030275344848633 4.299984 1.944582 1.753869 3.128007
6 23.13189315795898 -29.21007347106934 -0.8615538477897644 0.288795 0.447875 0.20392 1.624213
1 -43.47942352294922 -3.120345115661621 -0.6589328646659851 1.616172 0.968322 0.644719 -0.01917212
1 -13.14137840270996 -3.558141946792603 -0.9925898909568787 4.524941 2.080808 1.462151 -0.02581858
1 -40.24625778198242 3.174817085266113 -1.053355574607849 1.060166 0.177765 1.110289 0.007944175
3 -54.3509635925293 -9.488968849182129 -0.3745008409023285 0.276693 0.421265 1.073465 -8.066556e-16
1 -24.92232894897461 -2.897239446640015 -1.197054743766785 4.363341 1.946755 1.065873 0.002059686
1 -1.951340079307556 -8.688241004943848 -0.9094595313072205 4.928876 2.199142 1.73864 -0.6646132
6 10.3434648513794 7.076792716979981 -0.5216490030288696 0.176259 0.170395 0.173707 0.4720686
1 -48.56379318237305 17.8057918548584 -1.464021325111389 0.759817 1.624849 0.677304 3.088837
1 21.48551559448242 17.29888916015625 -1.095559358596802 4.274074 1.97445 1.174043 -3.08602
1 -9.191997528076172 3.04514741897583 -1.043195128440857 4.531246 1.862111 1.480263 0.008310274
1 -20.07174491882324 3.255575180053711 -0.9198986291885376 4.049249 1.946916 1.592797 0.0
1 10.79013061523438 -2.065215587615967 -1.08080518245697 3.99061 1.82993 1.519523 0.09589663
5 -1.279539585113525 23.42042541503906 -1.891419410705566 0.112525 0.064178 0.502923 3.141592
5 -10.19671630859375 18.58736801147461 -1.746212482452393 0.188868 0.156187 0.43335 -3.140296
5 -2.346133470535278 22.43816947937012 -1.931104421615601 0.154695 0.167083 0.512474 3.140679
5 -10.36558341979981 -9.451045036315918 -1.458080172538757 0.20084 0.197555 0.338309 2.659044
6 49.40869140625 0.3937742114067078 -1.688621520996094 0.873594 0.422068 1.211726 3.141592
3 3.906284809112549 51.87915802001953 -1.855458855628967 0.187394 0.364663 1.265721 -1.623645
1 -56.52885818481445 17.46781730651856 -0.9826403856277466 0.704339 1.502927 0.877693 3.141592
5 -14.84727764129639 17.92187690734863 -1.845720648765564 0.130407 0.156238 0.477246 3.141592
5 -4.853389739990234 20.81693267822266 -1.816350698471069 0.136959 0.075059 0.423074 -3.076641
1 22.89015007019043 42.58292007446289 -2.347992658615112 4.149872 1.565983 1.206641 1.60851
4 30.96930122375488 -10.67611789703369 -1.535438537597656 1.739258 0.84697 1.120243 1.080936
5 -8.787781715393066 18.89339828491211 -1.886837959289551 0.189535 0.163188 0.532256 -3.139255
5 -7.505795001983643 19.4222297668457 -1.888447165489197 0.097228 0.103753 0.427604 3.141592
4 9.009870529174805 30.97033500671387 -1.581626772880554 1.715601 0.576448 1.537795 2.792557
4 26.53452301025391 -15.17283058166504 -1.316075682640076 1.553852 0.699297 1.523511 1.356957
6 28.36618804931641 32.77896499633789 -1.34027898311615 0.513924 0.209067 0.297923 -1.239673
5 -6.161142826080322 20.10678672790527 -1.799420356750488 0.176174 0.189142 0.530634 3.140679
1 35.37856674194336 21.15232467651367 -1.898514747619629 2.510586 1.043689 1.57497 -3.079519
3 14.98803234100342 31.75379753112793 -1.588934898376465 0.357583 0.58954 1.370315 0.8394207
3 11.49968433380127 34.04536819458008 -1.548790216445923 0.523878 0.744165 1.573621 0.7928557