5 11.05332088470459 -8.956058502197266 -1.577443599700928 0.365264 0.33633 0.414877 1.986818
5 19.59511947631836 -8.597282409667969 -1.53198778629303 0.193501 0.308791 0.40449 -1.155525
4 28.37076377868652 -14.8302755355835 -1.241780042648315 1.687188 0.633 1.269506 1.852836
5 38.24106979370117 4.870950222015381 -1.598909616470337 0.216926 0.110985 0.421488 -2.093935
5 26.66659164428711 -6.590322494506836 -1.651065707206726 0.169644 0.274804 0.415714 -1.213258
3 0.2403534948825836 46.35913848876953 -0.7728429436683655 0.28411 0.506336 0.905075 1.218265
5 31.6802978515625 -6.937819004058838 -1.583546042442322 0.116173 0.22812 0.463039 2.208621
1 43.02169036865234 8.477861404418945 -1.384531736373901 1.161227 1.714193 0.558301 0.440846
3 -2.778803825378418 34.96602630615234 -0.9309900403022766 0.30607 0.575036 1.502379 1.441923
3 1.059845685958862 47.07161331176758 -0.6294612288475037 0.326102 0.547391 1.217751 1.573855
1 22.23042297363281 -23.68432998657227 -1.309335947036743 4.019533 1.648976 1.023926 -1.23299
1 31.79790306091309 0.127989649772644 -1.105179309844971 4.273144 1.545612 1.552232 0.9345494
3 -41.50307083129883 -2.785292625427246 -1.200222611427307 0.632404 0.595598 1.339762 -1.85325