6 51.14970016479492 -3.435513973236084 -0.4562830030918121 0.490291 0.288385 0.63773 -0.0612719
1 -20.50149917602539 -0.3833824396133423 -1.574839234352112 2.028732 2.104245 1.021588 -0.004225835
1 35.51676177978516 -3.492472410202026 -0.3933421671390533 3.169588 1.410394 1.565985 -0.05051832
1 -19.2835636138916 -21.48410797119141 -0.9317147731781006 3.531446 1.692581 1.549354 0.04484735
6 -19.65707397460938 -3.405043125152588 -1.786603093147278 0.065607 0.252217 0.110394 -0.0268284
1 26.27424049377441 -0.3420124053955078 -0.6259533762931824 1.873792 1.764966 1.375371 -0.03873847
1 37.30560684204102 -1.120104551315308 -0.4324364960193634 1.320263 1.420953 1.227462 -0.03428236
1 -40.72623825073242 -3.431299924850464 -1.589887499809265 3.327216 1.919329 1.483626 -0.02222587
4 5.872509479522705 -8.270668029785156 -0.9662082195281982 1.906321 0.616479 1.444493 -0.02246487
2 16.83277320861816 -3.484495878219605 -0.3112907409667969 12.747917 2.818276 2.644758 -0.002313539
6 25.58581924438477 -4.261778831481934 -0.6432905793190002 0.528496 1.033215 0.302805 0.02459843
1 -19.10577201843262 -17.73723793029785 -1.031198263168335 4.146852 2.095444 1.652897 -1.531936
1 44.68133544921875 -3.691975831985474 0.2124632298946381 2.449275 0.908911 0.859938 -0.06267636
2 -10.89961814880371 -2.81873345375061 -0.7667136788368225 6.043824 2.195371 2.398902 -0.01993818
1 1.122802734375 -3.411984443664551 -0.9966798424720764 4.768172 1.74251 1.452168 0.0706577