1 7.330720901489258 0.2283738851547241 -0.7788446545600891 3.198365 2.053875 1.807494 -0.02169069
2 -6.143062114715576 -0.03866500407457352 -0.6406524777412415 6.068455 2.343458 2.211918 0.003556499
4 -33.89772796630859 -9.448800086975098 -1.178522706031799 0.917897 0.619983 1.475875 0.02101357
4 28.58015441894531 8.194401741027832 -0.5483028292655945 0.633014 0.90999 0.781619 -1.441804
2 -56.32391738891602 17.19277000427246 -0.8817389607429504 6.25165 2.447291 1.523561 3.009401
6 20.76145744323731 0.6322006583213806 -0.0187355037778616 1.096082 1.270787 0.178913 -0.0216907
1 5.038269519805908 -2.421800374984741 -1.026029586791992 4.355008 1.82252 1.46004 -0.02169069
1 -1.134758353233337 -3.143459558486939 -0.8448401093482971 5.068208 1.912144 1.622485 -0.02169069
6 -13.7967529296875 -3.141832590103149 -0.7032034993171692 2.678545 1.135784 0.509789 0.003556499
1 -7.08221960067749 -2.682582855224609 -1.075441718101502 4.601456 2.027604 1.470698 -0.02169069
6 -1.897690057754517 -4.673317432403565 -0.6575825214385986 0.078513 0.152267 0.08679 -0.02169069
1 4.167309284210205 14.53837776184082 -1.246899962425232 4.059712 1.772214 1.493251 -3.068299
4 19.37142562866211 -9.20986557006836 -0.7573738694190979 1.392044 0.595121 1.42924 -0.004243794
1 24.53396606445313 -2.617029905319214 -0.3807222247123718 2.322613 0.84882 0.591375 -0.0216907
2 51.71988296508789 -6.058387279510498 0.6825687885284424 11.155667 2.937088 2.496816 1.618388
1 38.66477966308594 -20.76576614379883 -0.7794837355613708 4.321228 1.460674 1.438466 -1.488739
1 12.38307285308838 -2.262612104415894 -0.7303162813186646 4.571165 1.691073 1.923874 -0.02169069
1 18.22725486755371 -1.683647632598877 -0.9419184923171997 4.050305 0.559057 1.426595 -0.0216907
1 48.92395401000977 -28.72292900085449 -0.5339053869247437 1.098137 0.239375 0.751098 1.667973
6 -19.83194732666016 -3.624890327453613 -0.4704228639602661 1.234206 0.654823 0.360538 0.003556499
1 -11.76842308044434 3.347426891326904 -1.165786981582642 4.201155 1.774238 1.486144 0.04542463
1 19.97152137756348 3.189893484115601 -0.7149516940116882 1.93902 0.509059 0.823433 0.1119931
1 46.86014175415039 3.354637384414673 -0.3947752416133881 2.032241 0.529818 0.600639 1.703381
1 2.797812223434448 3.564756631851196 -0.8160932660102844 4.172144 1.845654 1.872164 -0.00784043
4 8.143651962280273 -6.416864395141602 -0.806374728679657 1.512739 0.610055 1.081559 -0.03753293
1 40.64614486694336 -13.26388549804688 -0.8824101686477661 3.460546 0.310654 1.094355 -1.488739
1 9.206833839416504 3.49177098274231 -1.006983160972595 4.419746 2.024089 1.460882 0.006913702
1 47.5009765625 26.33395195007324 -1.181814551353455 4.156238 0.300617 0.799209 -1.04042
2 46.07279586791992 -19.53192329406738 0.08576563000679016 5.716081 2.378844 3.0878 1.702224
1 15.02955627441406 3.31909441947937 -0.7908570170402527 3.140296 1.579652 1.680126 0.006913702
1 -4.685151100158691 3.336149454116821 -0.9470215439796448 4.996795 2.102146 1.761195 -0.00784043
2 -22.10919380187988 3.338769197463989 -0.3450107574462891 12.189544 2.852293 2.52164 -0.004613027