2 -14.34973621368408 -3.54071831703186 -0.6038436889648438 6.375508 2.258997 2.325684 0.03336159
6 52.45474243164063 13.42582130432129 -1.364175319671631 3.357635 0.63193 0.40155 3.130266
1 -43.08687210083008 -17.98502159118652 -0.4536440670490265 1.139671 1.401297 1.259221 -1.600774
1 21.74480628967285 0.7961273193359375 -0.9265269041061401 2.667568 1.470925 1.051622 0.05135471
1 -39.5209846496582 -4.902035236358643 -0.7769355773925781 3.558726 1.673539 1.925225 0.1003678
2 7.146399021148682 -3.2142653465271 -0.5376449227333069 12.734376 2.917908 2.405761 0.03844841
1 7.872025489807129 -0.02766918949782848 -1.002351641654968 3.240629 2.018198 1.349287 -0.01880259
1 -6.000167846679688 -3.52482008934021 -1.011890411376953 4.832096 1.914414 1.469445 0.04756391
1 17.90518760681152 -3.003007411956787 -0.9827558398246765 4.447137 1.864963 1.552029 0.006299736
1 7.481425285339356 21.42386436462402 -1.764908075332642 3.81932 1.754807 1.305095 -3.135757
6 48.27780914306641 -1.935139417648315 -1.35193145275116 0.679508 0.778134 0.565734 -0.07721063
6 14.55952262878418 -3.196370124816895 -0.7602337598800659 1.760098 1.493693 0.729225 0.02833465
6 -4.676305770874023 15.96579933166504 -1.197291970252991 0.228405 0.631565 0.578097 0.9342644
2 -1.998765230178833 20.93103408813477 -0.7919315695762634 10.400311 3.34809 3.643424 -3.092065
1 -51.01492691040039 -1.647282361984253 -0.741059422492981 3.30136 1.748338 1.308934 0.005075693
1 -15.80971431732178 -0.5362664461135864 -0.7282166481018066 2.516411 2.1509 0.765204 0.06692906
2 20.55828094482422 21.06387519836426 0.01989676989614964 11.010386 3.079226 2.134576 -3.129624
6 47.27695465087891 17.25471115112305 -0.3091204166412354 3.678192 1.323292 0.452604 -0.0518571
4 -24.12201309204102 -9.509296417236328 -0.9517146944999695 1.488666 0.741457 1.45768 0.1280978
6 42.98963928222656 1.771557450294495 -0.7578156590461731 2.955593 1.280422 0.385004 0.06336877
1 29.42814636230469 -2.500855922698975 -0.812604546546936 4.67837 1.822158 1.862531 0.07433078
1 -5.244738101959229 -0.04222138226032257 -1.047914981842041 3.184822 2.201367 1.487568 0.07171143
1 15.11727809906006 -0.1018109694123268 -0.7896615266799927 3.143994 2.125705 0.954663 0.0389057
1 -25.54781913757324 -3.742896795272827 -0.937291145324707 3.851433 0.804667 1.688994 0.04816273