1 5.951532363891602 -3.46742844581604 -0.8232322931289673 4.511045 1.711223 1.957442 -0.02110551
1 -1.811787605285645 16.67358589172363 -1.845581293106079 2.284572 0.810968 0.859433 3.101621
4 6.25939416885376 -7.946828842163086 -0.994861900806427 1.694729 0.660817 1.471199 -0.0002370517
1 -4.500211715698242 20.09948539733887 -1.890665650367737 2.948931 0.524002 1.167158 3.079379
1 -15.0229959487915 -4.465078830718994 -1.060825705528259 4.256291 2.086435 1.456006 0.02249016
4 29.28049278259277 -7.361811637878418 -1.004510402679443 1.238955 0.744862 1.374308 -0.04735576
4 -4.15849494934082 -7.928734302520752 -0.9468105435371399 1.77795 0.726787 1.558878 0.02249016
1 40.51583099365234 -0.3013324737548828 -0.960929811000824 1.817591 1.714609 1.308302 -0.02798141
1 -41.80633926391602 -5.556245803833008 -0.9836327433586121 2.233572 1.876073 1.328814 0.02036075
6 15.74167728424072 16.58116722106934 -1.942436814308167 2.648289 0.307059 0.849916 3.113007
2 -16.28261375427246 -0.6416506171226501 -0.6390354633331299 6.009734 2.28786 2.300185 0.02175546