6 -23.10978889465332 7.095440864562988 -0.916042149066925 0.252156 1.320553 0.832614 -0.03869738
5 15.62589073181152 -2.975507020950317 -1.657078623771668 0.472143 0.343054 0.623458 -0.004450568
1 37.7980842590332 5.701559543609619 -1.340093374252319 3.224561 1.843636 1.138364 3.11777
6 -5.49207067489624 -2.797237157821655 -1.264028549194336 1.662211 0.347471 1.034297 -0.0182194
2 -39.22049713134766 -33.61739730834961 0.1064043492078781 10.142576 1.971217 2.598752 1.644419
6 -22.99006843566895 -2.845121383666992 -1.108290314674377 1.697016 0.230717 1.283914 -0.0182194
1 35.58324813842773 -4.065010070800781 -1.412990093231201 3.677082 1.790573 1.474109 0.01992419
1 43.47154998779297 5.055031299591065 -1.569588422775269 1.035972 0.501815 0.861805 3.102561
5 -23.26229095458984 1.871186256408691 -1.406890273094177 0.340723 0.317774 0.453015 0.006573258
6 -16.95723342895508 6.236624240875244 -1.147826194763184 1.67017 0.23112 1.295778 3.108451
6 -2.881712675094605 6.001360416412354 -1.313092350959778 1.683993 0.264331 1.053751 0.01549739
5 -26.85789680480957 1.922916531562805 -1.408786177635193 0.221297 0.186438 0.400725 0.006573258
6 -30.18434715270996 1.982699036598206 -1.346062898635864 0.27908 0.33842 0.625098 0.006573258
5 0.9525646567344666 5.800402641296387 -1.478039741516113 0.296857 0.387159 0.712913 -0.008445013
1 -42.77007675170898 10.18486404418945 -0.8462636470794678 4.205775 1.71894 1.609774 2.368284
5 6.784671306610107 5.662261009216309 -1.562240600585938 0.202715 0.235035 0.569768 -0.008445013
5 29.3245964050293 5.250965118408203 -1.724903345108032 0.325828 0.229409 0.647841 -3.048246
5 21.80347442626953 5.366328239440918 -1.662465810775757 0.396633 0.322491 0.438386 -0.008445013
6 27.55084991455078 -3.329675436019898 -1.589763879776001 1.834178 0.172734 0.991238 0.0111933
1 -45.07059860229492 -13.49766349792481 -0.5777756571769714 4.380957 1.506939 1.492121 1.608276
5 21.22318458557129 -3.194537401199341 -1.666130423545837 0.328466 0.23774 0.591421 -0.004450568
4 -46.64516830444336 27.06156921386719 -0.7102081179618835 1.69064 0.409515 1.197334 1.591564
5 -12.72518157958984 1.739627480506897 -1.381718158721924 0.266998 0.300041 0.664184 0.006573258
5 -9.673722267150879 6.049430847167969 -1.457085371017456 0.415464 0.324465 0.714528 3.108451
5 19.16080665588379 5.428913116455078 -1.630585551261902 0.466305 0.272198 0.543699 -0.008445013
5 17.15320205688477 5.45134162902832 -1.685396313667297 0.271183 0.281123 0.537943 -0.008445013
5 14.62385940551758 5.599143028259277 -1.645339727401733 0.297537 0.328409 0.634683 -0.008445013
6 18.46554183959961 -3.153438329696655 -1.459574460983276 1.709587 0.182411 1.024033 -0.004450568
6 -11.2628698348999 -2.784646034240723 -1.253939986228943 1.706687 0.183467 1.042666 -0.0182194
5 -19.69200134277344 1.804295778274536 -1.394203662872315 0.404243 0.323714 0.663173 0.006573258
5 25.58829498291016 -3.218852281570435 -1.760808825492859 0.36257 0.265689 0.530048 0.01992419
5 5.178000926971436 -2.824836015701294 -1.496332168579102 0.372139 0.389342 0.696133 -0.004450568
5 8.994668006896973 -2.924103975296021 -1.52228593826294 0.364958 0.291504 0.535427 -0.004450568
5 10.18795967102051 5.598093032836914 -1.557249307632446 0.352904 0.312381 0.687151 -0.008445013
5 -6.540046215057373 5.891853332519531 -1.516446113586426 0.366669 0.307519 0.614287 3.108451
5 20.39947319030762 5.463461399078369 -1.68934440612793 0.373882 0.289439 0.48351 -0.008445013
1 40.85655975341797 -3.652827501296997 -1.266578674316406 3.441176 1.022862 1.506634 0.05653079
5 3.891508340835571 5.806599617004395 -1.55780291557312 0.338493 0.327783 0.611071 -0.008445013
5 -13.73856830596924 6.033175945281982 -1.480522036552429 0.39394 0.329065 0.556973 3.108451
6 57.5776481628418 -4.436041355133057 -0.6788914799690247 0.275187 1.232195 0.362483 0.02642122
6 -17.28026580810547 -2.695318937301636 -1.081201314926148 1.730741 0.358474 1.325634 -0.0182194
1 47.54337692260742 2.327107667922974 -1.631576895713806 1.756589 1.864514 1.189183 -3.121668
6 -22.54497909545898 6.318222045898438 -1.291669607162476 1.670362 0.157571 1.070521 3.132274
6 26.32009124755859 5.287355422973633 -1.568350076675415 2.489215 0.275988 1.052282 0.001204196
5 35.67668151855469 4.773596286773682 -1.79818332195282 0.300823 0.208107 0.50472 3.120584
6 31.88586235046387 5.212644577026367 -1.598965167999268 1.925211 0.224977 0.891271 3.133379
5 24.51633453369141 5.287750244140625 -1.711844086647034 0.268061 0.22838 0.500621 -0.008445013
6 34.18865585327148 5.195785522460938 -1.68604040145874 1.643586 0.256871 0.907625 -3.139334
5 2.473571062088013 -2.749152421951294 -1.481322884559631 0.437959 0.458373 0.673816 -0.004450568
5 12.39652919769287 -2.988362789154053 -1.538911819458008 0.327063 0.281423 0.539162 -0.004450568
5 -16.16110420227051 1.78884494304657 -1.418575167655945 0.294134 0.303334 0.640824 0.006573258
6 49.93468475341797 5.065739154815674 -1.652518391609192 0.416244 0.193799 0.630381 3.126148
5 23.23609352111816 5.244017124176025 -1.699126124382019 0.320156 0.324922 0.642214 -0.008445013
6 30.93610191345215 -3.291910648345947 -1.482451915740967 3.130503 0.327106 0.939191 0.05000218
5 12.59483337402344 5.604793548583984 -1.630304932594299 0.478931 0.350224 0.63294 -0.008445013
1 53.84008407592773 4.921850681304932 -1.788058042526245 0.810107 0.449238 0.669439 3.112657
5 24.10595512390137 -3.131520509719849 -1.735044956207275 0.192342 0.24323 0.316857 -0.004450568