1 18.06641006469727 -1.662527918815613 -0.9023687839508057 3.632916 0.471318 1.39227 0.02159761
1 24.69246482849121 -2.640738010406494 -0.4347520470619202 2.623403 0.810951 0.697494 0.0376123
1 49.0148811340332 -29.95194053649902 -0.490581601858139 3.595102 0.334165 0.688191 1.687801
1 2.828090906143189 3.474021434783936 -0.9523162841796875 4.250864 1.66794 1.621535 0.01418528
1 12.50850486755371 -2.215867757797241 -0.7067115902900696 4.809453 1.651906 1.904206 -0.005532397
2 51.81244277954102 -8.83824634552002 0.43851438164711 11.434576 2.764341 3.178127 1.623371
1 -11.81523990631104 3.367307186126709 -1.196833610534668 4.273522 1.676842 1.469406 0.01250707
1 38.51562881469727 -15.43808460235596 -0.6780239343643188 3.822631 1.697976 1.356809 -1.494465
1 7.331388473510742 0.2061648964881897 -0.7854769825935364 3.187509 2.092365 1.840807 0.01298657
1 -1.157891273498535 -3.127054929733276 -0.8724642395973206 5.124586 1.946316 1.677531 0.02352038
1 -7.00276517868042 -2.673084259033203 -1.117205619812012 4.313498 1.917574 1.432839 -0.006844113
5 18.76461410522461 19.16971778869629 -1.673769354820252 0.092862 0.127084 0.514412 0.2259288
1 -4.688323497772217 3.342263698577881 -0.9597548246383667 5.024981 2.026423 1.753671 0.005736723
4 19.38245964050293 -9.190540313720703 -0.6978548169136047 1.192019 0.561424 1.611881 -0.002112389
1 48.09968948364258 -14.82461738586426 -1.030539155006409 1.94109 0.167057 0.71235 1.698207
2 46.09349822998047 -20.91094779968262 0.619672954082489 5.686009 2.348393 2.206276 1.690383
5 21.45666313171387 20.11742210388184 -1.58256995677948 0.068268 0.102855 0.364985 0.2259288
1 47.15572357177734 -1.42247211933136 -0.5614219903945923 3.160614 0.616088 1.003645 1.652863
2 -56.25630569458008 17.27491188049316 -0.7628257870674133 6.188584 2.275679 1.815986 3.000224
1 14.92530250549316 3.315496921539307 -0.7720948457717896 2.955316 1.559518 1.683825 0.0080057
6 -19.80531311035156 -3.651744365692139 -0.4877714514732361 1.219529 0.485304 0.303204 0.03565539
6 -13.76251602172852 -3.223427057266235 -0.7238441705703735 2.65562 1.001917 0.4573 0.04081014
4 28.7075366973877 8.659876823425293 -0.6071743965148926 0.990335 0.959662 1.355635 -1.495817
5 20.23762702941895 19.57252883911133 -1.687816143035889 0.111981 0.180315 0.359658 0.2259288
1 19.94887161254883 3.157602310180664 -0.703227162361145 1.850056 0.436146 0.794556 0.02295329
4 -35.91312408447266 -9.496082305908203 -1.147107601165772 0.923562 0.50166 1.400094 -0.06422562
1 39.87023162841797 4.113851070404053 -0.2795794606208801 2.320308 0.147959 0.504633 -1.52696
4 8.164229393005371 -6.429073333740234 -0.7964245676994324 1.458699 0.59352 1.050639 -0.04000227
1 9.814111709594727 15.00247764587402 -0.840789258480072 4.358802 1.624134 0.652684 -3.033981
1 5.172966003417969 -2.379956245422363 -1.018522143363953 4.627342 1.654636 1.455495 0.02197471
1 9.215499877929688 3.364007472991943 -1.025238156318665 4.449416 1.801851 1.400606 0.0080057
5 17.22611618041992 18.78094291687012 -1.578181147575378 0.046035 0.101636 0.463945 1.217825
6 -1.89984405040741 -4.662645816802979 -0.6611737608909607 0.051829 0.129597 0.061995 0.04081014
1 -54.36906433105469 21.13793182373047 -1.974959373474121 0.348895 1.407468 0.680882 3.036739
2 -21.99667358398438 3.176739692687988 -0.4393211603164673 12.03872 2.788934 2.504139 0.02092496
6 20.7550163269043 0.6845263242721558 0.01472946908324957 1.237518 1.217462 0.168828 0.02295329
2 -6.08909797668457 -0.08158118277788162 -0.6348400712013245 6.134258 2.26742 2.192655 0.02701768
1 46.10967254638672 29.62526321411133 -1.158012866973877 4.435759 0.988257 1.410308 -1.119669