1 -48.05928039550781 -0.6496832370758057 -0.8779394626617432 4.608289 1.689373 1.769704 -3.038639
1 -7.315458297729492 -4.900399208068848 -0.8653508424758911 4.66246 1.899671 1.682101 0.005024024
1 -42.06794357299805 -9.511897087097168 -0.3405610024929047 1.576927 0.452867 0.622653 0.1194355
4 0.1584767997264862 -5.409187316894531 -1.209171056747437 1.47266 0.447596 1.064036 -2.383209
1 -32.96652984619141 31.08262634277344 -1.301612138748169 3.504903 1.514293 0.897464 -1.471595
1 -41.7784309387207 0.01697367057204247 -1.021468281745911 3.717582 1.657434 1.526333 -2.939697
6 -32.78253555297852 1.655900359153748 -1.635445594787598 0.254851 0.231542 0.289822 -2.654196
6 -23.15185546875 12.03921031951904 -1.759252548217773 0.353633 0.231294 0.321313 1.423952
2 -20.38520431518555 -4.006429195404053 -0.6462094187736511 6.092618 2.471291 2.152658 -0.8884177
1 -2.279044151306152 -4.337840557098389 -0.9732524752616882 4.454719 1.782055 1.500212 0.1801588
4 7.941524505615234 11.59053039550781 -1.673124432563782 0.924717 0.309639 0.58378 -2.904873
6 -36.54632949829102 1.39934515953064 -1.100740909576416 1.604741 0.242669 0.479168 -1.880288
1 -12.52750492095947 -5.391039371490479 -0.8995124101638794 3.681032 1.90785 1.623531 0.1291021
5 -13.85778713226318 13.14557361602783 -1.778697729110718 0.391348 0.23437 0.469637 -2.623056
1 -22.72528076171875 6.823060512542725 -1.004793643951416 4.197049 1.727614 1.720793 -1.981542