1 31.37231826782227 -9.388687133789062 -0.7022061944007874 2.49665 0.671959 0.624259 -0.1722808
1 -2.550926685333252 -4.900137901306152 -1.05072283744812 4.787654 1.880049 1.479471 -0.05714709
1 8.154409408569336 -6.221139907836914 -0.9602361917495728 4.484788 1.91087 1.673143 -0.1256031
6 -54.20876693725586 14.29437351226807 -1.417932748794556 0.587282 0.276611 0.344749 3.087872
1 -43.51475143432617 12.96450519561768 -1.192996740341187 1.865018 0.845851 1.250444 3.074594
2 14.23143768310547 -4.295344829559326 -0.6900807023048401 6.0573 3.111144 2.179646 -1.171606
1 -16.28058624267578 8.146512031555176 -1.211195588111877 4.230362 1.33554 1.443904 2.988252
1 13.01016807556152 32.48155975341797 -1.334875106811523 3.596508 1.836249 1.321378 -1.761815
5 -1.886868357658386 5.174045562744141 -1.566378116607666 0.365854 0.382822 0.599117 -3.141592
1 -53.87915420532227 5.382263660430908 -1.164721608161926 2.228923 1.077983 1.360352 -0.1095943
6 0.8228340744972229 5.857963562011719 -1.237802863121033 1.711997 0.265115 1.297722 0.9656966
1 -36.43228149414063 1.982063174247742 -0.9731683135032654 4.523489 1.449977 2.031085 -0.1713793
5 -1.240129947662354 5.393777370452881 -1.583209872245789 0.464303 0.382532 0.570528 3.141592
6 -47.16801452636719 4.523178577423096 -1.439077377319336 0.652309 0.356863 0.797836 -0.1713793
1 -19.70463371276856 -0.8850247859954834 -1.134328961372376 4.292315 1.773346 1.526464 -0.1937717
1 -10.82368564605713 7.435969829559326 -0.9330227971076965 4.785707 1.932508 1.963489 2.933828
1 -41.93932723999023 3.336658477783203 -0.9471530914306641 2.596967 0.834486 1.245982 -0.1713793
6 26.16158676147461 -8.164586067199707 -0.6667235493659973 2.687406 0.563146 0.395282 -0.1722808
1 -4.857768058776856 6.300390720367432 -1.020573616027832 4.324776 1.935203 1.713552 2.959389
1 -21.8873176574707 9.343695640563965 -1.208133816719055 3.970322 1.625084 1.457334 3.023612
1 -30.63844108581543 0.8799301981925964 -1.04766309261322 2.92698 1.350212 1.809119 -0.1713793
1 3.217654466629028 -5.633011817932129 -1.046578407287598 4.500313 1.954714 1.443877 -0.08100379
1 -24.98700714111328 0.005471169948577881 -1.025506615638733 3.705616 1.571933 1.698628 -0.1812165
1 -12.63945388793945 -2.053877115249634 -1.128608584403992 4.760419 1.803183 1.468462 -0.2410599
1 -27.56840515136719 10.1561861038208 -1.226457357406616 3.994988 1.276406 1.412836 3.010466
1 -7.376700878143311 -3.661644458770752 -0.9639334082603455 4.631452 2.053206 1.709478 -0.3413211
1 -38.56088638305664 12.17848014831543 -1.351937413215637 3.733926 1.63577 1.102614 2.949449
1 -47.95384979248047 13.33195018768311 -1.319945693016052 1.104666 0.582994 1.311371 3.051749