1 -11.75847053527832 3.364066600799561 -1.168872714042664 4.179055 1.743335 1.486219 0.03301081
1 9.217616081237793 3.324241638183594 -1.023923635482788 4.48035 1.77901 1.403651 -0.02941141
6 45.15401840209961 27.21821975708008 -1.321488857269287 0.96271 1.029168 0.313541 -1.432202
6 48.41574859619141 -15.26101493835449 -1.06893789768219 0.40774 0.76919 0.77837 1.694137
1 12.39596652984619 -2.226819276809692 -0.7154569029808044 4.564335 1.652274 1.908523 0.0004114528
4 19.50581169128418 -9.202289581298828 -0.7531412243843079 1.152727 0.609547 1.442767 -0.04537879
1 2.787753105163574 3.475548505783081 -0.9372448325157166 4.160576 1.709723 1.63622 0.02137318
1 14.95330905914307 3.322960615158081 -0.7832890152931213 3.001318 1.655512 1.688763 0.02872788
1 41.93450164794922 -27.45538711547852 -0.8897237181663513 3.957782 0.442338 0.97493 -1.497168
1 5.001346111297607 -2.393668651580811 -1.014292478561401 4.267336 1.706702 1.479185 0.01215129
1 -7.010172367095947 -2.685789585113525 -1.109638929367065 4.350247 2.029357 1.425249 8.882111e-05
2 46.6994514465332 -27.26212692260742 0.463189572095871 6.102105 2.126251 2.613611 1.619502
1 -1.093092679977417 -3.118789196014404 -0.7254274487495422 5.031329 2.056077 1.758547 0.05330204
2 49.05400848388672 -36.86895751953125 -0.08724753558635712 4.643441 1.010609 1.800959 1.615389
4 6.766645431518555 -6.114101409912109 -0.9382307529449463 1.45221 0.645987 1.392061 0.0247771
2 52.7180061340332 -21.94761657714844 0.3636012375354767 11.141979 2.938833 3.667495 1.664997
6 -1.902058482170105 -4.664002895355225 -0.6594111919403076 0.072595 0.187829 0.073365 0.05330204
6 20.76576614379883 0.6514041423797607 -0.01534243114292622 1.299906 1.285796 0.174624 0.01215129
3 28.77838134765625 13.20126342773438 -0.8951343894004822 0.955164 0.995294 1.452952 -1.497168
1 37.54567718505859 14.71467113494873 -0.9365342259407043 4.193296 1.77837 1.31579 -1.564328
1 -4.679475784301758 3.254887819290161 -0.9679111838340759 5.013489 1.872827 1.706273 -0.005019408
1 7.315871238708496 0.2000216245651245 -0.7762402296066284 3.182841 2.12799 1.812699 0.01215129
2 -6.15484094619751 -0.06149835139513016 -0.5201464295387268 6.001435 2.402677 1.966317 0.03465785
1 38.1947135925293 28.28816223144531 -1.548330307006836 3.779233 0.633925 0.663917 -1.594307
1 55.98437881469727 9.4410400390625 -0.739742636680603 3.183582 1.212163 1.234189 -0.7345322
6 -13.79031372070313 -3.215635299682617 -0.7273998260498047 2.704338 1.045649 0.459428 0.01283865
1 38.42240905761719 -14.80442333221436 -0.6206710934638977 4.580301 1.826955 1.613755 -1.497168
5 18.76783561706543 19.13467597961426 -1.669572353363037 0.138523 0.156331 0.502305 0.05714427
1 19.62530326843262 3.152585029602051 -0.7042494416236877 1.394172 0.55315 0.823366 0.1081807
6 -19.80437660217285 -3.644089698791504 -0.4623376131057739 1.288307 0.615466 0.35502 0.01283865
1 18.12692832946777 -1.689488291740418 -0.9273014664649963 3.815315 0.489413 1.422342 0.01215129
5 22.80551910400391 20.8367919921875 -1.669206619262695 0.144838 0.155795 0.439609 0.1760146
5 17.26880645751953 18.76840400695801 -1.577471852302551 0.157203 0.139801 0.522001 0.05714427
2 -38.40604019165039 19.58259963989258 -0.4215965569019318 12.245522 2.695771 2.806238 2.99389
1 24.54126930236816 -2.646264553070068 -0.356536477804184 2.341995 0.830833 0.575258 0.01215129
1 32.88626861572266 28.0902042388916 -1.369576692581177 4.041841 1.569152 0.979569 -1.957196
1 39.14006042480469 35.92193603515625 -1.490935325622559 0.836701 0.261664 0.652432 -1.603134
1 45.46408843994141 -19.37308120727539 -0.1702859848737717 1.904131 0.33447 0.682995 1.600425
1 -23.73074531555176 15.78433322906494 -0.9311496019363403 1.454494 1.378368 0.545992 2.996481
2 -56.61650466918945 17.25837898254395 -0.7236716151237488 6.87347 2.484505 1.755529 3.032716
2 -22.02836036682129 3.335280895233154 -0.3918317258358002 12.043006 2.800623 2.432988 -0.003649216