1 -24.38866233825684 12.31438732147217 -1.228755950927734 4.481105 1.98092 1.607889 -2.970441
4 -2.930315256118774 -15.11356830596924 -0.9256263971328735 1.195837 0.884225 1.543126 1.231004
4 -19.74630165100098 6.601231575012207 -0.7367310523986816 1.502655 0.516468 0.897313 0.5303785
1 -50.32545471191406 -4.314321994781494 -1.050059318542481 2.222971 1.542038 1.308555 -0.1106534
3 -39.42349624633789 -11.95884037017822 -0.6635871529579163 0.38773 0.573931 0.80724 0.9849185
1 -18.83602142333984 4.990992546081543 -1.065563678741455 4.540674 1.93043 1.407756 0.5099155
1 -14.21019840240479 -4.308964729309082 -0.9440162777900696 4.342853 2.106897 1.463163 0.01980161
3 -26.98846054077148 50.56893539428711 -1.911142110824585 0.366878 0.486755 0.701934 -1.70305
1 -10.84954738616943 44.15397644042969 -1.987570524215698 4.306854 1.804832 1.250226 1.394673
2 -20.17208099365234 -0.3388170897960663 -0.638460099697113 5.921683 2.270711 2.173645 -0.0370675
1 55.28399658203125 17.5388240814209 -0.7661593556404114 5.85381 1.986537 1.591216 3.087629
4 1.325171113014221 -10.86929607391357 -1.099335670471191 1.622154 0.974286 1.323718 0.6435604
3 -28.88873481750488 33.82278823852539 -1.521779179573059 0.917154 0.510217 1.177508 0.0
3 -26.99350929260254 43.2258415222168 -1.749580025672913 0.42198 0.56782 1.279661 -1.684993
3 23.45951843261719 -9.831110954284668 -1.178330302238464 0.646223 0.442278 0.846592 1.404188
1 -23.51054763793945 -29.53720664978027 -0.8004024028778076 4.557181 1.803599 1.685392 -1.438498
6 -2.079336404800415 32.67248153686523 -1.23009192943573 0.328229 0.370854 0.502345 1.802311
1 -24.95160293579102 16.79678535461426 -1.31959855556488 3.105877 1.720645 1.539871 -2.955897
1 17.01334190368652 -3.256499767303467 -0.9231342673301697 4.616001 1.880401 1.882776 0.01243246
3 -14.93474769592285 33.88679504394531 -1.541766881942749 0.480654 0.489193 1.610605 -2.887315
1 -42.91379928588867 14.27212715148926 -1.447707533836365 4.132396 1.785849 1.094006 -3.126675
1 -6.064855575561523 9.689736366271973 -1.089380502700806 4.54952 1.883019 1.584651 -2.765628
1 -24.79917907714844 3.406515598297119 -1.015462517738342 3.496783 1.761661 1.659324 0.1767012
4 -10.81266307830811 -15.93503284454346 -0.9538465142250061 1.886921 0.75331 1.431115 2.722538
3 -20.9989013671875 30.94587326049805 -1.643138766288757 0.499831 0.665045 1.427609 1.41902
1 -13.60687637329102 -27.83929061889648 -0.4049747586250305 4.036674 1.880162 1.623593 1.674338
4 25.66843032836914 -7.13557767868042 -0.9837436676025391 1.028588 0.44781 1.37096 -0.0397094
1 -19.50192070007324 39.65414047241211 -1.714646339416504 3.999752 2.099233 1.570734 -1.67673
1 12.81759357452393 0.1078301072120667 -1.073761820793152 3.152399 2.042253 1.451347 0.05019617
1 -10.44691848754883 -19.96707725524902 -0.8338739275932312 4.543782 1.83804 1.612126 1.641207
6 -41.40212249755859 9.931841850280762 -1.117008686065674 0.671625 0.839129 0.053986 -2.716018
6 18.78341484069824 20.63930892944336 -1.993377208709717 0.913513 0.252322 0.507174 -3.026245
2 0.8616734147071838 11.44476509094238 -0.661339282989502 6.133525 2.390788 2.59314 -2.991434
1 -6.318532943725586 34.41767120361328 -1.960369944572449 4.093186 1.565382 1.101896 1.96746
1 -34.71206283569336 -6.087041854858398 -1.304813742637634 4.486242 1.751423 0.99205 -0.3698215
4 -26.97635459899902 47.86407852172852 -1.891667604446411 0.631315 0.4575 1.351061 -1.794091
1 -31.30149841308594 2.204558372497559 -1.274146795272827 2.180081 1.349908 1.048609 -0.02907879
1 -18.37418556213379 46.06326675415039 -1.877392530441284 4.406204 1.158409 1.200924 -1.658601
1 13.14258480072022 17.87887001037598 -1.490055322647095 4.339548 1.8319 1.488318 -3.124444
1 26.43767547607422 17.77332305908203 -1.420872807502747 4.401817 1.737585 1.132997 3.087629
5 33.60776138305664 5.135795116424561 -1.542654991149902 0.256175 0.229137 0.485855 1.271916
2 43.739013671875 21.46650314331055 -0.6845554709434509 11.345166 2.971608 2.514167 -3.129135
1 -40.50019454956055 1.57250189781189 -1.484605550765991 0.860268 0.296845 0.961254 0.02216915
3 32.39654541015625 5.620923042297363 -1.195621967315674 0.635914 0.47589 1.517705 1.514837
1 -13.95725440979004 -20.51595497131348 -0.90213942527771 3.740922 1.751961 1.427344 1.652789
1 44.03818511962891 -1.036075830459595 -0.8701656460762024 0.844038 1.742018 1.463723 -0.09342871
6 -6.563712120056152 11.18177700042725 -0.8169289231300354 1.243866 0.333862 0.167558 -2.757922