6 -19.83579254150391 -3.667525291442871 -0.4906974732875824 1.188815 0.582694 0.324764 0.01412388
1 7.350391864776611 0.2314222007989883 -0.7986713647842407 3.235555 2.037157 1.85258 -0.03953544
5 20.78510093688965 -9.679697036743164 -1.355818748474121 0.142911 0.197773 0.31018 2.923361
1 47.27468109130859 34.69243240356445 -1.121003150939941 3.390858 1.438261 1.16467 1.620312
4 19.14148330688477 -9.203044891357422 -0.6821865439414978 1.397249 0.548465 1.574171 -0.003369862
6 34.36531448364258 3.401494026184082 -0.1368554383516312 1.619188 1.452444 0.356149 2.500343
1 12.1819429397583 -2.237285852432251 -0.737609326839447 4.156283 1.750942 1.945461 -0.02010573
1 2.834506750106812 3.45864748954773 -0.9389278888702393 4.247549 1.662891 1.630896 0.02524997
1 46.08184814453125 26.60785102844238 -1.025058031082153 3.735826 0.471686 1.108797 1.59669
4 8.165496826171875 -6.373727321624756 -0.7872529029846191 1.632835 0.623701 1.055164 0.01412386
6 -1.895721197128296 -4.655648231506348 -0.6865344643592834 0.154794 0.239074 0.20615 -3.075193
2 -22.03924751281738 3.214204072952271 -0.3458277583122253 12.115912 2.860609 2.523197 0.01412387
1 24.53221130371094 7.312791347503662 -0.6524059176445007 2.162017 1.475647 0.822991 2.814396
3 13.52168655395508 -8.490545272827148 -0.5684525966644287 0.657473 0.479549 1.425938 -3.065903
2 44.6141242980957 10.47158145904541 0.03120913729071617 11.832458 2.79388 3.47128 -1.45631
3 -4.444542407989502 -8.31438159942627 -0.272766649723053 0.312751 0.575226 0.475669 -0.05764654
1 -11.75905609130859 3.359127283096314 -1.146457195281982 4.180714 1.74832 1.445901 0.01412388
2 7.453312397003174 12.01721096038818 -0.5040341019630432 11.092273 3.274546 2.661094 2.997712
6 -13.72729206085205 -3.248519659042358 -0.7188065052032471 2.787622 1.032647 0.521981 0.01412388
2 -56.33568572998047 17.24049377441406 -0.7388129830360413 6.332869 2.290003 1.799439 3.027129
1 -7.001252174377441 -2.673148632049561 -1.074662685394287 4.376498 2.034308 1.474515 0.01412388
1 14.95283031463623 3.339569330215454 -0.7923290729522705 3.000097 1.607087 1.679281 0.02914542
2 51.04323959350586 23.55123138427734 -0.02000720053911209 9.099351 2.435814 3.13633 1.557066
1 18.12542724609375 -1.67793881893158 -0.9329777359962463 3.817875 0.475869 1.421355 0.03069091
6 48.09654235839844 -0.5213080644607544 -0.274490624666214 1.841954 0.506663 0.374629 1.60437
4 26.26307106018066 -15.79035949707031 -0.5772345066070557 0.727263 0.802178 1.544476 -0.6882962
1 -4.681314468383789 3.265866756439209 -0.9446741938591003 4.975821 1.981501 1.75746 0.01412388
4 6.922430038452148 -9.612573623657227 -0.7075085639953613 1.881961 0.784732 1.525055 -0.003369862
1 24.52746963500977 -2.645381927490234 -0.3741218447685242 2.349566 0.804932 0.544089 -0.03953544
1 43.27042007446289 20.72091484069824 -1.332962393760681 4.023333 0.394611 0.601635 -1.446913
4 41.05990219116211 23.8428955078125 -1.006769061088562 1.502216 0.613903 1.222171 -1.385811
2 -6.146532535552979 -0.08632643520832062 -0.561501145362854 6.01931 2.300587 2.051009 0.01412388
1 -1.092296957969666 -3.112378597259522 -0.844009518623352 5.026658 2.049501 1.621004 0.05322389
6 36.13846206665039 8.453656196594238 -0.1805475801229477 0.321306 0.216568 0.268765 2.500343
4 27.84940147399902 -11.72294902801514 -0.8369791507720947 1.136204 0.50692 1.362862 0.5397089
6 20.79548263549805 0.6371448636054993 -0.003963770810514689 1.245013 1.343759 0.203636 -0.03953544
1 4.943340301513672 -2.442785501480103 -0.9925107359886169 4.167386 1.784619 1.541621 0.02524997
1 9.195940017700195 3.368165969848633 -1.034945845603943 4.410347 1.884782 1.416343 0.02524997
1 19.61913871765137 3.158418416976929 -0.7075307369232178 1.394211 0.517692 0.815228 0.08949216