2 -1.930757164955139 -3.099597454071045 -0.6111430525779724 11.053885 1.291863 2.316229 0.00978746
4 16.79588508605957 -1.211512684822083 -0.9754282236099243 2.592791 1.339095 1.519369 0.0
2 37.56173706054688 -2.394180059432983 0.02928308397531509 11.165229 0.749731 2.580675 0.02219016
2 21.20260810852051 -3.028129577636719 -0.3310507535934448 11.690303 2.171626 2.857007 0.0
4 -57.37736511230469 -6.089352130889893 -0.9727737307548523 0.442387 0.581476 0.93182 0.004355627
2 9.475567817687988 -2.792193651199341 -0.4907947778701782 11.287797 1.229753 2.506264 0.0115741
1 32.31605911254883 1.307489633560181 -0.7974398136138916 3.468244 1.842326 1.655548 0.0151707
1 -48.50388336181641 3.929069042205811 -1.608121871948242 0.904759 1.692763 0.594936 -0.01419118
1 -23.87291717529297 4.044140338897705 -1.142996668815613 4.003356 1.85347 1.488026 0.03837823
1 -25.61436080932617 -4.214941024780273 -1.141883373260498 3.946963 1.889861 1.395336 0.01857058
1 34.60252380371094 4.970191955566406 -1.282636046409607 4.68109 1.736986 0.916672 0.0151707
1 5.065490245819092 18.86577987670898 -1.512908458709717 2.717379 1.11802 0.806014 -3.116165
2 -45.97172546386719 -0.09018293023109436 -0.5546993017196655 3.126422 2.733352 2.469155 -0.01419118
4 -55.25696182250977 -5.182451248168945 -1.345944881439209 0.843419 0.490959 1.111296 -0.0350381
1 16.49489784240723 21.98691177368164 -1.732680916786194 3.986817 1.140316 0.785711 3.089233