4 43.26650238037109 -20.83121490478516 -0.1422994732856751 3.089264 0.889264 1.149619 1.548968
1 13.38057708740234 4.286313056945801 -0.8071009516716003 4.248484 2.027169 1.743685 0.002657569
2 -39.83515930175781 -5.783753871917725 -0.2560112476348877 11.006768 2.620679 3.7821 0.02997651
4 11.18718338012695 -3.192420244216919 -0.8896506428718567 1.257835 0.648884 1.602082 2.919122
4 -26.48563766479492 -8.214908599853516 -1.346181035041809 1.697239 0.340417 1.161194 -4.455869e-16
1 -51.33531188964844 -1.222660779953003 -1.704036116600037 1.131543 1.826865 0.689776 0.01243472
2 -0.2904354631900787 -4.448527812957764 -0.6752276420593262 11.049054 2.790411 2.286401 0.03731831
6 49.32793426513672 3.916450500488281 -0.6340788006782532 0.391141 1.531652 0.405099 -0.01997381
6 39.71282958984375 -27.68810081481934 -0.3057700097560883 1.435041 0.194435 0.339655 1.555297
2 -52.16524505615234 -5.98591947555542 -0.2783651053905487 11.810395 2.958427 4.607124 0.03079456
1 33.0816764831543 0.4669633209705353 -0.747434675693512 2.102189 1.841658 1.513433 0.03136783
6 40.23802947998047 -21.83371162414551 -0.4702392220497131 1.034218 1.085813 1.258425 -1.640705
4 4.918331146240234 -2.384945631027222 -0.9583832621574402 1.534607 0.708118 1.51617 -3.120661
5 23.61518669128418 -9.262330055236816 -1.066975235939026 0.167859 0.161627 0.338823 0.1399924
1 7.02761173248291 17.05251502990723 -1.240980267524719 4.303093 0.587367 0.707715 -3.104317
4 -8.143630027770996 -2.941025972366333 -1.083433508872986 1.586939 0.820713 1.560707 -3.110423
5 24.8808650970459 -10.40160846710205 -1.143107891082764 0.115686 0.115325 0.367871 0.1399924
1 -23.16773414611816 1.519493579864502 -1.1843341588974 3.984613 2.051713 1.615677 0.04915147
4 -4.029999732971191 -2.687283039093018 -1.079477429389954 1.875719 0.818685 1.47202 -3.089632
5 22.39418601989746 -8.2403564453125 -1.161388039588928 0.187626 0.186488 0.310588 0.1399924
6 30.65932655334473 -21.46413421630859 -0.4006727039813995 0.720969 0.134358 0.230584 -1.526117
2 -28.50871276855469 -5.524440288543701 -0.4011818766593933 11.215 3.123906 3.255721 0.02997651
5 35.48074722290039 -14.26727199554443 -1.053500056266785 0.160202 0.283643 0.441262 -0.9179102