6 -5.59812068939209 6.10893440246582 -1.154424548149109 1.656599 0.494893 1.291401 -0.04072879
6 5.998160362243652 -2.783629894256592 -1.342029690742493 1.701463 0.459433 1.033087 -3.076695
5 -4.761700630187988 1.58169686794281 -1.457112669944763 0.336486 0.326962 0.658719 -1.725242
5 31.83884048461914 5.829137325286865 -1.6328444480896 0.174625 0.179794 0.445645 -0.04072879
5 -2.441039085388184 5.870406627655029 -1.489291191101074 0.321073 0.369955 0.644273 -0.04072879
5 21.52985572814941 5.900786876678467 -1.607403516769409 0.27016 0.251319 0.577857 -0.04072879
5 10.34421157836914 -2.592988729476929 -1.541758060455322 0.342688 0.305157 0.699639 -3.06741
4 -12.13912105560303 9.621572494506836 -0.6769164204597473 2.850414 1.303292 1.001772 -3.092004
5 25.98736763000488 6.025973796844482 -1.713959693908691 0.225657 0.249389 0.50669 -0.0393917
5 34.60722351074219 5.792090892791748 -1.793795228004456 0.139649 0.223459 0.460843 -0.04072879
6 -5.792651176452637 -2.872765779495239 -1.172261476516724 1.661994 0.411397 1.259715 3.126087
5 -22.98971176147461 10.60576629638672 -1.326151967048645 0.142174 0.117435 0.357969 0.9305443
5 15.186692237854 5.96068811416626 -1.589428186416626 0.283754 0.245333 0.537232 -0.04072879
5 1.694583654403687 5.962141990661621 -1.50036096572876 0.311126 0.35525 0.671 -0.04072879
6 -11.81037616729736 6.778800487518311 -1.137687921524048 0.363826 1.179544 1.157952 0.01017098
6 30.02736663818359 -2.763552904129028 -1.481349468231201 1.559431 0.189483 0.908928 -3.03262
5 16.63871574401856 -2.68342399597168 -1.633666396141052 0.225579 0.299899 0.534805 -3.06741
5 -8.299671173095703 1.530058026313782 -1.39652681350708 0.336117 0.494213 0.796936 -1.725242
1 -35.18193054199219 13.24869537353516 -0.5242325663566589 4.658142 1.804961 1.845335 1.56537
5 20.52346229553223 -2.655291795730591 -1.61337685585022 0.270305 0.241245 0.548741 -3.06741
5 4.803428173065186 5.895719051361084 -1.518028855323792 0.380495 0.353105 0.633673 -0.03395108
5 35.70600128173828 -2.679307699203491 -1.804200410842896 0.181655 0.200236 0.466867 -3.131798
5 -11.88030624389648 1.570632100105286 -1.464004993438721 0.233109 0.284735 0.678647 -1.725242
6 -11.45544624328613 -3.099613666534424 -1.204227924346924 1.720075 0.358808 1.216091 -3.059017
5 27.07796478271484 -2.581790685653687 -1.733216762542725 0.237157 0.237389 0.513082 -3.06741
5 33.16991424560547 5.780481338500977 -1.593835711479187 0.16399 0.365785 0.215928 0.03709936
5 -15.43381595611572 1.587234616279602 -1.459258794784546 0.258123 0.213843 0.607014 -1.725242
6 -11.22940826416016 6.036229133605957 -1.173351645469666 0.418653 1.770704 1.246238 -1.519472
4 -31.90251350402832 42.71014404296875 -0.70881587266922 1.453334 1.447801 1.181615 1.525873
5 36.00343322753906 5.765246868133545 -1.600835204124451 0.20881 0.178669 0.45765 -0.04072879
1 -38.52525329589844 35.67705154418945 -0.4461700916290283 2.049392 1.458727 0.674754 1.56537
1 46.78250885009766 -3.489547729492188 -1.434312701225281 3.09378 1.852646 0.932052 0.02851167
2 -27.47385597229004 -34.17670822143555 -0.2655352354049683 10.323978 2.996156 3.166791 1.642233
5 32.75659942626953 -2.770877838134766 -1.824938654899597 0.256905 0.176253 0.448597 2.748479
1 35.54152297973633 3.170383214950562 -1.377452969551086 3.419491 1.915709 1.337455 -3.082773
5 -21.29050827026367 -8.052364349365234 -1.500138759613037 0.108027 0.146857 0.420472 -2.072058
6 8.45555591583252 5.99739408493042 -1.340177655220032 1.656529 0.213916 0.996333 0.0007671211
6 48.53702545166016 6.428709983825684 -1.39606499671936 2.459975 1.542767 0.536673 3.080951
5 30.54873085021973 5.870070934295654 -1.725923895835877 0.285174 0.241447 0.425315 -0.04072879
5 -24.21961784362793 11.62080097198486 -1.421214580535889 0.199787 0.164399 0.387291 -0.04346749
5 -22.3882942199707 -9.166985511779785 -1.605259776115418 0.158037 0.16991 0.449256 -0.4095057
6 40.76565933227539 5.74918794631958 -1.724842548370361 0.226476 0.174528 0.286509 -0.02096022
5 13.92642879486084 -2.606566429138184 -1.568830132484436 0.253246 0.263111 0.551884 -3.06741
6 38.52447891235352 -2.681609153747559 -1.589848637580872 3.081697 0.382275 0.79619 -3.059981
3 -17.75446319580078 -12.26408576965332 -1.01283597946167 0.552669 0.786851 1.420629 -2.707783
5 -18.70219230651856 1.534144401550293 -1.436063766479492 0.202367 0.192364 0.571443 -1.725242
6 0.2805790901184082 -2.998631000518799 -1.076648354530335 1.470634 0.402385 0.562007 -3.082736
5 23.92471504211426 5.939341068267822 -1.63612425327301 0.349682 0.300363 0.612693 -0.04072879
5 23.91868209838867 -2.687739133834839 -1.655154347419739 0.284824 0.242326 0.451585 -3.06741
5 42.51346206665039 -2.657176494598389 -1.76443088054657 0.263839 0.244888 0.345891 -1.718734
5 12.28919792175293 5.965519428253174 -1.523160696029663 0.397517 0.320193 0.684067 -0.04072879
6 37.94340896606445 5.80438756942749 -1.508130192756653 1.988647 0.157433 0.579621 -0.01118356
5 28.5867805480957 5.87565279006958 -1.612930059432983 0.382814 0.257157 0.406898 -0.04072879
6 46.04667663574219 5.687273025512695 -1.690442442893982 2.224327 0.52135 0.916052 3.105747
4 -28.78131866455078 -47.57758331298828 -1.270602107048035 0.947842 0.493364 1.139476 1.626773
5 18.12595939636231 5.915802955627441 -1.58826470375061 0.120389 0.193879 0.498824 -0.04072879