5 18.26975059509277 -8.670408248901367 -1.14058244228363 0.228849 0.274744 0.561642 -0.9776084
5 16.4886589050293 -5.594427108764648 -1.231753349304199 0.256121 0.330799 0.595618 -1.006473
6 -42.86572265625 0.0771874189376831 -1.682914733886719 4.376955 1.27745 0.30637 -2.586546
5 21.54858589172363 8.542926788330078 -1.215055465698242 0.259857 0.194722 0.513467 -1.977596
5 5.272838115692139 -5.105319976806641 -1.3909912109375 0.234101 0.25306 0.563727 -0.2842022
1 1.844040036201477 11.01365852355957 -0.8821589350700378 4.57944 1.849814 1.510452 0.5590284
6 23.2883358001709 -26.86773872375488 -0.663547694683075 0.86325 0.115261 0.524267 2.10096
6 20.33755493164063 -21.70249748229981 -0.7341784238815308 1.245896 0.093718 0.376217 2.059466
6 32.06201171875 -24.5140266418457 -0.6659623980522156 1.611985 0.240836 0.879828 -1.082098
5 2.161217451095581 -4.332991123199463 -1.438010573387146 0.203139 0.223143 0.506649 -0.3231667
3 -28.84321212768555 20.00102043151856 -1.313088417053223 0.313174 0.178559 0.893751 -2.651806
5 14.92368316650391 -2.760078191757202 -1.265276432037354 0.296575 0.372281 0.609442 -1.03111
5 20.00249671936035 -11.88601016998291 -1.133241772651672 0.284351 0.270012 0.46861 -0.9093586
3 36.56430053710938 18.80781745910645 -0.3227978646755219 0.595568 0.735113 1.33689 -2.717012
2 -20.77120018005371 -12.51562404632568 -0.5232527852058411 11.095869 3.140898 3.10524 0.5742893
3 0.849781334400177 38.83561706542969 -1.062721967697144 0.275952 0.221842 0.669056 0.4552673
6 22.99332427978516 -6.380228996276856 -0.7549310922622681 1.21088 0.225018 0.599305 -2.637729
5 26.62171173095703 -14.98816108703613 -1.07889711856842 0.213621 0.252895 0.425465 -1.045613
6 14.32536506652832 -11.38776016235352 -0.9167926907539368 1.691538 0.23566 1.248625 2.18264
3 38.5871467590332 27.2634449005127 -0.4290515184402466 0.585268 0.643087 1.583138 0.4203708
6 17.39448356628418 -16.24033546447754 -0.7562043070793152 1.707093 0.171709 0.505331 2.093531
5 0.6347053050994873 -4.055322170257568 -1.41448187828064 0.205883 0.278798 0.492513 -0.1653579
1 7.125444412231445 6.325140476226807 -0.8582921028137207 2.938563 1.28189 1.61819 0.5213611
4 25.14995574951172 -4.769898414611816 -0.6200581789016724 2.771905 1.268313 1.212702 2.176006
5 23.41374015808106 -17.97287940979004 -1.055354595184326 0.14941 0.256887 0.382374 -1.051459
1 -21.77860450744629 -3.59636116027832 -1.293062210083008 4.442777 1.905033 1.389209 0.5499958
5 20.84574127197266 5.294810771942139 -1.253073453903198 0.203644 0.217074 0.412338 -1.829565
5 33.80182647705078 -27.81381797790527 -0.7356054782867432 0.298229 0.356695 0.431138 -1.14573
5 3.819158315658569 -4.704555988311768 -1.430518984794617 0.162928 0.185103 0.513252 -0.3220458
1 44.73859024047852 28.51360511779785 -0.6009842753410339 1.239643 1.791458 1.413523 0.5028689
5 22.11855125427246 10.02361583709717 -1.153532385826111 0.214891 0.174006 0.48901 -2.08354
5 21.77730560302734 -14.97953128814697 -1.057108759880066 0.136981 0.198147 0.342732 -1.038321
5 21.15462112426758 6.810041427612305 -1.243713617324829 0.097818 0.17711 0.310113 -1.983538
2 -27.9702262878418 -12.64355564117432 -0.6783638596534729 5.620728 2.764455 2.904454 0.6007965
1 17.02968597412109 44.50186157226563 -0.8362255692481995 1.997405 0.256198 0.727005 -2.572983
5 28.72699546813965 -18.5620231628418 -1.017826437950134 0.125857 0.208635 0.407507 -1.036504
6 25.20890998840332 -12.16769409179688 -0.909168541431427 1.656198 0.301575 0.935992 -1.082254
1 29.19913101196289 27.7244815826416 -0.6814779043197632 3.798219 1.620637 1.107027 0.5433841
5 30.16419410705566 -21.31997299194336 -0.9408546090126038 0.181431 0.270355 0.41731 -1.079695
3 -2.398725271224976 38.10068130493164 -1.151652574539185 0.207492 0.138806 0.46054 -2.554315
6 22.59019088745117 -7.399846076965332 -0.963921844959259 1.674415 0.221411 0.968753 -1.065338