2 -22.05637168884277 3.211483240127564 -0.3488264977931976 12.151678 2.863333 2.523367 0.0147055
1 4.910379409790039 -2.436640739440918 -1.027234196662903 4.093448 1.727127 1.439297 0.01357848
6 21.87052154541016 0.6131291389465332 -0.01496806181967259 1.552321 1.267087 0.157775 0.009294931
1 15.31137275695801 3.327059507369995 -0.8028658032417297 3.258466 1.585441 1.718238 -0.001935315
4 -15.96288681030273 -9.162678718566895 -1.174599647521973 1.234975 0.469788 1.037338 0.09812491
5 22.78243827819824 20.84721946716309 -1.675392746925354 0.072678 0.156103 0.406664 0.5233692
4 29.77072143554688 -11.24318885803223 -0.8135237097740173 1.635619 0.571658 1.287855 0.1614819
5 25.41269302368164 22.50825881958008 -1.686862111091614 0.166458 0.161859 0.450575 -0.4977437
1 9.209298133850098 3.471997976303101 -1.024431467056274 4.449914 2.028913 1.37507 -0.004288863
2 -54.80131912231445 17.13681793212891 -0.7664223313331604 3.325232 2.249043 1.841547 2.984038
4 27.4996280670166 17.0661506652832 -0.9667090177536011 1.313306 0.59583 1.252996 1.517948
2 -6.145489692687988 -0.1057546362280846 -0.5625622272491455 5.992927 2.303991 1.980396 0.02846742
1 23.598388671875 3.826256513595581 -0.7390070557594299 1.383601 1.132129 1.023721 0.01440274
5 17.23948097229004 18.77170753479004 -1.585193634033203 0.119823 0.079433 0.450455 -3.130697
4 26.25524139404297 -7.777469158172607 -0.8051165342330933 1.018385 0.485167 1.382696 -0.002134382
1 24.66855621337891 -2.704501390457153 -0.3697179555892944 2.331191 0.7802 0.519375 0.01325253
6 -1.888256907463074 -4.688293933868408 -0.6371009349822998 0.107511 0.192387 0.200268 -0.03336465
1 -13.80535316467285 -3.186024188995361 -0.7717710733413696 2.675812 1.126465 0.605992 -0.02839695
3 33.51557159423828 36.69643020629883 -1.061991333961487 0.378841 0.395804 1.273882 -1.654914
1 2.785398244857788 3.575199127197266 -0.9377240538597107 4.16238 1.840958 1.631915 0.001244424
5 20.8448600769043 -9.69167423248291 -1.350867629051209 0.222723 0.152671 0.304706 0.1178005
6 -19.8419075012207 -3.638236999511719 -0.4945259988307953 1.218549 0.617616 0.311196 -0.00986632
1 18.1596794128418 -1.691136598587036 -0.9355242252349854 3.827081 0.456261 1.397714 0.001302941
1 33.38419342041016 25.39013481140137 -1.059369087219238 4.592996 1.973683 1.515966 -1.951954
5 20.22216415405273 19.55213165283203 -1.699136734008789 0.081386 0.153184 0.363571 0.2045646
1 7.383677005767822 0.2372759282588959 -0.7980325818061829 3.294787 1.97992 1.790967 -0.04657502
1 -11.75947380065918 3.364214658737183 -1.155959606170654 4.162435 1.763729 1.461868 0.008208347
1 -7.023398876190186 -2.668943881988525 -1.12729012966156 4.403733 1.998901 1.413795 -0.02438314
1 12.38440704345703 -2.243721961975098 -0.7431172132492065 4.581029 1.658308 1.900968 -0.004603619
4 21.93515968322754 -8.996753692626953 -0.759139358997345 1.020698 0.491481 1.70955 0.003870467
3 -12.46466636657715 -7.539301872253418 -1.116596579551697 0.839236 0.493326 1.186455 -3.138347
1 -4.679494857788086 3.266390323638916 -0.9687429070472717 5.023716 1.920923 1.725837 -0.002429583
1 -1.135670185089111 -3.169526100158691 -0.8772400617599487 5.047136 1.963165 1.688219 -0.02259975