5 2.81778883934021 7.686137199401856 -1.480852127075195 0.335833 0.270519 0.613645 3.132944
1 28.38302803039551 6.335538864135742 -1.222796082496643 4.232445 0.988208 1.383812 3.125527
1 19.95376968383789 -2.887879133224487 -1.055671453475952 4.139486 1.501046 1.519 0.009989861
1 39.5660285949707 6.580652713775635 -1.133191227912903 3.409222 0.796894 1.278533 -3.127142
5 4.921249389648438 -2.733747959136963 -1.464727759361267 0.333385 0.330476 0.660866 -3.091047
1 11.12721824645996 6.572590351104736 -1.037288665771484 4.642498 1.975066 1.637365 -3.059075
1 26.14405059814453 -2.830429077148438 -0.9696564674377441 3.443279 1.405236 1.611932 0.04723682
1 42.62572479248047 -2.253856182098389 -1.394698143005371 1.03258 0.298454 0.579254 0.1032977
5 1.661137700080872 -2.823354959487915 -1.314226150512695 0.309299 0.369328 0.409129 -3.091047
5 2.23780107498169 5.679949283599854 -1.486208200454712 0.332157 0.402714 0.711343 -3.091109
5 5.486967086791992 -2.665840148925781 -1.452802062034607 0.32468 0.313316 0.681984 -3.091047
6 -33.64894866943359 5.33549976348877 -1.662481784820557 0.168882 0.256516 0.486233 -3.091047
6 -30.10542106628418 5.452959060668945 -1.497794032096863 1.56933 0.274586 0.946965 0.03690414
5 4.624332904815674 7.681492805480957 -1.477003812789917 0.260242 0.248883 0.599069 3.130476
5 -17.74287414550781 -3.087296724319458 -1.534692406654358 0.319987 0.296393 0.591775 -3.091047
5 -14.44980812072754 5.606168746948242 -1.561800599098206 0.407776 0.347685 0.641421 -3.091047
1 17.4609317779541 6.699844360351563 -1.083488941192627 4.122578 2.062747 1.635303 -3.111691
6 7.0257248878479 5.982243537902832 -1.326326966285706 1.692634 0.448239 1.035295 0.05965156
6 2.871412515640259 -2.891863107681274 -1.244757056236267 1.704285 0.282091 1.054953 0.04802538
5 -36.69675064086914 5.28837776184082 -1.573673129081726 0.243521 0.217367 0.501376 -3.091047
5 2.173815727233887 7.74144458770752 -1.465261697769165 0.323496 0.299204 0.528908 3.138883
5 -20.28484725952148 5.551627159118652 -1.561708211898804 0.134163 0.178193 0.552988 -3.091047
6 -16.84987640380859 5.516095161437988 -1.561292171478272 0.331385 0.322529 0.672155 -3.091047
5 8.509882926940918 5.541070938110352 -1.528711438179016 0.38824 0.339699 0.578354 0.1371882
5 -2.589083671569824 -2.796514749526978 -1.293100953102112 0.242544 0.341737 0.394581 -3.091047
5 -9.866497993469238 5.561399459838867 -1.511186838150024 0.348251 0.329526 0.713436 -3.091047
1 34.31407165527344 6.276681423187256 -1.319481492042542 3.937641 0.539176 1.272736 -3.127142
5 -21.52500915527344 -3.112621784210205 -1.607759594917297 0.274723 0.252659 0.555831 -3.091047
6 -8.406283378601074 -2.98702335357666 -1.303879618644714 1.695904 0.206956 1.043543 -3.120054
1 32.49898529052734 -2.932322263717651 -0.9036523699760437 4.384998 1.543597 1.87921 0.03172796
5 -3.83948826789856 5.549334049224854 -1.499715805053711 0.325736 0.352315 0.678684 -3.091054
5 -27.92700386047363 -3.172873973846436 -1.570643305778503 0.315166 0.319829 0.595925 -3.091047
6 4.522928237915039 5.894005298614502 -1.296119213104248 1.682197 0.488418 1.095067 0.05912535
1 -30.84232902526856 2.746234893798828 -1.25820004940033 2.817771 1.717975 1.430758 -3.127142
5 -39.79826736450195 0.9378195405006409 -1.699871301651001 0.189819 0.249285 0.5246 -0.03770711
5 -14.30860805511475 -3.006064176559448 -1.513676285743713 0.332755 0.279355 0.718031 -3.091047
5 -26.1163330078125 5.419074535369873 -1.629467725753784 0.380711 0.219731 0.507613 -3.091047
1 8.630050659179688 -3.330873727798462 -1.038074851036072 3.929453 1.889182 1.512027 0.0518165
5 4.260451793670654 7.651666641235352 -1.503785610198975 0.293836 0.246448 0.488299 3.128098
5 0.3464089632034302 5.655407428741455 -1.468162059783936 0.261729 0.346734 0.707507 -3.091078
5 -6.584141254425049 5.64523983001709 -1.54983651638031 0.297364 0.444822 0.632477 -3.091048
1 38.70267486572266 -2.499541759490967 -0.9451540112495422 3.206266 0.524734 1.890448 0.01056102
5 -12.44509124755859 5.665154457092285 -1.531808376312256 0.331795 0.26022 0.615739 -3.091047
5 -5.28926944732666 5.592468738555908 -1.519422888755798 0.437181 0.29301 0.680467 -3.09105
1 56.40418243408203 6.669665813446045 -1.034956336021423 3.572137 0.490762 1.149959 -3.139126
6 -38.09550857543945 -3.604486465454102 -1.518240571022034 1.535358 0.208001 0.90917 0.01637674
1 23.6269702911377 6.541772365570068 -1.346024990081787 2.638469 0.821536 1.081908 -3.059075
5 4.963146686553955 7.689291000366211 -1.422451257705689 0.322112 0.297659 0.663035 3.031315
6 -44.21674346923828 -3.511452198028565 -1.575682759284973 1.599227 0.366927 0.90733 0.06865473
6 -1.314367294311523 5.714986801147461 -1.316582441329956 1.671285 0.339252 1.050163 0.03457125
5 -23.16966056823731 5.521558284759522 -1.624880075454712 0.258631 0.312005 0.582622 -3.091047
6 -32.45510864257813 -3.407910823822022 -1.436651825904846 1.576305 0.239437 0.995729 -3.091047
5 4.07378625869751 -2.668519020080566 -1.452784895896912 0.378643 0.287376 0.649348 3.107612
6 0.6751013398170471 -2.843098163604736 -1.070648789405823 1.168192 0.203024 0.642959 0.03771862
1 13.92014026641846 -3.043431997299194 -0.9809121489524841 4.082771 1.725379 1.668755 0.06000893
5 -11.12644767761231 -2.897198915481567 -1.504712104797363 0.337384 0.274812 0.691399 -3.091047
5 -2.572688817977905 5.558253288269043 -1.466620683670044 0.328189 0.407745 0.720962 -3.091062
5 -7.881906509399414 5.57520055770874 -1.516874313354492 0.371999 0.383656 0.665744 -3.091047
5 -24.33817100524902 -3.136296272277832 -1.575444221496582 0.249383 0.286005 0.653118 0.1067824
1 44.04327011108398 6.524957656860352 -1.381329536437988 1.153366 0.535902 0.804496 -3.127142
6 -5.492723941802979 -2.942151784896851 -1.448368072509766 0.427285 0.229784 0.707415 -3.091047