1 -1.178341865539551 -3.140748023986816 -0.8725751042366028 5.152327 1.964837 1.677927 0.02398376
1 48.72264862060547 -17.87949371337891 -0.778555691242218 2.578903 1.572726 1.368957 1.664881
1 -11.76375102996826 3.353643894195557 -1.167806506156921 4.184531 1.753445 1.486807 0.02970402
1 12.41014099121094 -2.262022018432617 -0.7215898633003235 4.57663 1.655868 1.922188 -0.008386271
1 5.095565795898438 -2.420140266418457 -1.00285804271698 4.477383 1.718652 1.503148 -0.006427168
3 29.2371997833252 18.46910858154297 -0.9640827178955078 0.721638 0.926234 1.515392 -1.775827
1 10.47161293029785 11.95086097717285 -0.9409195184707642 4.947689 2.011212 1.55193 -3.067684
1 24.74476623535156 -2.644359588623047 -0.4622984230518341 2.734795 0.918344 0.78738 0.007424473
1 45.86503601074219 -19.74307250976563 -0.6015558838844299 4.113673 1.370677 1.544806 1.677585
1 9.277021408081055 3.390904426574707 -1.003453373908997 4.587309 1.837722 1.471377 0.001030836
5 20.80971908569336 -9.67348861694336 -1.330562710762024 0.263309 0.284157 0.342175 -0.2051971
2 -56.73537063598633 17.13736152648926 -0.9672790169715881 7.069274 2.442773 1.670071 3.032218
1 43.81363677978516 29.06504058837891 -1.138225317001343 3.684936 1.548018 1.395104 -1.377748
2 -6.131853103637695 -0.02967480570077896 -0.57086580991745 6.05041 2.345799 2.068766 -0.006427168
4 14.01094722747803 -8.756608963012695 -0.5656763315200806 1.790097 0.797542 1.666957 0.1255587
6 -19.84941291809082 -3.618955850601196 -0.4786078929901123 1.250621 0.639874 0.371602 -0.0006933253
1 19.96598434448242 3.112393856048584 -0.719623863697052 1.933114 0.482279 0.862376 0.007424473
2 52.78438186645508 -22.58344078063965 0.6118771433830261 11.062692 2.90242 3.287776 1.664881
4 27.13674545288086 20.35123634338379 -1.07140851020813 1.923689 0.629319 1.400345 -1.768103
2 -22.07047462463379 3.209582328796387 -0.3473817110061646 12.168322 2.871914 2.522196 0.01602469
4 2.029190301895142 -6.456282138824463 -0.9965606331825256 1.739786 0.808455 1.515614 -0.007731541
1 38.17789077758789 -2.801226139068604 -0.7539211511611938 1.321716 1.45933 1.503101 0.008376755
1 2.814175128936768 3.556795120239258 -0.9414565563201904 4.20993 1.893581 1.641007 0.005626919
3 33.41379928588867 36.59695816040039 -0.5643737316131592 0.47591 0.44879 0.31672 -0.02794665
1 18.05734062194824 -1.654882073402405 -0.910182774066925 3.636463 0.496329 1.349001 0.007424473
1 -7.056801795959473 -2.672228336334229 -1.092743515968323 4.527211 2.003699 1.475005 -0.0006933301
6 -1.900171875953674 -4.668847560882568 -0.6877371668815613 0.146597 0.257699 0.211299 0.03199895
2 -34.46432495117188 18.53315544128418 -0.309278130531311 12.046367 2.57685 2.801279 2.988379
1 6.586071014404297 0.3089244067668915 -0.7931773662567139 1.681465 1.999231 1.848931 0.007424473
2 46.79389953613281 -27.36052322387695 0.4621488153934479 5.962891 2.355394 2.669358 1.664881
1 -4.730421543121338 3.322373151779175 -0.9517897367477417 5.11121 2.061972 1.780513 0.01327348
1 -13.76463222503662 -3.163398027420044 -0.7106695771217346 2.679582 1.180381 0.518695 -0.000693328
6 20.74496078491211 0.6643750667572021 -0.02566308900713921 1.313495 1.247203 0.279966 0.007424473
1 38.18643188476563 19.75659370422363 -1.1246737241745 4.868696 1.868289 1.15144 -1.616876
1 14.95873641967773 3.349410057067871 -0.8041245341300964 3.002523 1.611205 1.733748 0.03398547
2 -4.836229801177979 15.43966960906982 -0.6289319396018982 12.171587 2.74636 2.977073 3.077521