1 -13.76077270507813 -3.224414587020874 -0.7845674753189087 2.726434 1.085777 0.584354 0.04393147
2 46.06872940063477 5.738268852233887 0.3283449411392212 11.780777 2.611866 2.827645 -1.233548
4 27.04363250732422 -12.06042575836182 -0.7227377891540527 1.014626 0.29097 1.114493 0.4844538
2 -56.2835807800293 17.20813179016113 -0.8836601972579956 6.313118 2.288483 1.510135 3.025498
6 20.74112892150879 0.5784468054771423 -0.0188931692391634 1.263785 1.068509 0.219885 0.005263804
1 18.20242691040039 -1.680346727371216 -0.9473838210105896 3.971117 0.544083 1.386405 -0.02955782
1 4.936332225799561 -2.388795375823975 -1.007798671722412 4.152717 1.655685 1.478749 0.001513184
2 41.18355560302734 39.22354507446289 -0.7724078893661499 7.122627 2.037011 2.508517 -1.515474
1 12.36384582519531 -2.241256713867188 -0.7263692617416382 4.547396 1.668563 1.930919 -0.01166819
5 17.22633361816406 18.76547431945801 -1.655421733856201 0.113964 0.109452 0.58969 0.3382762
1 -4.724153995513916 3.331295251846314 -0.9623304009437561 5.07057 2.001138 1.83253 -0.001853719
1 2.798004150390625 3.547272920608521 -0.9389707446098328 4.179093 1.797928 1.634094 -0.006708024
6 -19.82647323608398 -3.647172689437866 -0.488790899515152 1.185132 0.578781 0.303567 -0.03654071
1 -11.77121162414551 3.361338138580322 -1.15294361114502 4.195905 1.725695 1.455405 0.02542664
1 14.98679542541504 3.329694271087647 -0.7887474894523621 3.084182 1.614869 1.692709 0.01431525
5 22.78542709350586 20.84353828430176 -1.68411648273468 0.087481 0.158888 0.427317 0.3382762
1 -5.378401756286621 14.07900142669678 -1.15898585319519 4.785602 1.75322 1.776094 2.976839
2 -6.15587329864502 0.01355931907892227 -0.610206663608551 6.041131 2.333663 2.146285 -0.02955782
6 46.28791809082031 25.45110893249512 -1.370099782943726 3.189723 0.366015 0.38207 1.496768
1 50.26269149780273 30.37370109558106 -1.125304460525513 3.921909 0.393401 1.203242 1.609682
4 10.88318061828613 -9.569416046142578 -0.6694080829620361 1.739532 0.510366 1.568654 -0.06245166
1 -1.144212245941162 -3.142117261886597 -0.8431746363639832 5.059828 1.924526 1.619804 0.009672575
4 19.17511367797852 -9.151126861572266 -0.7009402513504028 1.357306 0.570256 1.565552 -0.1364867
1 20.05628204345703 3.138478994369507 -0.6956125497817993 2.064133 0.48783 0.812259 0.03508955
5 18.75211334228516 19.15567207336426 -1.675806164741516 0.047958 0.130888 0.494629 0.3382762
6 23.89736747741699 -2.801349401473999 -0.1801301389932632 0.934327 0.523092 0.187585 -0.2282648
1 -17.45611000061035 15.69732570648193 -1.301390886306763 3.075138 1.792194 1.098134 2.949708
5 20.22795104980469 19.58034133911133 -1.710949540138245 0.174473 0.132284 0.38284 1.341654
1 9.411346435546875 3.375734090805054 -0.9988433122634888 4.888573 1.779547 1.459323 0.0004391847
4 23.56047821044922 -9.526677131652832 -0.8073814511299133 1.433023 0.433608 1.447011 0.2635673
6 -1.897833108901978 -4.653828144073486 -0.6573001742362976 0.071599 0.177399 0.062481 -0.02855903
1 -7.031525611877441 -2.656590461730957 -1.124580264091492 4.425715 1.990832 1.456172 -0.01136194
5 25.37545204162598 22.53280830383301 -1.682103276252747 0.154717 0.204137 0.475108 0.3382762
1 7.334379196166992 0.2220599949359894 -0.8149706721305847 3.17933 1.939229 1.891191 -0.04689527
2 -22.01791572570801 3.277336597442627 -0.3424652516841888 12.143567 2.834128 2.511553 0.00897597
4 41.63494491577148 22.58805084228516 -0.9994903206825256 1.476771 0.516447 1.240759 -1.240765
1 44.20809936523438 17.67532348632813 -0.9840661287307739 4.523386 1.056147 1.20415 -1.362657
1 49.44284439086914 16.68659782409668 -0.9618314504623413 2.069593 1.007895 0.98536 1.667238
4 8.182402610778809 -6.435868263244629 -0.777284562587738 1.708513 0.678444 1.047094 -0.07392658
3 6.21268892288208 -8.281524658203125 -0.7893244028091431 0.673222 0.55554 1.510255 2.972521
2 -43.15212249755859 19.59576988220215 -0.4215381145477295 11.131168 2.879287 2.884039 3.008332