3 -16.59612655639648 -25.73697090148926 -0.6689726114273071 0.496776 0.449447 1.747137 1.577744
3 -13.76493358612061 -23.52585029602051 -0.6451638340950012 0.356661 0.303967 1.711878 1.684653
3 -18.45021820068359 -28.66637229919434 -0.6512938737869263 0.563963 0.417029 1.35927 1.621389
1 -42.56532669067383 -4.472055435180664 -0.9883278608322144 2.021766 2.14808 1.322551 0.0184058
5 -11.0463981628418 -17.96623229980469 -1.364386677742004 0.178332 0.157142 0.401006 -3.094846
2 -7.339415550231934 17.76801872253418 -0.8197165727615356 9.622733 2.880713 2.995171 3.117578
4 15.67537593841553 -8.000151634216309 -1.153674840927124 3.087712 0.795217 1.146523 -0.0925504
3 4.651810169219971 6.893104076385498 -0.8019577264785767 0.769237 0.546933 1.646371 1.621516
4 15.91963577270508 -6.929327964782715 -1.021474003791809 3.311526 0.961629 1.449575 -0.3602087
1 -7.023040771484375 -3.142826795578003 -0.8315125703811646 4.253255 1.729851 1.86697 0.04609912
1 -24.71360206604004 -3.937215089797974 -1.099767208099365 4.185859 2.034822 1.386785 0.04661655
5 -11.03560924530029 -16.58510398864746 -1.404773473739624 0.23894 0.190315 0.366131 -3.094846
4 3.879652738571167 21.34491920471191 -1.796801924705505 1.681363 0.671826 1.392315 -3.083823
3 -27.85684013366699 -7.522840976715088 -0.8652870655059814 0.764531 0.601178 1.482462 -0.04657478
2 -15.81274795532227 -0.2790852785110474 -0.6450897455215454 6.031549 2.257427 2.327669 0.03519754
5 -9.485137939453125 -13.71202945709229 -1.374124526977539 0.268192 0.23994 0.453577 -3.094846
4 7.982962608337402 -5.287547111511231 -1.050778388977051 1.930331 0.656255 1.499865 0.01707123
1 51.33849334716797 1.063330173492432 -1.158869624137878 1.484745 1.652968 1.414694 0.01008885
5 -11.06304740905762 -15.18747234344482 -1.426409006118774 0.232943 0.137798 0.398267 -3.094846
5 -11.12627792358398 -13.68955707550049 -1.404569864273071 0.110607 0.217979 0.365032 -2.146969
5 -7.840720653533936 -13.70632934570313 -1.294231176376343 0.223347 0.191841 0.43436 -3.094846
5 -6.165313243865967 -13.67811489105225 -1.248977184295654 0.270867 0.179451 0.459111 0.04674697