5 -43.66820526123047 -3.170666456222534 -1.807728290557861 0.118562 0.164272 0.304084 3.110218
1 23.11596298217773 -2.960860729217529 -0.8026715517044067 3.371565 0.880492 1.76362 0.005582339
1 24.05051803588867 6.662647724151611 -1.07638156414032 4.207882 1.664716 1.346577 -3.123161
5 -21.18301010131836 -3.066533088684082 -1.631982207298279 0.365733 0.337543 0.610721 -0.03664726
5 -7.098436832427979 5.303586483001709 -1.50913393497467 0.316982 0.319109 0.701804 -3.12669
1 -1.581480383872986 -3.335054397583008 -0.8733482956886292 4.551698 2.008709 1.433344 0.0971245
1 39.17108535766602 -2.198532581329346 -1.164855360984802 0.921839 0.418766 0.675682 -0.03885484
1 47.92978286743164 6.287686824798584 -0.8630819916725159 5.378149 0.623464 1.592548 -3.121943
6 -38.84941101074219 5.558481216430664 -1.823766708374023 0.16826 0.245834 0.225508 3.095785
5 -15.28046035766602 5.580968856811523 -1.604548811912537 0.232968 0.238391 0.588483 -3.109054
1 56.57494354248047 -2.160550117492676 -1.076484441757202 1.632758 1.52464 1.16931 0.04365761
5 -33.48638534545898 -3.104175090789795 -1.822714924812317 0.073947 0.250111 0.429464 3.106027
5 -19.46469879150391 5.485370635986328 -1.697861552238464 0.247393 0.222061 0.516956 -3.103904
1 -6.499049186706543 -3.472009658813477 -1.075893521308899 4.12511 1.799796 1.478928 0.05089677
5 -10.07264232635498 -2.829906225204468 -1.53436815738678 0.246666 0.349135 0.650643 -0.05903263
1 18.46572113037109 6.654250144958496 -1.062980771064758 4.189524 1.917669 1.329485 -3.081767
6 45.13199615478516 -3.238605260848999 -0.09791307896375656 0.266075 1.173449 0.059427 0.006619155
1 35.31991958618164 6.147724628448486 -1.373602151870728 3.66426 0.31652 0.634458 3.137712
6 -8.65355396270752 5.810278415679932 -1.394558429718018 1.657176 0.431516 0.987108 -3.109054
5 -10.75351428985596 -2.842583179473877 -1.550307393074036 0.256489 0.254379 0.642585 -0.05903263
5 -32.58780288696289 5.468955516815186 -1.778974413871765 0.19736 0.288397 0.426333 -3.120832
5 -25.55693244934082 5.501037120819092 -1.734488010406494 0.331612 0.2606 0.447322 -3.103904
5 -37.25822067260742 -3.094787120819092 -1.861275315284729 0.184556 0.299923 0.468333 3.106027
1 10.49477386474609 -3.239556312561035 -0.9242361783981323 3.928064 1.748356 1.62297 0.03382793
1 2.012764930725098 6.445675849914551 -1.007065892219544 4.3587 1.958981 1.667874 -3.117243
5 -18.27126884460449 -2.917309045791626 -1.627732872962952 0.271118 0.29777 0.646601 -0.03664726
6 -40.10894775390625 -3.155923843383789 -1.880330085754395 0.132266 0.246338 0.23089 3.110218
6 -15.32205009460449 -2.98363184928894 -1.394997000694275 1.598191 0.173777 0.951353 -0.05332662
6 -45.78102111816406 5.50274658203125 -1.648897528648377 1.439408 0.140188 0.818584 -3.131037
5 -26.81383514404297 -2.993493556976318 -1.665123581886292 0.296782 0.221891 0.47162 0.0045915
6 -11.16434955596924 5.612711906433106 -1.394313931465149 1.621799 0.318994 1.018204 -3.109054
5 -30.06577682495117 -3.056469202041626 -1.612594246864319 0.204287 0.122665 0.37915 3.13142
6 -24.10209846496582 -3.063584327697754 -1.475350975990295 1.53399 0.256808 0.84261 0.0045915
1 33.49373245239258 -2.489727735519409 -0.9111720323562622 4.201097 0.775635 1.373682 0.009256473
1 -35.56029891967773 3.222452402114868 -1.21425724029541 1.414031 1.796312 1.616529 -3.118965
6 -16.96743202209473 5.590293407440186 -1.424221992492676 1.647421 0.256387 0.945924 -3.103904
1 4.332990169525147 -3.247864007949829 -1.020906090736389 4.50709 1.833025 1.461105 -0.03221435
1 41.14629745483398 6.875282764434815 -0.7339274883270264 4.765276 1.781908 1.830568 3.121593
1 57.21089553833008 4.809046268463135 -1.234663128852844 3.685341 1.412162 0.869346 -2.254277
5 -20.86619186401367 5.529102325439453 -1.710747003555298 0.320068 0.28037 0.511658 -3.103904
5 -41.80813217163086 5.519213199615479 -1.840510368347168 0.163812 0.156047 0.532011 -3.127503
1 -4.29529333114624 6.299249172210693 -1.055282950401306 4.323858 1.7681 1.603806 -3.091683
5 -30.13106536865234 5.517355918884277 -1.840607523918152 0.299205 0.217933 0.395742 -3.120832
5 -22.27103614807129 5.57702112197876 -1.717358827590942 0.360922 0.307934 0.559481 -3.103904
1 29.55381393432617 6.654860973358154 -0.9793047904968262 3.731875 1.678254 1.34159 -3.12376
5 -13.93436431884766 -2.97841739654541 -1.567624568939209 0.342236 0.223998 0.598215 -0.02050597
5 -16.38366889953613 -2.918846130371094 -1.582158207893372 0.205338 0.199874 0.473396 3.084733
1 28.43180084228516 -2.510071754455566 -0.9012411832809448 4.110298 0.544493 1.515937 0.03576151
5 -11.49035739898682 -2.82807183265686 -1.570828914642334 0.299185 0.296657 0.613602 -0.05903263
5 -18.2003345489502 5.496116161346436 -1.630388617515564 0.245536 0.222928 0.593703 -3.103904
5 -13.40167713165283 5.609453678131104 -1.611974954605103 0.354894 0.349663 0.613964 -3.109054
5 -23.62869262695313 5.533749580383301 -1.671569228172302 0.402506 0.205158 0.586399 -3.103904
5 -16.95573425292969 -2.91692042350769 -1.601823091506958 0.324395 0.187781 0.63607 -0.02050597
1 16.78865051269531 -3.305849552154541 -0.7540769577026367 4.618799 1.738449 1.969667 0.008992113
1 12.68773746490479 6.489541530609131 -1.029520988464356 4.625302 1.842413 1.473262 -3.134416
1 8.019100189208984 6.649946212768555 -1.04118287563324 2.961237 1.649477 1.596749 -3.080576
5 -28.07795906066895 5.598342418670654 -1.775950312614441 0.231148 0.254559 0.510992 -3.103904
6 -12.89534282684326 -3.0058913230896 -1.345136880874634 1.626568 0.185679 0.933329 0.01234579