1 47.97223663330078 -2.007807970046997 -0.5556042790412903 1.150842 1.318879 1.322047 -0.07186689
1 12.26321411132813 -3.507405519485474 -0.9280197620391846 4.390125 1.959676 1.501306 0.04703267
1 36.69069671630859 0.1577313095331192 -0.9467692375183105 1.786176 1.74278 1.276834 0.07109092
2 -7.872719764709473 -2.943385362625122 -0.6247545480728149 5.906705 2.273948 2.420249 0.053416
2 32.15872955322266 -3.425146579742432 -0.273762583732605 11.835779 2.844845 2.805774 0.001495038
1 13.18979644775391 -24.12147331237793 -0.1824272722005844 3.150717 2.045122 1.851385 -1.554416
1 -25.50027275085449 -0.5435316562652588 -1.510450720787048 2.195316 1.932585 0.939261 0.03936171
4 13.73372173309326 -7.719829082489014 -0.8964062333106995 1.702284 0.744763 1.435866 -0.04879513
1 7.129935741424561 -17.44918060302734 -0.5148212909698486 4.077872 1.853686 1.730133 -1.530296
1 6.521550178527832 -21.40521430969238 -0.3933387696743012 2.221217 1.757085 1.736063 0.06767941
1 13.44218635559082 -37.36972808837891 0.3197515308856964 3.239129 1.791418 1.33037 -1.538679
1 13.10896492004395 -18.96819305419922 -0.4482778906822205 3.818257 1.804915 1.5585 -1.408593
1 56.70830154418945 -1.071404576301575 -0.5809487700462341 0.884223 0.856264 0.723283 -0.004503601