2 -19.27011489868164 10.46375560760498 -0.2631717026233673 7.115998 2.861621 2.435304 -0.3474418
1 -51.40077972412109 23.02831649780273 -0.0560680627822876 2.185408 1.58165 1.061995 -0.3474418
5 -26.62486457824707 -12.39308834075928 -1.229081153869629 0.33569 0.323243 0.848614 -0.06553008
1 -16.67066192626953 -12.65131568908691 -1.179450273513794 4.259283 1.823802 1.266095 1.170987
4 -7.052718162536621 -10.5604944229126 -1.201757669448853 1.125253 0.90254 1.490029 0.8173128
1 -9.596108436584473 11.0329761505127 -0.7858430743217468 4.721916 2.013501 1.526387 -0.3650171
6 -14.06374359130859 -14.37806987762451 -1.497826337814331 1.499633 0.460106 0.791548 -0.425613
1 -42.96373748779297 14.2544116973877 -0.4367146790027618 2.02686 1.476817 1.202654 -0.3474418
4 54.93834686279297 -23.61879348754883 -2.035567998886108 0.489575 0.563164 1.447048 -0.3922745
6 -27.48584938049316 -14.06197261810303 -1.054085850715637 1.190704 0.289759 0.600975 -1.995255
5 -3.288943290710449 -8.632962226867676 -1.734333872795105 0.254449 0.24004 0.466247 -2.418998
5 -26.64004898071289 -12.61858367919922 -1.445204377174377 0.424092 0.288156 0.495467 0.2251489
5 -27.90510177612305 0.4596423208713532 -1.348238945007324 0.09677 0.165416 0.362404 2.495989
1 -29.49773979187012 -18.73005867004395 -0.8520021438598633 4.419074 1.91664 1.719891 -1.875707
6 -25.37065887451172 -8.033726692199707 -1.042265295982361 1.530119 0.422853 1.181541 -1.972392
5 -5.254637718200684 -10.25635242462158 -1.682942748069763 0.272258 0.166324 0.339287 -2.418998
4 -0.9486650228500366 -5.953652381896973 -1.193265676498413 1.675318 0.891686 1.529304 0.4717041
6 -24.65917015075684 -4.071305751800537 -1.044684767723084 1.246872 0.280665 1.257194 -1.301983
1 -31.05915641784668 -25.34676551818848 -0.7197251915931702 4.25986 1.086925 1.356386 -1.941284
6 -24.51118850708008 -5.960082530975342 -1.063308119773865 1.17605 0.274377 1.23808 -1.658072
3 -39.76126480102539 8.338944435119629 -0.354228138923645 0.356205 0.595791 1.521505 -0.3857639
4 34.71854400634766 -16.31517028808594 -1.687019944190979 0.968555 0.706806 1.421923 -0.3330001
6 -26.70363426208496 -11.70161247253418 -1.249087929725647 1.143422 0.237787 0.806507 -1.991132
1 -15.81165313720703 29.72649192810059 -0.2503759264945984 1.085065 0.971199 1.285074 2.74857
1 -31.95501899719238 8.320788383483887 -0.6216354370117188 4.196212 2.826126 1.619274 -0.6247957
5 -26.88069152832031 -12.98001289367676 -1.426298379898071 0.318124 0.294726 0.41255 1.15562
1 50.6002311706543 -12.70615482330322 -1.353632092475891 0.461383 1.411813 1.389144 -0.3891901
3 -34.80539703369141 3.912772178649902 -0.3913436830043793 0.471762 0.806135 1.551241 -0.367732
1 35.60367584228516 -9.82734203338623 -1.533960223197937 4.288362 1.733809 1.747165 -0.3968339
1 17.81893730163574 -0.1561085730791092 -1.13318657875061 3.892423 1.785447 1.714684 -0.366599
4 10.89529609680176 -7.238561153411865 -1.55735456943512 2.750946 1.152908 1.014086 -0.4583842
6 -26.05858421325684 -10.41939449310303 -1.253780603408814 1.364939 0.41055 0.854585 -1.991132
2 -1.10054874420166 23.42086410522461 -0.2400615066289902 8.98273 2.396422 2.366971 2.74857
3 1.024969816207886 -13.63822364807129 -0.9672664999961853 0.658843 0.555993 1.694261 -1.537255e-15
5 -0.3285301327705383 -7.094517707824707 -1.71374499797821 0.147567 0.225759 0.325392 -2.727929
1 -29.72140312194824 -46.77872467041016 -1.239385843276978 3.541231 1.707357 0.859067 1.223224
5 -4.435524463653565 -9.493697166442871 -1.660995483398438 0.320001 0.172974 0.405809 -2.418998
6 -12.56819534301758 -14.87018299102783 -1.575987219810486 1.446066 0.408689 0.746998 -0.425613