1 -12.98358345031738 -4.266833782196045 -1.085457563400269 4.356257 2.111942 1.503664 0.01044121
4 -55.98369598388672 -11.60856342315674 -1.232317447662354 1.852594 1.209561 1.458307 0.3330136
2 -18.92246055603027 -0.2932899594306946 -0.6990789175033569 5.929953 2.228459 2.245859 -0.006841593
4 -16.74028587341309 -11.07760906219482 -1.008705496788025 1.671225 1.005165 1.458607 -2.086407
1 18.82638549804688 0.09931457787752151 -1.081851840019226 3.12312 2.022292 1.435537 0.002800107
2 -17.23543357849121 11.41300868988037 -0.5785543918609619 5.958457 2.293892 3.04771 -2.987268
5 15.37726402282715 5.029648780822754 -1.561882376670837 0.182246 0.17277 0.549491 -1.437356
6 15.61917972564697 5.073326587677002 -1.579941272735596 0.451469 0.342532 0.559386 1.717149
3 5.287689208984375 -9.928926467895508 -1.041586399078369 0.686128 0.559697 0.873585 1.434588
1 -36.59315872192383 17.03262329101563 -1.313827633857727 1.383545 1.628808 1.010312 -2.909674
1 -17.50885581970215 20.03132247924805 -1.609787106513977 4.400145 1.462489 1.497953 -3.037217
4 -21.02699279785156 -15.53032493591309 -0.9037874937057495 1.605287 0.664783 1.348932 1.547388
4 -37.77931976318359 6.435386180877686 -1.175684452056885 1.440055 0.419258 1.459868 0.5685158
4 -35.18951416015625 -16.52252769470215 -0.8791664838790894 1.391012 0.405865 1.222819 3.051606
3 -20.35353851318359 32.53428268432617 -1.905712604522705 0.318746 0.452779 1.454578 -2.711208
1 -49.66820526123047 -4.612846851348877 -0.8971495628356934 2.052459 1.924951 0.954376 0.04712638
1 -24.1001033782959 9.56290054321289 -1.224245190620422 4.255764 1.712649 1.586172 -2.802493
1 15.4994478225708 -3.501017808914185 -0.8365947604179382 4.555982 1.630976 1.976924 -0.006841485
3 -18.33458709716797 42.52090835571289 -2.240527629852295 0.301091 0.261094 0.640512 -0.05110365
1 -28.42243957519531 -20.25505256652832 -0.7991780042648315 4.488275 1.576613 1.625505 1.607745
1 -25.45439529418945 44.03572845458984 -2.687947273254395 1.7929 1.641373 0.881952 1.521379
1 -43.69053268432617 -15.12886333465576 -1.276171565055847 4.641463 0.891856 0.592239 -1.057657
1 16.76953315734863 17.23633766174316 -1.358484983444214 4.677492 1.394339 0.817211 3.133545
1 -33.23144912719727 46.42831802368164 -2.167196273803711 4.062734 1.346392 1.15911 -1.652754
1 -37.01232528686523 46.31357574462891 -1.99111545085907 3.431776 1.581451 0.730534 -1.662933
1 -31.69729995727539 -27.64519119262695 -0.5382841229438782 4.61241 1.89111 1.905816 1.65059
1 -6.717584133148193 17.37711334228516 -1.350484490394592 5.182189 1.736743 1.034149 -3.084264
1 51.73291015625 -1.92041015625 -0.8147519826889038 1.039278 1.655029 1.394036 -0.004806811
4 -58.34931564331055 -9.9017915725708 -1.115994334220886 1.271579 0.440932 1.161524 1.598175
3 30.75841522216797 22.39409637451172 -2.130216121673584 0.369155 0.372692 0.482435 -3.13384
4 19.48898696899414 -7.690721035003662 -1.047078013420105 1.377393 0.462394 1.427913 -0.006841593
1 -36.98569869995117 4.792133331298828 -1.344695448875427 4.375317 1.836776 1.237686 0.4998079
6 -31.66950798034668 -19.27118110656738 -1.167936205863953 0.092282 0.275016 0.419721 1.699717
3 13.91517639160156 5.541747570037842 -1.072706341743469 0.429033 0.711268 1.504285 3.132171
1 -37.69477462768555 39.79541015625 -2.012597560882568 4.551065 1.754879 1.619943 -1.673315
2 28.80840301513672 17.97825622558594 -0.8832291960716248 5.950415 2.253315 2.19749 3.10308
1 -42.65986251831055 2.745851039886475 -1.55166757106781 2.978865 0.757699 0.991415 0.1963429
2 16.74265289306641 21.41790771484375 -0.8265252709388733 11.845949 2.954563 3.128024 3.134751