6 -19.90968894958496 -3.016064405441284 -1.343740820884705 1.648034 0.2814 1.003345 -3.123999
6 -4.416646957397461 5.868303775787354 -1.325969815254211 1.705193 0.467563 1.018696 3.125352
5 -6.325575351715088 7.580478668212891 -1.425978064537048 0.298203 0.299518 0.631649 3.095361
5 -25.83800315856934 -2.992920160293579 -1.600602030754089 0.330763 0.223424 0.482109 -0.004260304
1 12.29633617401123 6.70716667175293 -1.089046478271484 2.918694 1.625623 1.622323 -3.099689
1 16.79978942871094 6.529393196105957 -1.117134690284729 4.257928 1.831806 1.522291 3.141166
5 -48.22793197631836 5.547923564910889 -1.590414524078369 0.089712 0.250346 0.551678 0.05286643
5 -21.30829620361328 5.589287281036377 -1.581673622131348 0.322445 0.186826 0.4008 0.02999052
1 -2.458112716674805 -3.447805881500244 -1.052048563957214 4.366099 1.861676 1.485618 0.08598749
5 -5.892836570739746 -2.81657862663269 -1.475800633430481 0.358194 0.417436 0.655024 -0.03320783
5 -9.142210006713867 5.587917804718018 -1.493685245513916 0.436363 0.314706 0.653377 -3.139539
5 -9.171782493591309 7.731038570404053 -1.323667407035828 0.261258 0.192497 0.432475 3.129211
6 -11.21317958831787 -2.907140731811523 -1.28918981552124 2.200773 0.22211 1.020098 3.108115
1 28.07290840148926 6.607710361480713 -1.167083501815796 3.576292 1.587622 1.237334 3.122682
5 -28.22118949890137 5.543623924255371 -1.536357402801514 0.127174 0.152061 0.381274 0.001063901
1 22.85492134094238 6.505028247833252 -1.199008584022522 4.181719 1.641913 1.345693 -3.094394
5 -16.61223220825195 5.606814861297607 -1.514532446861267 0.328712 0.271041 0.578865 -0.01787288
1 8.408233642578125 -3.327604293823242 -1.057359337806702 4.283508 1.967985 1.469736 -0.02661892
6 -7.2821044921875 -2.808413028717041 -1.432917714118958 0.411317 0.394584 0.656539 -0.3052788
3 53.67745208740234 5.083106517791748 -1.208766341209412 0.315667 0.399335 1.412722 -2.395097
6 -34.57591247558594 5.578566074371338 -1.592499852180481 0.258791 0.173582 0.262328 -3.059398
6 49.84680557250977 2.553829431533814 -1.445216059684753 0.843851 1.721519 0.646183 3.110909
5 -33.06583404541016 -3.054254055023193 -1.618988037109375 0.234458 0.230072 0.43423 -0.03335097
6 -43.88299560546875 -3.227078676223755 -1.216919541358948 1.428427 0.141051 0.509123 -0.01899566
1 14.6627779006958 -3.167826890945435 -1.007191300392151 3.890543 1.613333 1.696129 0.06047765
6 -8.587553977966309 -2.986210346221924 -1.301472544670105 1.652894 0.323563 1.030362 -0.03440398
5 -2.845335006713867 5.351374626159668 -1.467264533042908 0.397439 0.416028 0.714536 -3.114908
5 -14.01363372802734 -2.851148366928101 -1.455813646316528 0.301566 0.272845 0.6154 3.137352
5 -13.91761779785156 5.583669662475586 -1.503488063812256 0.273562 0.244863 0.536709 3.110298
6 43.36958312988281 -2.24286961555481 -1.353263854980469 0.757117 0.208419 0.767084 -0.02835904
1 45.45486450195313 6.854203224182129 -1.007691264152527 4.58392 1.916095 1.851262 3.077467
6 -39.42554092407227 -3.091183423995972 -1.594096422195435 0.210832 0.209094 0.290441 0.007203166
5 -35.85947418212891 -3.022031307220459 -1.512219786643982 0.225776 0.131335 0.487057 0.5362626
6 -41.51212692260742 5.597532272338867 -1.481676578521729 1.603421 0.2554 0.878225 0.01700787
6 -52.29199600219727 5.426352977752686 -1.609115362167358 0.270969 0.280545 0.316899 -0.03342667
1 21.0280704498291 -3.262431383132935 -0.8587881326675415 4.586324 1.634179 1.940484 0.0132849
1 35.22840881347656 6.138165950775147 -1.318772912025452 6.463811 0.71305 1.245476 -3.138972
5 -3.285776853561401 7.589071273803711 -1.446504831314087 0.283957 0.262629 0.548409 -3.100078
6 -12.66671085357666 -2.883949995040894 -1.446376204490662 0.321421 0.23179 0.560992 3.11674
5 -22.65366935729981 -2.922354936599731 -1.571860432624817 0.274381 0.308319 0.561208 3.127439
6 -6.910798072814941 5.766560554504395 -1.300655245780945 1.640979 0.49745 1.088671 -3.117113
1 -0.2776803970336914 6.363111972808838 -1.023330807685852 4.50853 1.867189 1.600894 -3.094507
5 -3.765599966049194 7.64035701751709 -1.487473964691162 0.289297 0.211721 0.552738 3.088576
1 6.173367977142334 6.434770107269287 -1.026949644088745 4.358578 1.898275 1.687688 -3.111214
5 -11.099853515625 5.617886066436768 -1.494613647460938 0.44821 0.235393 0.657138 3.080332
5 -23.84554672241211 5.692992687225342 -1.642789840698242 0.293583 0.226791 0.441773 0.0105818
5 -9.679980278015137 -2.94100546836853 -1.462694525718689 0.375969 0.252141 0.624333 -0.04524796
5 -6.985292434692383 7.623403549194336 -1.436931014060974 0.241216 0.216287 0.423643 3.123921
5 -15.14894104003906 5.578246593475342 -1.583057284355164 0.273941 0.294824 0.496886 3.104842
6 -16.93561363220215 -2.953379631042481 -1.482258439064026 0.368214 0.372523 0.567672 3.100272
5 -29.21011161804199 -3.022876262664795 -1.564861536026001 0.169868 0.205773 0.38554 -0.1739327
5 -2.876344203948975 7.556601524353027 -1.419037461280823 0.251199 0.247309 0.502732 -3.088509
5 -8.556432723999023 7.693289756774902 -1.451870083808899 0.283454 0.190298 0.637604 -3.091518
1 2.55678391456604 -3.267184734344482 -0.9510819315910339 4.363807 2.020762 1.621353 0.04981544
5 -18.02146148681641 5.647940158843994 -1.604578614234924 0.286461 0.261269 0.508587 -0.03583008
5 -49.10456848144531 -3.333763599395752 -1.493510723114014 0.314067 0.285738 0.811437 0.006164967
1 37.6561279296875 -2.371077299118042 -1.391776084899902 3.744639 0.341069 0.95577 0.001880392
5 -25.90299987792969 5.612188816070557 -1.641220569610596 0.401766 0.303805 0.490113 -0.02828371
1 27.55267715454102 -2.78187108039856 -0.9981846213340759 3.856749 0.624456 1.766162 0.05055925
5 -37.57677841186523 5.578923225402832 -1.635215997695923 0.265463 0.230615 0.483119 -0.01443366
1 -48.41794586181641 2.871819257736206 -1.146190166473389 0.693284 1.679457 1.022186 -3.140276
5 -19.29138374328613 5.59441089630127 -1.553075194358826 0.401539 0.313687 0.606311 -0.02680981
1 51.26774215698242 6.045736312866211 -1.191624760627747 3.627425 0.562882 1.442297 3.080074
5 -6.46793270111084 -2.812264204025269 -1.462210774421692 0.203578 0.276843 0.622917 -0.03320783
1 32.63610458374023 -2.672062635421753 -1.028203725814819 3.97111 1.102149 1.769461 -0.02627643
6 -12.7715654373169 5.654978275299072 -1.341748595237732 1.742293 0.293295 1.025511 3.119416