2 9.531729698181152 -3.527882099151611 -0.5228211283683777 12.910837 3.075759 2.488456 -0.01681116
2 5.650088310241699 19.4167366027832 -0.6407691836357117 5.243528 0.442158 3.190474 3.141592
1 -29.90945816040039 -17.36770820617676 -0.9531816840171814 2.796079 1.633761 1.559873 -1.509131
1 27.46476364135742 -0.9132072925567627 -0.5275765657424927 2.95026 1.786116 0.700493 -0.008354953
1 28.36273384094238 -3.507659435272217 -0.7369615435600281 4.441782 1.59742 1.782576 -0.03651595
2 -13.9730281829834 -3.134320974349976 -0.6569065451622009 6.018834 2.237401 2.351946 -6.74465e-17
4 5.562705516815186 -8.520097732543945 -1.028653383255005 1.236822 0.566775 1.434602 0.0
6 17.89983558654785 -4.477756500244141 -0.9621283411979675 0.947216 1.696282 0.495446 -0.02917613
1 -16.46450614929199 -0.1905221939086914 -1.115551233291626 3.30127 2.058962 1.445016 0.0
6 26.01816368103027 -4.358386516571045 -0.8407506942749023 0.131234 0.395062 0.308648 4.32973e-16
6 33.70314788818359 0.1159408539533615 -0.4163157045841217 0.272023 0.348715 0.192658 0.0
1 42.15719223022461 -3.108578681945801 -1.087865948677063 4.113901 0.430554 0.997889 -0.002714055
1 34.90705490112305 -3.136958360671997 -0.7722257971763611 4.248342 0.323512 1.799268 0.0489002
1 18.90959167480469 -0.3117827773094177 -0.9787338376045227 3.126764 1.797183 1.375773 0.0
1 -35.33279418945313 -3.863943099975586 -1.147501230239868 3.514715 1.529834 1.521129 0.0
1 -4.773068428039551 -3.438166618347168 -1.053637862205505 4.747333 1.841329 1.493299 0.01816276