5 1.250047922134399 5.972168922424316 -1.658395051956177 0.292071 0.26703 0.332478 -3.100355
1 38.94873428344727 8.191143035888672 -1.504825472831726 0.54918 1.107027 0.560914 -3.038264
1 -36.87956237792969 -5.330353260040283 -0.9704942107200623 4.283316 1.317235 1.924388 0.0005041921
1 -48.45985794067383 -0.6153801679611206 -1.599679112434387 0.829176 1.721157 0.62421 -0.009403531
1 -19.35423278808594 -5.287811756134033 -1.12337863445282 4.527658 1.669962 1.477963 -0.02371872
1 -28.00872802734375 -5.337631702423096 -1.034785747528076 3.795641 1.775502 1.765624 -0.005017074
5 -13.92185878753662 5.572381019592285 -1.696175575256348 0.219021 0.269467 0.336299 -3.1179
3 31.63711166381836 12.92820358276367 -0.9417603015899658 0.440812 0.559542 1.184083 -0.01109594
2 -17.44750595092773 7.392705917358398 -0.4725546836853027 12.377935 2.556983 2.949145 -3.132733
1 21.99346542358398 3.594116926193237 -1.099401354789734 3.840449 1.960386 1.49713 -3.138009
1 -32.38405609130859 3.350709915161133 -1.385355234146118 1.563755 1.826783 1.230266 3.132189
1 -45.13199234008789 -4.680330753326416 -1.079916000366211 1.214348 0.486117 1.431019 -0.04549503
3 -11.02426815032959 -10.3077564239502 -1.041945934295654 0.562376 0.61028 0.773906 0.0250289
5 0.09124444425106049 6.770702838897705 -1.591349124908447 0.403671 0.618911 0.665722 3.094148
2 -45.79493713378906 6.566250324249268 -0.2829751372337341 5.216163 0.89469 3.162778 3.130565
4 31.66087341308594 -3.088052749633789 -1.066766619682312 1.317716 0.921438 1.533895 0.00358384
2 -35.20172882080078 7.176018238067627 -0.3234431147575378 11.779785 2.513586 3.526126 -3.133431
1 40.19192123413086 -5.037210941314697 -0.8867631554603577 1.292727 1.64729 1.276399 0.00358384
1 -41.52580642700195 -4.808293342590332 -1.133840799331665 3.154591 0.654421 1.64612 -0.03136544
3 50.08294677734375 5.280081748962402 -1.030617952346802 0.472705 0.298369 1.322248 -1.60309
3 31.76804733276367 13.56761741638184 -0.9343695044517517 0.576256 0.667849 1.155406 0.01358452
1 -12.9100513458252 -5.381060600280762 -1.121582269668579 4.591384 1.900934 1.37619 -0.007320486
1 51.84476852416992 16.74301528930664 -1.653488636016846 3.300434 0.225579 0.505605 -1.589975
3 -49.00647354125977 -3.397650957107544 -1.166759252548218 0.672236 0.529321 1.491107 -0.04951201
1 -7.577713012695313 -5.466018199920654 -1.067892074584961 4.484856 1.830335 1.476359 0.01927678
4 21.67019462585449 -3.4170241355896 -1.058291435241699 1.20247 0.867592 1.459833 0.00358384
5 -1.432979941368103 7.878946781158447 -1.795748233795166 0.544103 0.313923 0.348222 3.094148
6 37.04031372070313 8.78717041015625 -1.770124197006226 0.18883 0.083613 0.218534 -1.395129
3 51.23490524291992 6.000625133514404 -1.058574676513672 0.482878 0.355226 1.348385 -1.60309
5 0.1072906330227852 8.943643569946289 -1.69966721534729 0.399796 0.427745 0.59882 3.094148
5 -4.774013042449951 9.334916114807129 -1.751623630523682 0.342626 0.304086 0.544442 3.094148