1 12.63773822784424 -3.824260950088501 -1.193681478500366 4.112279 1.741212 1.500893 0.2786876
1 -31.00832939147949 -14.52713775634766 -1.104812502861023 4.220568 1.057394 0.97087 0.1930681
1 -21.87415885925293 27.49052810668945 -0.6751164197921753 3.888091 1.781972 0.836851 -1.340577
1 -15.13177394866943 -11.42538928985596 -0.5993342995643616 3.014822 1.570089 0.608529 0.3304224
1 2.553329706192017 -5.994628429412842 -1.039220333099365 4.327854 2.020463 1.59291 0.2379925
1 -10.53886413574219 -10.21558380126953 -0.4461352527141571 2.914623 1.856707 0.604591 0.3304224
1 -20.50529670715332 -13.24234199523926 -0.7697826623916626 3.668941 1.634901 0.868556 0.287287
1 -8.628846168518066 14.68224048614502 -1.023630499839783 4.344616 1.767644 1.655964 -1.322005
1 -43.90642929077148 -8.855023384094238 -0.8679834604263306 2.830506 0.532636 1.188216 -2.771061
5 -23.56054878234863 -3.284257650375366 -1.389078259468079 0.242225 0.250646 0.460579 0.4147047
1 -33.02151870727539 -5.589931964874268 -0.6493989825248718 4.134538 1.543623 1.778854 -2.865565
1 -38.07810211181641 -16.08804512023926 -1.314219474792481 4.035068 0.340792 0.784356 0.2290256
1 7.43492603302002 -4.888710975646973 -1.146584153175354 4.647716 2.063943 1.443594 0.1181225
5 -24.06389045715332 -3.773299217224121 -1.444064736366272 0.197038 0.169212 0.45148 0.7255719
1 -54.08116149902344 -20.91471672058106 -0.6372449398040771 4.172891 1.288979 1.760112 0.2653019
1 -25.42610931396484 -13.96464443206787 -0.863211452960968 4.091917 1.58732 1.578174 0.1042851
6 -21.89579200744629 -2.066659688949585 -1.082684397697449 1.638356 0.321319 1.127378 1.416418
1 -37.14428329467773 -7.265024662017822 -1.249706506729126 1.388556 0.140711 0.771382 -2.802204
2 -5.206793308258057 -5.628697872161865 -0.7007308602333069 6.369659 2.719022 2.235688 -0.7526545
1 -27.12748908996582 -4.084879398345947 -0.9269781708717346 3.948783 1.687602 1.738122 -2.807744
3 -4.63454532623291 -9.4414701461792 -0.458013266324997 0.233799 0.320218 0.357391 -2.500425