1 35.60385513305664 31.09915161132813 -1.789275884628296 0.579509 1.011443 0.660591 -1.478891
1 35.74669647216797 -2.138345956802368 -0.9742998480796814 4.419 1.05428 1.591822 0.0193085
1 -30.98399925231934 -0.9150699973106384 -0.2983376681804657 3.479862 1.691818 0.992691 0.02795719
1 48.45273208618164 -1.361816883087158 -0.8399890065193176 0.469637 1.82694 1.596953 0.0193085
1 12.23514747619629 0.339069128036499 -1.113000392913818 3.283874 2.086549 1.420771 0.0193085
6 -6.101490497589111 0.1004135012626648 -0.03666168078780174 0.580311 0.213177 0.172111 3.132348
1 42.15735626220703 13.33773517608643 -1.308439254760742 2.62151 0.47331 0.86548 -3.087337
1 25.5290470123291 0.5021323561668396 -1.016011953353882 3.154002 2.022464 1.214655 0.0193085
1 60.1959114074707 15.0016450881958 -1.490663886070252 4.480979 1.724548 1.346602 3.140378
2 -6.501485347747803 20.60385704040527 -0.7323615550994873 11.277915 2.942302 3.574024 -3.093836
2 -8.267197608947754 -3.372836589813232 -0.5623655319213867 6.221432 2.253448 2.320382 0.004036624
1 -20.59061050415039 -3.938923597335815 -0.8795834183692932 4.494372 1.717129 1.694535 0.02795719
1 -31.82670783996582 -4.450396060943604 -0.7304714322090149 3.832133 1.573666 1.849572 0.02795719
1 1.23126232624054 -3.187697410583496 -0.9793199896812439 4.703208 1.864348 1.49143 0.01225571
4 2.911032438278198 -8.676138877868652 -0.5523984432220459 1.232902 0.765953 0.836739 0.03111355
6 -50.95005035400391 -5.209738254547119 -1.204216241836548 0.492753 0.931079 0.161673 0.02795719
6 35.47912979125977 1.916738510131836 -1.243244290351868 0.621232 0.682292 0.773556 0.0193085
1 15.51355171203613 16.35109710693359 -0.6305127739906311 4.358865 1.73302 0.9621 -3.101968
2 13.99477100372315 -2.849980354309082 -0.4457317590713501 12.850937 2.844598 2.697061 0.02878884
1 -15.54550266265869 -0.5983937382698059 -0.582088053226471 0.952388 1.825351 0.505234 0.02795719
1 -7.076006889343262 -0.03948388248682022 -1.01637613773346 3.384143 1.983353 1.493773 0.02795719
2 16.39353561401367 21.18717765808106 0.1802010238170624 10.967488 3.11796 2.183001 -3.123199
1 25.57336235046387 -3.077129364013672 -1.225905418395996 3.101256 1.577796 0.957248 0.0193085