1 48.5589599609375 3.850713968276978 -1.763347148895264 2.391466 1.63964 1.201366 -3.131269
3 45.81955337524414 13.80032444000244 -1.406853556632996 0.580467 0.410222 0.610282 1.462479
1 7.626979351043701 -5.363808631896973 -1.105062961578369 4.292419 1.848336 1.464573 -0.01266827
3 45.65004730224609 13.13660717010498 -1.395161271095276 0.625867 0.311101 0.599244 1.462479
1 -36.30246353149414 -4.890723705291748 -0.9351800680160522 3.287591 0.715216 1.449953 0.03776997
1 -44.7070198059082 -5.469679355621338 -0.9905928373336792 0.670354 0.819242 0.511227 0.04990815
5 14.07252216339111 8.072291374206543 -1.899824738502502 0.309003 0.397469 0.39795 -3.081889
1 -26.09883880615234 -4.883512496948242 -0.78117835521698 3.716011 1.056396 1.756152 -0.04845344
5 16.89646911621094 6.135691642761231 -1.79896605014801 0.323324 0.278794 0.433623 -3.048101
2 -33.53604507446289 6.625822067260742 -0.2157730907201767 11.972054 1.22693 2.889851 -3.132756
1 -12.61682796478272 -5.31348991394043 -0.8699079751968384 4.532938 1.973217 1.768463 -0.001817262
1 -21.14206504821777 -5.587948799133301 -0.7271515727043152 4.532249 2.069922 1.919303 -0.004192292
1 -4.078619956970215 -5.199058055877686 -1.023159980773926 5.024113 1.905554 1.522359 -0.03374
2 -58.30986785888672 7.30129337310791 -0.0686267614364624 1.519704 2.306595 2.650479 -3.132059
2 -1.724933862686157 7.538455963134766 -0.6862990260124207 11.984158 2.777544 2.52385 3.124015
1 2.406681776046753 -5.24060583114624 -1.055921077728272 4.412977 1.923193 1.496853 0.008447785
1 -43.33843231201172 -0.4947246909141541 -0.9753656387329102 2.003699 2.038831 0.866467 0.01533436
4 37.29182052612305 -3.251564025878906 -1.376914739608765 0.754514 0.815354 1.149124 0.00544961
5 15.68366432189941 9.1502103805542 -1.874918341636658 0.373928 0.297444 0.55577 -1.794064
1 -30.93991851806641 -4.604609489440918 -0.7840689420700073 4.124053 0.551469 1.7168 -0.004839886
4 27.89982223510742 -3.259138107299805 -1.282626867294312 1.149729 0.76296 1.471318 -0.03048863
4 -33.32125091552734 -3.342137813568115 -0.915919303894043 1.190795 0.663033 1.48643 0.0160823
1 56.36816024780273 -5.131641387939453 -1.458239197731018 2.201787 2.492309 1.209336 0.0295807
1 -4.8441162109375 3.667735576629639 -1.028719782829285 4.370285 2.049842 1.595236 -3.126277
5 10.80947685241699 9.4827880859375 -1.843265295028687 0.356291 0.253503 0.550132 -3.122227
2 -19.31974029541016 7.376624584197998 -0.3647067546844482 11.468798 2.829448 2.940484 3.141512
5 15.65183734893799 6.876305103302002 -1.712728023529053 0.397302 0.312593 0.673531 -3.081889