6 -44.47992706298828 10.6429033279419 -0.4513203501701355 1.8966 0.992755 0.221629 -1.772526
2 22.04886817932129 -2.645224094390869 -0.3816240429878235 2.631582 0.707563 2.415056 0.04514462
2 14.52345371246338 -3.183825254440308 -0.4506589770317078 11.287941 1.994259 2.71579 0.01345407
6 -9.27788257598877 17.68595123291016 -1.244972705841065 2.276098 0.181259 0.575096 -3.136865
2 -45.98928833007813 -0.1430971622467041 -0.3261176645755768 3.344003 2.909157 2.986562 -0.007022236
1 -20.52527236938477 -4.118778228759766 -1.062984347343445 4.047217 1.696066 1.514339 -0.01881959
4 -52.08566665649414 -6.063908576965332 -0.9907153248786926 0.664887 0.635334 1.114795 0.004355627
2 -57.10147857666016 17.3527889251709 0.07256314903497696 4.45516 2.36801 1.407047 -3.135437
1 -50.16696929931641 4.080657005310059 -1.526955127716065 0.413022 1.434598 0.882399 -0.02548863
1 -25.81925392150879 4.002338886260986 -1.153014779090881 3.994126 1.877886 1.416928 0.01015255
1 31.16106224060059 4.992355823516846 -1.267411351203919 4.789801 1.783694 1.05315 -0.01225112
4 -49.98278427124023 -5.06847095489502 -1.043928146362305 0.695033 0.464735 1.27286 0.05039319
2 -35.72128677368164 22.06899642944336 -0.6130048632621765 11.801756 3.03867 2.629458 3.090253
4 18.40442848205566 -1.282640099525452 -1.021610379219055 2.029243 1.242832 1.541652 -0.01958605
2 4.293835163116455 -3.388295412063599 -0.5987709164619446 8.833712 2.089574 2.31055 -0.001086341
1 31.34114074707031 1.356266736984253 -0.8848156929016113 3.451247 1.842786 1.818322 -0.01659791