6 -1.909119248390198 -4.666730403900147 -0.6866503953933716 0.105289 0.211329 0.120719 0.06974676
1 18.06059265136719 -1.666409969329834 -0.9362694025039673 3.625055 0.485415 1.427985 0.01935836
5 22.79326629638672 20.86394500732422 -1.688759684562683 0.168321 0.225495 0.40847 0.08086881
6 -24.1779670715332 18.23799896240234 -0.938156247138977 0.168973 0.632321 0.133738 3.03736
1 7.320966243743897 0.2138393521308899 -0.7946886420249939 3.146582 2.138545 1.844405 0.01935836
1 -7.098459243774414 -2.675518274307251 -1.1098393201828 4.567334 2.007041 1.423224 -0.0009976218
3 33.5555419921875 36.65403366088867 -1.074960231781006 0.290678 0.492402 1.241112 -2.37075
1 -13.74880123138428 -3.168875217437744 -0.7816684246063232 2.645063 1.165162 0.607332 0.01935836
5 18.7739315032959 19.13858985900879 -1.686062574386597 0.115261 0.079989 0.480179 0.08086881
6 31.35829734802246 4.536202907562256 -0.2075126022100449 0.772231 0.35144 0.397235 0.8142532
6 3.285234928131104 -2.546330213546753 0.04342020303010941 0.327035 0.951017 0.16597 0.01076486
2 -22.09749794006348 3.158727645874023 -0.3724738359451294 12.291787 2.884623 2.570622 0.02651584
6 21.00187683105469 0.6582881808280945 -0.01194361597299576 1.225482 1.269602 0.161351 0.01935836
1 21.52078247070313 3.567594766616821 -0.7121922969818115 1.713548 1.038976 1.057073 0.01935836
2 -56.92338180541992 17.14859390258789 -0.9539620876312256 7.583113 2.853579 2.222505 2.986842
1 9.194137573242188 3.51917028427124 -1.000123023986816 4.401742 2.129094 1.453528 0.01935836
1 -4.65725040435791 3.274951696395874 -0.9502812623977661 4.964447 1.964011 1.771734 -0.006904702
4 22.48813438415527 -7.280233860015869 -0.8709936738014221 1.855074 0.614265 1.347049 0.05643937
1 12.42179775238037 -2.24772047996521 -0.7349063158035278 4.621264 1.685955 1.940616 -0.01265833
6 -19.83316230773926 -3.636347770690918 -0.4917295277118683 1.150196 0.59536 0.311109 0.01935836
1 -11.76938724517822 3.365220546722412 -1.159145355224609 4.199858 1.760831 1.469357 0.02419163
4 28.6097526550293 13.93535041809082 -0.8945656418800354 1.604313 0.472322 1.38228 2.060148
3 -11.13795852661133 -7.57905387878418 -0.9879008531570435 0.792358 0.589624 1.358093 -2.691023
4 -19.19106483459473 -9.22834587097168 -0.8704199194908142 1.633428 0.681579 1.68871 -0.07365418
1 2.889702081680298 3.496272563934326 -0.9233517050743103 4.356376 1.859735 1.600982 0.01935836
1 5.086138725280762 -2.438369035720825 -1.009557247161865 4.441434 1.799718 1.452186 0.01935836
4 20.13558387756348 -9.30769157409668 -0.669195830821991 1.687477 0.719662 1.54103 -0.3344302
1 14.94481086730957 3.345395565032959 -0.8111452460289001 2.982309 1.646391 1.720791 0.01935836
4 28.12545776367188 -11.65236282348633 -0.85264652967453 1.254914 0.641205 1.357669 0.05643937
1 35.50870513916016 31.30606651306152 -1.145653486251831 4.316123 2.163488 1.514357 -1.935067
5 20.20270347595215 19.54084587097168 -1.710740327835083 0.159379 0.106735 0.366984 0.08086881
1 -1.172432780265808 -3.1297607421875 -0.8854612708091736 5.152466 2.041246 1.706227 0.06185011
2 -6.133576393127441 -0.07019639015197754 -0.5815153121948242 6.08569 2.34734 2.133331 0.01935836
1 24.70001411437988 -2.65467119216919 -0.4584384262561798 2.626707 0.885098 0.691006 0.01935836