1 -0.7485154867172241 -6.025615692138672 -1.027186632156372 4.14726 2.03612 1.566995 0.2557953
1 -11.30074214935303 12.09874439239502 -1.041750907897949 4.412796 1.725849 1.707017 -1.393525
1 -30.3809814453125 -3.92780613899231 -0.9627822637557983 3.841358 1.874103 1.609598 -2.843277
1 4.13865327835083 -4.878129482269287 -1.110853314399719 4.59891 1.898784 1.445811 0.1101616
6 -25.20676422119141 -2.017741203308106 -1.085437178611755 1.488724 0.225493 0.789639 -1.759337
1 -56.60700607299805 -20.28866195678711 -0.7437006235122681 2.340886 0.497977 1.216094 0.2692482
1 -13.81019115447998 -10.12288761138916 -0.441238135099411 2.5638 1.769827 0.512593 0.2509796
1 9.29952621459961 -3.90900444984436 -1.115735530853272 4.003195 1.853909 1.568133 0.2570701
1 -36.18814086914063 -5.397741794586182 -0.8600096106529236 3.944282 1.611701 1.794247 -2.923705
2 -8.555781364440918 -5.553067684173584 -0.6680119633674622 6.09041 2.518291 2.217863 -0.7441853
1 -28.7245044708252 -13.86585998535156 -0.6905182600021362 3.914993 1.419468 1.044525 0.07938565
1 -40.37292098999023 -7.131121158599854 -1.327539801597595 1.074126 0.263517 1.010171 -2.842763
1 -47.15469741821289 -8.598484992980957 -1.004953145980835 3.261081 0.810614 1.299967 -2.919757
5 -26.85440063476563 -3.272451639175415 -1.583817958831787 0.280784 0.194858 0.343327 -2.435882
5 -27.34517288208008 -3.746873378753662 -1.620707392692566 0.267885 0.221394 0.354941 -2.435882
3 -7.483076572418213 -9.968362808227539 -0.9535288214683533 0.752011 0.422404 1.634727 -1.230867
1 -18.49687957763672 -11.28552722930908 -0.6303717494010925 2.377912 1.351259 0.50907 0.2509796