1 16.84709358215332 28.56911468505859 -1.139266490936279 1.188403 1.892658 1.020083 1.00384
4 -20.64743041992188 3.366878509521484 -1.233268618583679 1.628464 0.561363 0.834556 3.106678
1 31.48396492004395 -16.87406158447266 -1.547109603881836 1.46429 1.63943 0.977067 -0.6202205
3 -35.81082534790039 20.52462959289551 -0.2453949004411697 0.259685 0.633416 0.740629 2.644495
5 12.86430740356445 6.670496463775635 -1.487293839454651 0.182077 0.213066 0.491152 0.9034877
1 12.91904640197754 15.16469097137451 -0.9262446761131287 4.282809 1.658159 1.624977 1.583915
5 17.04642868041992 9.463637351989746 -1.524854302406311 0.144871 0.199481 0.389419 0.9034877
5 8.46837329864502 0.8033934235572815 -1.558638334274292 0.204327 0.176604 0.433053 0.9034877
5 1.830334305763245 -4.586839199066162 -1.645631790161133 0.281416 0.250682 0.432263 0.9034877
5 -17.50629043579102 -1.199530482292175 -1.621024966239929 0.267003 0.346868 0.327065 0.775194
6 25.14945793151856 45.59479522705078 -1.332117676734924 0.78604 0.409019 0.255972 1.140621
5 18.38151168823242 7.601563453674316 -1.53525710105896 0.082452 0.168974 0.437466 0.9034877
3 -40.27029418945313 32.75971984863281 -0.08601908385753632 0.225964 0.390667 0.914365 1.578234
4 -43.31542587280273 -31.52864646911621 -1.659416079521179 0.43734 0.679956 0.896797 -2.52883
5 -18.3847713470459 -1.813241720199585 -1.559094786643982 0.361163 0.245905 0.584153 -0.8860921
3 -20.53055572509766 1.521921396255493 -1.340126037597656 0.369034 0.353179 0.948182 2.43084
3 -40.18054962158203 33.81179046630859 -0.2410798817873001 0.297038 0.4978 0.646666 1.558586
5 -16.12488174438477 0.3132287859916687 -1.568116903305054 0.345533 0.263348 0.467407 0.775194
4 12.98005390167236 5.836509704589844 -1.035382509231567 1.684352 0.702213 1.511744 2.517329
5 15.10023307800293 12.5521240234375 -1.529292225837708 0.224212 0.230032 0.386147 0.9034877
5 -12.21489906311035 -6.978607177734375 -1.644157648086548 0.128299 0.183964 0.422939 0.9034877