2 1.507976055145264 -3.38240647315979 -0.6354438662528992 12.520511 2.917303 2.310067 0.03171113
1 -33.57883453369141 -3.840826988220215 -1.26506245136261 2.180309 0.274427 0.962152 0.009571694
1 -45.16571807861328 -2.327415227890015 -1.488600969314575 0.694798 1.743309 0.552772 -0.002854143
1 8.630044937133789 21.52655220031738 -1.643988728523254 4.429424 2.011271 1.294779 -3.117507
2 0.005534915253520012 20.82563018798828 -0.6300874948501587 8.07993 2.816701 3.232728 -3.112366
1 29.5669059753418 -2.101893663406372 -0.6310650110244751 4.464696 0.687414 1.414048 0.03721814
1 -42.45669937133789 -18.40402984619141 -0.8293470740318298 2.157244 1.532881 1.540357 -1.52693
1 -9.663963317871094 -0.1811215877532959 -1.131460309028626 3.32896 2.160976 1.445636 0.03853564
1 14.65605068206787 -0.176947832107544 -0.7332644462585449 3.216808 2.066944 1.064089 0.0447954
1 -13.29708290100098 -3.806732892990112 -1.138688564300537 4.752685 2.032118 1.420511 0.04398439
2 -21.07700538635254 -3.656438589096069 -0.7384239435195923 6.035504 2.241248 2.35721 0.01512631
1 26.60769081115723 1.679845213890076 -0.9160107970237732 1.218689 0.397601 1.363245 0.001277015
1 15.90360164642334 -3.001835584640503 -0.7351526021957397 4.482987 2.114926 1.891444 0.008737091
1 21.55824089050293 0.7764714956283569 -0.8378714919090271 3.053305 1.440792 1.107388 0.08391024
1 22.02054977416992 -3.001168727874756 -0.6967549920082092 4.574818 1.718966 1.8553 0.05667412
6 56.86368942260742 17.32938957214356 -0.008101072162389755 3.702169 1.515087 0.376909 3.140847
2 21.35674858093262 21.02220916748047 0.2272453904151917 11.052395 3.17534 2.253841 -3.133891
4 -0.3709030747413635 18.37841415405273 -1.507526993751526 1.326479 0.612597 1.509102 -3.091623
1 6.703951358795166 -0.09026194363832474 -0.9881280064582825 3.419971 2.035237 1.463865 0.03996514
1 58.84091186523438 13.83966064453125 -0.7700387835502625 3.448189 1.454438 1.333492 -3.118712