4 2.636128902435303 -2.576087951660156 -1.024106979370117 1.726082 0.807515 1.47296 -3.103843
6 47.09328842163086 2.987838506698608 -0.8988210558891296 0.294341 1.469929 0.44554 -0.08500286
4 17.54594802856445 -3.835252285003662 -0.9019813537597656 1.096604 0.624722 1.562073 2.961483
2 4.279035091400147 -3.783761262893677 -0.5810093283653259 11.124388 1.523184 2.406477 0.02606023
4 -1.835116386413574 -2.841189622879028 -1.01370096206665 1.141069 0.564496 0.860435 2.998116
1 16.36997795104981 17.5518856048584 -1.336085438728333 4.268769 1.655223 0.643692 -3.091113
1 33.20076370239258 -0.22421595454216 -0.8765326142311096 1.794145 1.745721 1.324827 0.1145584
1 -25.76737785339356 1.629208207130432 -1.200355768203735 3.890912 2.125072 1.535175 -0.02922047
2 -47.88533401489258 -5.045707702636719 1.682864785194397 11.466473 1.315391 0.64045 0.01142859
2 -25.08286857604981 -5.072791576385498 -0.3994287252426148 13.847245 3.124274 3.080714 0.008553873
1 11.11371421813965 3.927999258041382 -0.823058545589447 4.315011 2.062508 1.812431 0.01432164
4 11.16374778747559 -2.714839220046997 -0.9604363441467285 0.982239 0.663803 1.486314 2.838272
2 -36.7149772644043 -4.42072868347168 -0.2913429439067841 7.837834 1.082425 3.408067 0.02003081
1 -53.57519912719727 -0.3982685804367065 -1.507907509803772 0.422286 1.703334 0.594437 -0.04365944
4 -21.96525573730469 -7.61202335357666 -1.195162773132324 1.766756 0.564891 0.96255 -0.01831874