4 39.55596542358398 -19.78450393676758 -0.5759974122047424 2.821313 0.901816 1.466473 1.607818
4 -30.56012153625488 -9.009871482849121 -1.267212629318237 1.002351 0.352378 0.721262 -6.399645e-16
2 -4.523818016052246 -4.670370578765869 -0.6445326805114746 11.269409 2.982754 2.483637 0.05953757
2 -32.18906402587891 -6.349072933197022 -0.08602945506572723 10.512729 3.067184 3.689616 0.05507295
5 31.5798511505127 -16.62947654724121 -1.14830482006073 0.333692 0.219807 0.488347 2.93991
5 31.60299682617188 -20.16053199768066 -1.011730909347534 0.317607 0.219958 0.476124 2.93991
5 21.92059707641602 -10.82402038574219 -1.246522188186646 0.201335 0.174862 0.506805 2.750505
6 36.30104446411133 -21.29732131958008 -0.6579406261444092 0.992664 0.482523 0.659904 1.634243
2 -56.80822372436523 -7.344766616821289 1.111066937446594 10.431997 2.220922 2.172696 0.0
6 36.21748352050781 -40.61996841430664 -0.1995767652988434 1.616313 0.23061 0.71774 1.555519
6 26.87692070007324 -20.47088241577148 -0.7607889175415039 1.207119 0.251038 0.749135 -1.531155
5 31.54440689086914 -13.3902063369751 -1.134963631629944 0.416977 0.360699 0.537131 2.93991
3 22.59526252746582 -20.63929557800293 -0.3109464645385742 0.551001 0.440826 1.369871 -1.734823
1 33.1735725402832 1.566725254058838 -0.963608980178833 2.12434 1.7648 1.446232 0.1490748
4 5.521015644073486 -2.790123224258423 -0.9566054940223694 1.869051 0.734441 1.667093 2.835949
6 36.20075607299805 -26.53083038330078 -0.6928511261940002 1.735005 0.240267 0.668857 1.619423
2 -43.18130874633789 -6.933466911315918 -0.1797980666160584 10.573312 2.924294 3.805277 0.0508209
1 15.9599723815918 4.950394630432129 -0.864907443523407 4.304312 1.957715 1.75632 0.06012673
5 18.3053092956543 -7.68238115310669 -1.334448575973511 0.214892 0.161858 0.425819 3.044956
4 -10.03817749023438 -3.013628721237183 -1.104113698005676 1.543138 0.800283 1.47639 3.023345
1 -20.30705070495606 1.503390669822693 -1.070400238037109 4.128428 2.137543 1.578608 0.09005082
1 -2.57427191734314 16.9475040435791 -1.108692169189453 4.963159 0.784768 1.237317 -3.068364
4 -14.24596214294434 -3.433937549591065 -1.076904296875 1.206973 0.796679 1.593204 2.902603
6 51.84879684448242 5.504618644714356 -0.8038281798362732 0.353461 1.38945 0.21021 0.1490748
1 -48.5473518371582 -2.331527709960938 -1.456445574760437 0.888945 1.685844 0.859396 -0.03503449