1 46.07725143432617 -19.79269409179688 -0.60489422082901 4.19939 1.782468 1.550967 1.65734
2 -6.136066913604736 -0.04110800102353096 -0.6009823083877563 6.115375 2.337263 2.128965 -0.0009886514
6 -1.901679754257202 -4.667546272277832 -0.6633202433586121 0.059438 0.153339 0.067069 0.04862354
2 -11.51189422607422 15.01531887054443 -0.6035463213920593 12.356291 2.815107 3.125875 2.998789
1 2.792458057403565 3.504757165908814 -0.9419554471969604 4.166991 1.777292 1.644376 0.002690343
2 15.1299934387207 14.94888019561768 -0.3555280566215515 12.896564 2.909467 2.913571 -3.033989
1 38.58408737182617 19.36202049255371 -1.310918211936951 1.264584 1.345944 0.844155 -1.776136
1 -13.76437473297119 -3.19199275970459 -0.7474244832992554 2.752421 1.144131 0.59006 -0.005863352
1 9.208812713623047 3.350470781326294 -0.9995982050895691 4.473143 1.820546 1.461252 -0.002888622
6 -19.82398796081543 -3.642833948135376 -0.4718835651874542 1.226281 0.561983 0.375841 -0.005863352
1 -4.666314125061035 3.307909488677979 -0.942218005657196 4.990525 2.062398 1.760712 0.008483772
1 7.325466156005859 0.2172958999872208 -0.7938687205314636 3.187281 2.009096 1.849533 -0.0280381
2 -56.62482070922852 17.04654693603516 -1.211735010147095 6.863358 2.700853 2.732014 2.999513
2 12.38990688323975 -2.261585712432861 -0.7455447316169739 4.598773 1.686185 1.969618 -0.01948716
1 -1.11500895023346 -3.141682863235474 -0.8847041130065918 5.056834 1.999329 1.702847 0.02201076
6 38.27097320556641 4.385881900787354 -0.2821366488933563 0.625202 1.382223 0.477673 0.01963429
1 -6.9754958152771 -2.677380800247192 -1.108990907669067 4.330331 2.011873 1.40236 -0.03113516
4 1.809623599052429 -6.552610874176025 -0.9933645725250244 1.766509 0.736466 1.51572 -0.03486494
1 19.93838691711426 3.123947620391846 -0.7052761316299438 1.920737 0.446235 0.828433 -0.0263491
1 14.9172420501709 3.31207537651062 -0.8009107112884521 2.957801 1.588823 1.724316 0.006059941
1 29.78235816955566 18.90006065368652 -1.384065389633179 3.930335 1.545032 0.767194 -2.253852
6 20.80541610717773 0.6580327153205872 0.0005705575458705425 1.176565 1.277767 0.191767 -0.04568877
4 7.825650691986084 -9.008468627929688 -0.566428542137146 1.975975 0.673347 1.782546 -0.0406081
5 20.83505439758301 -9.679061889648438 -1.337399959564209 0.246477 0.183456 0.357464 2.956911
1 5.018674373626709 -2.428969383239746 -1.015453219413757 4.315084 1.819643 1.467559 0.001821777
2 -22.04497528076172 3.397936105728149 -0.4854528605937958 12.058805 2.822804 2.991573 -0.01263206
2 52.60788726806641 -22.66940879821777 0.6642245650291443 11.100355 2.831274 3.05314 1.633985
1 -11.75569343566895 3.351296186447144 -1.149925112724304 4.161111 1.760196 1.45025 0.03382133
2 46.68989181518555 -27.36337089538574 0.4762956500053406 5.942408 2.070121 2.714187 1.639123
1 18.06619453430176 -1.666769742965698 -0.93459552526474 3.629514 0.452812 1.436891 0.03140385
1 48.74760818481445 -17.91016578674316 -0.6839088201522827 2.588901 1.573039 1.179752 1.614906
6 23.85898971557617 -2.857552528381348 -0.1582650393247604 0.98585 0.472589 0.179293 -0.04922499