1 -45.54067230224609 -5.436929702758789 -1.173455238342285 1.726841 1.81547 1.307204 0.1287778
6 -9.855457305908203 4.918345451354981 -1.478419780731201 0.335139 0.46544 0.571273 8.183712e-16
1 -24.35628509521484 16.67539596557617 -1.415299654006958 1.115192 1.815163 0.866605 3.11571
4 10.13738059997559 -7.745181083679199 -0.9007158875465393 1.72352 0.571344 1.611712 -0.0014718
4 41.62506866455078 -7.349227905273438 -1.108355164527893 1.276899 0.305116 1.170527 0.1699742
2 -22.14167213439941 21.19098663330078 -0.2459022998809815 11.057858 2.945541 3.134121 3.132486
4 -45.94916915893555 -16.47414016723633 -0.7650479078292847 1.369767 0.646315 1.369575 1.265842
2 -16.73262786865234 -0.5796371698379517 -0.6293718814849854 6.034769 2.242609 2.317509 0.03921835
1 -49.40390777587891 8.367358207702637 -1.156756520271301 3.839359 1.228624 1.473749 -2.772565
2 -42.70956420898438 10.52054786682129 -0.3333163261413574 5.779966 2.210407 2.776344 -2.985177
3 -19.7000617980957 -10.28468990325928 -0.9729445576667786 0.630446 0.472112 0.808266 1.607276
1 -5.070958137512207 21.61359786987305 -1.792598843574524 4.671514 1.767593 1.218731 -3.113636
2 -10.56405639648438 17.8563404083252 -0.7286993265151978 6.454401 2.145256 1.905088 -3.128864
4 -41.56001281738281 -11.8784990310669 -1.022166609764099 1.791857 1.044117 1.381696 1.078811
1 -12.58966064453125 -4.595359802246094 -1.039309144020081 4.551254 2.06518 1.587888 -0.004744682
1 28.74631500244141 0.01340842247009277 -1.211764097213745 3.139334 1.821879 1.39522 0.01675383
3 -11.99860668182373 5.272459030151367 -1.172777414321899 0.550607 0.324954 1.263574 3.141592
1 12.44530868530273 -3.309184074401856 -0.8484967350959778 4.572068 1.687766 1.917502 0.0167327