5 -13.61982822418213 2.948567867279053 -1.526422500610352 0.475788 0.150228 0.412326 0.006689333
5 -14.35502338409424 16.46691703796387 -1.768751978874207 0.145688 0.151869 0.318129 0.006294019
4 -12.80040550231934 12.00826740264893 -1.233655571937561 2.106063 0.752937 1.499577 -3.115507
4 -20.60065841674805 12.21730804443359 -1.139755964279175 1.166674 0.787064 1.505122 2.586804
5 -13.08870124816895 10.2808952331543 -1.636984586715698 0.243252 0.168412 0.322834 0.006689333
1 -17.56388664245606 17.66384696960449 -1.291694164276123 4.267663 1.685159 1.527218 2.131108
6 -21.91861152648926 30.76460838317871 -1.770119428634644 0.635545 0.729938 0.840628 -1.655102
5 -16.30777359008789 -5.074164867401123 -1.462765216827393 0.362938 0.140409 0.39906 0.005763454
4 7.882119178771973 8.446885108947754 -1.208505511283875 1.937233 0.803206 1.623561 -3.132429
1 57.33810424804688 -2.785455703735352 -1.398124217987061 0.993887 1.592762 1.190875 -0.04709772
5 -11.06052970886231 14.84791660308838 -1.749403476715088 0.25482 0.170667 0.364393 0.006294019
5 -27.18608665466309 -14.62755966186523 -1.300893425941467 0.23776 0.327558 0.416786 0.005763454
5 -18.70334243774414 22.24263191223145 -1.925192713737488 0.268913 0.254703 0.397422 0.006294019
5 -15.96391773223877 17.8727912902832 -1.811933279037476 0.28191 0.200295 0.325389 0.006294019
5 -8.93043327331543 14.03758811950684 -1.752434134483337 0.289308 0.213563 0.36145 0.006294019