1 20.03310203552246 3.174939632415772 -0.6928660273551941 2.237304 0.537236 0.8225 0.05168453
1 24.48078918457031 -2.639262676239014 -0.347967803478241 2.467167 0.788502 0.525762 -0.003441747
1 -13.6787109375 -3.146648645401001 -0.7113492488861084 2.524052 1.210729 0.518048 0.07223695
2 -22.0539608001709 3.194195508956909 -0.3926579058170319 12.15345 2.870024 2.431907 0.01917124
6 20.72304153442383 0.6657784581184387 0.009060708805918694 1.222208 1.356886 0.224393 0.004548522
1 52.18896484375 -15.76071929931641 -0.6871553063392639 2.331583 0.316643 1.184137 1.641975
1 -7.075898170471191 -2.676934719085693 -1.083330869674683 4.431762 2.013831 1.462186 0.0
1 18.25782775878906 -1.667847394943237 -0.9323861598968506 3.91051 0.500697 1.446329 0.004548522
1 9.20975112915039 3.496680736541748 -1.019264817237854 4.463026 2.100426 1.405328 -0.01322915
1 5.001804828643799 -2.41319727897644 -1.00871729850769 4.276158 1.767719 1.480765 0.009414325
4 27.48681831359863 -11.88936042785645 -0.8142811059951782 1.437658 0.475135 1.36272 0.4831451
6 -19.81647872924805 -3.622086524963379 -0.4939033091068268 1.257036 0.548515 0.335471 -0.07653261
1 -4.678999423980713 3.25392484664917 -0.9710599780082703 5.016227 1.926242 1.6985 -4.23529e-17
2 14.9731616973877 10.77272129058838 -0.3881702423095703 11.026027 3.1631 2.768367 2.975468
1 -1.141654014587402 -3.115584373474121 -0.849358081817627 5.103021 1.997344 1.632421 0.03827057
4 35.8671989440918 10.61346435546875 -0.7155629396438599 1.131985 0.405385 1.46463 -1.618339
2 -56.28097152709961 17.2102165222168 -0.7715226411819458 6.231134 2.207431 1.844309 3.005566
1 12.39996528625488 -2.261133432388306 -0.7311241626739502 4.565299 1.677504 1.948729 -0.01981565
1 14.91880702972412 3.342540264129639 -0.7904682159423828 2.938157 1.57526 1.700364 0.004548522
4 1.998532176017761 -9.045565605163574 -0.763873279094696 1.853056 0.797574 1.55209 -0.03180034
4 19.24693489074707 -9.144441604614258 -0.6700721383094788 1.436413 0.587233 1.5619 0.01861683
1 -11.76645755767822 3.353542566299439 -1.147749304771423 4.193032 1.757439 1.443918 0.0370166
1 46.72043228149414 18.91786003112793 -0.9014869332313538 2.265327 0.807118 1.00444 1.754866
2 -6.083883285522461 -0.04138624668121338 -0.6327172517776489 6.146608 2.340964 2.190275 0.0
6 47.94124984741211 4.197784900665283 -0.1292358487844467 1.634899 0.420549 0.641371 1.663244
4 8.181328773498535 -6.400936126708984 -0.7776641845703125 1.677986 0.604124 1.048356 0.01861683
1 7.348740100860596 0.2191446125507355 -0.80497807264328 3.155846 2.04364 1.876907 -0.01981565
4 -7.61442232131958 -8.197656631469727 -0.3065328299999237 0.421461 0.623612 0.52558 0.1156253
3 14.64671611785889 -8.736929893493652 -0.5647788047790527 0.681545 0.939776 1.595857 -3.06552
1 39.00042343139648 -1.660374522209168 -0.7187761664390564 2.03441 1.61577 1.461728 1.99358
1 2.788904428482056 3.539716958999634 -0.9314113259315491 4.155487 1.864897 1.62403 0.009414325
2 44.59965133666992 10.53578662872315 0.2099431157112122 11.865465 2.697339 3.502104 1.692102
2 51.24002838134766 18.64979553222656 0.131735697388649 6.711442 2.444311 3.49544 1.58415
6 30.50008773803711 3.934024572372437 -0.4636013805866242 2.624615 1.030417 0.638559 2.812187