5 10.93441581726074 -6.175976276397705 -1.422828197479248 0.254266 0.227356 0.51765 -1.145855e-15
4 33.29749298095703 -16.1943359375 -0.8701722025871277 2.916356 0.899142 1.216265 1.614403
1 -21.86945152282715 14.86204242706299 -1.327270746231079 3.782876 1.578343 0.709073 -2.96541
4 -21.39056015014648 -5.21100378036499 -1.100854992866516 0.938926 0.817551 1.32874 -2.990062
2 -12.02860164642334 -5.722559928894043 -0.5013673305511475 11.091894 3.073167 2.697941 0.1835721
3 15.82433414459229 -17.62401580810547 -0.6206774115562439 0.498301 0.644418 1.405896 2.242356
6 20.82074356079102 -18.15872383117676 -0.8474993109703064 1.553164 0.239988 1.130355 -1.309087
2 -40.05718994140625 -10.25854969024658 -0.1281590759754181 11.93211 2.874563 3.985346 0.1616438
5 12.28585815429688 -7.068329334259033 -1.449627995491028 0.205926 0.184764 0.559764 0.0
4 -12.79568672180176 -3.521984577178955 -1.123786449432373 1.083387 0.689097 1.483928 -3.042963
1 33.48950576782227 5.971099853515625 -1.118951082229614 1.871756 1.804495 1.423876 0.1156249
2 -51.68818283081055 -11.52870559692383 0.265353262424469 5.849576 1.78742 3.407737 0.1409379
6 56.76043701171875 12.78272724151611 -0.9263206124305725 0.366334 1.589596 0.131442 0.1373411
5 13.64036178588867 -7.996715545654297 -1.495906949043274 0.20374 0.239853 0.544676 0.0
4 7.95591926574707 28.28400611877441 -1.466944932937622 1.207085 0.596044 0.910187 -2.868129
5 25.88699150085449 -20.82585525512695 -1.274553179740906 0.261015 0.267524 0.450385 -1.293382
5 24.72307205200195 -10.43989276885986 -1.403734922409058 0.260958 0.314429 0.529495 -1.293382
6 30.77371788024902 -23.08646583557129 -0.6931495666503906 1.514448 0.56677 0.809988 -1.538665
2 -59.36624908447266 -13.13195037841797 1.395255088806152 2.509347 1.798415 1.776332 0.1799752
1 -43.45655059814453 -5.785598754882813 -0.9983680844306946 3.223688 1.890554 1.914418 0.1966565
5 14.85166072845459 -8.923161506652832 -1.406718254089356 0.165776 0.225574 0.480978 -3.037181e-15
4 -25.81035804748535 -5.841280937194824 -1.087918043136597 0.86953 0.5561 1.29735 -3.078262
1 -14.38773059844971 1.694959878921509 -0.9934674501419067 4.223791 2.171371 1.636673 0.189289
6 30.64163970947266 -16.97776985168457 -1.190866589546204 1.606071 0.43543 0.990269 0.1763759
6 30.09939384460449 -17.90478706359863 -1.149217367172241 1.054306 0.232833 0.90697 1.759983
5 25.45867919921875 -17.27024841308594 -1.329215049743652 0.252693 0.222684 0.409487 -1.293382
4 -5.839658260345459 -2.64612889289856 -0.9993433952331543 1.95832 0.643189 1.645272 -3.128466
1 21.09280586242676 8.218099594116211 -0.8825744390487671 4.181746 1.805516 1.669723 0.1455861
5 25.04459953308106 -13.71873474121094 -1.331575274467468 0.351421 0.224022 0.639416 -1.293382