5 -4.955865383148193 17.95981788635254 -1.663959860801697 0.274728 0.245696 0.468509 -0.3877763
5 -3.413124561309815 16.51330947875977 -1.617247581481934 0.310017 0.246481 0.447779 2.627309
5 -0.1467940956354141 14.78054904937744 -1.570619225502014 0.287122 0.236241 0.40422 -0.3542287
5 1.937324643135071 13.83879089355469 -1.588117241859436 0.299791 0.202131 0.451693 -0.2945183
1 -6.554251670837402 17.55178833007813 -1.111192107200623 4.054699 1.732991 1.513467 2.129138
1 36.13817596435547 -1.194056987762451 -1.603813409805298 0.835965 1.608985 0.949328 -0.05499646
4 -29.90120887756348 -9.3549222946167 -1.063215494155884 1.431503 0.307148 0.72288 -2.589466
3 -52.50700759887695 -1.48490571975708 -0.2009704262018204 0.28763 0.511312 0.757894 0.06087837
5 -6.253491401672363 -4.990026473999023 -1.544944286346436 0.223248 0.296875 0.388447 0.1922817
1 -9.78095817565918 30.90894317626953 -1.124516844749451 0.252656 0.911651 0.62852 1.277839
3 -28.78392791748047 -10.86314964294434 -1.220971345901489 0.392472 0.279637 0.424573 2.729672
5 -2.352699995040894 10.26682186126709 -1.5554358959198 0.424136 0.417604 0.460411 2.287084
5 -3.241875886917114 3.009610652923584 -1.511149287223816 0.379367 0.368242 0.501463 2.574856
5 -24.79604530334473 -11.69999217987061 -1.405716776847839 0.229223 0.350067 0.439535 0.1440536
4 -6.951414585113525 11.37416839599609 -1.076420545578003 1.691657 0.652332 1.534205 2.726855
5 -17.3414306640625 -14.09975433349609 -1.486866593360901 0.227221 0.311027 0.329097 -1.911535
5 -24.33535003662109 -9.695034980773926 -1.448989152908325 0.385919 0.21007 0.29649 1.858708
5 -25.32359504699707 -12.67431735992432 -1.332350134849548 0.36092 0.206396 0.499941 -0.2112679