1 12.37072277069092 -2.256491661071777 -0.719322144985199 4.568736 1.716675 1.916172 -0.01710307
6 20.71893501281738 0.6528905034065247 0.01299807149916887 1.355942 1.220631 0.197368 -0.01710307
2 44.17690658569336 14.15562152862549 -0.02332527004182339 12.013904 2.726678 3.329708 -1.453919
4 8.217171669006348 -6.423630714416504 -0.7875487208366394 1.639459 0.597625 1.060653 0.0
1 2.795303583145142 3.459482192993164 -0.9537907838821411 4.187499 1.648064 1.606035 -0.01658103
5 17.23294448852539 18.79756164550781 -1.582509398460388 0.143621 0.167423 0.466843 2.922821
4 -35.42658233642578 -9.398760795593262 -1.033841729164124 1.32373 0.5722 1.219081 0.007818223
1 -4.658939838409424 3.266473770141602 -0.9201725125312805 4.989864 1.934623 1.810413 -0.01658103
2 45.28566360473633 -12.41949653625488 0.5282161831855774 11.054907 3.151656 2.735846 1.713406
1 9.397883415222168 3.344048023223877 -1.002138495445252 4.815811 1.781979 1.467306 -0.01710307
1 -13.74793148040772 -3.203328132629395 -0.7335689663887024 2.733168 1.116375 0.507158 -0.01658103
4 35.09724044799805 29.663330078125 -0.954586923122406 1.106978 0.526051 1.187491 -1.548594
1 37.64791488647461 -12.18473529815674 -0.793734073638916 2.275289 0.483896 1.050658 -1.580644
1 47.29333877563477 7.35288667678833 -0.7047969698905945 2.519431 0.450984 1.270357 1.646272
6 -1.898056864738464 -4.666009902954102 -0.6597888469696045 0.077536 0.137398 0.06375 -0.09616822
1 18.05332183837891 -1.681020975112915 -0.898962676525116 3.61296 0.547617 1.366382 0.008452591
1 43.05130767822266 25.30816459655762 -1.38054621219635 3.94259 0.959309 0.640694 -1.490997
1 -6.989118099212647 -2.679201126098633 -1.09900176525116 4.399743 2.010637 1.446034 -0.01658103
1 47.08073806762695 22.35121917724609 -1.079651594161987 1.282594 0.751467 0.754019 1.749599
1 14.95607089996338 3.346489667892456 -0.8146613836288452 2.986796 1.693986 1.737209 0.03906525
6 -19.74749374389648 -3.620697498321533 -0.4775823354721069 1.314214 0.500069 0.370018 -0.09616822
6 -5.883885383605957 -5.695104122161865 -0.3162680864334106 0.258936 0.137162 0.179736 -0.1017129
1 19.96762466430664 3.139179944992065 -0.699068546295166 1.92215 0.485763 0.819193 0.03906525
4 13.7050256729126 -9.566034317016602 -0.621762216091156 1.812188 0.699822 1.532494 5.028753e-16
2 -6.114192485809326 -0.01200935244560242 -0.5794900059700012 6.107017 2.333579 2.087089 -0.01658103
5 25.36690521240234 22.48695945739746 -1.677845478057861 0.089153 0.10017 0.442509 2.922821
1 -11.75941181182861 3.377860546112061 -1.148691177368164 4.158421 1.755858 1.446906 -0.01658103
2 -22.12220764160156 3.407755374908447 -0.3452005386352539 12.19386 2.847268 2.513547 -0.01658103
4 -43.62120819091797 -9.151803016662598 -1.140870809555054 0.64165 0.475349 1.145806 -0.01966302
4 19.12760543823242 -9.200368881225586 -0.6865670680999756 1.367114 0.56978 1.594175 0.03309168
1 4.927745819091797 -2.385706901550293 -1.019365429878235 4.100315 1.768738 1.442594 -0.005915413
1 24.76477432250977 -2.633823394775391 -0.4275999963283539 2.786748 0.948193 0.720843 -0.01710307
5 18.74546051025391 19.15735626220703 -1.610386967658997 0.10445 0.034961 0.358926 2.922821
2 -55.03242111206055 17.11520957946777 -0.7674071192741394 3.727019 2.377266 1.842106 3.007288
1 49.88109588623047 -24.21347999572754 -0.4835197925567627 3.633026 0.811676 0.726285 1.683692
1 -9.631447792053223 14.74150848388672 -1.265060782432556 4.226982 1.828294 1.637505 3.015181
1 -1.13414192199707 -3.136081457138062 -0.9068455100059509 5.078392 1.917335 1.745873 -0.01658103
1 7.369820594787598 0.2619671821594238 -0.7980871796607971 3.274271 2.12117 1.857351 -0.01710307
2 32.71681594848633 -20.63381576538086 0.04535900428891182 5.767434 2.53295 2.940383 -1.582142