2 7.533580780029297 -3.575525760650635 -0.5321382284164429 12.886024 2.988484 2.380732 0.0
1 16.33114814758301 -0.2820318937301636 -0.94207763671875 3.137482 1.962272 1.453764 -0.05181164
1 25.90608406066895 -3.475663661956787 -0.6156838536262512 4.47365 1.960165 1.850346 -0.02397861
1 32.02593231201172 -3.116335391998291 -0.5957556962966919 4.176899 0.529977 1.841148 -0.006460253
6 31.00707626342773 -0.1554216742515564 -0.2492459416389465 0.502204 1.090887 0.455494 -0.006460253
1 -6.66691255569458 -3.513772964477539 -1.065788269042969 4.691108 1.792249 1.486438 0.02152551
1 -32.82419586181641 -17.20964622497559 -1.046752095222473 2.193271 1.709279 1.679982 -1.456754
1 16.27559471130371 -4.281899929046631 -0.7455151677131653 2.818987 1.602735 0.717413 -0.005545837
1 39.21518707275391 -3.113607406616211 -0.6733959913253784 3.97857 0.802407 1.579583 -0.006460253
1 24.55317306518555 -0.8240832686424255 -0.4446148276329041 2.938667 1.705182 0.641784 -0.005545837
1 -15.06725788116455 -0.11458820104599 -1.179432272911072 3.236408 2.059583 1.498977 -0.006460253
2 -15.37639236450195 -3.163360595703125 -0.7464876770973206 6.310346 2.240015 2.321317 0.0
1 -33.92231750488281 -3.570175647735596 -1.448530793190002 3.607512 0.972266 1.289307 -0.006460253