4 19.13596916198731 -9.217166900634766 -0.7360076904296875 1.098544 0.582173 1.418966 0.06353828
1 9.215587615966797 3.464010953903198 -0.9974793791770935 4.475656 2.060849 1.457955 -0.01156622
2 -33.67784881591797 18.94635391235352 -0.3216055631637573 11.544794 2.609269 2.827462 2.990296
1 12.39089584350586 -2.239539384841919 -0.7230982780456543 4.568626 1.741959 1.924866 -0.03356384
1 43.78303146362305 31.45615005493164 -1.522544622421265 3.896534 1.018549 0.684843 -1.293046
1 48.74285507202148 -17.41990089416504 -0.6542240381240845 2.519713 1.672676 1.123541 1.651516
5 18.77605628967285 19.14616012573242 -1.660722374916077 0.132544 0.140435 0.528164 0.09431536
2 -22.12468147277832 3.411894083023071 -0.350105494260788 12.196005 2.825375 2.52303 -0.01902818
1 39.18569183349609 40.6861686706543 -1.605265021324158 3.072141 0.372048 0.736363 -1.591299
1 37.65510177612305 18.85264015197754 -0.9845394492149353 4.675152 1.80542 1.367924 -1.586063
1 19.64562797546387 3.224860191345215 -0.7021146416664124 1.299086 0.637742 0.82002 0.284484
6 20.7354621887207 0.6425215005874634 0.00575503520667553 1.348289 1.331424 0.193317 -0.003851024
2 -56.24969100952148 17.38545608520508 -0.7338112592697144 6.209592 2.160387 1.776246 2.990296
1 -13.74650001525879 -3.148232460021973 -0.712729275226593 2.716656 1.151942 0.524055 -0.005261872
1 2.787508726119995 3.462653398513794 -0.9574882388114929 4.15253 1.714656 1.582939 0.02022003
1 -11.77772903442383 3.359537839889526 -1.146422982215881 4.21118 1.754566 1.443483 0.04936067
1 -4.65831184387207 3.249594211578369 -0.9510260820388794 4.97823 1.914542 1.749352 0.006460647
1 7.346872329711914 0.2030576765537262 -0.7868881821632385 3.261345 2.108264 1.834818 0.002476894
1 49.27097320556641 21.20560455322266 -0.8194131851196289 1.75843 0.442125 1.42444 -1.086046
1 14.96689319610596 3.324607133865356 -0.783757209777832 3.028483 1.625073 1.690608 0.009458218
1 4.946977615356445 -2.519176483154297 -1.014422655105591 4.166297 1.846885 1.457246 0.002476893
3 28.79972839355469 13.81912326812744 -0.8724356889724731 0.871502 0.977181 1.401626 -1.612997
6 38.02624893188477 31.03742027282715 -1.499894857406616 1.380797 0.255735 0.337719 -1.543386
6 53.18648529052734 12.08040904998779 -0.3309534788131714 1.897441 1.315901 0.443952 -0.7532198
6 -1.899216651916504 -4.65888786315918 -0.6560249328613281 0.082933 0.2034 0.074606 0.01269792
1 24.52874946594238 -2.661393880844116 -0.3528195023536682 2.315929 0.819216 0.568298 -0.003851024
1 18.12892532348633 -1.69425892829895 -0.9287353157997131 3.779071 0.513927 1.382228 -0.01794911
1 -19.67914581298828 15.11104488372803 -0.9254063963890076 2.254874 1.592172 0.788392 2.990296
1 46.00038528442383 -19.19883918762207 -0.6203466653823853 4.24842 1.862401 1.583086 1.651516
1 -1.123996257781982 -3.140417098999023 -0.8958364129066467 5.057784 1.97831 1.723959 0.02745108
1 37.65741348266602 -11.60555267333984 -0.8902139663696289 1.109634 0.537982 0.832001 -1.519089
1 -7.097554206848145 -2.677679061889648 -1.08473813533783 4.56396 2.011601 1.448585 -0.004045751
2 -6.133221626281738 -0.08206877112388611 -0.5693291425704956 6.041256 2.344792 2.06714 0.02658467
5 17.25026512145996 18.7435188293457 -1.7175053358078 0.153164 0.197511 0.478961 0.2504221
6 -19.82727432250977 -3.615051746368408 -0.4943737387657166 1.229323 0.639858 0.319649 0.002303922
5 20.20270156860352 19.55122184753418 -1.686371922492981 0.174706 0.20215 0.416699 0.2504221
1 34.29556274414063 30.92074203491211 -1.408534169197083 4.449917 1.74659 0.865342 -1.853175
2 46.76421356201172 -27.59527969360352 0.3057746887207031 5.496623 2.27783 3.137775 1.651516
2 52.70291519165039 -22.50477600097656 0.810962438583374 11.434472 2.864332 2.805824 1.651516
4 28.41164398193359 4.189416885375977 -0.4366001784801483 0.726778 0.574261 0.618444 -1.555457
4 6.318647861480713 -6.095731258392334 -0.9783454537391663 1.504336 0.591741 1.503863 0.07709989