6 20.75386238098145 0.6881067752838135 0.003750787116587162 1.224629 1.335097 0.175171 -0.00876914
1 -3.922872304916382 12.2672233581543 -1.104142904281616 4.703608 1.703994 1.645167 3.011217
1 20.03549766540527 3.12581467628479 -0.6886255741119385 2.053242 0.484995 0.811531 0.02213208
4 4.259587287902832 -6.188228130340576 -0.9907797574996948 1.772987 0.77082 1.507962 0.1505123
4 26.72400856018066 15.02911472320557 -1.018066167831421 1.928122 0.67931 1.431618 -1.537466
6 -19.84130477905273 -3.656668186187744 -0.4756090342998505 1.24995 0.659243 0.350048 -0.01325021
1 2.902131080627441 3.563764572143555 -0.936373233795166 4.385867 1.88497 1.632208 0.007765264
2 -22.05765151977539 3.298110485076904 -0.3507619798183441 12.106461 2.86432 2.521768 8.672526e-18
1 -11.76424026489258 3.362014055252075 -1.148041248321533 4.175674 1.760679 1.442425 0.02102739
1 12.39269924163818 -2.239644527435303 -0.7020611763000488 4.555732 1.711838 1.889753 -0.008769139
1 14.97677421569824 3.330254793167114 -0.8001699447631836 3.040103 1.598686 1.734926 -0.01898149
5 20.83802795410156 -9.662825584411621 -1.32468056678772 0.287858 0.218971 0.344565 0.4991111
2 -55.8772087097168 17.2093563079834 -0.7838236093521118 5.475387 2.402104 1.863014 2.982132
1 -7.001589775085449 -2.687069654464722 -1.111314177513123 4.377051 2.035139 1.418682 0.001862283
5 18.76044082641602 19.14397621154785 -1.629533767700195 0.168937 0.217755 0.476497 0.4991111
2 -47.19919586181641 20.57047462463379 -0.607847273349762 12.018937 2.713809 2.5402 2.982132
1 37.91600036621094 8.259757041931152 -0.09738476574420929 2.964547 1.318403 0.600818 -1.563405
6 29.36676216125488 16.34084320068359 -0.324218362569809 0.443194 0.249359 0.195686 -1.537466
2 46.81643295288086 -27.42556762695313 0.4926238059997559 5.76891 2.469298 2.650852 1.630341
6 -13.80824565887451 -3.18464469909668 -0.7702213525772095 2.657891 1.133905 0.626659 -0.02999187
2 -6.154184818267822 -0.021964430809021 -0.5476858615875244 6.003285 2.33785 2.020409 -0.008769139
1 44.29299545288086 32.96289825439453 -0.8704555630683899 3.371684 1.556358 1.520507 -1.369955
2 -16.69012260437012 16.59165000915527 -0.5583827495574951 12.272694 2.728516 3.357166 3.040179
1 45.92681121826172 -20.53804397583008 -0.4949041604995728 2.680191 1.264096 1.362039 1.630341
1 40.85088729858398 -2.957924127578735 -0.6803279519081116 2.1285 0.405379 1.342412 -1.561684
1 46.15728378295898 20.85724067687988 -0.916140615940094 3.734134 0.480294 1.017469 -1.117638
1 38.40773391723633 33.48232650756836 -1.306472063064575 4.711719 1.716317 1.294851 -1.664847
1 -1.121636986732483 -3.131706953048706 -0.8828824758529663 5.039915 1.922899 1.698972 -0.008769139
1 18.20857238769531 -1.69359278678894 -0.8997650146484375 3.969463 0.549722 1.378864 -0.008769139
1 24.54121971130371 -2.640386581420898 -0.3506208956241608 2.367811 0.862568 0.580598 -0.00876914
1 7.327908992767334 0.2077020704746246 -0.7739902138710022 3.1615 2.052708 1.814438 -0.008769139
4 16.7379035949707 -8.692092895507812 -0.5986207723617554 1.356544 0.577756 1.657519 -0.07271343
3 33.36370468139648 36.61379241943359 -1.069453120231628 0.538624 0.396247 1.347776 -1.401692
1 9.282883644104004 3.343732595443726 -0.9984278082847595 4.615631 1.786049 1.463132 -0.01898149
1 4.936189651489258 -2.434426069259644 -0.8044022917747498 4.164357 1.830309 1.885984 -0.008769139
6 -1.892001152038574 -4.666749477386475 -0.6588734984397888 0.069601 0.129843 0.059794 -0.008769139
2 52.85309600830078 -22.53190994262695 0.6270415186882019 10.992655 2.945472 3.045988 1.660961
1 38.44301986694336 -15.4657621383667 -0.8138933181762695 4.071754 1.140323 1.060376 -1.561684
1 -4.7350754737854 3.325444221496582 -0.9511014819145203 5.126342 2.085373 1.740301 0.01097158