1 -7.012892723083496 -2.68127965927124 -1.107531547546387 4.396739 2.028218 1.431236 0.0
6 -19.83087348937988 -3.679799318313599 -0.4962664246559143 1.192899 0.604912 0.330826 0.0
1 7.357417106628418 0.2035882920026779 -0.8014829754829407 3.24036 2.057267 1.863542 0.0
1 -4.674962997436523 3.296251773834229 -0.9468245506286621 4.989788 2.027505 1.745516 0.0
6 46.81964874267578 4.16588830947876 -0.3847618699073792 0.458297 0.347549 0.586179 1.963935
2 -56.53081130981445 17.25458908081055 -0.753724217414856 6.692533 2.519543 1.819992 2.988207
2 43.38482284545898 20.74322891235352 -0.02607152611017227 11.982071 2.698461 3.275921 -1.475459
4 19.14575576782227 -9.191934585571289 -0.7594242095947266 1.383852 0.575135 1.45985 5.156129e-16
2 46.992919921875 -28.31118011474609 0.3044829368591309 10.728784 2.981341 3.518937 1.644452
1 24.75240135192871 -2.649015188217163 -0.46137934923172 2.73966 0.930135 0.712613 0.0
5 20.21495819091797 19.52976417541504 -1.702340245246887 0.068155 0.102509 0.364759 1.8046e-15
6 28.66156387329102 -0.9792938232421875 -0.07965107262134552 0.428614 1.01775 0.247819 0.03736736
1 14.93384742736816 3.30907130241394 -0.7958675622940063 2.953016 1.584005 1.716186 0.03736736
4 -3.974058628082275 -8.462035179138184 -0.7654085159301758 0.921331 0.585538 1.302647 2.093741e-16
1 18.06650924682617 -1.659221172332764 -0.9496639370918274 3.644348 0.524906 1.426705 0.0
5 22.80437469482422 20.8461799621582 -1.678156852722168 0.137267 0.185392 0.409741 -1.328385e-15
5 17.28861618041992 18.77974510192871 -1.592090368270874 0.156491 0.080616 0.46329 0.0
2 -6.154038429260254 5.37727028131485e-05 -0.6025816798210144 6.034811 2.420269 2.130431 0.0
1 4.931571483612061 -2.426132440567017 -0.9961416721343994 4.143834 1.823196 1.497665 0.0
1 49.70438385009766 -22.86942291259766 -0.2073229551315308 1.891601 1.4666 0.737991 1.633861
2 42.22687149047852 -12.28455066680908 0.1804538667201996 5.844339 2.499705 3.23793 2.376858
1 47.53734970092773 35.92497253417969 -1.134062170982361 2.69919 1.61673 1.188406 1.588333
1 -1.129569172859192 -3.117200374603272 -0.8747158050537109 5.06846 1.916354 1.680552 0.0
6 -1.906668186187744 -4.66697883605957 -0.6637385487556458 0.076086 0.175251 0.062693 0.0
1 38.97724533081055 5.66371488571167 -0.4403844475746155 3.863236 1.879036 1.257799 2.412432
1 9.201948165893555 3.390476703643799 -1.006779074668884 4.445868 1.840279 1.474625 4.572536e-17
1 -11.73771476745606 3.366442441940308 -1.150286197662354 4.144501 1.736053 1.451267 0.0
1 37.58443450927734 32.2354736328125 -1.405530452728272 4.440548 1.282135 0.59424 -1.682105
2 -22.03950691223145 3.310579299926758 -0.3920779824256897 12.052011 2.794528 2.432466 0.0
6 -14.038405418396 -3.172950267791748 -0.7246513366699219 2.123071 1.182643 0.489337 0.0
1 2.788143634796143 3.462099552154541 -0.9547095894813538 4.16155 1.638429 1.605341 0.0
1 37.11246109008789 -18.15233421325684 -0.835950493812561 3.541538 1.250524 0.651438 -1.792806
1 12.38922500610352 -2.244714498519898 -0.7253174781799316 4.580691 1.639582 1.928378 0.0
5 18.75768089294434 19.13358688354492 -1.681536316871643 0.101539 0.101559 0.474936 0.0
4 8.176817893981934 -6.419837474822998 -0.7831945419311523 1.634266 0.585538 1.04103 2.093741e-16
6 20.75491333007813 0.6617262959480286 -0.01758026145398617 1.266483 1.23749 0.189882 0.03736736
1 19.94644546508789 3.127181529998779 -0.6963633894920349 1.932336 0.425215 0.815177 -4.332896e-17
6 49.84379196166992 3.422857761383057 -0.2977578043937683 1.663311 0.308517 0.36919 1.699469