2 -56.9909782409668 17.2965259552002 -0.903404951095581 7.641855 2.271428 1.534314 3.005926
3 -0.2774556279182434 -7.873323440551758 -0.6355574727058411 0.794256 0.508884 1.104574 3.074677
4 23.77836799621582 -8.998615264892578 -0.8261411786079407 1.477025 0.518649 1.485926 0.4015648
1 -11.77236938476563 3.366593599319458 -1.16902756690979 4.194084 1.767371 1.487694 0.02513742
6 -19.8286304473877 -3.630481719970703 -0.4929591417312622 1.187852 0.593459 0.325997 -0.01537087
6 27.62767028808594 -8.12375545501709 -0.9325761198997498 0.44097 0.280451 1.313415 3.077798
5 20.24806213378906 19.56138420104981 -1.699803829193115 0.141409 0.139228 0.354545 0.6438451
5 18.77618217468262 19.13363265991211 -1.679044604301453 0.086171 0.184036 0.486897 0.6438451
5 20.80587387084961 -9.710943222045898 -1.351744651794434 0.04756 0.208849 0.308262 -0.1257637
6 -1.899271249771118 -4.665320873260498 -0.6613186001777649 0.06627 0.144144 0.066499 0.05132405
1 2.797635555267334 3.466745615005493 -0.9551490545272827 4.187731 1.667136 1.662224 0.0145772
6 20.81338500976563 0.6990423798561096 0.01261201873421669 1.201898 1.321014 0.202174 0.08137464
1 -7.108795166015625 -2.676286935806274 -1.089219450950623 4.588965 2.028048 1.504576 0.009159837
2 44.96144104003906 35.54864501953125 -0.7917742133140564 6.989374 2.457128 2.56412 -0.4707589
5 22.80196762084961 20.82805061340332 -1.678186893463135 0.127798 0.12791 0.405268 0.6438451
1 -4.656671047210693 3.304326057434082 -0.9561873078346252 4.949634 1.980622 1.825526 0.001145976
4 27.29234504699707 -11.90266799926758 -0.8331106305122375 1.639826 0.434809 1.380369 0.4770148
1 14.985520362854 3.326670408248901 -0.8063322901725769 3.01921 1.706579 1.736848 0.04086727
1 -46.09521484375 -9.564128875732422 -1.103983283042908 0.979279 0.524325 0.972359 -0.1019017
6 51.64115142822266 8.910856246948242 -0.4675762355327606 0.733221 1.129914 0.670513 0.04698776
4 34.65739822387695 -23.93799018859863 -0.5208247303962708 1.546549 0.533317 1.407942 -1.165777
1 9.375408172607422 3.386115312576294 -1.002177715301514 4.794302 1.859797 1.467728 0.005651245
4 19.20378494262695 -9.173718452453613 -0.6992819905281067 1.331006 0.609637 1.620982 -0.03925923
1 5.110054969787598 -2.468308925628662 -1.029683351516724 4.506098 1.828417 1.484527 0.01233341
1 12.39008140563965 -2.269633769989014 -0.7432296872138977 4.557477 1.728048 1.964234 -0.01813391
2 55.07876205444336 -0.8966611623764038 0.4072945713996887 1.506513 2.630657 2.092963 -0.1672935
6 -14.10510444641113 -3.379202127456665 -0.7247663736343384 2.029288 0.707524 0.464089 -0.01537087
4 9.783750534057617 -6.416261672973633 -0.6175140738487244 1.809192 0.609546 0.805619 0.01897264
1 18.2486743927002 -1.658286809921265 -0.9334661960601807 4.012587 0.438968 1.434077 0.04515111
2 -6.126576900482178 -0.02545472234487534 -0.5800897479057312 6.171328 2.368702 2.087288 -0.01332611
2 -22.11240768432617 3.336107969284058 -0.4523836076259613 12.198095 2.869355 2.728478 -0.002358783
3 33.54344940185547 36.71126937866211 -1.085622072219849 0.285852 0.404614 1.347732 0.7435046
1 19.9583683013916 3.128473281860352 -0.7185268998146057 1.977457 0.433223 0.792742 0.03866966
1 24.67589569091797 -2.615031719207764 -0.4413685500621796 2.650961 0.788322 0.744869 0.03800564
1 -1.097885608673096 -3.119800806045532 -0.9372422695159912 5.174005 1.981846 1.807736 0.03794859
5 17.2476749420166 18.77598571777344 -1.589358687400818 0.116598 0.148246 0.466333 0.6438451
1 7.318637371063232 0.204541027545929 -0.8134465217590332 3.136786 2.10931 1.887649 0.01391092