1 14.91246604919434 12.44508457183838 -1.056897163391113 4.859624 2.028927 1.594981 -3.003548
1 12.38560676574707 -2.235859870910645 -0.719383955001831 4.548091 1.730841 1.907193 -0.01769513
2 52.70441818237305 -22.57868957519531 0.6358811259269714 11.272476 2.846417 2.982975 1.647263
1 43.34507751464844 31.67805862426758 -1.16970705986023 3.406689 1.704519 1.386827 -1.621027
4 1.789490222930908 -6.544951915740967 -0.9623306393623352 1.700761 0.799106 1.580406 0.04025554
1 48.598388671875 -17.87015914916992 -0.6734889149665833 2.485563 1.257912 1.116673 1.647263
1 7.317728519439697 0.2049136459827423 -0.8079925775527954 3.174736 2.089156 1.869391 0.005604574
2 -30.61661911010742 17.86006736755371 -0.171865314245224 12.489259 2.929878 2.788183 2.977294
1 46.07287979125977 -19.80926132202148 -0.636726438999176 4.316387 1.788488 1.574976 1.647263
5 20.83102798461914 -9.705615997314453 -1.35737955570221 0.218691 0.240883 0.311236 -2.964021
1 4.940765380859375 -2.478144884109497 -1.026841759681702 4.156072 1.889549 1.454513 0.005604574
2 -56.84526062011719 17.33113670349121 -0.8782156109809875 7.40472 2.365938 1.510399 3.010813
1 14.97499179840088 3.310622453689575 -0.7881972193717957 3.044343 1.546108 1.68431 -0.01769513
1 39.38238143920898 42.84383010864258 -1.661755323410034 1.488466 1.398314 0.684778 -1.725472
1 -11.76749801635742 3.371065139770508 -1.157326579093933 4.195222 1.753161 1.467126 0.005604574
6 22.54251861572266 6.033583641052246 -0.9542465806007385 0.200195 0.324833 0.045228 -0.01769513
2 46.70822143554688 -27.41065788269043 0.2409698516130447 6.017947 2.100649 3.150656 1.647263
3 29.20904350280762 19.04681015014648 -0.9883065819740295 0.892401 0.810658 1.531189 -0.0973535
1 2.794645547866821 3.464980602264404 -0.9466807842254639 4.170569 1.690619 1.62681 0.005604574
6 12.11278247833252 11.89773082733154 -1.166369915008545 0.82515 1.511728 0.308675 -3.021362
1 18.13322830200195 -1.681222438812256 -0.9476209878921509 3.827727 0.547276 1.447777 -0.01769513
6 -13.77108097076416 -3.160751104354858 -0.7075982093811035 2.727352 1.085671 0.508767 0.01349496
2 -1.27451491355896 15.25938415527344 -0.6493563055992126 12.037152 2.795202 2.948167 3.099943
1 -6.980157375335693 -2.671091794967651 -1.109012842178345 4.333724 2.014747 1.446902 0.005604574
2 -22.09531402587891 3.27609133720398 -0.3414700627326965 12.206389 2.841412 2.514073 0.005604574
6 -1.896778106689453 -4.655190944671631 -0.6612387299537659 0.15939 0.061602 0.057233 -1.557878
1 -4.662791252136231 3.298099279403687 -0.9190770983695984 4.997252 2.037426 1.826732 0.005604574
1 38.09004211425781 23.19937896728516 -1.378803491592407 4.38003 1.422558 0.898629 -1.679324
1 24.55172920227051 -2.609441041946411 -0.3564882576465607 2.272271 0.990091 0.553866 -0.0941218
6 40.97803497314453 13.07769203186035 -1.192250728607178 2.67408 0.332165 0.497688 1.547152
1 9.21792984008789 3.467209339141846 -1.004182696342468 4.487159 2.029231 1.460412 -0.01769513
2 -6.083195209503174 -0.04650082439184189 -0.6427165269851685 6.11937 2.333965 2.214888 0.005604574
3 33.43323135375977 36.61042022705078 -1.163538098335266 0.470907 0.649759 1.514456 -1.7522
1 19.64591789245606 3.22186541557312 -0.7146639227867126 1.275278 0.641003 0.827484 0.2846802
6 -19.79513740539551 -3.62117075920105 -0.4802107512950897 1.205986 0.558264 0.301024 0.01349496
6 20.76394653320313 0.6421341300010681 -0.005310209933668375 1.207888 1.273435 0.18994 -0.01769513
1 -1.120566844940186 -3.152192115783691 -0.8634240031242371 5.059769 1.909236 1.66177 0.005604574
4 13.09802055358887 -8.82201099395752 -0.5881962180137634 1.784639 0.72353 1.588597 0.004785881