3 -30.38447570800781 5.113663196563721 -0.6364977359771729 0.623053 0.333588 0.655025 -1.568074
1 -46.03067779541016 -2.128710746765137 -1.068457961082459 0.80755 0.468721 0.926315 -0.02663798
4 -6.921754837036133 -5.913103103637695 -1.015592932701111 1.961989 0.747833 1.465997 -0.002166674
2 -48.77008438110352 17.74723243713379 -1.249323010444641 0.447254 1.894634 1.043146 -3.131246
1 -17.87303352355957 -2.799896717071533 -0.8170725107192993 4.069494 1.778109 1.897372 0.01249845
4 -18.22285079956055 -7.265305995941162 -0.9809679388999939 3.807485 0.953472 1.477283 -0.3728736
2 -15.71201705932617 0.327934592962265 -0.6049317717552185 6.032162 2.286599 2.360911 0.01738432
1 -33.86483001708984 -3.261081218719482 -0.9908610582351685 3.540529 0.697382 1.216555 0.02337134
4 -17.73105049133301 -8.436116218566895 -0.9768693447113037 0.955614 0.501642 1.424677 -0.2145959
6 54.57794189453125 0.7931528687477112 -1.422071933746338 0.325813 1.563632 0.282456 0.01610945
6 -52.04037857055664 21.3261890411377 -1.742388129234314 0.407473 0.245278 0.921745 3.141157
1 22.52027893066406 -10.86227512359619 -0.7893152236938477 4.16206 1.728106 1.364913 0.05419336