4 8.186729431152344 -6.428999900817871 -0.7934378981590271 1.666775 0.548149 1.065761 0.01023754
5 17.25279998779297 18.77148818969727 -1.588473320007324 0.14893 0.058158 0.467362 3.006948
1 48.15476608276367 0.7376668453216553 -0.1683397889137268 2.516414 0.326317 0.650323 1.522832
4 -9.184525489807129 -8.360137939453125 -0.4154176414012909 0.677346 0.623549 0.682244 0.01184097
6 48.51615905761719 -14.12175273895264 -0.8051356077194214 0.479519 0.110878 0.739316 1.731601
6 20.78791046142578 0.552410900592804 -0.00704598892480135 1.259277 1.109293 0.190279 -0.0143338
1 4.950671672821045 -2.437094449996948 -1.029588460922241 4.176786 1.844365 1.442564 -0.01264485
4 24.42633819580078 -11.11070919036865 -0.5369756817817688 0.575086 0.683285 1.205842 -0.4477927
6 -19.82537841796875 -3.657444953918457 -0.475236177444458 1.202446 0.602566 0.35742 -0.0143338
4 -0.7245113253593445 -8.801531791687012 -0.7332766652107239 1.863335 0.856573 1.557814 -0.06512151
1 2.852854728698731 3.522417068481445 -0.9473074078559875 4.300349 1.759988 1.627716 -0.0143338
1 -11.77249717712402 3.35720419883728 -1.152314424514771 4.207254 1.787753 1.45721 0.01023754
4 35.86563491821289 11.25802707672119 -0.7295863032341003 1.513711 0.628399 1.435608 -1.417703
1 19.93050956726074 3.151572465896606 -0.707582950592041 1.885695 0.484462 0.815439 0.0266128
1 18.14420127868652 -1.681802868843079 -0.9455971717834473 3.843378 0.47842 1.446329 0.0266128
2 18.42583847045898 10.30377578735352 -0.3629932403564453 11.010595 3.110379 2.83853 2.957279
1 15.00418853759766 3.309008598327637 -0.7887290120124817 3.092348 1.618716 1.676269 0.0266128
4 27.37773132324219 -11.88458061218262 -0.63502037525177 0.561139 0.494837 0.967581 -0.2534742
1 -4.640446662902832 3.366629362106323 -0.9336690902709961 4.970051 2.123774 1.777872 -0.0143338
3 15.37623119354248 -8.6879301071167 -0.4969446957111359 0.718933 0.91117 1.260145 3.079188
1 -6.979714393615723 -2.680752277374268 -1.082136273384094 4.47186 2.009286 1.468257 -0.0143338
1 -1.139311194419861 -3.137389183044434 -0.8959124684333801 5.066763 1.908353 1.723939 -0.0143338
1 9.20863151550293 3.342762231826782 -1.034746170043945 4.464676 1.791911 1.402197 -0.0143338
1 7.364608764648438 0.2031303495168686 -0.7887076735496521 3.141799 2.056172 1.832043 -0.0143338
1 39.84572982788086 -3.367958307266235 -0.7578735947608948 3.48718 1.003465 1.456791 2.453975
2 -6.145171165466309 -0.01014388538897038 -0.6528938412666321 6.04888 2.343836 2.233846 -0.0143338
2 -56.29468154907227 17.15554809570313 -0.7315352559089661 6.192609 2.234846 1.780257 3.026976
1 12.40261459350586 -2.249622344970703 -0.7116796374320984 4.592219 1.699072 1.893412 -0.0143338
4 19.20489501953125 -9.180597305297852 -0.689238429069519 1.382248 0.595099 1.587658 0.01023754
5 20.20879173278809 19.56720161437988 -1.701677799224854 0.157381 0.167687 0.36076 3.006948
2 44.63250350952148 9.90520191192627 0.07878120988607407 10.006975 2.727701 3.355069 -1.454588
1 52.38214492797852 -18.18397331237793 -0.7356168627738953 4.488299 0.554762 1.200117 1.600474
1 -13.77769660949707 -3.222956418991089 -0.7331303954124451 2.771332 1.061423 0.51104 -0.0143338
1 24.53371238708496 -2.647606611251831 -0.3629631698131561 2.374168 0.879698 0.570471 -0.0143338
2 -22.02629661560059 3.253994226455689 -0.3488476872444153 12.064431 2.850809 2.521223 0.01023754
5 22.82309532165527 20.8392505645752 -1.690827369689941 0.103162 0.134105 0.400228 3.006948