4 17.51234817504883 -3.493423938751221 -1.070419192314148 1.238211 0.794497 1.590894 -0.05936127
4 27.43429183959961 -2.990746736526489 -1.032058715820313 0.959765 0.798032 1.456411 0.01777959
5 -9.219677925109863 5.909652233123779 -1.635353446006775 0.576956 0.327803 0.334245 -3.126955
1 28.60084342956543 8.155547142028809 -1.615550637245178 1.027084 1.625618 0.65367 3.121914
3 -33.30355834960938 13.28049564361572 -0.7650326490402222 0.379529 0.424633 0.755754 2.816183
3 -21.46973419189453 -10.46403694152832 -1.147923707962036 0.751271 0.616327 0.836859 1.620853
1 31.08799552917481 -4.882489204406738 -0.9917863011360168 4.038671 1.383967 1.572689 0.04258779
5 22.16811561584473 6.302525997161865 -1.705218315124512 0.205847 0.201413 0.330245 -0.09733276
1 39.29440307617188 26.27668571472168 -1.397969722747803 1.329843 1.282156 0.634598 -1.578042
3 22.23562049865723 12.92593383789063 -0.8889162540435791 0.281205 0.685336 1.235676 0.007588068
1 -51.18973541259766 3.238758563995361 -1.415465116500855 0.372445 1.691766 0.652116 -3.116685
1 -29.82477378845215 -4.955350875854492 -1.321503877639771 3.942515 0.779192 1.199735 -0.01771452
1 -47.05330657958984 -5.332865238189697 -0.9648672938346863 3.699103 1.22363 1.85217 -0.02362676
5 -10.23278617858887 8.86070728302002 -1.670963168144226 0.271209 0.210069 0.547987 3.099047
1 -17.90451622009277 -5.672640323638916 -1.144257307052612 4.277472 1.824987 1.436429 0.003396586
3 41.02597045898438 4.498832225799561 -1.053910732269287 0.567266 0.607947 1.36496 -1.652426
6 0.4645387530326843 3.296789646148682 -1.135913252830505 0.404429 0.820514 0.471067 -3.083289
3 51.64384841918945 10.66920185089111 -1.219684481620789 0.257364 0.508166 1.356376 0.4269665
1 54.43607711791992 7.77187967300415 -1.299067258834839 1.769307 1.6069 0.854308 3.129701
1 3.047457218170166 3.456015586853027 -1.040170788764954 4.096104 2.181035 1.557851 -3.126429
5 -10.28232479095459 6.658290863037109 -1.550848603248596 0.206221 0.238742 0.651757 3.099047
1 -38.52377700805664 -5.375428676605225 -1.122981309890747 3.776098 1.481212 1.678322 -0.0004723892
1 39.26738357543945 16.98219299316406 -1.500713348388672 3.768986 0.842517 0.673766 -1.475671
2 -55.59344100952148 5.921272277832031 -0.6486806273460388 4.762747 0.986481 2.300856 3.140799
4 -59.29010009765625 -3.472158432006836 -1.293124675750732 0.68317 0.792303 1.578891 0.09414901
2 -27.69959449768066 7.322650909423828 -0.3019165396690369 12.087153 2.766488 3.356067 3.11867
3 39.92042541503906 3.544879674911499 -1.117273688316345 0.354852 0.446079 1.529213 -1.65175
1 49.61595916748047 -6.169826030731201 -0.885330080986023 0.396585 1.216865 0.766489 -0.03116413
3 50.75878143310547 11.55377578735352 -1.575080394744873 0.443717 0.667112 0.672178 -3.109716
2 -41.55282974243164 6.89116382598877 -0.3088880777359009 3.913574 1.989635 3.610186 -3.102595
1 -23.1574821472168 -5.256789207458496 -1.17708432674408 4.014459 1.29755 1.404479 0.01423035
5 -15.13480949401856 9.3148775100708 -1.713904023170471 0.26659 0.200671 0.432515 0.03402714
3 22.39683723449707 13.68689823150635 -0.8395274877548218 0.474813 0.583494 1.394393 0.008592173
6 34.79682922363281 8.5615816116333 -1.523592710494995 0.611134 0.274394 0.725785 -3.079894
6 26.56534385681152 8.649142265319824 -1.67347264289856 0.121632 0.257698 0.236857 -0.04878192
1 -54.58575057983398 -4.6591796875 -1.003524780273438 1.571798 0.420599 1.114796 0.1137839
1 -51.76177215576172 -0.6959381103515625 -1.670410394668579 0.331234 1.533845 0.642874 0.06397783