4 30.21808815002441 -15.77833843231201 -0.6165558695793152 2.844252 1.200978 1.312617 1.745381
1 -33.92794799804688 -0.4427356719970703 -1.279513597488403 3.81895 1.810755 1.246147 0.212745
5 21.7922477722168 -13.34672451019287 -1.210190773010254 0.323752 0.239815 0.40202 -1.443555
2 -15.43126487731934 -5.582183837890625 -0.4304643869400024 11.430973 3.253292 2.767169 0.1750049
6 18.64986610412598 -23.51364135742188 -0.5464076399803162 1.576208 0.195942 0.511436 -1.447053
5 11.55058097839356 -8.66068172454834 -1.250009059906006 0.224292 0.219947 0.360547 -0.5797303
5 8.976162910461426 -6.796338081359863 -1.333721876144409 0.235862 0.192132 0.40328 -0.5797303
2 -29.84756660461426 -8.099815368652344 -0.340514063835144 7.604159 3.163363 3.014703 0.1758331
5 30.82500457763672 -3.597422599792481 -1.29810357093811 0.200105 0.23947 0.459514 1.033874
5 10.3768482208252 -7.759073734283447 -1.371230125427246 0.229305 0.206959 0.551359 -0.5797303
1 -37.0194091796875 -8.114118576049805 -0.723128616809845 5.609427 0.646222 1.807675 0.08406782
6 17.63474273681641 -17.8907585144043 -0.8070643544197083 1.739912 0.258519 1.216867 -1.362052
2 -48.29558563232422 -10.37415409088135 -0.01618532091379166 12.540877 1.71783 4.249235 0.1869908
5 7.630880832672119 -5.943687915802002 -1.358238935470581 0.297627 0.180257 0.486549 -0.5797303
6 28.65078163146973 -10.8211145401001 -0.8861017823219299 0.416951 0.167208 0.642154 -3.057525
1 -4.958513736724854 4.354462623596191 -1.056389570236206 4.966892 2.090172 1.474971 0.1658461
6 27.35061264038086 -16.53512763977051 -0.7026385068893433 0.235024 1.558849 1.077975 1.67423
5 21.40757560729981 -10.11782550811768 -1.253385663032532 0.370647 0.265324 0.65481 0.07533216
5 22.63228416442871 -20.49783706665039 -1.115936756134033 0.321487 0.260266 0.456662 -1.443555
4 46.84755325317383 7.372372627258301 -0.7003718018531799 0.72055 0.736929 1.32005 0.1561163
3 51.24509048461914 2.007523059844971 -0.5063093304634094 0.437536 0.694584 1.407088 -2.948683
5 27.61541748046875 -25.8884334564209 -0.9986167550086975 0.24831 0.243386 0.489687 -1.482588
2 -32.98398971557617 -4.941936492919922 -0.4240387380123138 4.931676 2.731975 2.898601 0.1800061
1 -13.64576721191406 17.58702659606934 -1.314243197441101 4.562348 1.751805 1.07082 -2.964687
6 26.87850570678711 -17.43964576721191 -0.9403170347213745 1.270208 0.198814 0.67529 -1.467363
5 22.29994583129883 -16.90930938720703 -1.14405620098114 0.365222 0.347624 0.409185 -1.443555
1 8.17945384979248 0.2025393843650818 -0.9767045378684998 2.757777 1.235711 1.636994 0.142671
6 27.49434280395508 -22.73494529724121 -0.8566772937774658 1.600471 0.182902 0.931022 -1.482588
6 19.2891845703125 -29.62798309326172 -0.357240617275238 1.406086 0.194074 0.282183 -1.447053
1 24.10028266906738 8.942079544067383 -0.945712149143219 4.176469 1.721653 1.473285 0.1444547