6 -31.24810981750488 -3.203003644943237 -1.314278960227966 2.193548 0.20258 0.918538 0.0
5 -35.09249877929688 5.302761077880859 -1.726417660713196 0.14668 0.245517 0.48618 3.141592
1 45.36572265625 -2.351716279983521 -1.36931836605072 3.326039 0.195576 0.899609 0.06828849
1 11.53525257110596 -3.148465871810913 -0.9348486065864563 4.181971 1.723457 1.688912 0.006992328
1 18.30076217651367 6.693439960479736 -1.122592926025391 4.2661 1.658296 1.491629 -3.127036
5 -40.43621444702148 5.336374282836914 -1.767281889915466 0.263307 0.276951 0.529922 -3.122212
5 -32.11471557617188 5.354282379150391 -1.746158957481384 0.22889 0.202236 0.492843 3.141592
6 -38.07941818237305 -3.290456771850586 -1.540504097938538 0.218233 0.163249 0.260355 -3.122111
6 -28.04393577575684 5.428794384002686 -1.451577544212341 1.696074 0.253529 1.050511 -3.109832
1 28.40395164489746 -3.205437660217285 -0.5374259948730469 0.677204 1.512522 0.74491 0.001281733
1 -3.968732595443726 6.456933975219727 -1.106052994728088 4.512617 2.064215 1.535147 -3.138545
1 -14.43702125549316 6.391261100769043 -1.150678277015686 4.053665 2.037185 1.747162 -3.10143
1 7.17774248123169 6.591148376464844 -1.116694331169128 4.406824 1.77931 1.485858 -3.093034
1 -6.028679370880127 -3.309799671173096 -0.9456592798233032 4.63213 1.892087 1.677653 0.03470924
1 30.12382507324219 3.163653373718262 -1.153730511665344 1.803231 1.920993 1.151731 -3.131894
1 23.61521911621094 -2.462604761123657 -1.229652643203735 3.892854 1.104557 1.058947 0.01715757
1 -18.03518676757813 -3.304795026779175 -1.014941096305847 3.840125 1.72321 1.563172 0.06619944
1 12.7546272277832 6.759646892547607 -1.11237382888794 4.295854 1.998024 1.475977 -3.093034
5 -23.91393089294434 5.0793776512146 -1.600757956504822 0.396234 0.251533 0.435138 -2.713275
1 -23.64047622680664 -3.390483140945435 -1.144985556602478 4.127773 1.206174 1.520548 0.02674845
6 -40.87123870849609 -3.297127723693848 -1.306143283843994 1.371947 0.178846 0.448407 3.057158
1 -21.00596618652344 6.129574775695801 -1.132182478904724 4.093376 1.701187 1.626297 -3.081344
1 6.428411960601807 -3.362484216690064 -0.8406362533569336 3.808757 1.61311 1.85808 -0.004933173
5 -30.21687698364258 5.361812591552734 -1.644370079040527 0.299066 0.176881 0.412709 -3.129454
6 -25.47801399230957 5.539056301116943 -1.455518484115601 1.673186 0.164652 0.870657 -3.109832
1 40.68589401245117 -2.712333202362061 -1.13130795955658 3.958656 0.500228 1.307177 0.09514936
1 -12.0221118927002 -3.42972731590271 -1.079613447189331 4.26427 1.817876 1.452582 -0.007402964
1 1.861872315406799 6.491832256317139 -1.123404979705811 4.568864 1.887421 1.493095 -3.084853
5 -42.3800163269043 5.325719356536865 -1.648625731468201 0.082542 0.181637 0.542715 -2.934239
1 -8.758031845092773 6.637485980987549 -1.122208714485169 2.721196 1.764087 1.54024 -3.094529
4 41.70460891723633 2.894193887710571 -0.957042932510376 1.267559 0.550445 1.317206 -3.118517
1 57.39643096923828 -2.169618368148804 -1.094050765037537 0.784599 1.298651 1.102609 0.09514936
1 0.1814236789941788 -3.444838047027588 -0.8081082701683044 4.914603 1.870515 2.040815 0.05675969
5 -26.92357635498047 -3.070604085922241 -1.654064416885376 0.258365 0.326266 0.496277 -0.001269592
1 53.30581283569336 21.71253776550293 -1.10069751739502 4.393675 1.754907 1.195146 -1.534319
1 24.27760696411133 6.82126522064209 -0.8898549675941467 4.814236 1.800953 1.954326 3.131108
1 16.71208763122559 -2.944709777832031 -1.03694486618042 4.435033 1.580904 1.531053 0.006992328
6 -33.95051574707031 5.374399185180664 -1.468737721443176 1.861326 0.165154 0.935804 3.141592
1 30.43791198730469 6.732135772705078 -0.9867991805076599 4.236557 1.737127 1.751437 3.13165
5 -33.15607833862305 -3.190297603607178 -1.616991400718689 0.286287 0.215737 0.491392 0.0