1 12.38849639892578 -2.264551162719727 -0.7366319894790649 4.562509 1.748704 1.94453 -0.02745234
1 14.99076271057129 3.314927101135254 -0.7881940603256226 3.056687 1.64417 1.677242 0.03643122
5 18.79063415527344 19.16605377197266 -1.682878136634827 0.140376 0.12592 0.485468 0.180832
6 20.71102714538574 0.6469423770904541 -0.01556320954114199 1.325056 1.342765 0.193422 -0.008740033
2 -6.216727256774902 -0.05868280306458473 -0.5476407408714294 5.909515 2.425214 2.023741 0.03405615
1 2.79311990737915 3.563798666000366 -0.9402086138725281 4.170643 1.862308 1.636446 0.01424764
2 -32.96295547485352 18.2034912109375 -0.2601107358932495 10.582436 2.669253 2.744693 2.991786
2 45.19783020019531 7.393656730651856 0.3241201341152191 12.44031 2.773215 2.934755 -1.379805
6 50.72072601318359 21.39799118041992 -0.6894607543945312 0.965583 0.693596 0.345818 -1.664671
1 46.87660598754883 33.64461898803711 -1.120907306671143 3.76726 1.246698 1.187935 1.568148
4 27.54277229309082 -11.81828880310059 -0.826270341873169 1.138245 0.447493 1.35331 0.4241066
1 -1.103214621543884 -3.118643045425415 -0.8842310905456543 5.037452 2.033684 1.701432 0.04966949
2 40.95566558837891 41.29142761230469 -0.996612012386322 7.108067 2.256938 2.286655 -1.653547
1 -4.691251754760742 3.251910924911499 -0.964465856552124 5.003192 1.936587 1.75561 0.002466374
4 8.168185234069824 -6.389039516448975 -0.7933273911476135 1.569752 0.579861 1.073063 -0.05450276
1 9.206497192382812 3.388396739959717 -1.003305792808533 4.421549 1.847782 1.461367 0.01120576
1 -11.78484439849854 3.348813533782959 -1.158880352973938 4.216946 1.809802 1.468166 0.02200096
2 -22.04272651672363 3.280141592025757 -0.371774286031723 12.149673 2.944173 2.565806 0.002290391
1 2.910900354385376 12.65463829040527 -1.062972784042358 4.090457 1.82424 1.693674 3.000549
5 21.45828819274902 20.10132789611816 -1.600060701370239 0.129776 0.166709 0.404599 0.3532828
1 47.30985260009766 15.92174625396729 -1.056831002235413 1.266418 1.224826 0.761035 1.517354
4 21.49126625061035 -10.02568340301514 -0.806585431098938 0.916408 0.314533 1.475073 -2.643815
6 -19.85393905639648 -3.628652095794678 -0.4708422720432282 1.252244 0.609359 0.337302 -0.04231492
6 -1.900956749916077 -4.67083215713501 -0.6648754477500916 0.071469 0.122185 0.05999 0.02080183
1 7.353098392486572 0.2080444544553757 -0.7974215149879456 3.207035 1.995782 1.850557 -0.06987304
4 8.447755813598633 -9.607413291931152 -0.8119626641273499 1.439484 0.403489 1.325143 -0.01138113
5 17.23822402954102 18.79060745239258 -1.661296248435974 0.100204 0.075612 0.317916 0.2235513
1 19.91949844360352 3.173604965209961 -0.72073894739151 1.878532 0.43479 0.843057 0.05506609
1 4.94232702255249 -2.396302223205566 -1.013762950897217 4.163497 1.743759 1.488641 0.01636203
4 41.02495956420898 23.69642639160156 -1.025572299957275 1.57327 0.403574 1.262758 -1.311097
1 44.0754280090332 19.69490814208984 -1.046280026435852 4.299826 1.758627 1.284641 -1.434772
5 22.79547691345215 20.84550666809082 -1.680646181106567 0.150103 0.164299 0.428317 0.423472
1 -13.7775297164917 -3.202391147613525 -0.7814435362815857 2.728905 1.09508 0.655839 0.0071405
4 29.21596336364746 -21.91972160339356 -0.4277410507202148 1.118237 0.392043 1.643043 -1.450447
1 24.53020858764648 -2.679630279541016 -0.3676200807094574 2.35173 0.743849 0.582957 0.03623967
5 20.21217155456543 19.54595375061035 -1.703853726387024 0.169395 0.115189 0.373213 0.304882
1 18.13800239562988 -1.700439691543579 -0.9343798756599426 3.841621 0.438214 1.425581 0.001912587
3 7.619050979614258 -8.480238914489746 -0.7078331112861633 0.838848 0.904501 1.597907 -3.115752
4 19.10112380981445 -9.194844245910645 -0.6882657408714294 1.389055 0.574278 1.587639 0.02015808
6 35.54005432128906 -3.3460533618927 -0.1612035185098648 0.40361 0.412602 0.639413 0.05769483
2 -56.66723251342773 17.30474281311035 -0.7273159623146057 7.029855 2.333102 1.770699 3.005372
1 -9.282346725463867 14.28362560272217 -1.348287224769592 4.554835 1.68818 1.421763 2.973119
1 -7.007066249847412 -2.680824756622315 -1.091934561729431 4.308543 2.019221 1.4615 -0.008136292