2 -22.08793067932129 3.235552549362183 -0.3259816467761993 12.185259 2.861445 2.478617 0.01056055
1 2.794420719146729 3.485294342041016 -0.9377803802490234 4.178725 1.680874 1.586374 0.02775966
5 21.46778869628906 20.10278129577637 -1.571300625801086 0.10136 0.111734 0.396583 0.7319357
1 14.84531211853027 11.21919536590576 -0.9282987713813782 4.570271 2.091952 1.668996 -3.005341
1 26.82162284851074 -1.8586106300354 -0.5774653553962708 3.27627 1.001595 0.969026 0.0001503367
2 -6.132784366607666 -0.1031821295619011 -0.6094989776611328 6.003439 2.332951 2.14489 0.03927362
5 20.20079040527344 19.55207443237305 -1.693649411201477 0.082863 0.163234 0.362206 0.2573433
6 36.05056381225586 -3.104655504226685 -0.02554375305771828 0.289276 0.88275 0.016545 -0.01930665
1 35.78366088867188 11.95959186553955 -0.7357720732688904 3.548001 2.001328 1.492013 -2.872153
1 9.208158493041992 3.531895160675049 -0.9942138195037842 4.440366 2.105111 1.45547 0.006742212
1 9.286759376525879 0.3092031478881836 -0.7704869508743286 3.225237 2.238436 1.835045 -0.01618952
1 21.9151668548584 3.760143280029297 -0.7492871880531311 3.708966 1.600212 1.674793 0.0399971
1 -11.77196407318115 3.356034278869629 -1.147566795349121 4.187472 1.76775 1.442767 0.03983167
1 6.947220802307129 -2.481096506118774 -1.00221860408783 4.113092 1.943424 1.432832 0.01126568
1 -0.2101259231567383 -3.407183170318604 -0.7563385367393494 4.982605 2.541933 1.448965 0.01311265
1 -7.012323379516602 -2.695802450180054 -1.114571809768677 4.398975 2.005346 1.402303 0.009699796
5 18.75512313842773 19.15551376342773 -1.6588134765625 0.131813 0.074808 0.503276 2.018489
1 42.53161239624023 18.78727531433106 -1.269155383110046 3.794927 1.74129 0.669413 -3.13487
1 29.5906925201416 3.834241628646851 -0.6890097260475159 1.804147 1.072222 1.091606 0.1762788
1 16.21045112609863 -2.38141131401062 -0.6895832419395447 4.519678 1.63724 1.852501 -0.01826688
1 -13.8096809387207 -3.016682624816895 -0.7661393284797668 2.448611 1.503086 0.620499 -0.3118585
6 38.18600082397461 42.35750198364258 -1.754477381706238 0.173619 0.666291 0.344821 -2.212561
6 27.20960426330566 18.81538581848145 -0.227154552936554 0.511577 1.168979 0.104408 -3.011347
4 -3.433588743209839 -8.554161071777344 -0.1651424914598465 1.160043 0.975662 0.849711 0.0
6 -19.84140968322754 -3.650139093399048 -0.4690338969230652 1.231471 0.638184 0.338604 0.0
2 -56.2988166809082 17.18532562255859 -0.7676199674606323 6.264856 2.264147 1.775267 -0.1014597
5 17.15704536437988 18.74638175964356 -1.711935997009277 0.180183 0.109521 0.454275 0.1826282
1 -4.678989887237549 3.286285400390625 -0.9308657646179199 5.010961 1.995691 1.774823 0.01247227
3 -17.49555587768555 -8.28879165649414 -0.9711572527885437 0.655311 0.564728 1.017458 3.141592
4 30.65181922912598 26.95601081848145 -0.9525547623634338 0.406702 0.62969 0.936355 -3.141592
4 33.22297286987305 -8.734627723693848 -0.5325108766555786 0.495086 0.827513 1.116088 -1.141974