4 10.57898235321045 -4.727656364440918 -0.4377585053443909 0.937527 0.577093 0.847386 0.0154145
6 -14.09887313842773 -3.410387992858887 -0.7215726971626282 2.116936 0.653346 0.43938 0.0
1 24.55303573608398 -2.643231868743897 -0.3402126133441925 2.300105 0.846105 0.573025 -0.04122346
1 43.74924850463867 -13.45485687255859 -0.6477094292640686 2.483878 0.469133 1.218071 1.929436
5 18.76081085205078 19.15315437316895 -1.599199175834656 0.165395 0.096254 0.350912 2.951093
4 20.59674644470215 -12.91120910644531 -0.7148457169532776 1.322828 0.660988 1.307133 -0.1368818
6 46.78143692016602 -25.05097007751465 -0.008019432425498962 0.168107 1.083876 0.29873 1.634271
1 49.83967208862305 29.75393295288086 -1.077665567398071 3.058569 0.450471 1.165491 1.616684
1 7.361721515655518 0.205769494175911 -0.8086203932762146 3.190645 1.981404 1.884218 -0.04122346
4 -22.47034072875977 -9.43702507019043 -0.8597621321678162 1.173828 0.700265 1.31662 0.0
1 12.38371276855469 -2.238439083099365 -0.7211054563522339 4.572584 1.658647 1.928748 0.006826783
5 25.37598609924316 22.48557090759277 -1.669920682907105 0.086805 0.102036 0.445952 2.951093
5 17.2513370513916 18.81628799438477 -1.642885446548462 0.059988 0.151313 0.317472 2.951093
1 -1.109641432762146 -3.115116834640503 -0.8961416482925415 5.025631 1.938986 1.724642 0.01937162
4 35.20598602294922 19.54154586791992 -0.7929959297180176 1.500712 0.637418 1.579244 -1.591312
2 -56.30238723754883 17.20622825622559 -0.8943365216255188 6.218737 2.237665 1.50326 3.009625
1 43.69651031494141 22.4019718170166 -1.154582262039185 3.714443 1.713529 1.073374 -1.469807
6 21.08847808837891 0.4733705520629883 0.02146794274449348 1.164674 0.851513 0.189107 0.03671176
3 20.54728507995606 -7.971654891967773 -0.7931530475616455 0.83669 0.548075 1.537387 -0.09453897
1 -7.000412940979004 -2.668704032897949 -1.106460571289063 4.371758 2.029493 1.452686 0.0154145
5 21.44439125061035 20.07754516601563 -1.57368814945221 0.149616 0.101674 0.370243 2.951093
1 -47.65571975708008 20.16756629943848 -1.568126320838928 2.675153 1.141691 0.909144 3.007027
6 -19.77218246459961 -3.649748802185059 -0.4724088609218597 1.385828 0.639813 0.342998 0.0
2 44.37825012207031 12.19495296478272 -0.0288139246404171 11.834754 2.650846 3.163895 -1.461145
1 2.788439750671387 3.448245048522949 -0.9395907521247864 4.159516 1.619999 1.632982 -0.01416625
4 40.47825622558594 36.35678482055664 -1.289812803268433 1.441476 0.583579 1.111257 -1.431412
4 19.20865440368652 -9.217507362365723 -0.7377614378929138 1.26181 0.555859 1.433036 0.0154145
2 52.02331924438477 -11.69863319396973 0.5500674843788147 11.670721 2.032297 2.721593 1.613412
2 -6.148274421691895 -0.07065486907958984 -0.5690892338752747 6.01752 2.346842 2.063031 0.01937162
1 9.207759857177734 3.356946468353272 -0.9992830157279968 4.452742 1.806574 1.467051 -0.01081431
1 18.15449333190918 -1.683885931968689 -0.9255368709564209 3.871992 0.494082 1.432445 0.006826783
1 14.98043346405029 3.350505828857422 -0.8124822378158569 3.043086 1.614087 1.746607 0.03671176
4 8.197200775146484 -6.405851364135742 -0.7748113870620728 1.679407 0.627165 1.032468 0.0154145
2 -22.0635871887207 3.22257399559021 -0.3463549911975861 12.16025 2.891683 2.511532 0.008530373
1 4.909711360931397 -2.374934196472168 -1.017573237419128 4.100261 1.736421 1.436569 -0.005903712
1 49.46229934692383 -29.00712203979492 -0.3298419415950775 1.345397 0.424965 1.010209 1.634271
4 -24.97943878173828 -8.958492279052734 -1.111998200416565 1.651001 0.682759 1.300349 -0.06616568
1 -4.676981925964356 3.340248346328735 -0.9399415850639343 5.02249 2.105078 1.764651 0.0154145
1 -11.75516605377197 3.359727621078491 -1.151855111122131 4.176843 1.766762 1.45163 0.0154145
1 19.66794395446777 3.111700773239136 -0.6999093294143677 1.303933 0.483136 0.831221 0.006826783
6 -1.896280646324158 -4.664750576019287 -0.6597826480865479 0.070276 0.162057 0.062749 0.0
2 38.66815948486328 0.5876568555831909 0.2069168388843536 11.258169 3.260329 3.127299 2.238633