3 50.77800750732422 -8.935628890991211 -0.6419065594673157 0.431436 0.415988 1.158521 1.702562
1 -2.44771146774292 4.460698127746582 -1.056004047393799 4.654386 2.149662 1.461382 0.03118052
1 50.54558181762695 11.88647270202637 -1.252393960952759 4.706026 1.39602 1.66453 -2.178423
1 29.69015693664551 4.281449317932129 -1.065585851669312 3.596149 1.85843 1.588932 0.03277121
4 -45.18847274780273 -5.60213041305542 -1.200756430625916 1.567467 0.53069 1.225112 -0.2191781
4 -57.49102783203125 -3.003903865814209 -1.407186150550842 1.017343 0.686017 1.148575 0.03118052
4 -54.8484992980957 -4.57927131652832 -1.345938444137573 0.939179 0.834616 1.163548 0.1472969
1 28.76078796386719 0.8747042417526245 -0.9429219365119934 3.36131 1.795928 1.67955 0.03118052
4 43.84818267822266 -4.802575588226318 -1.006831049919128 0.884211 0.582175 1.376977 2.409343
1 58.84832763671875 -1.158670663833618 -1.104130387306213 0.351701 1.293228 1.183714 0.03118052
4 -7.328494071960449 -4.772775173187256 -0.9516172409057617 1.736728 0.670075 1.690811 0.01032221
1 -39.27996444702148 4.33786153793335 -1.233095645904541 4.111949 1.679125 1.494275 0.04131759
4 45.81843185424805 -4.155479431152344 -1.074922442436218 0.836182 0.868196 1.468195 -3.1378
2 -39.13887023925781 0.4268842041492462 -0.4204066395759583 6.842977 2.793256 2.876539 0.03118052