5 15.79782485961914 7.618717193603516 -1.467945456504822 0.070733 0.111178 0.409692 -0.118056
5 19.94461059570313 5.286835193634033 -1.536427140235901 0.154499 0.099129 0.377814 -3.110232
5 13.044753074646 -3.036542892456055 -1.481918931007385 0.464833 0.383443 0.526378 -0.003405475
1 31.46909332275391 -2.913751602172852 -1.028501510620117 4.026326 0.76044 1.375652 0.0002627244
5 -14.5875244140625 5.608480453491211 -1.572919249534607 0.336096 0.253496 0.562557 -3.089829
5 16.40268707275391 -2.921329021453857 -1.414233207702637 0.149337 0.109441 0.56364 0.01042913
6 -35.23741912841797 1.12726640701294 -1.750514030456543 0.140803 0.189126 0.453023 0.01099665
5 1.652063131332398 5.52712345123291 -1.522546291351318 0.443137 0.417406 0.676141 -3.127081
5 8.772789001464844 -2.873279333114624 -1.445300221443176 0.326244 0.260483 0.612901 0.00180521
5 19.07255554199219 7.674492359161377 -1.36853814125061 0.136136 0.223474 0.426914 3.027105
1 50.24154281616211 -2.397391080856323 -1.194912314414978 2.734677 1.22872 1.100965 -0.01118542
5 -22.04191017150879 5.519681453704834 -1.7441565990448 0.205076 0.29799 0.584785 3.140757
1 20.28465080261231 -3.608073711395264 -1.024355411529541 4.060611 1.823562 1.491264 0.06263848
6 29.92194557189941 6.334099292755127 -0.3570052087306976 1.928681 1.159382 0.098878 -3.130785
5 8.936400413513184 5.509654521942139 -1.502487897872925 0.37102 0.334469 0.628854 -3.127081
5 -8.743416786193848 5.571569919586182 -1.591005802154541 0.229098 0.245938 0.51769 -3.089829
6 11.87849521636963 -2.995745420455933 -1.229376196861267 1.670328 0.203769 0.93645 -3.129478
5 15.47489452362061 -2.933466911315918 -1.511513948440552 0.381997 0.319046 0.501032 0.01042913
1 50.09608459472656 6.188270092010498 -1.057700991630554 2.035576 1.222112 1.286997 3.132064
6 -32.64087677001953 5.562554359436035 -1.648081779479981 1.639384 0.463696 0.872452 -0.04115039
6 16.10077476501465 5.596265316009522 -1.285154700279236 1.685201 0.331817 1.07402 -3.123976
6 -31.68146324157715 1.130506873130798 -1.720159292221069 0.107191 0.124297 0.413209 0.01099665
6 14.33087158203125 -3.067077159881592 -1.257667183876038 1.642983 0.310538 0.978027 -3.141491
5 10.16749668121338 -2.962984085083008 -1.437567710876465 0.323839 0.298036 0.638616 0.00180521
1 55.90895080566406 5.839183330535889 -1.054712891578674 1.758192 0.458546 1.073381 -3.140417
5 -5.335185050964356 5.533632278442383 -1.492779493331909 0.29795 0.311712 0.54304 -3.127081
5 16.89826774597168 -2.869332790374756 -1.469553589820862 0.229297 0.22551 0.572859 0.01042913
6 -38.16652297973633 5.536044120788574 -1.677205085754395 1.537667 0.223563 0.940635 -3.105515
5 6.232753276824951 5.539040565490723 -1.543428421020508 0.325027 0.377943 0.625381 -3.127081
5 16.14691352844238 7.568028926849365 -1.449283242225647 0.147015 0.166661 0.459695 -0.05971602
6 -26.67338180541992 -3.299357891082764 -1.46355402469635 1.685421 0.180443 0.792214 3.117679
5 11.81648445129395 5.557762622833252 -1.487311005592346 0.241811 0.233806 0.615382 0.01127817
5 -12.89485263824463 -2.968810081481934 -1.527637600898743 0.235746 0.230768 0.492159 0.06514759
5 16.48562622070313 7.533661365509033 -1.435904622077942 0.160748 0.150742 0.384682 -0.0873694
5 5.892144203186035 -3.004390239715576 -1.427734851837158 0.311599 0.335361 0.693484 -0.01572683
1 37.63100433349609 -2.723774671554565 -1.28668737411499 3.309508 0.224649 0.705769 0.03277256
6 -20.9354133605957 -3.177143335342407 -1.414749383926392 1.580109 0.313885 0.984115 3.135574
5 -2.949957370758057 5.616562843322754 -1.559798836708069 0.390744 0.422508 0.630741 -3.127081
5 17.07010269165039 7.641648769378662 -1.368955135345459 0.143088 0.192388 0.344475 -0.1084995
6 -18.51636695861816 5.654090404510498 -1.481733083724976 1.689341 0.294713 0.922934 0.02573213
6 18.60252571105957 5.68320894241333 -1.341722249984741 1.684661 0.320313 0.990317 0.01550846
5 -28.2624626159668 1.18323290348053 -1.71209979057312 0.131695 0.228661 0.361374 0.01099665
5 13.73498916625977 5.542088985443115 -1.466397643089294 0.268971 0.264814 0.599905 0.01127817
5 -6.289261341094971 -3.029119491577148 -1.512615442276001 0.318698 0.395964 0.613514 0.02046273
5 4.879836082458496 5.583061695098877 -1.55853796005249 0.30164 0.331941 0.559245 -3.127081
5 -10.1091194152832 -3.02926516532898 -1.522466540336609 0.428607 0.354587 0.610635 0.05168549
6 -32.73431015014648 -3.272869825363159 -1.381423115730286 1.62541 0.500319 1.176286 -0.009223428
5 -11.67737293243408 5.630155086517334 -1.603658318519592 0.344652 0.228805 0.561208 -3.089829
5 -2.896442651748657 -2.984491348266602 -1.415493249893189 0.273845 0.370609 0.534284 -0.01977464
6 10.274827003479 5.610735416412354 -1.321971774101257 1.689501 0.317831 0.97725 0.01235567
5 20.04214286804199 7.521437168121338 -1.437738656997681 0.29127 0.111502 0.427687 3.116682
1 16.69357109069824 3.141765594482422 -0.9984432458877563 4.073035 2.132316 1.579011 3.092995
5 -29.30275535583496 5.472856044769287 -1.807231545448303 0.092213 0.224936 0.398857 3.140757
5 -0.9217788577079773 5.621127128601074 -1.561161279678345 0.414026 0.357888 0.618119 -3.127081
6 3.060633659362793 -3.055220365524292 -1.276635766029358 1.706222 0.458841 0.999972 -3.108237
5 10.68837261199951 -2.955968856811523 -1.403477072715759 0.246151 0.205516 0.565658 0.00180521
5 -25.1711540222168 5.597914218902588 -1.654494285583496 0.163873 0.228799 0.649207 3.140757
5 -16.46794319152832 -2.967116355895996 -1.579440355300903 0.311203 0.274347 0.611574 -3.128252
6 -42.40152740478516 1.092720150947571 -1.854105710983276 0.289063 0.228183 0.52837 0.01099665
6 -38.76913452148438 6.391196250915527 -1.50455904006958 1.166362 0.218826 0.515559 -1.59721
4 55.05879211425781 3.90749192237854 -1.026003003120422 1.411519 0.717716 1.055671 3.098073
1 25.47516441345215 -3.113023281097412 -0.8698963522911072 3.967433 1.188859 1.567169 0.08206253
1 43.92382431030273 -3.461115121841431 -0.6810686588287354 4.12355 1.618552 1.755074 -0.01174045
5 19.49326133728027 7.573296546936035 -1.490020155906677 0.383896 0.171385 0.550014 -0.6638691
5 7.648190498352051 5.511800765991211 -1.509077906608582 0.383826 0.405254 0.544444 -3.127081
5 3.594801187515259 5.563045501708984 -1.519749164581299 0.431591 0.434227 0.669996 -3.127081
1 22.43479919433594 6.271831035614014 -0.9722411632537842 4.036186 1.881567 1.541108 -3.080442
1 39.84861755371094 5.968282222747803 -0.5874184370040894 1.092889 0.991445 0.621583 3.108529