1 16.30692481994629 12.20682907104492 -1.333741068840027 4.562122 1.818881 0.984535 -1.517861
4 9.375471115112305 -3.536923408508301 -1.006942629814148 1.632601 0.852855 1.488326 0.0
1 40.24238204956055 -5.704185009002686 -0.9192205667495728 4.0782 1.295079 1.28589 0.02131203
1 -44.19007873535156 2.892835378646851 -1.701980948448181 0.259857 1.491166 0.605523 -3.139866
2 -50.01461410522461 6.969359874725342 -0.7863587141036987 8.679401 2.548853 2.983291 -3.134737
1 31.59455680847168 7.79081392288208 -1.074804425239563 4.086667 1.859563 1.436496 -3.116336
1 -41.68544769287109 -5.820059299468994 -1.599137544631958 4.063435 1.572121 0.958872 -0.04181701
1 15.65148162841797 23.96706962585449 -1.230047583580017 4.108745 1.707569 1.371188 -1.501335
5 0.1735150068998337 6.454835414886475 -1.644245028495789 0.260355 0.206368 0.490342 -2.921979
3 27.94962882995606 11.32413959503174 -1.391756176948547 0.535037 0.663677 0.988936 -1.577626
3 0.8680251836776733 12.67543506622315 -0.8964447975158691 0.497464 0.623273 1.217993 0.007801294
5 18.20519828796387 -1.811096906661987 -1.448228001594544 0.214629 0.231301 0.432797 -0.0002201824
6 37.81803131103516 10.85397243499756 -1.176930665969849 2.129683 0.947315 0.695888 3.073423
1 -56.80635070800781 -0.9808465838432312 -1.624872326850891 2.001544 1.717484 0.65305 -0.005453173
3 17.62807846069336 0.5379630923271179 -0.8550134897232056 0.72708 0.549702 1.734053 -1.547214
1 6.514795780181885 8.400359153747559 -1.168118715286255 4.864015 1.800356 1.469871 -2.867376
3 0.9846776127815247 13.22616100311279 -0.8745489716529846 0.604044 0.409131 1.426842 0.0004296303
3 26.84874725341797 11.53799247741699 -1.380301713943481 0.587414 0.621474 0.728121 -1.577626
3 16.22925567626953 -0.2549088597297669 -0.8715022206306458 0.547143 0.562205 1.634521 -1.547214
5 12.72358512878418 -2.205706357955933 -1.489030361175537 0.202193 0.154212 0.377376 -0.0006369965
4 19.63549613952637 -3.420934200286865 -0.9536433815956116 1.444581 0.847834 1.341779 0.003016674
5 29.09267044067383 9.543322563171387 -1.605080842971802 0.207103 0.22138 0.307474 -3.117567
5 17.45424270629883 -1.943665385246277 -1.484519958496094 0.265624 0.245125 0.423802 -0.0002201824
3 27.71248054504395 10.57752418518066 -1.001252293586731 0.514035 0.617781 1.708022 1.609829
1 -46.95650863647461 -5.020686149597168 -1.727344512939453 3.330151 0.409239 0.99307 -0.04258234
2 43.74090194702148 8.039840698242188 0.04225187003612518 6.483662 2.309489 3.386424 -3.120497
1 27.05306434631348 -6.245552062988281 -0.8814247846603394 3.206458 1.85061 1.553513 0.01224018
1 7.325807094573975 -5.115831851959229 -0.9076836109161377 4.285702 1.744585 1.693555 0.01972152
1 12.18804264068604 9.571828842163086 -1.089842557907105 4.436344 1.828948 1.662554 -2.821452
5 -1.668726682662964 6.09632682800293 -1.696211338043213 0.320316 0.278613 0.420644 -3.034027
5 2.66971492767334 8.479968070983887 -1.714333415031433 0.223274 0.230275 0.37909 -3.083578