1 -10.00282001495361 56.20843887329102 -0.3573342859745026 1.675869 1.794653 1.228322 1.385378
6 -1.362668871879578 2.955405712127686 -1.225550413131714 0.263002 0.367923 0.300033 2.890897
5 42.3934326171875 -3.728674650192261 -1.888076543807983 0.299543 0.266462 0.441251 -0.277707
6 3.604413986206055 7.278438568115234 -1.13369631767273 1.70567 0.228055 1.26076 -1.907164
1 -22.36262130737305 -3.125125408172607 -0.6146891713142395 5.082811 1.885637 1.962116 1.361813
5 12.30425548553467 3.940184354782105 -1.514260411262512 0.317046 0.30438 0.557569 -0.2533797
6 1.677078485488892 -2.737905025482178 -1.129692912101746 1.472371 0.483887 1.126431 2.985124
6 49.00225067138672 -5.473699569702148 -1.912114024162293 1.374139 0.20036 0.310803 -0.2227684
5 -13.31005859375 -7.618900775909424 -1.457321882247925 0.189574 0.222271 0.499849 -2.810848
5 35.62675094604492 -1.933262228965759 -1.8844153881073 0.321236 0.388022 0.545624 -0.3387191
1 56.48511505126953 -17.04742240905762 -1.996299505233765 0.339673 1.706994 1.083119 -0.2523276
5 35.87321853637695 -10.85237312316895 -1.972793579101563 0.276703 0.272136 0.55311 2.880397
5 -7.292161464691162 14.84942531585693 -1.289183259010315 0.224791 0.213951 0.502946 0.8474136
4 3.891335964202881 9.958803176879883 -0.8297903537750244 2.893331 1.407813 1.134816 2.928304
5 -12.00460338592529 -6.644932270050049 -1.442092657089233 0.221915 0.176873 0.474734 -2.810848
5 16.39300537109375 3.023857355117798 -1.622866749763489 0.406651 0.30441 0.588522 -0.2533797
5 29.48707580566406 -0.2740873098373413 -1.874985337257385 0.265968 0.266264 0.434289 -0.3066577
6 2.076183319091797 2.093818187713623 -1.297579288482666 0.267208 0.261824 0.362952 2.890897
5 -6.350306034088135 13.54872131347656 -1.265992164611816 0.223437 0.266759 0.52409 0.8474136
6 28.86026000976563 -9.027095794677734 -1.841934442520142 0.236537 0.296976 0.287519 2.880397
5 19.34910011291504 2.215524911880493 -1.639420628547669 0.289684 0.313796 0.56509 -0.2533797
5 -4.51092004776001 3.761473655700684 -1.390867590904236 0.431052 0.363579 0.651588 2.890897
5 -10.62170219421387 -5.682597160339356 -1.472978949546814 0.195292 0.177037 0.497891 -2.810848
6 9.336236953735352 4.971162796020508 -1.201401472091675 1.672652 0.443011 1.279943 -0.2533797
6 -26.92144203186035 -45.03673934936523 -1.248507380485535 0.635559 0.224592 1.094223 -1.843287
5 9.081151962280273 0.3973689675331116 -1.527478456497192 0.413684 0.464823 0.655428 2.890897
2 -21.81825828552246 -28.90268707275391 -0.8485221266746521 10.630258 2.683003 2.122971 1.382532
5 44.35623168945313 -4.24174165725708 -1.948710083961487 0.265502 0.247639 0.38166 -0.03235691
5 -8.255623817443848 16.26080703735352 -1.211673378944397 0.200203 0.217228 0.492891 0.8474136
5 -9.31491470336914 -4.869777202606201 -1.459707021713257 0.261807 0.216269 0.600917 -2.810848
6 23.00476264953613 1.415082931518555 -1.460950255393982 1.568749 0.319753 0.970842 -0.2533797
5 26.08749580383301 -8.315780639648438 -1.881749868392944 0.243171 0.233332 0.418516 2.880397
5 26.67926788330078 0.4117276668548584 -1.62143611907959 0.373861 0.266105 0.667564 -0.2570056
3 -5.277103424072266 -9.088871002197266 -0.9536049962043762 0.761353 0.742354 1.554309 -2.600203
5 32.37732315063477 -1.103292465209961 -1.852276206016541 0.170662 0.249432 0.480651 -0.358692
6 3.984926700592041 6.192588806152344 -1.306282162666321 1.641393 0.358939 1.037918 -0.2222893
6 6.925453186035156 -3.638150691986084 -1.233820557594299 1.826436 0.230417 1.221882 2.904806
6 18.45545196533203 -6.545816898345947 -1.483492255210877 1.676074 0.289254 1.004303 2.947145
5 22.62021636962891 -7.441251754760742 -1.691139221191406 0.281985 0.319723 0.528969 2.880397
5 12.3163366317749 -0.454870730638504 -1.513122200965881 0.275821 0.249832 0.546472 2.890897
1 -18.76699447631836 23.90658760070801 -0.4344540238380432 4.130538 1.899949 1.635401 1.38724
5 5.555342674255371 1.243235468864441 -1.487694025039673 0.414103 0.318882 0.684788 2.890897
6 12.84093952178955 -5.230709552764893 -1.44227659702301 1.712767 0.228259 1.041219 2.947145