1 -32.41727828979492 -3.326074361801148 -0.374362587928772 3.509555 1.550137 1.897067 0.01781832
1 44.47465133666992 13.07638740539551 -2.036547899246216 4.713673 1.809718 1.981779 -3.133582
6 -18.19859313964844 -0.04156726598739624 -0.4408150613307953 0.469332 1.842455 0.431815 0.01781832
1 -31.04113578796387 20.92588615417481 -1.156022191047669 4.111302 1.848686 1.172652 -3.133582
6 -52.96596527099609 -3.104426383972168 -0.5937873721122742 0.417514 0.843477 0.328618 0.01781832
1 -10.53900051116943 15.68860149383545 -0.6648770570755005 4.775821 1.790956 1.370215 -3.104143
1 58.9028434753418 -2.836869478225708 -1.542749047279358 0.478435 1.788427 1.307147 0.01781832
1 42.89073944091797 16.35931205749512 -2.132297515869141 3.9161 1.937537 1.155632 -3.133582
1 5.896003246307373 12.66184997558594 -0.9042394161224365 2.477442 1.583306 0.785649 -3.133582
1 32.33129119873047 -0.4691683650016785 -1.250809550285339 1.146037 1.501961 0.861223 -0.08634752
1 17.94397735595703 0.08892384171485901 -1.291643023490906 3.099121 2.019904 1.483099 0.01781832
1 -21.10805511474609 -3.25721025466919 -0.6915504932403564 4.09028 2.090042 1.629524 0.01781832
1 46.14048767089844 -3.722884654998779 -1.441950917243958 4.298151 1.835408 1.684573 0.01781832
2 -12.36218357086182 21.10608100891113 -0.5136849284172058 11.108702 3.612823 3.142896 -3.133582
2 -6.433539390563965 -3.213632822036743 -0.5693811774253845 6.005657 2.209968 2.250783 -0.01079288
1 -8.625575065612793 0.1362407356500626 -0.9177693724632263 3.233196 2.085747 1.526111 0.01781832
6 -54.38571166992188 -9.08693790435791 0.3139721155166626 0.228542 0.329486 0.381525 0.05259213
1 -29.42548370361328 0.009450709447264671 0.08175044506788254 3.629958 1.689632 0.897314 0.01781832
1 31.8039436340332 -4.1453537940979 -1.530117511749268 0.295354 1.307783 0.772077 -0.08634752
4 10.35168170928955 -8.221674919128418 -1.132156014442444 1.817422 0.669352 1.483901 0.09143362
1 2.320631980895996 -3.267325162887573 -1.050524950027466 4.622538 1.844148 1.502666 -0.01079509
1 46.02660751342773 0.4512594044208527 -1.325015544891357 0.693134 1.385721 0.588996 0.08252294
1 36.89142990112305 -8.075594902038574 0.114946223795414 0.258873 0.853048 0.940511 -0.101353
2 10.53946304321289 20.71857261657715 -0.3895235955715179 11.030471 3.183247 2.926909 -3.138143
2 15.0031909942627 -3.349578857421875 -0.5391054749488831 12.834631 2.836306 2.888925 -0.006512103