1 -4.676228046417236 3.335992574691773 -0.9426468014717102 4.996048 2.122124 1.753501 0.004570146
6 20.7674617767334 0.6450725197792053 0.002602109452709556 1.125764 1.29869 0.255449 -0.03457071
1 7.341119766235352 0.2267143130302429 -0.8159708380699158 3.216225 2.012345 1.892595 -0.03457071
1 -14.09494876861572 -3.407241582870483 -0.769115686416626 2.139411 0.672414 0.631849 -0.02039135
1 18.22821426391602 -1.681585192680359 -0.9183172583580017 4.027187 0.506444 1.403119 0.0
1 -6.989155769348145 -2.676213264465332 -1.082773685455322 4.353207 2.008614 1.472347 0.004570146
4 5.85771656036377 -9.08112621307373 -0.7457349896430969 1.785485 0.828195 1.502996 0.004570146
1 4.949446201324463 -2.437739849090576 -1.006535768508911 4.17793 1.816853 1.511148 0.004570146
5 21.46240043640137 20.11092185974121 -1.582051753997803 0.102072 0.120836 0.399526 -1.499738e-15
2 35.80879592895508 -12.22533893585205 0.05028829351067543 6.083169 2.323336 3.088638 -2.788993
1 50.71994018554688 6.106870174407959 -0.6437603235244751 4.071549 1.554333 1.098198 1.683709
1 20.3414421081543 10.37750053405762 -0.8975638151168823 4.261393 1.956238 1.695453 3.033406
2 -6.085271835327148 -0.04383600503206253 -0.6041871309280396 6.165454 2.334483 2.134965 0.004570146
1 47.07384490966797 35.8924446105957 -1.13106119632721 2.905783 0.946137 1.208073 1.51079
2 -22.06483840942383 3.272765636444092 -0.3446656763553619 12.132858 2.868575 2.513435 0.004570146
4 8.196199417114258 -6.41399097442627 -0.8058286905288696 1.720315 0.603738 1.088758 0.004570146
1 2.830327033996582 3.44980263710022 -0.9358169436454773 4.24592 1.642303 1.628648 0.004570146
1 48.68935775756836 27.49186897277832 -1.186933636665344 2.167032 0.34596 0.83396 1.563014
6 -19.79741096496582 -3.63617467880249 -0.4632357060909271 1.340252 0.619465 0.355195 -0.02039135
2 43.89109420776367 16.59494209289551 0.1230723634362221 11.903237 3.045897 3.11707 -1.473519
5 20.22202491760254 19.56886672973633 -1.710840821266174 0.081367 0.171916 0.379992 -1.443144e-15
5 17.23896217346191 18.78613471984863 -1.58941388130188 0.140715 0.083893 0.463176 -9.681848e-16
1 -1.177622318267822 -3.130493402481079 -0.875461220741272 5.181358 1.951069 1.683907 0.004570146
4 19.27547264099121 -9.234687805175781 -0.757324755191803 1.252565 0.626401 1.456126 0.0
6 -1.901801466941834 -4.674373149871826 -0.662377119064331 0.068903 0.142501 0.062499 -0.02039135
2 45.62039947509766 -22.62402534484863 0.4557294845581055 9.557894 0.68782 3.194163 1.645786
1 43.022216796875 29.30264472961426 -1.457792639732361 4.096023 1.752333 0.702461 -1.547406
1 47.9027214050293 -3.796932697296143 -0.4711595773696899 3.92975 0.638609 1.287966 1.645786
1 9.210623741149902 3.341309785842896 -1.029001712799072 4.465192 1.785987 1.399623 -0.01737368
6 46.74216842651367 -33.55894088745117 -0.7059900760650635 1.825534 1.201315 0.392504 1.51225
5 18.77879905700684 19.16676139831543 -1.685624957084656 0.136677 0.124487 0.489761 1.778761e-15
1 -11.75425624847412 3.379860877990723 -1.151261329650879 4.164149 1.790948 1.452212 0.004570146
1 12.38087558746338 -2.246181011199951 -0.7382979393005371 4.564802 1.80128 1.953909 -0.03457071
1 24.51712799072266 -2.605554103851318 -0.3380005955696106 2.416336 0.792904 0.552623 -0.03457071
2 -56.01451110839844 17.12361145019531 -0.7497209906578064 5.665255 2.336596 1.811662 3.040202
1 36.37368011474609 12.27440452575684 -1.139132261276245 3.727441 0.569606 0.705106 -1.530046
1 19.97078323364258 3.117671966552734 -0.6946861743927002 1.973892 0.446682 0.810494 0.0
4 -20.79765892028809 -6.019750595092773 -0.783158540725708 0.690952 0.576728 0.923007 -0.000506859
1 15.00976943969727 3.306442975997925 -0.7812029123306274 3.114548 1.544799 1.68218 -2.656098e-17