4 19.68217658996582 -12.42399024963379 -0.7022948861122131 1.509551 0.743318 1.294311 -0.5491645
4 40.40266418457031 37.82146072387695 -1.337274551391602 1.49873 0.603615 1.136777 -1.484467
3 21.2533016204834 -7.773905754089356 -0.7659400105476379 0.696353 0.45013 1.437898 0.2092199
6 -13.76518249511719 -3.145702123641968 -0.7172437310218811 2.712411 1.164899 0.53012 0.03304372
5 17.23073577880859 18.79051971435547 -1.52694046497345 0.107763 0.08827 0.336378 8.989922e-16
1 9.204017639160156 3.373015403747559 -0.9986193776130676 4.449431 1.820209 1.45759 -0.007299367
1 2.834365129470825 3.476968288421631 -0.9623011946678162 4.250965 1.711417 1.590604 0.02242154
5 21.46047210693359 20.11123085021973 -1.585562229156494 0.105331 0.118736 0.388426 -1.797983e-15
6 20.88097381591797 0.6468124985694885 -0.00231391005218029 1.528118 1.367425 0.221395 -0.007299367
4 19.17389297485352 -9.177056312561035 -0.7512893676757812 1.26617 0.651374 1.443718 -5.088396e-16
6 -19.85028648376465 -3.648313999176025 -0.4969369471073151 1.180423 0.601439 0.3242 0.03304372
2 40.13719940185547 -1.336924314498901 0.1045680642127991 11.394108 3.04856 3.116453 2.145283
1 -42.17773818969727 19.65559387207031 -1.416212201118469 2.800886 1.610158 0.883304 2.996547
5 22.78535652160645 20.83924674987793 -1.677222013473511 0.066942 0.137205 0.434089 -2.892409e-15
4 8.18967342376709 -6.399338722229004 -0.7983087301254272 1.670359 0.640747 1.072306 -0.00610932
1 7.37169361114502 0.2026611268520355 -0.7997041344642639 3.276061 2.020139 1.859561 -0.02698541
1 -4.69447660446167 3.308507919311523 -0.9477797150611877 5.041787 2.068893 1.764355 0.01546294
1 -11.77842044830322 3.350250482559204 -1.168268918991089 4.213975 1.773266 1.485879 0.03231177
1 49.60424423217773 -31.67502403259277 -0.2447407841682434 3.541234 0.519151 0.797977 1.674788
5 20.22841644287109 19.54031372070313 -1.694940328598023 0.206289 0.134229 0.372047 -1.279335e-15
1 46.80953979492188 37.35874557495117 -1.142021059989929 4.34012 1.502924 1.210447 1.593012
1 50.73196411132813 24.07672882080078 -1.061724543571472 1.553889 1.632988 1.142088 1.593012
1 4.919543743133545 -2.383069753646851 -1.017842173576355 4.106343 1.729632 1.467458 0.003455237
4 -24.52125930786133 -9.384037017822266 -0.9977197051048279 1.37516 0.621632 1.538457 0.007467372
2 44.34769058227539 12.38474178314209 -0.03721518814563751 11.75064 2.706842 3.136575 -1.457837
1 12.39099597930908 -2.22993540763855 -0.7235995531082153 4.55373 1.651248 1.924128 0.00892692
2 52.43451690673828 -14.79587078094482 0.6018778681755066 12.11291 3.004594 2.380228 1.622408
1 24.52191734313965 -2.676284790039063 -0.3788695335388184 2.416883 0.758934 0.542628 0.00892692
1 14.9684591293335 3.322181224822998 -0.7969732880592346 3.034788 1.594749 1.700292 -0.007299367
2 -22.07535934448242 3.349055767059326 -0.3501114547252655 12.117579 2.852937 2.519931 -0.00610932
1 -1.117062330245972 -3.131055355072022 -0.8597756624221802 5.052597 1.967301 1.651404 0.01622405
1 43.69816207885742 22.60149955749512 -1.218179106712341 3.497032 1.815983 1.161111 -1.466964
1 -7.086712837219238 -2.675010681152344 -1.08262825012207 4.547726 2.051258 1.466059 0.03231177
4 8.264230728149414 -4.693161964416504 -0.3707849383354187 0.679136 0.478974 0.65039 -0.00610932
2 -6.245519161224365 -0.09656248241662979 -0.6579111814498901 5.825015 2.346495 2.242836 0.03231177
4 -27.190673828125 -9.07990550994873 -1.027489542961121 1.773085 0.754513 1.506543 0.01489392
1 18.12798881530762 -1.672306299209595 -0.9265583753585815 3.793561 0.457171 1.376674 0.02913059
2 -56.75539016723633 17.26986503601074 -0.7229843735694885 7.135673 2.28594 1.753198 3.027225
4 35.11703491210938 20.63983917236328 -0.8041663765907288 1.57322 0.55743 1.566075 -1.429058
1 19.62044906616211 3.155190467834473 -0.6945585608482361 1.38921 0.516301 0.803619 0.08420414
1 44.66744232177734 -14.24154281616211 -0.703697919845581 3.900556 1.715438 1.287903 1.803823
6 -1.894214510917664 -4.665058612823486 -0.6609945893287659 0.056777 0.150156 0.068706 -0.00610932