6 -32.58351516723633 -0.1292628943920136 -1.045597195625305 1.584877 0.399536 0.886389 1.181689
6 -48.01838302612305 -4.171926498413086 -1.442760229110718 1.168166 0.298344 0.864939 0.1923026
5 -34.85055160522461 -1.747149109840393 -1.562486290931702 0.268902 0.318985 0.246871 0.0886619
1 -37.68344116210938 -1.599185943603516 -1.004310607910156 3.541206 1.82898 1.625163 -2.950871
1 -43.87844467163086 -2.819797515869141 -0.8562344312667847 4.244674 1.611888 1.628229 -2.936648
2 -16.16929435729981 -4.816320896148682 -0.5897073745727539 6.219041 2.658522 2.249368 -0.8287067
1 1.855260968208313 -4.421645164489746 -1.001644730567932 4.100785 2.260853 1.51691 0.2023376
5 -10.50697135925293 12.63175678253174 -1.801452398300171 0.421917 0.300712 0.492303 0.0
1 -36.84976196289063 -11.78674221038818 -0.447873592376709 3.820285 1.651287 0.909865 -0.01859852
1 -8.363167762756348 -5.795073509216309 -0.9014207720756531 4.137962 1.957365 1.65333 0.1634419
1 -18.13585472106934 8.069727897644043 -1.123725652694702 4.246348 1.810268 1.721464 -1.771023
1 -53.89674758911133 -5.304349899291992 -1.282812833786011 1.011427 0.588865 1.112658 -2.968928
1 -30.31716537475586 29.36290168762207 -1.294626593589783 3.836177 1.624218 0.806986 -1.430792
1 -3.309359788894653 -5.171764373779297 -0.9512898325920105 5.127475 2.203599 1.551554 0.0501785