5 25.95917510986328 -10.93056201934815 -1.877373695373535 0.205019 0.262094 0.379958 1.246827
2 -20.45330619812012 -25.41598129272461 -0.3831066191196442 8.183713 3.294052 3.398942 1.263314
5 -9.729488372802734 -6.581290721893311 -1.456220030784607 0.125068 0.161906 0.434321 -1.035923
5 20.94535446166992 0.2528584003448486 -1.685746192932129 0.26265 0.239244 0.431035 -1.779976
4 9.313454627990723 8.638169288635254 -0.9102203249931335 3.195942 1.419881 1.396261 2.786836
5 9.986268043518066 -0.1685835719108582 -1.548195123672485 0.401173 0.430711 0.652601 -1.933096
6 16.48251914978027 -7.453555583953857 -1.561997532844544 0.265562 1.724893 0.931729 1.181525
4 3.141842842102051 46.11697769165039 -0.3440623879432678 0.193512 0.618461 0.6284 1.299506
5 -5.49228048324585 -4.393247127532959 -1.509867906570435 0.260882 0.211757 0.544241 0.5251892
5 -6.888707637786865 -5.00369930267334 -1.549484491348267 0.285128 0.212999 0.590875 -2.808156
5 17.03938484191895 1.636582732200623 -1.64707362651825 0.226983 0.290087 0.569896 -0.3305908
5 30.9233283996582 -3.646187543869019 -1.710574269294739 0.383691 0.18346 0.411302 -0.3294526
6 10.82540321350098 -5.269467830657959 -1.289209365844727 0.317304 1.770127 1.271347 1.162201
6 27.38739585876465 -2.213642120361328 -1.603167772293091 1.665951 0.356988 0.969755 -0.3953609
3 2.391756772994995 31.6014518737793 -0.3745025098323822 0.382329 0.651738 1.56772 -1.79215
6 5.395523071289063 -3.62989354133606 -1.299298048019409 1.933185 0.624855 1.292922 2.817286
5 3.363955736160278 2.404495716094971 -1.439531087875366 0.436314 0.390371 0.672848 -0.1751577
5 -1.757643222808838 16.45788383483887 -1.25259280204773 0.231769 0.279306 0.500177 -2.740536
2 -22.74844932556152 -20.1570930480957 -0.4792926013469696 7.011897 2.800105 2.860197 1.230857
6 14.24116230010986 2.958940982818604 -1.273324847221375 1.705981 0.735516 1.269773 -0.3266504
5 23.81766510009766 -0.9280490279197693 -1.789277791976929 0.338998 0.227047 0.450357 1.321809
6 39.46362686157227 -7.16826057434082 -1.897289395332336 0.299639 0.315822 0.235787 -0.4345226
5 -0.2548471093177795 13.50685405731201 -1.254199624061585 0.143605 0.194135 0.515544 2.734848
5 -1.017666101455689 14.95003414154053 -1.288082242012024 0.177039 0.237059 0.516682 0.4478567
5 33.65562057495117 -4.722864151000977 -1.878019452095032 0.17489 0.224596 0.448398 -0.2742656
4 -7.653280258178711 17.94835090637207 -0.5985423922538757 2.368672 1.26156 1.646601 1.321384
6 21.83176994323731 -9.453104019165039 -1.603392243385315 0.388826 1.558489 1.046719 1.230274
5 6.736313343048096 1.103279232978821 -1.516047120094299 0.510557 0.522202 0.680606 -0.0475123
5 13.47111225128174 -1.576649785041809 -1.59303879737854 0.368035 0.622532 0.628763 1.326834
2 -25.77978324890137 -42.16409683227539 -0.4949713051319122 10.191369 2.774562 3.438365 1.217019
5 -2.284877061843872 17.9396915435791 -1.118689179420471 0.192616 0.162956 0.43578 1.751219
6 9.10158634185791 4.912467479705811 -1.18954074382782 0.419174 1.660601 1.270991 -1.917361
5 0.3839141130447388 3.708195209503174 -1.366427779197693 0.826107 0.273565 0.623724 -1.864097
6 8.898186683654785 5.951751708984375 -1.171702742576599 0.458836 1.468508 1.295834 -0.390951
1 -17.55363273620606 6.787482738494873 -0.718867838382721 4.913934 1.523366 1.460722 1.219437
5 16.55112838745117 -2.712583065032959 -1.61024284362793 0.30083 0.229278 0.582315 2.734953
6 -29.86276817321777 -31.35137367248535 -1.29200553894043 0.753111 0.254779 0.706344 1.317821
5 -8.358389854431152 -5.83976936340332 -1.536306858062744 0.160534 0.239705 0.512551 2.007565
1 -29.1043701171875 40.63088607788086 -0.02794976718723774 4.171712 1.17371 0.978137 -1.902235
1 -9.187848091125488 34.19099044799805 -0.4414151608943939 4.331076 2.140171 1.277753 1.298112