1 19.63087844848633 3.126861810684204 -0.712396502494812 1.369981 0.478356 0.805667 0.0
2 52.16670608520508 -16.39858245849609 0.3328253328800201 11.44051 2.847861 3.582546 1.635981
2 -56.27639007568359 17.20465278625488 -0.7324994802474976 6.181988 2.338772 1.778724 3.0209
1 49.71818542480469 -34.29258728027344 -0.3919616043567658 4.14755 1.157983 1.083586 1.61531
2 46.46078109741211 -24.38263320922852 0.4650430977344513 5.869181 2.121033 2.56708 1.651556
6 -19.81511878967285 -3.639899730682373 -0.474907398223877 1.197945 0.606771 0.325784 0.02564594
1 14.94369125366211 3.338258743286133 -0.7836573123931885 2.984414 1.56968 1.691439 0.0
1 -13.69650459289551 -3.229352951049805 -0.7306429147720337 2.76865 1.087124 0.520306 0.02564594
5 18.75420188903809 19.13519859313965 -1.658894777297974 0.119061 0.09585 0.524377 3.035801
1 42.69339370727539 39.47368621826172 -1.645881414413452 3.60982 0.490749 0.733127 -1.404914
1 12.38311767578125 -2.239699840545654 -0.7150846719741821 4.580996 1.680373 1.909085 0.0
1 48.75043106079102 -21.05942916870117 -0.8523135781288147 2.019912 0.595849 0.795404 1.635862
4 19.29852485656738 -9.157122611999512 -0.6703435182571411 1.403018 0.609439 1.561954 -0.2191008
1 5.003499984741211 -2.432437419891357 -1.03268575668335 4.286524 1.808308 1.458418 0.0
1 -11.76447105407715 3.366698265075684 -1.145832300186157 4.19326 1.759771 1.442836 0.02564594
1 37.35380554199219 -1.702923059463501 -0.601767897605896 3.187886 0.810172 1.210339 -1.620293
1 45.24274826049805 -13.58189582824707 -0.5853643417358398 2.486872 1.781304 1.523781 1.689657
1 7.345691680908203 0.2130072563886643 -0.7988523244857788 3.128117 2.088024 1.859808 0.0
2 -22.08194732666016 3.163865804672241 -0.3499368727207184 12.209431 2.847417 2.522452 0.02564594
1 -7.092572689056397 -2.663923263549805 -1.073919415473938 4.551034 2.031488 1.477983 0.02564594
4 31.54392242431641 -16.02678680419922 -0.780569314956665 1.575501 0.280708 1.597693 -1.410744
1 22.43533706665039 17.91413307189941 -1.25299870967865 3.85387 1.908749 1.224436 -2.617013
1 39.874755859375 18.83572578430176 -1.282166004180908 4.259318 1.354939 0.767797 -1.588961
5 22.82558059692383 20.86954307556152 -1.676090121269226 0.124192 0.1524 0.445855 -0.6006867
1 50.40325164794922 18.49126434326172 -1.151168823242188 4.011852 1.687209 0.870637 -0.8831768
6 -40.28520965576172 18.94594955444336 -1.554885149002075 0.343204 1.138526 0.297422 -0.2443737
1 38.7376594543457 11.19019031524658 -0.8263274431228638 0.913805 0.384858 1.085995 -1.64131
1 9.19936752319336 3.368962287902832 -1.004378080368042 4.427151 1.831967 1.471224 0.0
5 17.28174591064453 18.78435134887695 -1.589234590530396 0.14125 0.096958 0.502916 2.804445
1 -4.663694858551025 3.234345436096191 -0.9523530006408691 4.978134 1.913288 1.742886 0.02272891
1 2.79131555557251 3.467200040817261 -0.9525737762451172 4.167997 1.65121 1.590396 0.0
4 8.012636184692383 -6.323825836181641 -0.7970470786094666 1.761394 0.666614 1.116041 0.0
1 -1.125011444091797 -3.113670349121094 -0.8815344572067261 5.077607 2.075396 1.697006 0.06439342
1 24.56546020507813 -2.684271097183228 -0.3505846560001373 2.417441 0.810951 0.564138 0.05126654
2 -54.00770950317383 21.88705825805664 -0.6535785794258118 7.403968 2.323378 2.976049 2.982578
6 20.95919418334961 0.5708706378936768 0.004623554646968842 0.800968 1.121302 0.219441 0.0
4 28.79232215881348 10.52445220947266 -0.5397146344184875 0.979899 1.024949 1.17772 -2.98541
5 20.22045135498047 19.54700660705566 -1.698972225189209 0.084528 0.131852 0.365671 -3.034446
1 18.15774917602539 -1.681548118591309 -0.927156388759613 3.870254 0.504499 1.423122 0.0
2 -6.119369029998779 -0.104823499917984 -0.6063860058784485 6.060008 2.344593 2.141921 0.04149386