6 33.36609268188477 19.0167121887207 -1.542785406112671 0.836749 0.26123 0.334942 -1.204449
5 16.5543327331543 6.062580108642578 -1.482490420341492 0.286297 0.17854 0.549674 -3.052669
1 25.71189498901367 35.53957748413086 -1.125863671302795 4.198745 1.59131 1.177775 -1.56436
1 -31.90957641601563 5.80961275100708 -1.37673544883728 3.694607 1.531726 1.595785 3.134247
1 -11.36715030670166 -3.793089628219605 -0.970729410648346 3.976058 1.641237 1.845196 -0.01786151
1 6.295931816101074 -3.42451548576355 -1.014318704605103 4.719346 1.99116 1.504521 -0.0249354
1 -4.444966316223145 6.336590766906738 -1.127152919769287 4.359523 2.055645 1.493497 -3.103816
5 16.00258445739746 5.673230648040772 -1.426333665847778 0.289984 0.201823 0.552434 3.127232
1 -45.75875473022461 4.955008029937744 -1.908445119857788 1.408033 0.489986 0.84738 3.111649
2 34.07626342773438 -0.7856680154800415 -0.4917200207710266 6.541155 2.594497 2.149127 -0.9698772
1 11.98303318023682 -3.899004220962524 -0.8515929579734802 3.983173 1.849215 1.763858 -0.1670596
1 28.04184150695801 -3.591318607330322 -0.7181839346885681 4.138129 1.478226 1.581223 0.0462491
1 6.728328227996826 6.325470447540283 -0.8010604381561279 5.380752 1.985761 1.973245 3.133891
1 -23.59567070007324 -3.382258415222168 -1.158161878585815 4.128039 1.098244 1.550115 0.001888703
1 1.129507660865784 6.17042875289917 -1.094255566596985 4.936246 1.847968 1.497764 3.129757
6 -49.6539192199707 5.013906955718994 -1.917892932891846 3.877651 0.234609 0.995888 3.137923
6 -40.18313980102539 -3.1739501953125 -1.531594038009644 1.369363 0.109878 0.918439 -0.0007740525
1 -0.679783046245575 -3.539474010467529 -1.019508481025696 4.7778 1.892574 1.528198 0.01024398
1 -29.64395713806152 -3.173640489578247 -1.31885576248169 3.465725 0.457314 1.218367 -0.02443999
1 -35.65464019775391 -3.186861276626587 -1.458884358406067 3.336766 0.671059 1.019227 0.03607642
1 22.9693489074707 -3.953564882278442 -0.8901543617248535 4.035652 1.712357 1.444931 0.1013917
1 -10.05339527130127 6.257406234741211 -1.201033592224121 4.107809 1.883643 1.46507 -3.117219
1 -5.761406898498535 -3.636729240417481 -0.9690889120101929 4.819841 1.755079 1.709732 0.005970743
6 -45.27383041381836 -3.311264276504517 -1.893761157989502 1.546742 0.149834 0.41034 -0.01054801
1 -26.38475608825684 6.017934322357178 -1.306042671203613 2.649223 1.355937 1.448223 -3.125868
1 17.27218818664551 -3.774569272994995 -1.034710288047791 3.337663 0.722952 1.292379 -0.007710042
1 -38.09438323974609 5.533617973327637 -1.455826997756958 2.84607 1.204078 1.416233 3.123094
6 18.54851531982422 6.634010314941406 -1.056494951248169 1.196079 0.221646 1.103131 -1.976956
6 -54.7703742980957 4.998784065246582 -2.060843467712402 4.180791 0.227972 0.399176 3.133725
1 -17.32004737854004 -3.691004991531372 -0.9451218247413635 4.855096 1.587473 1.929383 -0.004671887
1 -21.32754898071289 6.009589672088623 -1.302537441253662 4.064708 1.824882 1.501711 3.114839
1 12.59454441070557 6.326077461242676 -0.891709566116333 4.340136 2.119655 1.76055 3.129986
1 -42.65180587768555 4.985173225402832 -1.754906415939331 2.496446 0.69428 0.727645 -3.091179
6 -48.37209701538086 -3.495882749557495 -1.466577410697937 2.046448 0.132045 0.392301 0.002737502