6 -19.80963134765625 -3.65110182762146 -0.4826728999614716 1.269752 0.493807 0.371297 0.0328199
2 -6.107733726501465 -0.04059108346700668 -0.6679975986480713 6.10542 2.339104 2.26415 0.003826163
1 4.986291408538818 -2.42080545425415 -1.019799947738648 4.256067 1.747768 1.456421 -0.008219001
2 44.03874969482422 35.9449462890625 -0.7071123123168945 7.369844 2.114142 2.380738 -0.6544276
2 -22.06108474731445 3.300619602203369 -0.37871253490448 12.114977 2.825006 2.578022 0.0
4 9.05695629119873 -6.359843254089356 -0.6428595185279846 1.374011 0.503245 0.897222 0.09168793
2 57.32040405273438 -1.279495596885681 0.2154799997806549 10.279184 2.818521 2.353636 -0.2514859
3 33.4969482421875 36.69763565063477 -1.171448588371277 0.405282 0.387801 1.524656 -0.2305468
4 34.52909088134766 -22.26702117919922 -0.6341226696968079 1.780495 0.473235 1.638948 -1.539454
3 0.3832882046699524 -8.010407447814941 -0.8674089908599854 0.78416 0.569252 1.400794 3.044934
6 23.88702392578125 -2.818131923675537 -0.1766858845949173 1.027647 0.495809 0.168573 -0.008219001
1 2.914987802505493 3.549458503723145 -0.9481079578399658 4.412395 1.848772 1.617045 0.01808077
1 -4.657000541687012 3.29098105430603 -0.9616611003875732 4.935913 1.98956 1.768816 0.0
1 18.1126708984375 -1.694870114326477 -0.9245001077651978 3.797097 0.492563 1.416489 -0.008219001
1 -6.985990524291992 -2.676557302474976 -1.097028136253357 4.341675 2.021725 1.454497 0.003826163
1 9.203678131103516 3.35953950881958 -1.009024500846863 4.451596 1.814873 1.441435 4.528584e-17
6 44.44741058349609 -15.21403026580811 -1.17125141620636 0.424616 0.064763 0.241834 1.816866
6 -1.90455436706543 -4.646330833435059 -0.6595441102981567 0.05618 0.173142 0.059541 0.0852247
4 27.21338081359863 -8.485821723937988 -0.6666451692581177 1.127974 0.44515 1.457109 0.7399191
4 22.54695320129395 -9.500146865844727 -0.7773458361625671 0.963767 0.445957 1.417649 0.4479237
4 26.95856666564941 -12.12497615814209 -0.730007529258728 0.661367 0.324125 1.091262 0.01728896
6 49.90006637573242 10.70630168914795 -0.3095358014106751 0.332383 0.462369 0.347524 -0.06628112
1 7.334956169128418 0.202426865696907 -0.7954424023628235 3.215734 2.071404 1.852298 -0.008219001
6 20.93048477172852 0.6453264355659485 -0.003010071814060211 1.575146 1.287918 0.181066 -0.008219001
1 14.95849227905273 3.298732280731201 -0.7972539663314819 3.060346 1.556016 1.685009 0.0
4 19.13335227966309 -9.18896770477295 -0.6667932868003845 1.374407 0.570801 1.555827 0.0175227
2 -56.76306533813477 17.11509513854981 -1.123945355415344 7.099653 2.764895 1.975343 3.001543
1 12.37436771392822 -2.236324071884155 -0.7199376225471497 4.528229 1.657375 1.917773 -0.008219001
1 19.62049293518066 3.140888214111328 -0.7091808915138245 1.393802 0.380097 0.788751 -0.008219001
1 -1.134217023849487 -3.127584218978882 -0.8248204588890076 5.126443 2.035598 1.583255 0.05746736
6 -13.77153491973877 -3.192535161972046 -0.7304542064666748 2.712319 1.018802 0.523456 0.03733088
1 -11.74522972106934 3.36392092704773 -1.163054347038269 4.153812 1.778286 1.47556 0.02458594