5 -13.93533515930176 -9.401963233947754 -1.705371618270874 0.206088 0.303248 0.566895 -2.761991
1 34.10341262817383 -11.61194705963135 -1.586243391036987 0.916484 1.663025 0.949606 -0.436971
1 6.523719310760498 17.21027565002441 -0.9700596928596497 4.143394 1.905573 1.472633 1.774694
4 -24.39237785339356 -0.9066091179847717 -1.213571310043335 1.580006 0.496778 0.904322 -3.102775
4 6.69088888168335 9.11564826965332 -1.028172373771668 1.739591 0.682214 1.444803 2.417222
3 -23.70803260803223 -2.686336517333984 -1.30621600151062 0.333282 0.325583 0.806498 2.8298
5 -20.24174499511719 -4.757304191589356 -1.587051272392273 0.379717 0.348672 0.488346 2.292146
3 -42.61051177978516 13.15610694885254 -0.216493085026741 0.223218 0.375351 0.803086 -0.8831043
5 -0.5519300103187561 -4.273730278015137 -1.598416447639465 0.244483 0.286193 0.488018 1.266841
3 -49.19915390014648 25.20347595214844 -0.2006621509790421 0.511269 0.283268 0.733616 1.361079
5 -19.12908744812012 -2.959715843200684 -1.548660159111023 0.276417 0.388577 0.433838 0.7118191
6 -39.65029907226563 -39.50286102294922 -1.705388069152832 0.486381 0.642787 0.966934 -2.227223
5 -21.00314331054688 -5.516094207763672 -1.526770830154419 0.37815 0.198494 0.447712 -0.6629561
5 8.025714874267578 8.909412384033203 -1.453997135162354 0.272338 0.259577 0.384972 2.478596
3 -49.26091003417969 23.99697113037109 -0.1667806208133698 0.306701 0.382008 0.668103 1.333374
1 7.87923526763916 32.17140197753906 -1.060106992721558 3.296068 1.837212 1.067492 1.227257
5 4.866376399993897 2.305972099304199 -1.522642850875855 0.287877 0.245513 0.448855 1.090462