1 19.96644592285156 3.16861891746521 -0.7008290886878967 2.000068 0.494739 0.822735 0.07844943
6 20.71246337890625 0.6995006799697876 -0.002407750580459833 1.267716 1.28731 0.229178 0.1019583
1 5.056466102600098 -2.432303905487061 -1.009931921958923 4.3959 1.825571 1.463842 -0.002736412
2 -6.07005500793457 -0.0755004733800888 -0.5769393444061279 6.143603 2.339792 2.079903 0.02217563
1 -11.76331233978272 3.387105703353882 -1.145078897476196 4.179423 1.830728 1.438956 0.02217563
2 44.58341979980469 10.45480251312256 0.02193816751241684 11.89774 2.6348 3.452521 1.686874
1 7.36665153503418 0.2116300612688065 -0.8084623217582703 3.249455 1.952904 1.878852 -0.07290992
1 -4.617373466491699 3.31645679473877 -0.9348589777946472 5.150816 2.061178 1.779042 -0.008078138
1 -1.131251335144043 -3.117835283279419 -0.8876240253448486 5.082358 1.955001 1.710046 0.02217563
2 -22.09683418273926 3.324106216430664 -0.3496764302253723 12.172695 2.8678 2.523775 -0.004583162
1 43.87962341308594 21.0782585144043 -1.037232518196106 3.965708 1.724329 1.284157 1.675432
2 11.31544876098633 11.44594478607178 -0.429616391658783 11.023912 3.196579 2.631578 2.991504
1 24.67327117919922 -2.638078689575195 -0.4388015568256378 2.648193 0.582989 0.6856 0.1411934
6 28.81585502624512 4.788358688354492 -0.4370097517967224 1.965535 0.83303 0.61346 2.362468
2 -56.28992080688477 17.20856285095215 -0.7560065984725952 6.25461 2.247337 1.819523 3.037245
3 14.15291976928711 -8.522350311279297 -0.5674011707305908 0.673939 0.580336 1.485494 3.002485
1 14.97477340698242 3.339486122131348 -0.8056948781013489 3.038898 1.643019 1.720125 0.01139367
4 8.194887161254883 -6.39962911605835 -0.786611020565033 1.694231 0.599606 1.01953 -0.004583121
6 -6.059779644012451 -8.110733032226562 -0.2273321896791458 0.281916 0.297315 0.335048 -0.002028786
1 2.817265033721924 3.481904029846191 -0.9388472437858582 4.223294 1.690545 1.640922 0.01122937
6 14.51640319824219 -1.620396852493286 -0.4684864580631256 0.330805 0.157893 0.136274 -0.05218868
1 48.11063003540039 -3.981807947158814 -0.7029752731323242 3.35664 0.643422 1.262267 1.663274
1 18.25554275512695 -1.649758219718933 -0.9232640862464905 4.030533 0.447668 1.413906 0.05064118
4 4.601979732513428 -9.321147918701172 -0.845710813999176 1.865252 0.670128 1.325602 -0.02095312
6 -13.76840209960938 -3.171285629272461 -0.7253241539001465 2.690756 1.206337 0.483388 0.02217563
1 -7.063548564910889 -2.679462909698486 -1.066673159599304 4.504238 2.037164 1.487352 0.02217563
6 -1.89616072177887 -4.668334007263184 -0.6623048782348633 0.066109 0.126993 0.065274 0.02217563
4 19.14584732055664 -9.162781715393066 -0.6200172305107117 1.411699 0.566171 1.679036 4.133091e-16
4 27.59613800048828 -11.86120796203613 -0.7972569465637207 1.61823 0.542245 1.302924 0.4772412
1 9.242999076843262 3.387057304382324 -1.003605365753174 4.505001 1.848293 1.467224 0.0102497
6 -19.8487663269043 -3.639399290084839 -0.4857604205608368 1.187592 0.597565 0.32566 0.02217563
2 50.67410659790039 22.13822364807129 0.04924526438117027 6.215068 1.302027 2.877665 1.594229
1 12.13802242279053 -2.255590677261353 -0.7120281457901001 4.075718 1.659131 1.901901 -0.0138934