1 -11.74653053283691 3.345351934432983 -1.163896083831787 4.156029 1.757034 1.477855 0.01523161
2 -23.92185211181641 16.6823673248291 -0.2070902287960053 11.552322 2.876063 2.855625 2.996758
1 -6.990883827209473 -2.680334806442261 -1.105115056037903 4.328267 2.003045 1.495793 0.009256278
2 -6.104426383972168 -0.07045045495033264 -0.6762562394142151 6.112888 2.302754 2.231718 0.03043078
4 41.04508209228516 23.80227470397949 -0.9854602217674255 1.335878 0.52772 1.210737 -1.473595
1 7.377908229827881 0.1917303651571274 -0.7948243021965027 3.071038 2.020395 1.85166 -0.003875362
1 9.208230018615723 3.365561485290527 -1.001582503318787 4.449025 1.800482 1.463173 0.009078271
4 8.15107250213623 -6.420411586761475 -0.8187899589538574 1.548565 0.52953 0.963224 -0.1123244
4 27.2956485748291 -11.89458656311035 -0.8242290019989014 1.615914 0.437579 1.304592 0.3889303
1 43.92172241210938 20.7600269317627 -1.046430468559265 3.958271 1.638924 1.306597 -1.449011
2 -56.27731704711914 17.24921607971191 -0.7735128998756409 6.223256 2.239241 1.856073 2.994029
1 50.30185699462891 -1.348150968551636 -0.644686758518219 2.68027 0.3377 1.060174 1.591798
1 18.1140193939209 -1.689562678337097 -0.9388852119445801 3.764309 0.476211 1.44614 0.01193874
1 -4.666538715362549 3.332359313964844 -0.9405540823936462 5.008516 2.001562 1.793777 0.0002532993
1 47.26015472412109 26.50288963317871 -0.9975353479385376 3.187977 1.571377 1.084476 1.616311
4 6.027757167816162 -9.484237670898438 -0.7388657927513123 1.637682 0.517377 1.504994 -0.1954143
1 4.982326030731201 -2.380438566207886 -1.018843650817871 4.194197 1.664907 1.445817 -0.001521689
4 19.56719398498535 -10.25629043579102 -0.6985746026039124 1.64807 0.577345 1.574058 -0.1441324
6 35.59586715698242 -0.3996254205703735 -0.06296189874410629 0.313958 0.378832 0.435393 -0.04213164
3 9.022019386291504 -8.537665367126465 -0.7953343391418457 0.608955 0.593058 1.389407 2.574655
6 -2.99004340171814 12.71436214447022 -1.549111723899841 0.683395 0.52953 0.921726 2.970012
2 -22.04041481018066 3.211653470993042 -0.3367191255092621 12.125311 2.822484 2.494322 0.01523161
1 47.00328063964844 38.01706695556641 -1.127898931503296 4.130875 1.648756 1.178214 1.528384
2 44.71117782592773 9.334356307983398 0.170002743601799 11.640887 2.706071 3.084223 -1.437086
6 -1.896424055099487 -4.668699741363525 -0.6636267900466919 0.052675 0.142956 0.063451 0.04291721
1 2.858270168304443 3.471622705459595 -0.9489486217498779 4.237179 1.606972 1.603656 0.003617568
1 -13.76107978820801 -3.222368240356445 -0.7819193005561829 2.676605 1.011601 0.571665 0.029434
1 50.46305847167969 29.94549179077148 -1.120384931564331 2.051057 0.178169 1.122875 1.685257
1 -1.105180263519287 -3.116700649261475 -0.8541940450668335 5.006332 1.950339 1.606595 0.03266511
6 -19.79470443725586 -3.681503534317017 -0.4829385876655579 1.233835 0.546495 0.326371 0.03115716
1 -0.1891461312770844 12.66447734832764 -1.255362033843994 4.939703 1.49103 1.45511 2.959429
1 15.0111141204834 3.319316148757935 -0.7823166847229004 3.108279 1.594422 1.677266 0.02253376
1 51.16405868530273 17.90526962280273 -1.145833611488342 1.174355 1.736402 0.832761 1.518684
1 24.53542327880859 -2.667958736419678 -0.3653736412525177 2.236332 0.758355 0.525323 0.006329922
1 19.93463134765625 3.199713468551636 -0.7068734169006348 1.823547 0.421303 0.778886 0.08364569
2 41.22107315063477 43.54173278808594 -0.6577457785606384 6.319242 1.944161 1.631205 -1.68798
1 10.66874408721924 11.17740345001221 -0.9409449100494385 3.951654 1.853443 1.580361 2.936176
2 12.37963390350342 -2.251018524169922 -0.7226033806800842 4.561514 1.670088 1.923702 -0.02001301
6 20.74115371704102 0.6457330584526062 -0.0005992634687572718 1.219512 1.264256 0.161476 -0.00862716
4 19.18984985351563 -9.166864395141602 -0.6873995661735535 1.401574 0.559291 1.596619 -0.05773545