1 -33.135986328125 -1.503141164779663 -1.340281248092651 1.811136 1.842931 1.078804 0.0
6 56.3363037109375 17.5643482208252 -0.4096497297286987 3.286553 1.249424 0.482277 -3.0927
1 14.73489284515381 -0.1110138222575188 -0.6393650770187378 3.448448 2.058064 0.696236 0.0
2 -19.63378143310547 -3.682740688323975 -0.6879532337188721 6.049383 2.224494 2.274937 0.02576998
1 -53.72558212280273 -5.395174503326416 -0.9997150897979736 1.720864 1.582981 1.788461 0.07420555
1 57.86846542358398 14.16491794586182 -1.302971005439758 3.089548 1.952508 0.842709 -3.0927
1 -5.372919082641602 -0.09542223811149597 -1.102976560592651 2.815033 2.230157 1.388954 0.00613662
1 15.29886150360107 -2.8838210105896 -0.8602921962738037 4.508405 1.68204 1.855634 0.005423102
1 -43.38883972167969 -18.48944282531738 -0.6008407473564148 2.180427 2.185852 1.564934 -1.509921
1 21.3947925567627 -2.9629967212677 -0.8355891108512878 4.561718 1.691494 1.899066 0.06200472
1 6.030734062194824 -0.03908456116914749 -1.051310420036316 3.180548 2.023823 1.51097 0.006882058
2 20.72280311584473 21.23144149780273 0.1763388961553574 11.318686 3.470586 2.373882 -3.120669
1 7.691710472106934 21.41215324401856 -1.776353001594544 4.063886 1.742647 1.285419 3.141035
2 -1.795919537544251 21.12635040283203 -0.6557654738426208 10.265483 3.688644 3.329959 -3.093673
1 30.60563850402832 -2.189906358718872 -1.199203848838806 3.505434 0.99707 1.141344 0.03614484
1 -31.53968238830566 -3.759030818939209 -1.20341157913208 2.772325 0.283278 1.264433 0.05562466
1 -11.55933475494385 -3.604946851730347 -1.050511717796326 4.438237 1.890292 1.520391 0.03348946
2 3.193406343460083 -3.309046506881714 -0.6439520716667175 13.239292 3.074207 2.339225 0.03005924
1 20.74806594848633 0.7961771488189697 -0.9334763884544373 2.803654 1.404444 1.259543 0.08696055
6 26.72443771362305 1.713515758514404 -0.8787527680397034 0.367613 0.149384 0.158647 0.04116002