1 -33.907958984375 3.530563354492188 -1.04075014591217 3.781239 1.726272 1.70025 -0.3317578
1 20.84438133239746 -14.42721271514893 -1.285140633583069 4.237644 1.704755 1.496623 -0.3147304
1 -44.93661117553711 7.178631782531738 -0.969315230846405 4.40872 1.296259 1.793595 -0.3072312
6 -34.43364334106445 13.40114498138428 -1.084293723106384 0.740625 0.649786 1.408991 2.811212
1 10.73951530456543 -10.68246746063232 -0.9146023392677307 3.59798 1.716646 1.110818 -0.3112707
1 -18.81059455871582 8.729382514953613 -0.813048779964447 4.485832 1.717807 1.927927 2.82642
1 -24.09390258789063 9.787134170532227 -1.137410163879395 3.610217 0.477477 1.388809 2.908664
1 -44.55027389526367 17.04529762268066 -1.059985756874085 1.2336 1.416232 1.44834 2.850055
1 -16.96142578125 -2.783493280410767 -1.004629611968994 4.432537 2.15766 1.713485 -0.4840786
1 -12.19198417663574 -4.626102924346924 -1.134996056556702 4.46279 1.760182 1.449335 -0.2329281
1 -21.87501335144043 -0.3250763118267059 -1.166251659393311 4.508733 1.697186 1.434229 -0.3567551
6 -49.3812370300293 9.087753295898438 -1.194424390792847 0.907275 0.38485 0.333391 -0.4533201
6 -7.51778507232666 5.620466232299805 -1.161874294281006 1.639323 0.277768 1.249949 0.8341252
6 -54.65304565429688 19.79914665222168 -0.8971803784370422 0.495668 0.291774 0.870489 2.8874
5 -9.586711883544922 5.470704078674316 -1.454962849617004 0.369962 0.380134 0.615961 0.683309
5 -10.30855560302734 5.331427097320557 -1.505834579467773 0.336278 0.349772 0.579053 0.683309
1 -39.1087646484375 5.065874099731445 -0.9594027996063232 3.012924 1.196118 1.891651 -0.3269702
1 -1.872535586357117 -7.338147640228272 -1.046786546707153 4.681711 1.973343 1.658491 -0.2329281
1 -28.67872619628906 2.2724289894104 -1.327025055885315 4.173563 0.757935 1.154907 -0.3269702
1 15.69064807891846 -12.48756980895996 -1.246747612953186 4.509958 1.887438 1.503391 -0.4397689
1 -55.309326171875 10.96371936798096 -1.199846506118774 1.054696 0.307963 0.813176 -0.4000806
1 -29.72502136230469 11.98414421081543 -1.062398791313171 3.525523 1.015491 1.554806 2.856803
1 -6.537924289703369 -6.142046928405762 -1.14236307144165 4.471124 1.946264 1.470651 -0.2329281
1 -13.03469848632813 6.838027954101563 -0.9245759844779968 4.176761 1.812684 1.689317 2.834488
1 17.75666427612305 30.58613204956055 -0.8951039910316467 4.048871 1.641782 1.812379 -1.827834
1 8.139135360717773 29.77288627624512 -0.8779247403144836 2.396327 1.943521 1.433277 -1.922279
2 4.242692947387695 -6.376883983612061 -0.7805393934249878 6.32224 3.07973 2.231406 -1.317053