1 -27.1114501953125 -3.790352821350098 -0.9722515940666199 3.531257 0.720799 1.703639 0.06010625
1 -43.35709381103516 -4.940642356872559 -0.8141545653343201 3.910407 1.610316 1.98385 0.001103407
1 -57.94817352294922 -1.714332699775696 -0.7641480565071106 1.732677 2.017425 1.245631 0.0
1 41.32842254638672 -2.154654264450073 -1.220693349838257 0.762516 1.256519 0.749424 0.0
1 -7.448817253112793 -3.439132690429688 -1.030167579650879 4.57273 1.846107 1.498119 0.02715647
1 7.775351047515869 -0.04229988902807236 -1.004390120506287 3.160486 1.996531 1.372284 0.01527548
6 35.90818786621094 1.510316848754883 -0.8522785305976868 0.167139 1.193343 0.200728 0.0
2 -15.98535823822022 -3.510353088378906 -0.6274178624153137 6.281345 2.235069 2.310389 0.01602798
2 7.09705114364624 -3.129947423934937 -0.5664650201797485 10.128479 2.86101 2.371742 0.04537265
2 -1.719315767288208 20.97940826416016 -0.8086546063423157 9.880007 3.269075 3.610949 -3.094978
1 55.09527969360352 13.77106285095215 -1.080950260162354 3.289427 1.362036 1.136541 -3.123457
1 25.43163299560547 -2.578518867492676 -0.8376871347427368 4.689132 1.447175 1.869572 0.06250905
1 -5.20879602432251 -0.04723085463047028 -0.9303897619247437 3.361444 2.240386 1.257245 0.01897095
6 39.504150390625 -2.212156057357788 -1.750169515609741 0.116149 0.500679 0.026178 0.0
1 15.12945556640625 -0.05572400242090225 -0.7928325533866882 3.092871 2.131431 0.972975 0.01527548
1 -43.26704406738281 -18.19299507141113 -0.583781898021698 1.556587 1.917112 1.520162 -1.502962
1 7.671097755432129 21.42847633361816 -1.740749835968018 3.878661 1.815503 1.223063 -3.123457
1 19.96963310241699 0.6782974004745483 -0.8882819414138794 0.969357 1.458078 1.03211 0.01527548
1 -18.12096786499023 -0.6536319255828857 -0.817982017993927 2.666002 2.198199 0.935399 0.0
6 51.34181213378906 17.43816757202148 -0.3368240892887116 3.257251 1.347643 0.463557 0.01813586
2 20.76641464233398 21.1085319519043 0.02362171560525894 11.187911 3.069697 2.257464 -3.123457
1 15.94127082824707 -2.813991785049439 -0.9494404196739197 4.449245 1.548543 1.590088 0.01527548