5 -30.44214057922363 -9.658316612243652 -1.203431248664856 0.343266 0.306024 0.534236 -0.4097684
4 21.98556900024414 7.308422088623047 -1.301585912704468 1.728977 0.793183 1.631704 -3.141592
1 54.12371063232422 -5.773017406463623 -1.432857036590576 0.907617 1.560655 1.422809 7.152557e-07
1 -7.429882049560547 18.13022613525391 -1.150513172149658 4.049528 1.70654 1.548662 2.113124
5 -3.478654146194458 10.69845199584961 -1.572110891342163 0.307689 0.280827 0.448785 2.166271e-15
5 -27.03367042541504 -11.64970970153809 -1.241338729858398 0.29662 0.369644 0.507811 -0.4097684
1 -10.48230457305908 31.63714981079102 -1.45667040348053 0.582177 1.361056 0.895773 1.560335
4 -31.519775390625 -8.19279670715332 -0.9637081027030945 1.282394 0.551272 0.684665 0.1761565
4 -8.05212688446045 10.97402095794678 -1.012763857841492 1.933351 0.674001 1.693987 2.613531
5 -4.505845546722412 3.4591064453125 -1.54379141330719 0.306935 0.328433 0.42662 1.456239
5 -19.08094024658203 -13.24157905578613 -1.396415233612061 0.239425 0.266225 0.464649 3.080105
5 -7.641618728637695 -4.402872562408447 -1.500817656517029 0.37665 0.287427 0.423284 0.007284637
4 1.073896408081055 12.32440948486328 -1.199012279510498 2.105079 0.905505 1.546781 3.141592