2 -56.31008911132813 17.30010604858398 -0.9165976047515869 6.337341 2.248489 1.562497 2.980962
1 -11.75291156768799 3.374605178833008 -1.149097442626953 4.160676 1.752481 1.447046 0.01910663
5 20.22846412658691 19.55018043518066 -1.693857431411743 0.062512 0.148623 0.361358 0.02068832
1 7.365333080291748 0.2138276845216751 -0.802067220211029 3.262856 2.042542 1.865187 -0.008575806
5 22.81130599975586 20.83819198608398 -1.675816416740418 0.090272 0.113312 0.410807 0.6889347
1 12.40050983428955 -2.244060277938843 -0.7151923775672913 4.564361 1.616029 1.908583 0.008145985
5 18.75785064697266 19.13981056213379 -1.680973768234253 0.112274 0.106349 0.472996 -1.638268
1 2.795377016067505 3.558583974838257 -0.9407009482383728 4.171978 1.833006 1.638845 -0.003398149
1 -13.9748125076294 15.51205539703369 -1.245091319084168 3.165967 1.807121 1.725693 3.011155
6 -26.37298011779785 17.33181190490723 -1.149075865745544 2.046629 1.352297 0.455638 2.98338
1 48.63605880737305 25.98331069946289 -1.050053238868713 3.427511 0.334002 1.082163 1.594744
4 24.99804306030273 -9.243789672851562 -0.7942924499511719 1.490447 0.597758 1.388431 0.2975663
6 -1.895480275154114 -4.663309097290039 -0.6608063578605652 0.073146 0.148694 0.06658 -0.03144784
1 14.89566993713379 3.310278177261353 -0.7812494039535522 2.863145 1.607034 1.684108 0.03201829
2 47.42584609985352 3.691234827041626 0.252146452665329 11.981525 2.697278 3.192515 -1.027848
4 42.72996139526367 20.62735176086426 -0.9854431748390198 1.542951 0.579983 1.207348 -1.106501
3 4.913178443908691 -8.338701248168945 -0.7973729968070984 0.82794 0.477731 1.416358 3.140667
4 8.224034309387207 -6.419928073883057 -0.7733578681945801 1.770184 0.670577 1.04356 -0.03144784
1 44.85235214233398 15.11118507385254 -0.8617587089538574 4.133722 0.390169 0.965552 -1.16647
1 18.08075141906738 -1.667601108551025 -0.9311337471008301 3.680738 0.429578 1.389982 0.02012908
2 41.6533088684082 38.09444808959961 -0.7607844471931458 7.021769 2.055533 2.475868 -1.322114
4 35.17785263061523 -10.30684089660645 -0.6043873429298401 1.10144 0.324008 1.595223 -1.548087
4 19.20867919921875 -9.198753356933594 -0.681299090385437 1.312484 0.582604 1.585152 0.01931977
6 -19.84520721435547 -3.659633159637451 -0.478460967540741 1.202371 0.606836 0.310284 0.01197577
1 -7.036819458007813 -2.666916608810425 -1.098114371299744 4.454864 1.970797 1.449202 -0.01403091
1 -4.656887531280518 3.291400909423828 -0.9320769906044006 4.969539 1.957115 1.778223 -0.006546057
1 9.213077545166016 3.369297504425049 -1.001579523086548 4.448432 1.828093 1.466058 -0.009172808
4 27.32621383666992 -11.93353462219238 -0.8030005693435669 1.629929 0.479244 1.322577 0.5391354
6 20.74207496643066 0.6410448551177979 -0.006674889475107193 1.223985 1.34086 0.180065 0.03375617
1 -13.78292179107666 -3.229463338851929 -0.775907039642334 2.689929 1.043281 0.604587 0.00669005
5 17.25520896911621 18.78200721740723 -1.586318492889404 0.111792 0.101842 0.463723 -3.039078
2 -6.118515014648438 -0.09328365325927734 -0.5088434815406799 6.066584 2.293019 1.943996 0.02238679
1 19.92420959472656 3.170204877853394 -0.709524393081665 1.885465 0.403396 0.800624 0.04280619
2 -22.07381820678711 3.204593181610107 -0.3441276550292969 12.18889 2.888871 2.512619 0.01425159
2 -51.07284545898438 20.81403541564941 -0.6554492115974426 6.94493 2.43848 2.858881 2.983616
1 24.74839401245117 -2.658100366592407 -0.447834849357605 2.746186 0.80653 0.728331 0.05251491
1 -1.124314665794373 -3.123619318008423 -0.8239679932594299 5.044013 1.981987 1.580185 0.03873234
1 4.907756805419922 -2.43049955368042 -1.018694400787354 4.087158 1.723958 1.444023 0.02660795
4 13.45090961456299 -9.575689315795898 -0.5972843170166016 1.285155 0.587014 1.478464 -0.007727861