2 -16.45950508117676 -0.4742265939712524 -0.6080703735351562 6.001493 2.241309 2.306643 -0.0002366499
2 -53.08598327636719 10.60773181915283 -0.2228340357542038 4.683481 2.3226 1.979217 -2.958148
3 -22.88527679443359 5.419614315032959 -1.105641007423401 0.420791 0.681806 1.251804 0.0
2 -41.41488647460938 20.24771690368652 -0.453879177570343 5.876504 1.427171 2.25272 -3.080601
4 37.90238571166992 -7.424871921539307 -0.9422106146812439 1.36151 0.452982 1.183887 0.04715476
6 -20.74294281005859 4.827455520629883 -1.527918219566345 0.283908 0.419199 0.455012 -3.141592
1 -43.97479629516602 -5.373799800872803 -1.007739663124085 1.843176 1.944038 0.903898 0.06335
1 -42.89784240722656 16.10707664489746 -1.242031455039978 0.192629 1.31248 0.505109 -3.053047
4 -52.60646820068359 -11.93402290344238 -0.9983479380607605 1.431732 0.448358 1.033302 0.8343599
4 15.84333896636963 -7.404940605163574 -0.9664072394371033 0.973567 0.467739 1.410352 0.01952114
1 -28.17574310302734 17.47525596618652 -0.4531159698963165 5.475553 1.640502 1.329138 -3.049572
1 32.40890884399414 -0.2696528136730194 -1.045640230178833 1.799614 1.838511 1.288994 0.01822744
1 -13.02499103546143 -4.486124515533447 -1.040020108222961 4.457696 2.072731 1.417254 0.01635755
6 12.58779048919678 -2.594757795333862 -0.6030647158622742 0.435252 0.1166 0.087665 0.0
4 5.671058654785156 -7.689426898956299 -0.9506328105926514 1.736023 0.554552 1.5103 0.009823856
4 -56.92272567749023 -16.49729537963867 -0.9871675372123718 1.114103 0.498936 0.928186 1.491848
1 10.31710529327393 -3.290752410888672 -0.7838969230651855 4.02827 1.685629 1.986314 0.02724086
6 7.849117279052734 16.98566627502441 -2.199493169784546 2.153204 1.251365 0.4704 3.116822
1 -59.86500549316406 8.194113731384277 -1.27722704410553 3.044741 0.725413 0.841624 -2.723675