6 -1.916495442390442 -4.669753551483154 -0.68404620885849 0.124181 0.214443 0.16121 0.07483146
1 -1.10611367225647 -3.1296706199646 -0.9095548987388611 4.996661 2.042281 1.75314 0.04372036
1 9.212944030761719 3.478935718536377 -1.000972747802734 4.433887 2.083563 1.471309 0.01897274
2 -22.0059928894043 3.1757493019104 -0.4222444891929627 12.179391 2.848903 2.491606 0.01913023
3 -11.76919364929199 -7.503987789154053 -1.105430722236633 0.810813 0.572431 1.159163 3.025175
2 -54.50780487060547 16.91855049133301 -0.7333245873451233 2.633642 2.217232 1.772209 3.043034
2 -6.151815414428711 0.02675193175673485 -0.6448556780815125 6.0651 2.423192 2.216313 -0.01206199
5 17.28235816955566 18.77927589416504 -1.649296045303345 0.104862 0.105049 0.31128 -1.016162
5 22.79662322998047 20.8565616607666 -1.663869380950928 0.089577 0.183142 0.395897 -0.2302209
6 31.63839340209961 4.656689643859863 -0.1864369362592697 0.692429 0.68914 0.40378 0.3552282
1 34.39670181274414 28.22866439819336 -1.041603803634644 4.449059 1.735489 1.435411 -1.881632
1 -4.687122821807861 3.340891361236572 -0.9540931582450867 5.057623 2.079734 1.773155 -0.003488162
4 28.71229553222656 -11.41667556762695 -0.8337574005126953 1.578645 0.52817 1.368709 0.4427705
5 18.76675987243652 19.14129829406738 -1.670634388923645 0.133329 0.101124 0.474403 -0.3064307
4 20.5755500793457 -9.183404922485352 -0.546235203742981 1.128953 0.451924 1.277988 0.2211857
1 6.627363204956055 0.2761392593383789 -0.8209430575370789 1.726235 1.927418 1.845205 -0.04059829
5 20.22201156616211 19.54367446899414 -1.689804315567017 0.06528 0.130826 0.349635 0.1737575
1 15.00853538513184 3.336939811706543 -0.801916778087616 3.00763 1.676054 1.674695 0.03315442
6 -19.79390335083008 -3.632510185241699 -0.477733314037323 1.239869 0.480982 0.326652 -0.03117384
1 12.3809061050415 -2.247174978256226 -0.7211652398109436 4.588232 1.714394 1.927377 -0.003059463
1 18.43513107299805 -1.747815608978272 -0.9446247220039368 4.366328 0.594061 1.427884 0.01324508
1 4.916015148162842 -2.49165153503418 -1.013108611106873 4.107429 1.932764 1.437848 0.008551527
4 24.5816650390625 -7.563413619995117 -0.8472792506217957 1.973281 0.550778 1.484779 0.03120184
1 -7.011166572570801 -2.664638519287109 -1.152697443962097 4.383843 2.008477 1.467633 -0.03672122
1 -11.75457286834717 3.344187498092651 -1.186086416244507 4.168006 1.766966 1.472715 0.03075427
6 -13.74479484558106 -3.195340156555176 -0.7258319854736328 2.699526 1.046544 0.472698 -0.0239281
1 2.792706727981567 3.558238983154297 -0.9559954404830933 4.165353 1.837619 1.617748 0.01101931
4 -17.48002052307129 -9.244163513183594 -0.9281729459762573 1.675962 0.789411 1.596548 -0.06688984
3 33.50211715698242 36.68229675292969 -1.1520174741745 0.380185 0.419619 1.513939 1.334278
6 21.18086624145508 0.6665782332420349 -0.003189021488651633 1.52884 1.389009 0.159678 0.02740295
1 22.53500175476074 3.66606330871582 -0.7348292469978333 1.572887 1.002071 1.095066 0.172029
1 24.52853965759277 -2.725881814956665 -0.3483078479766846 2.274774 0.74855 0.5199 0.04404677
4 27.93365859985352 15.58864784240723 -0.9555455446243286 1.542829 0.44998 1.210686 1.82065
5 25.49935531616211 22.62436294555664 -1.676111698150635 0.204469 0.425532 0.444511 -0.25747