6 56.75058746337891 -16.31907272338867 -0.4156811833381653 0.563769 0.208371 0.541312 1.368069
5 22.7861499786377 20.84452438354492 -1.672280311584473 0.171379 0.15882 0.414794 0.0
1 12.39357948303223 -2.247156858444214 -0.7419047355651855 4.594568 1.642679 1.887343 -4.458572e-17
1 -11.77951335906982 3.362934827804565 -1.156578540802002 4.223284 1.752675 1.462064 0.01852266
1 7.362275123596191 0.2098605483770371 -0.7950006723403931 3.245343 2.071278 1.851305 0.0
5 17.22664642333984 18.776123046875 -1.650798439979553 0.104805 0.071245 0.317432 0.0
6 -19.84346199035645 -3.640186548233032 -0.4881421327590942 1.169261 0.616923 0.335182 0.0
2 -56.35205078125 17.02325820922852 -0.8743553161621094 6.388464 2.226712 1.496031 3.068935
1 2.899395942687988 3.551339149475098 -0.9269048571586609 4.380511 1.826564 1.612576 0.0
2 -22.13491439819336 3.330094814300537 -0.4118557870388031 12.467205 2.927515 2.628149 -2.916509e-17
1 9.24195671081543 3.47172737121582 -0.9937660694122314 4.528795 2.004585 1.448295 0.0
1 14.91954803466797 3.312804222106934 -0.7795717716217041 2.951047 1.552905 1.679024 0.0
1 37.31017303466797 38.71863555908203 -1.306151747703552 4.603271 1.744715 1.685826 -1.746435
4 19.06165885925293 -9.243988990783691 -0.66810542345047 1.372107 0.60894 1.559747 -3.028165
6 -1.899152517318726 -4.63386344909668 -0.6863716244697571 0.152151 0.287148 0.200731 0.01418363
1 -4.667062759399414 3.339806079864502 -0.925437867641449 5.012918 2.105829 1.77533 3.821633e-17
4 -9.747232437133789 -7.483492374420166 -0.6816269159317017 0.806003 0.428778 0.957188 3.107708
4 -22.82786178588867 -9.246482849121094 -0.8767884373664856 1.197619 0.93187 1.611548 6.746015e-16
4 27.35656547546387 -12.00096797943115 -0.7859085202217102 1.485708 0.627473 1.287811 0.7058799
1 -12.53810501098633 16.32923698425293 -1.435595750808716 4.31742 1.759401 1.376451 3.006102
1 18.06094360351563 -1.659586906433106 -0.9043679237365723 3.642353 0.525197 1.338296 0.0
1 -13.7708740234375 -3.195555925369263 -0.8074581623077393 2.676359 1.11597 0.705783 -0.008022481
6 20.84373092651367 0.6953056454658508 0.007094791159033775 1.295713 1.284595 0.182561 0.0
1 20.08152008056641 3.207508325576782 -0.736506998538971 1.303573 0.421453 0.810889 1.193525e-16
4 29.88228416442871 10.60015487670898 -0.7785407900810242 1.453585 0.481285 1.221034 1.775931
4 18.94136810302734 -6.672102928161621 -0.8440232276916504 1.820265 0.762149 1.468243 -0.03864553
6 31.04526519775391 4.218944549560547 -0.3881250619888306 0.324345 0.488598 0.863184 0.03853236
5 18.74608612060547 19.16900634765625 -1.677822589874268 0.175769 0.135623 0.481356 0.0
1 -7.02625036239624 -2.685818672180176 -1.067962288856506 4.426304 2.036232 1.497009 0.0
1 24.73100090026856 -2.602591037750244 -0.4427878558635712 2.662687 1.106571 0.748197 -0.08600263
5 20.84295463562012 -9.673700332641602 -1.344458818435669 0.121139 0.199041 0.318905 2.023921
1 -1.106159687042236 -3.127822875976563 -0.8946724534034729 5.147647 1.928058 1.722896 0.0
5 20.2356128692627 19.53366279602051 -1.699014544487 0.128106 0.104981 0.367597 0.0
1 4.904762268066406 -2.466830730438232 -1.002068638801575 4.091427 1.847901 1.409883 4.973023e-17
2 -6.137009620666504 -0.03604387864470482 -0.6014346480369568 6.032373 2.331215 2.129689 0.0