4 36.63992691040039 -20.29121398925781 -0.751039981842041 2.961481 0.972953 1.412976 1.562571
5 18.19469261169434 -9.646141052246094 -1.354152679443359 0.243784 0.266466 0.394515 3.141592
6 28.85958099365234 -13.56927299499512 -1.293707489967346 0.214644 0.254342 0.272951 -1.459922
2 -7.035889625549316 -4.035531997680664 -0.5541521310806274 11.235064 3.26179 2.457707 0.0493662
6 24.2336540222168 -26.2630500793457 -0.2470223158597946 1.116839 0.223022 0.522707 1.435801
1 7.632942199707031 -0.9365636706352234 -0.984070360660553 2.861227 1.229107 1.66473 0.03038782
2 -35.73886108398438 -4.503489017486572 -0.2617846131324768 12.270142 2.229399 3.131061 0.04521734
1 -30.08114814758301 23.21841239929199 -1.424232840538025 1.650345 0.513534 0.900477 2.942908
2 -23.60183715820313 -4.269157886505127 -0.2902554273605347 11.524771 2.812376 2.987999 0.05023481
5 15.72134208679199 -7.48228645324707 -1.327740669250488 0.224648 0.27195 0.352536 0.0
2 -36.36111068725586 -1.007322430610657 -0.3225175440311432 3.565574 2.835169 2.905787 -0.02937469
1 16.1491870880127 19.30293273925781 -1.460737824440002 4.294399 1.327166 0.501694 0.04699423
6 48.46828460693359 -0.2390646934509277 -1.076016068458557 0.556009 0.76825 1.322747 -0.04126211
2 -46.25131607055664 -4.448359966278076 0.09401260316371918 5.691186 1.233516 3.287801 0.07161473
6 24.03030395507813 -20.72701263427734 -0.6217201352119446 1.626121 0.248504 0.872294 1.560361
4 33.57358932495117 -21.33967971801758 -0.9199272990226746 1.594131 0.954881 0.863285 -1.567099
1 54.86943054199219 2.579933643341065 -0.8892682790756226 3.368898 1.709215 1.529115 0.05301182
1 11.00062465667725 4.414253234863281 -1.030917525291443 4.253085 1.692261 1.525793 0.03488882
6 5.457665920257568 28.13568496704102 -1.566444516181946 0.608852 0.313027 0.757436 0.02047612
6 32.78042984008789 -41.34516525268555 -0.3462006449699402 0.583277 0.115808 0.400032 1.501875
3 34.44390106201172 -20.81393623352051 -0.944392740726471 0.34436 0.220857 0.814829 -3.139744
6 33.08214950561523 -26.64287376403809 -0.650230348110199 1.297825 0.211853 1.199584 -1.639935
6 16.93263244628906 -8.535823822021484 -1.40691876411438 0.293464 0.239852 0.461846 -3.141592
1 -16.69645881652832 3.755224466323853 -1.064739346504211 4.666851 2.107553 1.549409 0.05421152
1 0.8110347390174866 24.90835762023926 -1.706899285316467 1.889779 0.339989 0.832833 -0.03030936
6 28.71238517761231 -20.37731170654297 -1.231319308280945 0.268178 0.267262 0.242072 -1.459922
6 23.96345710754395 -38.19016647338867 -0.2772680521011353 1.536031 0.307107 0.363766 1.603859
6 28.69759368896484 -16.80422973632813 -1.141607522964478 0.258156 0.173794 0.208427 -1.459922
1 -45.56261825561523 3.148890018463135 -1.2229083776474 3.30299 2.076366 1.272332 -0.05353722
5 19.306640625 -10.72254753112793 -1.345831871032715 0.264106 0.226439 0.422867 3.141592