6 -58.03426742553711 -15.40816974639893 -0.827572762966156 2.229687 0.418364 0.454532 2.001874
1 -44.1335334777832 -8.032992362976074 -1.317382097244263 3.601167 0.251787 0.61958 1.019474
4 32.76479339599609 -5.004335403442383 -0.9866622686386108 0.621124 0.544863 1.353717 -0.03001737
1 -48.40940856933594 -30.0593204498291 -0.4291966855525971 3.68744 1.871873 1.062219 1.480729
4 6.700314998626709 -5.162990093231201 -1.017747163772583 1.79786 0.715281 1.561615 -0.08990318
1 -39.39885330200195 4.991852283477783 -1.057056307792664 2.626921 1.608609 1.473536 -0.02294664
1 -17.99553298950195 19.7873592376709 -1.322030782699585 4.819126 1.935564 1.291286 -3.141158
1 36.95920181274414 0.7582812309265137 -1.011612892150879 3.348032 1.81752 1.706554 -0.02488199
3 -33.35966491699219 -18.34991455078125 -0.3928661048412323 0.452664 0.498453 1.093598 -2.48637
1 26.08576011657715 4.011800765991211 -1.149362325668335 3.90235 1.83511 1.512535 -0.01813023
2 -26.30718040466309 1.431931138038635 -0.3818458616733551 5.218399 2.877175 2.815333 -0.01976401
1 -3.924778699874878 4.73735237121582 -1.072298049926758 5.164824 2.012879 1.48784 -0.02689051
4 -23.94659233093262 -4.775847434997559 -1.23785924911499 3.21733 1.069883 1.002845 -0.1677479
4 -21.70295715332031 -3.047984123229981 -1.032564997673035 1.370616 0.871918 1.387547 0.007354307
6 -27.12953186035156 -3.494876146316528 -0.9141911864280701 0.417697 0.597684 1.297847 -0.03140736