2 3.232054948806763 7.693836688995361 -0.6105490326881409 12.013879 3.031821 2.560846 3.135056
1 -25.84919738769531 -5.23140287399292 -0.7964336276054382 4.255779 1.714167 1.811589 0.02235927
1 -7.529770851135254 -5.285563468933106 -0.8783922791481018 4.517088 2.008078 1.797771 0.01470227
2 -53.25531387329102 7.023104667663574 -0.04254326969385147 1.591353 2.617462 2.998504 -3.099098
3 9.664621353149414 -10.17152404785156 -1.073131680488586 0.703593 0.58095 0.803933 1.601305
3 50.23930358886719 13.41336154937744 -1.298246264457703 0.350537 0.644002 1.177412 -0.07660688
2 -14.72121429443359 7.335978984832764 -0.4315314292907715 12.450217 2.759343 2.760794 -3.12913
4 39.17740249633789 -3.180487155914307 -1.404720187187195 0.787153 0.781211 1.232265 0.07578438
6 59.49060440063477 8.774211883544922 -1.889673471450806 0.348906 0.961727 0.447139 -3.121204
1 7.428909301757813 -5.203097820281982 -1.073836088180542 4.292677 1.828983 1.456882 -0.004425298
1 -31.24874687194824 -4.920936107635498 -0.979274332523346 3.251919 0.721119 1.358798 0.003514393
1 12.72715091705322 -5.330706119537354 -1.129446387290955 4.095809 1.768183 1.467141 -0.008192555
1 -39.39186096191406 -5.461271286010742 -1.367257833480835 0.860435 0.937594 0.773059 -0.02688222
1 0.8036622405052185 -5.122273445129395 -1.029289841651917 4.666667 1.87707 1.527032 -0.04090139
4 -28.21776008605957 -3.489018678665161 -0.9221431016921997 1.13202 0.691579 1.632379 0.03166533
1 -16.03518867492676 -5.459390163421631 -0.7736998200416565 4.546026 1.943084 1.88042 -0.01399013
5 20.6823902130127 7.005412101745606 -1.630287408828735 0.28274 0.282446 0.472365 1.581269
1 4.935794353485107 3.618784904479981 -0.9906527996063232 4.62406 1.846462 1.598358 -3.122284
1 -41.45066833496094 -0.6133584976196289 -0.9723374843597412 2.440541 1.750619 1.356044 0.02922641
6 56.01945877075195 4.189640998840332 -1.738584876060486 1.123011 0.544722 0.381507 -1.570444
1 -21.11042785644531 -5.20198392868042 -0.80467289686203 3.948453 1.63247 1.877079 -0.06358398
4 29.84451293945313 -3.275146484375 -1.221434116363525 1.195833 0.798294 1.351366 0.01889323
2 -28.69505500793457 7.225797653198242 -0.1581747084856033 12.394638 2.249825 2.800198 -3.135447
3 -6.92369270324707 13.24935626983643 -0.7902294993400574 0.690428 0.519108 1.301888 -0.04566703
5 21.84527587890625 6.258279800415039 -1.751775860786438 0.158359 0.244299 0.353085 0.004831147