1 19.56175231933594 -2.838478088378906 -0.9411483407020569 4.745013 1.575738 1.720155 0.02789714
1 -14.6687650680542 -0.4534299969673157 -0.6712579131126404 1.397009 2.130594 0.585392 0.0098488
1 -47.39756393432617 -1.336509943008423 -0.8144383430480957 3.37741 1.630896 1.497133 0.0098488
1 -38.16574478149414 -4.855371475219727 -0.7407964468002319 3.98247 1.512407 1.84931 0.0098488
6 51.70627593994141 -1.710552215576172 -1.057676792144775 0.188126 0.721811 0.756917 0.02574835
4 -20.32529830932617 -9.367738723754883 -0.9946275353431702 1.830538 0.811652 1.29982 0.03126513
1 7.230354309082031 21.43088722229004 -1.788880348205566 3.723795 1.753 1.329312 3.135082
1 50.70858001708984 13.29151725769043 -1.090282917022705 3.082055 0.422106 0.800746 -3.101055
1 -24.73909568786621 -3.760095596313477 -0.9481105208396912 3.865671 0.996348 1.710766 0.0098488
1 -43.53047180175781 -18.01878166198731 -0.4970888495445252 1.126032 1.847556 1.336608 -1.566861
1 7.730658054351807 -0.053953617811203 -1.052749514579773 3.141365 2.057719 1.473315 0.01992281
2 -2.229457139968872 20.68315124511719 -0.8036203980445862 10.402426 2.854078 3.627156 -3.099463
1 -5.404345989227295 -3.437656879425049 -1.001467108726502 4.735551 1.949392 1.538177 0.01712166
2 7.909393787384033 -3.099666833877564 -0.5263329744338989 12.698089 2.947827 2.445174 0.02131868
1 31.3321590423584 -2.455368757247925 -0.6824427247047424 4.546756 1.883726 1.499997 0.04625841
1 15.20084857940674 -0.06270834058523178 -0.7872767448425293 3.151988 2.148384 0.957784 0.01992281
1 -5.32469654083252 -0.05583340674638748 -0.9910534024238586 3.284781 2.224262 1.343491 0.0098488
1 44.38587951660156 17.24849510192871 -0.3007295727729797 3.522396 1.427277 0.511579 -3.101055
2 -13.61100959777832 -3.490096092224121 -0.6324747204780579 6.298008 2.241009 2.351601 0.01728656
1 22.18101119995117 0.8366391062736511 -0.94112628698349 1.715702 1.407349 1.21406 0.01992281
2 20.32202339172363 21.12009620666504 -0.02585688047111034 11.171246 3.13746 2.217738 -3.129276