3 -13.09200286865234 29.27845764160156 -1.449593544006348 0.191841 0.389099 0.979404 -1.531974
2 9.655781745910645 -2.92524528503418 -0.7597418427467346 6.085114 2.090086 1.99383 0.02145077
4 3.775437116622925 17.20029449462891 -1.521244287490845 1.482414 0.686422 1.405436 -0.01580078
1 38.32747268676758 8.675657272338867 -1.291168928146362 3.145035 1.84789 0.998221 -3.11596
3 25.90621185302734 14.47229957580566 -1.322627902030945 0.710397 0.582969 1.571088 1.570092
1 -18.000244140625 -0.6270087957382202 -1.081235647201538 3.751796 1.85949 1.520314 0.0
3 24.09869956970215 5.772381782531738 -0.70679771900177 0.195348 0.381822 1.010216 -0.7764786
4 -30.36712837219238 16.8275203704834 -1.511724710464478 2.213581 1.538929 1.374503 -3.137078
1 -42.05141067504883 -3.136526584625244 -1.204806685447693 2.264108 2.084842 1.339995 0.0
1 8.559694290161133 13.49063968658447 -1.413855075836182 4.732064 1.852493 1.405934 -3.141592
1 -42.90395355224609 7.99092960357666 -1.226238369941711 4.049302 1.808768 1.433208 -3.099267
1 20.404541015625 8.484832763671875 -1.134107708930969 4.139064 1.784791 1.571867 3.141592
4 -39.89221572875977 17.0022144317627 -1.277350306510925 1.369089 0.436419 0.785687 -3.121522
4 -32.41240692138672 15.90517330169678 -1.220212578773499 1.67101 0.474536 1.674199 -3.081651
2 45.40807342529297 -2.963320016860962 -0.2523767650127411 13.116671 2.816604 3.171326 0.0
1 -51.88471984863281 -0.2083027213811874 -1.455775260925293 0.565775 1.555076 0.668516 0.0
2 -4.032734394073486 16.56293869018555 -0.895330548286438 6.937506 2.227521 2.619792 2.440268