1 -1.082851052284241 -3.119182109832764 -0.8303807973861694 5.024648 2.058332 1.594006 0.05511305
2 19.31912422180176 3.471845865249634 -0.3662093579769135 4.728019 1.954286 2.611087 0.007055797
1 48.73650741577148 -17.84726715087891 -0.6504098773002625 2.466257 1.581598 1.112121 1.661394
2 -21.66178131103516 3.120598077774048 -0.234149307012558 11.866949 2.949723 2.172642 0.02050233
1 12.8446741104126 2.958370923995972 -0.9680328369140625 4.566296 1.119695 1.412468 0.0193531
1 -5.988331317901611 2.308987379074097 -0.8971545100212097 4.210639 1.962008 1.854397 0.114486
5 20.83291435241699 -9.681394577026367 -1.334619641304016 0.263797 0.277367 0.349137 -0.1006442
2 4.159134864807129 3.219126224517822 -0.5877273082733154 9.085747 2.939842 2.250865 0.01532619
1 -7.004771232604981 -2.680735588073731 -1.093111991882324 4.386224 1.981228 1.447848 -0.019626
1 -13.80409145355225 -3.171656131744385 -0.7163211703300476 2.692968 1.099094 0.526113 0.002572805
3 32.35758972167969 3.868924140930176 0.3671790063381195 0.363213 0.371514 0.85539 1.768446
1 3.801925659179688 -5.482264041900635 -0.8799331784248352 4.201638 1.950924 1.729653 0.05548101
5 25.41941261291504 -13.55585670471191 -1.37879741191864 0.235232 0.211389 0.417755 -0.3901997
2 52.81074142456055 -22.51425552368164 0.6844891905784607 11.747494 2.951154 3.25878 1.660868
6 20.32373428344727 0.6405838131904602 0.01359415426850319 1.346485 1.324291 0.218648 0.0
1 -33.48733139038086 18.76081657409668 -1.408123970031738 2.956877 1.649319 0.894186 3.045789
6 -19.84597778320313 -3.668601751327515 -0.4645350277423859 1.22308 0.686859 0.350402 -0.02144521
1 18.14208030700684 -1.700853109359741 -0.9277361631393433 3.791903 0.462081 1.422537 0.007055797
1 24.51498603820801 -2.672749519348145 -0.3508612215518951 2.292951 0.797255 0.563463 -0.0002012347
1 46.04470062255859 -19.75998687744141 -0.6372249722480774 4.170761 1.785068 1.615447 1.687886
2 -6.131002426147461 -0.1964433342218399 -0.6507585048675537 5.988098 2.315088 2.227705 0.08940152
1 49.06276702880859 -32.21313858032227 -0.9793784618377686 2.38736 0.984671 0.984697 1.610052
5 29.03473091125488 -17.72846031188965 -1.181319713592529 0.110282 0.224459 0.327195 -0.4755711
1 4.927739143371582 -2.420365810394287 -0.9953992366790771 4.182637 1.73792 1.487424 -0.0005940637
1 7.330185413360596 0.2085912376642227 -0.7957060933113098 3.173418 2.130474 1.85206 0.007055797
5 27.47040748596191 -15.74621677398682 -1.267106175422669 0.17196 0.250013 0.343231 -0.4755711
4 -23.6037540435791 -6.316454410552979 -0.8253645896911621 0.705983 0.542439 0.6072 -0.113169
4 17.05539131164551 -7.472621440887451 -0.9683777689933777 0.956341 0.458342 1.08727 -0.06746836
5 24.3114013671875 -12.50998592376709 -1.389708876609802 0.108325 0.228578 0.302636 -0.524191
3 28.55382919311523 -16.26774787902832 -0.6992512345314026 0.103276 0.285317 1.465861 -0.2647307
6 28.90761947631836 6.61472225189209 -0.2554572522640228 0.117358 0.488633 0.231039 0.02482903
2 -56.39550018310547 16.99133491516113 -0.6197588443756104 6.278721 1.842031 1.555976 3.021563
1 12.4083366394043 -2.257138967514038 -0.7148776054382324 4.57636 1.796288 1.908017 -0.0281609