6 23.89402389526367 -2.84488844871521 -0.1913561075925827 1.00989 0.483153 0.261959 -0.08929552
2 4.907900333404541 2.979402303695679 -0.5658732056617737 7.537097 2.402642 2.214523 0.001370799
1 18.0845947265625 -1.667437076568604 -0.9385836124420166 3.687943 0.440863 1.415866 0.01577297
3 32.35806655883789 3.84406042098999 0.3920076489448547 0.398046 0.303822 0.830741 3.011026
1 -7.115320205688477 -2.675093173980713 -0.9285979270935059 4.570628 2.012871 1.914074 -0.006788401
1 -1.083123922348023 -3.403520584106445 -0.9223511815071106 5.083287 2.631639 1.776791 0.07088412
2 -56.76013946533203 16.5346794128418 -0.441196620464325 7.056345 2.576211 1.832183 2.988086
1 12.36016941070557 -2.257356882095337 -0.7051686644554138 4.567489 1.797845 1.895854 -0.04225389
1 12.48501014709473 2.979956150054932 -0.9655437469482422 3.897084 1.108277 1.419056 -0.02069072
1 -18.95325088500977 15.98527431488037 -1.526172876358032 3.71451 1.772085 1.468894 3.020729
1 -19.71416664123535 -5.763137817382813 -0.8313437104225159 3.869748 2.016654 1.05836 0.09170955
1 48.68387222290039 -17.87356567382813 -0.739384651184082 2.698962 1.491418 1.323058 1.727883
1 4.902657985687256 -2.45209264755249 -0.8277139663696289 4.063377 1.948617 1.838149 -0.03738933
1 6.641499042510986 0.2763969004154205 -0.7967782616615295 1.805789 1.943183 1.859556 0.03672224
1 -5.987277507781982 2.307241439819336 -0.9007107019424438 4.140701 1.880852 1.840384 0.122857
1 45.8631591796875 -19.75144577026367 -0.6029499769210815 4.122112 1.328031 1.577556 1.664673
2 -21.63339424133301 3.135905742645264 -0.219187319278717 11.728456 3.029654 2.400126 0.03477702
6 -15.08319664001465 -3.445983171463013 -0.9971436858177185 2.043901 0.629937 0.216559 -3.032614
2 52.80079650878906 -22.73792839050293 0.6209736466407776 11.547336 2.847971 3.138787 1.665531
1 48.98197555541992 -31.53126907348633 -0.9344789981842041 3.470959 0.987136 0.919382 1.631626
6 0.2739327251911163 4.02904224395752 0.2954892814159393 1.217267 1.084875 0.174444 0.1268581
1 20.24537086486816 0.6953305006027222 -0.7054778337478638 1.638766 1.706415 1.738616 -3.099164
2 -6.102940559387207 -0.05307644605636597 -0.7020953297615051 6.065307 2.284651 2.330889 0.001110755
2 19.40756034851074 3.486660003662109 -0.3251794278621674 4.985474 1.999752 2.512888 0.007241603