1 8.361902236938477 -42.98823928833008 -0.1120625883340836 1.536608 0.534022 0.583122 -1.721422
1 6.12746000289917 11.69806289672852 -1.090020537376404 4.120377 1.840525 1.662061 1.405174
1 3.10403847694397 19.33399963378906 -1.188836097717285 2.391728 1.621744 1.361082 -1.757028
1 3.636706829071045 -20.77118873596191 -0.8378638029098511 2.36652 0.848969 0.631137 0.6870649
1 1.726329803466797 -8.783966064453125 -0.9944146275520325 4.344753 1.878394 1.593533 1.305105
4 5.602598190307617 -15.41796016693115 -1.35302197933197 1.338605 0.269665 0.702932 1.844741
1 19.53922843933106 13.44494724273682 -1.074536323547363 3.324475 1.403702 1.2148 -0.1479727
1 19.57577133178711 15.87752056121826 -1.025377511978149 2.806198 1.048701 1.254816 -0.1634317
1 -1.995718121528626 22.85368919372559 -1.243852972984314 3.247481 1.704445 1.52685 -1.868931
1 37.18737411499023 22.70707511901856 -1.096062064170837 2.764833 1.503173 1.13061 -0.2018651
1 22.20857620239258 25.42316055297852 -0.9192966818809509 3.912257 1.496075 1.142463 -0.1702038
1 18.69465255737305 9.186491012573242 -0.8825538754463196 3.387122 1.614943 1.53346 -0.2252601
4 -6.14384126663208 13.28948879241943 -1.134043574333191 0.974069 0.675825 0.998013 -1.748188
1 25.81871795654297 -11.70500373840332 -1.009891629219055 3.422147 1.998904 1.744163 2.97087
1 14.35497188568115 -14.26447772979736 -0.9002706408500671 3.234002 1.593467 0.85265 -0.1858083
1 15.85769176483154 -9.772439956665039 -0.9280595779418945 4.056221 1.961999 1.345071 2.932223
1 0.6953789591789246 38.71412658691406 -1.094177961349487 5.01931 1.37584 2.195139 -1.753486
6 27.06598854064941 51.11232757568359 -0.8690311908721924 3.019345 0.480974 0.129811 -0.4594508
3 7.53744649887085 -23.51483917236328 -0.6289476156234741 0.317317 0.531839 1.10736 1.751867
3 -8.149620056152344 22.56883811950684 -0.5903255939483643 0.211048 0.353046 1.0568 -1.742941
1 -12.74585628509522 -53.06988906860352 -0.9949876070022583 3.053557 1.587564 1.071492 -1.762027
1 19.59535217285156 18.51823997497559 -0.7591135501861572 1.757168 1.29534 1.027988 -0.1955661
6 3.181092739105225 -20.33500671386719 -0.6985443830490112 0.302823 0.499983 0.803676 -1.354244
1 -4.465814113616943 -14.54516220092773 -0.8617927432060242 3.999002 1.873245 1.710823 -1.772119
1 -4.564354419708252 -6.408561229705811 -1.015549778938294 4.593061 1.840905 1.503053 -1.777087
3 4.981646060943604 -25.95034790039063 -0.8563344478607178 0.448475 0.627426 1.213242 1.251508
4 -8.231942176818848 -19.44032859802246 -1.128054022789002 1.343413 0.353396 0.974034 2.730696
6 25.98376655578613 -33.78963851928711 0.02094802260398865 1.563879 0.515016 0.236174 -1.727844
6 -8.221061706542969 -20.80900192260742 -0.7578157186508179 1.006475 0.343386 0.370162 2.936875
1 13.06090450286865 -16.72317314147949 -0.965970516204834 1.497592 1.519654 1.299718 -0.2766604
4 5.038568496704102 2.088140487670898 -1.035077810287476 2.031204 0.846024 1.568185 1.238823
4 4.814347743988037 -17.95010948181152 -0.803116500377655 2.780305 1.102471 1.397357 1.643523
1 21.05717086791992 -40.40433502197266 -0.5603522658348083 3.569142 1.518993 1.020802 -0.1737172
1 5.900831699371338 -42.89382934570313 -0.2091486006975174 2.623846 0.961304 0.780827 1.340955
3 2.850880146026611 -30.5378532409668 -0.7813858985900879 0.414851 0.553068 0.356702 -1.875374
1 10.33436298370361 -33.5677490234375 -0.05603590607643127 1.14657 1.290698 0.501295 -0.1731513
1 18.26067733764648 4.228794574737549 -0.8810616135597229 3.059975 1.648504 1.304077 2.946027
6 -8.790759086608887 -21.34980010986328 -0.9503476023674011 0.147163 0.121615 0.68933 2.943812
3 -8.94921875 20.48241996765137 -0.8385691046714783 0.462661 0.508655 0.949801 -1.742941
1 27.17648315429688 -6.449886322021484 -0.9333997368812561 2.289607 0.572231 0.901766 2.946403
1 31.37870597839356 -7.34564208984375 -0.923931896686554 1.672672 1.013779 1.513078 -0.03359119
3 31.49820709228516 -6.453068256378174 -0.9916971325874329 0.478662 0.473727 1.630301 -0.1529357
1 25.02154350280762 -9.398344039916992 -1.179749488830566 0.939952 1.377605 0.882734 -0.1707232
1 24.8359375 -16.63008880615234 -0.8115049004554749 3.518905 1.684936 1.710775 2.97087
3 5.777474403381348 -26.27060699462891 -1.206224083900452 0.149285 0.453808 0.545844 1.291593
3 59.91289520263672 -1.989994287490845 -1.141161203384399 0.34127 0.362203 1.187057 3.037981
1 26.42018127441406 -14.13713359832764 -1.059479713439941 3.138937 1.685955 1.533127 2.930116
1 50.17813873291016 -1.029442548751831 -1.050078272819519 0.607432 0.897175 1.48016 1.2068
3 -12.04071521759033 1.692933797836304 -0.4599860608577728 0.810657 0.571466 1.106809 -1.655775
1 0.5401245951652527 6.408901214599609 -1.112485647201538 3.841724 1.985203 1.440335 -1.809017
1 2.305281639099121 35.37196731567383 -1.338234663009644 4.09984 2.009813 1.28894 -1.814567
1 20.60725593566895 28.21764755249023 -0.7702091932296753 0.318442 0.898397 0.691103 -0.1955661
1 44.69717788696289 1.130314469337463 -1.394042015075684 3.746947 0.911068 0.927663 -0.246271
1 17.78676605224609 1.990580439567566 -0.681374728679657 4.055308 1.886047 1.236247 -0.2165455
1 25.26927947998047 46.24748992919922 -1.470758080482483 2.59474 0.175001 0.638605 -0.1505631
1 29.49678993225098 9.604875564575195 -0.6775496006011963 2.566303 1.614588 0.758365 -0.1705677
6 39.33113861083984 40.48672103881836 -1.457210898399353 2.226061 0.993723 0.459149 -1.728297
1 9.999166488647461 -40.86302185058594 -0.1454498320817947 2.476386 1.552063 0.657235 -0.2041381
1 16.1384449005127 -4.749795436859131 -0.9741061925888062 3.269448 1.808624 1.629924 -0.1751043
4 -7.531059265136719 -17.302978515625 -1.126253247261047 1.972452 0.791787 1.172835 2.818837
3 -12.16090297698975 -1.432031273841858 -0.5504158735275269 0.549999 0.474477 0.926754 -1.827591
1 13.34726619720459 -28.609375 -0.7975847721099854 2.820509 0.499179 1.276606 -0.1981475
3 -7.859890460968018 21.00435829162598 -0.6792886853218079 0.221452 0.561625 1.009177 -1.742941
1 1.651853799819946 14.07612991333008 -0.6825881600379944 1.993773 2.020131 0.684631 -1.757028
1 0.8844746947288513 -24.14283752441406 -1.056799650192261 4.699383 1.785454 1.349178 0.7792301
3 7.681911468505859 -25.07584381103516 -0.4377914369106293 0.321403 0.299964 0.68514 1.595651
1 42.32122802734375 -3.625220775604248 -1.122045278549194 3.584435 0.995958 1.176678 1.36363
6 51.4506950378418 3.975759744644165 -0.4259410202503204 0.759343 0.214257 0.666982 1.368393
1 18.393798828125 6.859976291656494 -0.8987465500831604 3.622012 1.847048 1.014615 2.946027
2 -1.271849989891052 28.13823509216309 -0.816946268081665 5.408774 2.227459 2.384077 -1.763218
1 14.3581600189209 -20.39390182495117 -0.1758232712745667 3.781588 1.603371 1.919507 2.955384
1 9.956690788269043 -36.0032958984375 -0.2865535020828247 0.7194 1.481186 0.570641 -0.1298288
1 27.47017478942871 -4.318380832672119 -1.221096992492676 4.310293 1.629105 1.462106 2.915279