1 42.44116973876953 -1.527013301849365 -0.8572357296943665 1.105745 1.329184 1.656325 -0.007861835
5 -3.803392887115479 -7.152303695678711 -1.578972697257996 0.332101 0.434175 0.308128 1.52358
1 -8.164748191833496 -0.09299349039793015 -1.131332516670227 3.711145 2.019357 1.376997 0.03961064
5 -6.492894649505615 -7.18474006652832 -1.585786819458008 0.342543 0.415974 0.255121 1.52358
3 -6.02397346496582 -17.35476684570313 -0.8515758514404297 0.550904 0.61405 1.543742 1.453907
1 -15.43390941619873 -5.811193943023682 -1.035882949829102 3.785242 1.409887 1.925567 0.04800178
4 45.84218215942383 8.262632369995117 -1.076778650283814 1.819964 0.675503 0.891719 -1.039697
1 -14.97494697570801 17.29025459289551 -1.623344302177429 3.540922 1.785185 1.46489 -1.323196
3 2.990980625152588 34.90159606933594 -1.435183882713318 0.583929 0.752774 1.48855 -1.390484
1 1.84877872467041 43.38364410400391 -1.965538263320923 1.232234 1.723768 1.207106 1.503523
1 35.63440322875977 -2.62415075302124 -0.896559476852417 3.914429 1.783489 1.337798 -0.009283837
1 6.748832225799561 0.2434756755828857 -0.9626951813697815 3.143494 2.132612 1.600238 -0.04181936
1 4.246564388275147 32.6717414855957 -1.379205465316773 1.245922 1.65737 1.504174 1.507613
1 6.369357585906982 -5.476957321166992 -0.9956564903259277 3.214564 1.798199 1.53554 -0.09975787
2 21.85620498657227 0.4245485365390778 -0.3299963772296906 1.46295 1.812976 1.356159 0.004822202
1 7.774233341217041 4.523410320281982 -1.182703971862793 4.784312 1.876439 1.473318 -3.09395
1 -2.909753084182739 17.21770668029785 -0.9239088296890259 3.45501 1.775186 1.287566 1.524732
1 8.880630493164062 44.36647415161133 -1.749529480934143 3.868721 2.039205 1.148369 1.590702
2 -9.435141563415527 -5.797374248504639 -0.6633798480033875 5.429042 1.934565 1.99119 -0.02993356
1 -17.22727966308594 32.39340591430664 -1.915435910224915 2.050917 1.620902 1.260101 1.57045
5 -2.459016561508179 -7.118950843811035 -1.53215765953064 0.279038 0.439588 0.27952 1.52358
1 15.4802303314209 50.85366821289063 -0.864447832107544 0.930493 0.735945 0.764851 1.626401
3 -27.04651832580566 23.04008674621582 -1.338365912437439 0.333312 0.496627 0.507666 2.671165
1 -34.05943298339844 16.22390174865723 -1.761638164520264 1.782709 1.286921 1.218334 1.659899
1 11.73314762115479 16.90756797790527 -1.102037310600281 2.28304 1.626321 1.202302 1.616474
1 -29.01967811584473 28.57429313659668 -1.959710359573364 2.602289 1.381758 1.369871 1.52372
1 -29.17708969116211 4.44795036315918 -1.575222611427307 3.97816 1.643409 1.469725 -3.08163
1 6.752703666687012 17.66621971130371 -1.089545130729675 4.148302 1.781561 1.562659 1.568891
1 -24.22841835021973 15.66728019714356 -1.478479504585266 0.793014 1.153493 1.289272 1.583649
5 -5.169972896575928 -7.088074207305908 -1.606627106666565 0.234357 0.458421 0.299501 1.52358
1 -43.29971313476563 15.86454200744629 -1.68104875087738 1.098859 1.003714 1.374131 1.538849
1 -6.487657070159912 -3.501773834228516 -1.062373518943787 4.366854 1.996383 1.608309 -0.01457517
1 -30.11872482299805 -0.7775886654853821 -0.6680101752281189 2.67938 1.881385 2.38265 -0.00593877
1 -21.76478385925293 17.45283317565918 -1.716112017631531 4.215737 1.443601 1.583291 1.617976
1 21.10812950134277 17.5590705871582 -0.990304172039032 2.579663 1.526596 1.461128 1.566219
1 13.44599723815918 50.41280746459961 -1.826797008514404 4.526849 1.599594 1.431402 1.630168
1 44.40860366821289 5.790902614593506 -1.227864742279053 0.810219 1.715188 0.503422 3.097436
2 1.438960075378418 -5.694694042205811 -0.6550161838531494 5.596337 2.44198 2.158677 0.01015411
1 23.43522071838379 17.16207885742188 -0.8960588574409485 2.452264 1.445757 1.506531 1.54701
1 16.12000465393066 17.73352813720703 -0.955711841583252 4.034692 1.714939 1.565197 1.541014
1 -35.98294830322266 15.57714748382568 -1.496999979019165 0.392851 0.820086 0.570214 1.574495
1 -12.44468975067139 17.30335426330566 -1.425470590591431 3.811367 1.624515 1.028078 1.581002
3 -14.47479915618897 -41.86931991577148 -0.1271941661834717 0.256844 0.361479 0.618421 -1.681187
1 -20.52957725524902 -5.888105869293213 -1.317440867424011 3.740556 1.37357 1.473073 0.02328081
1 9.143671989440918 17.05377197265625 -1.059284925460815 2.858609 1.666799 1.445617 1.629946
6 39.41837310791016 2.652103185653687 -1.043233990669251 0.163689 0.281122 0.483983 -3.061042
1 -26.91396331787109 16.15737342834473 -1.514082431793213 0.837802 1.468552 1.213804 1.637779
1 -9.891682624816895 4.56972074508667 -1.327317595481873 4.646989 1.728006 1.388102 -3.129095
1 -25.10111236572266 -5.679589748382568 -1.42455780506134 4.041863 1.516436 1.3995 0.04331464
1 18.51016044616699 16.84128570556641 -1.100195527076721 2.13729 1.538703 1.045746 1.5008
3 3.089357137680054 34.19970703125 -1.429847121238709 0.454441 0.648064 1.514179 1.751109
1 8.132899284362793 28.34821891784668 -1.408254981040955 4.365532 1.635119 1.468833 1.533212
3 27.96498680114746 -10.88661098480225 -0.2906060516834259 0.661238 0.581091 0.996327 -0.0552933
1 -2.857859373092651 32.33950042724609 -1.360164761543274 1.410099 1.179808 1.465461 1.627635
1 -19.55316543579102 32.42708206176758 -1.836624979972839 1.786694 1.038932 1.285838 1.530199
1 -32.69268798828125 -3.647697448730469 -1.640968084335327 2.339904 1.84875 1.245478 0.02096058
1 -31.30594062805176 16.72507667541504 -1.641445755958557 2.925179 1.017837 1.141641 1.524061
1 -0.4526652991771698 16.43732833862305 -1.043171763420105 1.826112 1.858333 1.355153 1.587024