4 37.16950988769531 29.7306022644043 -1.590160369873047 1.289516 0.744625 1.190592 1.397302
3 41.59622192382813 -16.23208618164063 -0.09716280549764633 0.544626 0.37929 1.159174 -0.9568861
1 17.31286430358887 3.213848829269409 -1.070295333862305 3.963709 1.747524 1.340788 0.02373866
4 39.30246353149414 34.75859069824219 -1.388833045959473 1.286031 0.984972 1.40565 1.559036
2 19.38018798828125 -0.1154297590255737 -0.2621051967144013 0.485731 2.650915 2.375074 0.02770345
1 2.452671051025391 -21.31896209716797 0.2220925986766815 1.101202 1.055305 1.497953 -1.557277
2 57.59979248046875 22.23480415344238 -0.2398072779178619 11.235857 2.845766 3.216344 1.253375
2 48.90800857543945 10.84032344818115 -0.5283769965171814 5.457092 2.115322 2.537297 0.8339005
1 -9.565792083740234 -21.50867652893066 -0.04874031990766525 1.558264 1.752346 0.7997 -1.575987
1 12.24466896057129 14.21328449249268 -1.133529543876648 4.245295 1.517817 1.169182 -3.127801
1 -2.327214241027832 -22.61700248718262 0.09027048945426941 3.902544 1.821951 1.742684 -1.518267
4 38.85787963867188 30.55619621276856 -1.65481162071228 0.930851 0.553955 1.203577 1.542473
1 -20.67753982543945 3.088116407394409 -1.140211343765259 4.179965 2.167254 1.62116 0.04661345
4 -51.01415634155273 -6.448638916015625 -1.064893007278442 0.870289 0.50726 1.036663 0.002349945
1 38.95682525634766 20.71462440490723 -1.174124121665955 2.446858 0.862602 0.567751 -1.544731
1 10.10618495941162 -20.78909492492676 -0.03696062415838242 0.323862 1.256358 1.017838 -1.637381
1 36.22634124755859 4.950261116027832 -1.083176851272583 3.259675 1.613447 1.409989 0.3077559
1 -7.242653369903565 -22.23441314697266 0.1858430951833725 3.269424 1.818449 1.468417 -1.59825
1 4.209567546844482 3.294174671173096 -1.025507092475891 4.241738 1.649567 1.515298 -0.02526769
1 -5.867122173309326 3.431962490081787 -0.990375280380249 4.524681 2.130998 1.686746 -0.00327477
1 -3.772070169448853 14.04282283782959 -1.122455716133118 4.414685 1.807044 1.321145 -3.137865
1 47.63617706298828 32.01390838623047 -1.622576832771301 4.18847 1.430324 0.706061 -1.422648
4 37.29219436645508 32.02050018310547 -1.653907895088196 1.195843 0.58524 1.223184 -1.710304
1 -14.01633071899414 -21.75839233398438 -0.1624701917171478 1.531349 0.641291 0.549406 -1.502652
4 37.83481979370117 -8.81772518157959 -0.6479365229606628 0.741716 0.778319 1.358923 -0.2299526
1 -4.908010005950928 -22.60497665405273 0.03576568514108658 3.394345 1.858665 1.444527 -1.526571
1 -12.00885963439941 -21.99420738220215 0.03443536162376404 1.892408 1.530081 0.646762 -1.549706
1 -35.76168060302734 2.374707698822022 -1.404186844825745 3.533429 1.91071 1.237565 0.004979981
1 6.678089618682861 -21.86184883117676 -0.2739846408367157 0.972328 0.104413 0.773251 -1.519166
3 46.23917388916016 -16.86342430114746 -0.2453521490097046 0.484881 0.412579 0.873048 -0.7460576