1 -58.84178161621094 9.95770263671875 -1.707753777503967 1.267262 1.211301 0.723151 -3.137181
3 -18.9409236907959 -31.50197219848633 -0.4173940122127533 0.631614 0.33322 0.874222 -0.04282508
4 51.76573181152344 17.7744140625 -1.577499747276306 0.745243 0.518086 0.677679 3.134113
1 36.33334732055664 -2.193984746932983 -1.16961658000946 1.282652 1.954979 1.445544 0.0009985358
1 -37.20196914672852 10.30629634857178 -1.292367100715637 4.017941 1.698034 1.782543 -3.131597
5 -7.991528987884522 -11.36998176574707 -1.418858885765076 0.14004 0.155519 0.340059 -3.09998
1 -18.77227401733398 0.1015170216560364 -1.13016414642334 2.760705 1.766177 1.362512 0.02361986
3 -12.46561050415039 -33.41471099853516 -0.2754883170127869 0.456802 0.50589 1.355549 -2.208607
1 39.60639190673828 0.4672721028327942 -1.054797649383545 1.249905 1.747709 1.54308 0.00639725
5 -11.3059720993042 -13.02936744689941 -1.505931615829468 0.088849 0.128527 0.440308 -3.09998
3 -2.992842435836792 -11.0594425201416 -0.667646050453186 0.640215 0.634155 1.8165 1.402954
1 23.31232452392578 12.75650882720947 -1.380602240562439 4.187803 1.592994 1.549421 -3.118731
5 -34.89486694335938 15.35158443450928 -1.875431895256043 0.203109 0.32539 0.52298 -0.003921726
5 -9.69515323638916 -12.09996223449707 -1.475547075271606 0.080613 0.12127 0.456789 -3.09998
1 -27.40761375427246 9.955245971679688 -1.413161635398865 4.214221 1.766879 1.284056 -3.126021
1 -55.02705383300781 -3.185336351394653 -1.546869158744812 0.653157 0.982185 0.611131 0.004816703
1 -39.51660919189453 -3.485342025756836 -1.106098532676697 2.296764 1.783326 1.244979 -0.01261652
4 42.42566680908203 15.19143009185791 -1.644855737686157 0.87786 0.645406 1.353634 3.120696
1 3.036064624786377 13.53512573242188 -1.235388994216919 4.790205 1.655923 1.714694 -3.125494
2 -7.016592979431152 -3.295213460922241 -0.7603746056556702 5.276884 1.966578 2.036317 0.01839138
1 -23.76992416381836 -36.11273956298828 -0.3507887423038483 2.367189 1.23158 0.6656 1.55812
6 56.03303527832031 -1.348429083824158 -1.223474979400635 0.721225 0.355674 1.452426 0.01187393
1 49.33151626586914 -5.305858135223389 -1.18134355545044 0.692612 1.732171 1.009302 -0.01114447