4 40.88595199584961 14.64203071594238 -0.9127817153930664 2.939225 1.130241 1.738467 3.106874
3 29.16809272766113 -9.710116386413574 -0.7417625784873962 0.344528 0.552672 1.574292 -0.4397265
6 13.31175231933594 -4.345714092254639 0.2300236225128174 0.374528 0.220528 0.297493 -3.13115
3 27.45157051086426 -9.870749473571777 -0.4546104073524475 0.187181 0.179942 0.588844 2.914533
4 -12.59681701660156 23.26445388793945 -1.690854668617249 1.275072 0.608719 1.66567 0.2262876
6 -11.60039043426514 47.79735565185547 -2.675033807754517 0.396234 1.720643 0.41712 1.645946
4 22.66767311096191 2.444788932800293 -0.7317055463790894 0.819841 0.811016 1.654388 3.095874
3 -1.283367872238159 21.2152042388916 -1.507732748985291 1.261746 1.10909 1.706948 1.969329
4 60.49509429931641 -8.718289375305176 -0.2606639564037323 0.849706 0.474653 0.810403 -0.00202021
1 -8.146303176879883 18.72201728820801 -1.510675668716431 3.767481 1.835303 1.459455 2.56542
5 -31.11759185791016 19.98882102966309 -2.245268821716309 0.215483 0.252037 0.472136 -0.3052032
4 47.06344604492188 -7.561572551727295 -0.2898977994918823 1.050808 0.637089 0.917987 3.102972
4 45.48483276367188 -8.57773494720459 -0.2675980031490326 0.429448 0.717589 0.879536 0.0423804
4 52.14844512939453 17.1072883605957 -0.8527164459228516 1.373623 0.693131 1.447543 0.02147174
4 -7.723797798156738 23.35883331298828 -1.735401272773743 1.000902 0.664242 1.250873 2.587042
3 -32.59679412841797 -9.662836074829102 -1.260830044746399 0.974578 0.695395 1.236541 3.119205
1 -39.81366348266602 0.03641816228628159 -1.352439284324646 2.153376 1.96287 1.103254 -0.003335076
4 9.752897262573242 17.32978439331055 -1.296716928482056 1.234989 0.642257 1.596377 -3.122731
3 -7.239541053771973 21.67259407043457 -1.585575461387634 0.606975 0.723332 1.758715 2.119202
2 6.231061935424805 -5.419909477233887 -0.4718055427074432 12.3622 2.801903 2.271511 0.01344802
1 -14.76480960845947 0.2810581028461456 -1.270205616950989 3.879681 1.791329 1.268394 -0.008392874
4 -21.69569396972656 36.03287124633789 -2.013474941253662 1.00071 0.720662 0.921979 1.744241
1 -31.4566535949707 -3.002800703048706 -1.119667768478394 4.701764 1.859735 1.944786 -0.08391157