1 -52.78704071044922 1.674267172813416 -0.8174144625663757 2.100412 1.583237 1.345181 0.0258922
1 5.924566268920898 -23.56026077270508 -0.1043756827712059 0.919265 0.63257 0.9443 -1.53629
1 -1.632562518119812 -24.79706573486328 -0.06460811197757721 3.045738 1.579927 1.089272 -1.514538
1 12.595139503479 11.33957195281982 -1.192541241645813 4.55477 1.760202 1.895214 3.128657
1 10.71097469329834 2.63625168800354 -1.114037394523621 4.130056 1.827509 1.447721 -0.005001742
1 -13.04140090942383 7.035944938659668 -1.095423460006714 2.605776 1.897029 1.618533 -3.121411
1 1.8785080909729 -23.75169563293457 0.07422429323196411 0.944932 1.467859 1.183062 -1.554043
1 12.69626045227051 -23.84332275390625 -0.004548176657408476 2.39416 1.371189 1.065321 -1.524198
1 -12.29877090454102 -26.14247894287109 -0.005801872350275517 1.851572 0.494178 0.750316 -1.412298
1 24.27896881103516 14.17750644683838 -2.029822826385498 4.213142 1.576712 0.666651 3.139524
1 -23.51929664611816 -24.34958457946777 0.1391238421201706 1.238083 1.349011 0.843368 -1.557568
1 -16.38360786437988 -24.88912200927734 0.1827819347381592 3.040024 1.487861 1.140807 -1.5771
1 8.738593101501465 -23.66819381713867 0.01744085922837257 1.368102 0.724748 0.719648 0.08735378
1 -32.62036514282227 1.91662609577179 -1.017691731452942 3.791217 1.761185 1.312545 0.0322318
1 15.78394794464111 -24.17429351806641 0.08304738998413086 1.858949 1.12583 0.644557 -1.514538
1 -27.05879020690918 -25.09125709533691 0.2220353037118912 2.345302 1.223466 0.730505 -1.5771
1 -5.43569803237915 -23.90695953369141 0.1874505281448364 1.773661 1.250371 0.968451 -1.514538
2 16.47345924377441 -2.616770505905151 -0.4447879493236542 12.639645 2.843152 2.882068 -0.005722397
2 60.27499771118164 -2.668349981307983 -0.3289581537246704 3.724872 2.354213 2.599065 -0.0034055
1 -5.993069648742676 -39.69348907470703 0.02187665551900864 1.559559 1.637321 0.799704 1.562055
1 -0.6164723634719849 -40.21353530883789 0.05200238525867462 3.092468 0.882683 1.146102 1.646104
1 -30.98099136352539 -25.54345321655273 0.2617678642272949 2.601666 0.437639 0.715216 -1.516585
1 -13.04881954193115 -4.987231731414795 -1.004276156425476 4.28324 1.92646 1.485779 0.1059649