3 -39.41459655761719 23.07221603393555 -1.295346856117249 0.548649 0.645037 1.521999 -0.06341365
6 -26.54305458068848 14.03248977661133 -0.8236011862754822 0.181309 1.058583 0.635927 -0.03614293
4 -1.439775705337524 -9.208388328552246 -0.9430030584335327 1.634921 0.705521 1.630737 -3.096614
4 -32.99830627441406 23.87604141235352 -1.13720715045929 0.838508 0.55768 1.35141 -0.3395022
6 28.12486839294434 10.95762252807617 -1.651641130447388 4.26688 1.259877 0.639242 3.028241
1 -2.1329505443573 8.613399505615234 -1.167156577110291 4.40007 1.820763 1.438825 3.134238
3 11.85668468475342 3.863323926925659 -0.5465294122695923 0.553024 0.595303 0.8063 -1.610859
1 -26.60803031921387 -0.01284307800233364 -0.4967523217201233 1.289339 2.014039 0.59465 -0.005558081
6 -6.041332244873047 -8.382368087768555 -0.4096089005470276 0.271992 0.34316 0.448844 -3.110239
4 -15.70723247528076 17.01069068908691 -1.201708197593689 2.126797 0.832001 1.503683 3.091565
3 -2.903076648712158 -11.14951038360596 -0.7250961661338806 0.598851 0.592379 1.677827 1.650816
3 40.88177108764648 -8.00933837890625 -0.9619878530502319 0.389224 0.466974 0.889682 -0.0052396
1 -13.93490123748779 -0.1613965183496475 -0.9304779171943665 3.722846 1.915142 1.505856 0.02595158
1 -25.60319900512695 8.371682167053223 -0.8857673406600952 3.023582 1.083632 0.92926 -3.121482
1 -45.73146820068359 -1.012663245201111 -0.7373985052108765 1.50706 1.680395 0.871127 0.01910461
2 -10.19237232208252 -5.84975004196167 -0.4620518088340759 12.329243 2.951433 2.544885 -0.01683185
1 -21.77524566650391 -2.805746555328369 -0.6414856314659119 4.63019 1.922162 2.032746 -0.0295445
4 10.59673595428467 21.75468826293945 -1.444160580635071 2.638496 1.395995 1.310218 -3.116769
4 -11.88633251190186 2.440073251724243 -0.7732643485069275 0.686857 0.570313 1.659535 -1.401321