4 -32.78303909301758 -6.820034027099609 -1.050191164016724 1.096801 0.645493 1.26563 -0.07124399
1 -0.4580140709877014 3.064817905426025 -0.5920733213424683 4.047515 1.529465 1.031295 0.04317303
2 33.36489486694336 0.4205298125743866 -0.1111326515674591 3.722368 2.75369 3.222751 0.0
1 -8.91797924041748 -21.53962135314941 -0.2416784316301346 1.498177 1.352793 0.914167 -1.527725
1 1.109198570251465 -21.37967300415039 0.08224468678236008 1.585062 1.510805 1.085338 -1.48529
1 -11.36258697509766 -21.72381973266602 -0.3424696326255798 2.003746 1.665272 0.561878 -1.54112
1 3.528696537017822 -22.53793907165527 0.1552718132734299 4.173013 1.684441 1.15499 -1.505504
1 12.79096031188965 3.589038610458374 -0.9452583193778992 4.221957 1.841251 1.738521 0.05505512
1 8.040502548217773 -20.83627319335938 -0.152124434709549 0.875821 1.17002 0.528022 -1.470793
1 5.786498069763184 -22.57522201538086 0.1122597455978394 3.910784 1.375579 1.051347 -1.533818
1 31.21942329406738 3.699900150299072 -1.178570866584778 0.877653 1.456817 1.211693 0.0
1 15.80387306213379 -21.27601432800293 0.1087742298841476 1.477084 0.984302 0.528979 -1.581615
1 10.81565475463867 -21.19966125488281 0.2240464687347412 1.423112 1.499462 0.900311 -1.576105
6 -55.25495910644531 -7.842941284179688 -1.549206495285034 1.406251 1.216882 0.409544 0.1886078
1 46.01894760131836 3.714996814727783 -0.9555014967918396 0.52624 1.165489 0.772612 0.0
1 -0.8639874458312988 -34.79533386230469 -0.0291493646800518 1.457566 1.736822 0.861345 -1.422261
1 -24.04118156433106 2.306177139282227 -1.279672622680664 4.196579 1.938325 1.490135 0.0147241
1 20.58849716186523 3.714028596878052 -1.056753754615784 4.178614 1.49078 1.510254 0.01043001