1 20.18329620361328 -2.969877004623413 -0.8427203893661499 4.172785 1.619257 1.690165 -0.004124195
2 -8.923314094543457 -3.868170499801636 -0.8181285262107849 5.243101 1.951542 2.026801 -0.08111621
1 -33.42137908935547 11.94735813140869 -1.639025330543518 2.386233 1.738823 1.495282 -3.124668
1 -51.91466903686523 -2.421062231063843 -1.735011219978333 2.558774 1.125547 1.215579 -0.01230796
1 27.29551315307617 0.01419512089341879 -0.6679912209510803 1.188853 1.902324 1.738949 -0.01256358
4 14.06568241119385 14.47791576385498 -1.345929741859436 1.824721 0.563213 1.419865 3.137909
1 13.30063533782959 -2.769666194915772 -0.8674333095550537 4.632002 2.051318 1.767691 -0.02137179
4 -12.6008882522583 14.52044582366943 -1.45790696144104 2.013562 0.774164 1.584556 3.12952
1 -17.66848182678223 0.1885239779949188 -1.312805771827698 3.709626 1.819452 1.22196 0.005395334
1 20.27180480957031 11.03884506225586 -1.197386741638184 4.294429 1.796066 1.437569 3.105675
3 53.61503219604492 20.61581230163574 -0.9301508069038391 0.575509 0.438805 1.540969 3.139143
1 32.92868423461914 -2.802328109741211 -0.7261403799057007 3.87749 1.640123 1.841766 0.003726227
1 -46.55942153930664 13.11448192596436 -1.68254292011261 3.555753 1.003695 1.419054 -3.125452
1 -35.26891326904297 -2.882744073867798 -1.40715503692627 3.96171 1.850853 1.457118 -0.001949095
6 44.30770874023438 -2.228934526443481 -1.108662366867065 0.108104 0.217215 0.251 0.03022504
1 52.12964630126953 -2.524906873703003 -0.3403053283691406 0.211459 0.985458 0.929798 0.003851413
4 2.001760482788086 17.09750938415527 -1.413940191268921 1.917645 0.692306 1.419023 -3.141166
1 26.41537857055664 -2.654845714569092 -0.8571153879165649 3.842977 0.799387 1.543912 -0.0003861454