1 -6.852999210357666 -0.09781971573829651 -1.042187333106995 4.088585 2.19002 1.512697 0.07350586
2 23.17198944091797 -0.626246988773346 0.390395849943161 11.984953 2.565345 0.90265 -0.002917712
1 18.85433959960938 2.961419105529785 -0.8475756049156189 4.009295 1.685314 1.747392 -0.02414276
1 -5.788796901702881 -21.5257682800293 0.1548653542995453 3.235715 1.751552 1.577429 1.627795
6 17.09269714355469 -2.35134744644165 0.353201299905777 0.42891 1.127541 0.751496 1.559209
1 11.58606719970703 2.582119226455689 -0.9399588704109192 4.602923 2.094208 1.70462 0.002838514
1 -16.67514038085938 -20.48502540588379 0.3946913778781891 2.395788 1.818274 1.478461 -1.541176
6 -19.28713417053223 1.531700134277344 -1.392215847969055 0.278027 0.219304 0.364593 0.03119025
1 -22.70767784118652 5.205981731414795 -1.101681113243103 4.026657 1.743132 1.466923 -0.0161996
2 0.4332795441150665 4.769515514373779 -0.6456339955329895 11.104008 2.959377 2.28271 0.002169477
1 -8.317045211791992 3.321381092071533 -0.8659775853157043 4.176504 1.931839 1.916066 -0.01509849
6 24.01612281799316 4.878103256225586 -1.067019939422607 0.458623 0.328555 0.167351 3.119967
6 23.37897682189941 -2.848359107971191 0.3998042941093445 0.558694 1.062758 1.24211 -0.0128659
1 6.395598888397217 -0.09360013902187347 -0.8040960431098938 3.841938 1.744695 1.950703 0.03475167
2 26.03565788269043 2.779175996780396 -0.2672120332717896 4.461233 2.292233 2.630095 -0.01786616
6 53.08112716674805 20.34572982788086 -1.062034130096436 0.305072 1.26218 0.545808 2.998324
2 -14.64689636230469 -0.03921792656183243 -0.1767559349536896 5.401854 2.204015 1.348505 0.008760196
2 17.04152870178223 -4.041348457336426 -0.01779530569911003 2.144747 0.835751 1.692107 1.559209
2 9.14910888671875 -3.493226528167725 -0.5286405086517334 8.308272 2.6349 2.456156 -0.01515435
6 14.81502914428711 -2.607256412506104 0.3811992108821869 0.93878 0.549359 0.602217 3.141592
2 45.73881530761719 20.77683448791504 -0.8596118688583374 6.089132 1.854886 2.134311 3.036071
1 -3.452430725097656 -21.51826286315918 0.4094310700893402 3.260986 1.377681 1.206299 1.586559