1 -8.301525115966797 3.328407049179077 -0.848595380783081 4.161012 1.947648 1.88037 -0.01430789
2 8.96233081817627 -3.608601331710815 -0.4646648764610291 8.767225 3.048412 2.585211 0.002278454
1 -16.19734001159668 -20.60062408447266 0.3111413717269898 2.071442 0.8749 0.7727 1.581788
1 -22.91313934326172 5.197348117828369 -1.13978898525238 4.082551 1.773566 1.534776 -0.02670084
1 -14.6903772354126 0.004533678293228149 -0.2062309235334396 5.409494 2.224149 1.400508 -0.01430789
1 18.87124252319336 2.919598579406738 -0.8475900888442993 4.057035 1.714778 1.747157 -0.02558778
6 -19.31197929382324 1.498747706413269 -1.401404142379761 0.293246 0.310845 0.469574 2.935197
2 23.12553024291992 -0.6123446226119995 0.418459564447403 12.082006 2.938223 1.030981 0.02621667
6 16.76729965209961 -2.331018447875977 0.4411249160766602 0.375255 0.427374 0.727689 1.583721
2 45.85986709594727 20.6156120300293 -0.7044650316238403 5.847176 1.658344 2.080553 3.018728
2 0.4258002936840057 4.832805633544922 -0.6475491523742676 11.106445 2.958213 2.286775 -0.0003801663
1 -3.171347618103027 -21.38240814208984 0.4825317561626434 2.536518 0.971303 1.030415 -1.587068
1 11.59334087371826 2.574727773666382 -0.9221828579902649 4.603617 2.090632 1.669043 0.00802145
1 -5.922172069549561 -21.15566062927246 0.1004221364855766 2.513094 1.658816 1.266163 -1.573124
6 24.01864051818848 4.826977252960205 -1.048860430717468 0.511857 0.500287 0.333647 0.03078093
2 17.03512191772461 -4.054754257202148 -0.08557802438735962 0.813505 2.173372 1.827037 -0.01530809
6 53.06509399414063 20.10983657836914 -1.068533539772034 0.265187 0.803412 0.558699 2.946999
1 -6.892305850982666 -0.1168807744979858 -1.032016038894653 4.187647 2.17184 1.496024 0.007117736
6 14.83780670166016 -2.611788272857666 0.3811438977718353 1.011127 0.56217 0.602432 3.141592
1 4.995809078216553 -0.2167963534593582 -0.7977961897850037 1.115233 1.684028 1.937958 0.007117736
2 26.01838111877441 2.812284708023071 -0.2850101590156555 4.387387 2.397917 2.665283 0.03178849
6 22.55076599121094 -2.78656816482544 0.4239304065704346 0.542925 0.875959 1.144918 0.01636529