1 -18.37563705444336 0.1296195685863495 -1.18985915184021 3.744334 1.84653 1.334499 0.01169109
3 -27.54503440856934 -31.49166107177734 -0.3540475964546204 0.681008 0.337021 0.630914 0.02297818
6 -53.34552383422852 9.958429336547852 -1.687365293502808 0.430954 0.752824 0.926605 -3.122978
1 35.61762619018555 0.4139193892478943 -0.9534513354301453 1.408902 1.927654 1.479422 0.01184452
3 -11.74342155456543 -11.16438674926758 -0.5854698419570923 0.641114 0.804597 1.941584 1.358374
2 -7.435659408569336 -3.255357503890991 -0.74109947681427 5.224213 2.086823 1.954921 0.00597129
3 -21.22797012329102 -33.35583877563477 -0.299092561006546 0.302185 0.517863 1.154541 -1.675914
4 46.47041320800781 14.8661003112793 -1.675072431564331 1.563198 0.564676 1.248646 3.131787
1 3.962375402450562 12.39006042480469 -1.343575835227966 4.421712 1.806489 1.588808 -3.115131
1 -44.65140914916992 10.01771354675293 -1.796284794807434 0.978323 1.464362 0.650361 -3.115131
4 34.54236221313477 17.57846832275391 -1.258006572723389 0.499283 0.660357 0.953395 -0.0001134608
3 -23.95947647094727 -34.6520881652832 -0.1301303803920746 0.449613 0.524857 1.08678 -1.038999
4 23.77011489868164 14.89220809936523 -1.401463866233826 1.72709 0.737902 1.528153 -3.135039
1 48.02470397949219 -2.074248790740967 -0.8701273202896118 2.105412 1.466002 1.623826 0.04862748
1 28.90518569946289 -2.41002082824707 -0.9529690146446228 3.786243 2.039577 1.659217 0.01184452
6 48.6607780456543 11.04898357391357 -1.548393249511719 0.91179 1.541712 0.451395 3.134113
1 -32.78727722167969 -31.02273559570313 -0.5319314002990723 3.711979 1.863879 0.935093 -1.514677
1 -14.30275726318359 13.58225440979004 -1.363221049308777 4.568045 2.152636 1.673265 -3.115131
1 40.67935180664063 -5.617265701293945 -1.080612063407898 0.857699 1.57989 1.154526 0.04069059
1 -54.61549377441406 -3.315683126449585 -1.383560657501221 2.408223 1.411173 1.168236 0.01184452
1 -38.47249221801758 -3.419445991516113 -1.353782773017883 4.025876 2.002744 1.134388 0.01184452