5 -31.23749923706055 -7.839550018310547 -1.171816825866699 0.371735 0.385422 0.508615 -2.054406
5 -33.88162994384766 -7.915528297424316 -1.269754767417908 0.18811 0.2249 0.428716 -2.054406
5 -2.099304914474487 -10.00069427490234 -1.237692594528198 0.229776 0.146981 0.488715 -2.133769
5 -17.10542297363281 -8.703371047973633 -1.39175009727478 0.323118 0.185279 0.535646 -0.03853346
4 -7.887535572052002 -6.473551750183106 -0.9021095037460327 1.713762 0.652903 1.668467 -0.05970866
5 0.07947960495948792 -7.733949184417725 -1.288606762886047 0.175333 0.197586 0.484657 -2.69357
5 4.023594856262207 -8.309329986572266 -1.144241333007813 0.443051 0.410009 0.761363 0.7514906
5 -1.111640930175781 -8.715415000915527 -1.225509524345398 0.245241 0.173442 0.493578 -2.239099
5 -0.8207400441169739 -8.310297012329102 -1.186105132102966 0.506231 0.502572 0.725297 -2.35605
3 -39.00707626342773 -10.711256980896 -0.6739242672920227 0.351975 0.661068 1.699204 0.2320538
2 56.91595840454102 0.001962014939635992 -0.3878019452095032 3.783615 2.699572 3.308879 -0.01847917
5 -16.23640060424805 -10.06029415130615 -1.378795266151428 0.128219 0.106376 0.373301 -0.03853346
6 40.5736083984375 3.212730646133423 -0.3492168486118317 0.330866 1.333505 0.026738 -0.02229073
4 -18.3140754699707 -6.998682498931885 -1.222232460975647 2.02487 0.765304 1.166249 -0.2179881
5 -28.36020660400391 -8.80807113647461 -1.285333275794983 0.23815 0.374197 0.567797 0.01597324
5 -37.02639389038086 -8.094578742980957 -1.328900456428528 0.531465 0.506633 0.651318 -2.054406
1 30.09754371643066 2.438676834106445 -1.076092123985291 3.603702 1.823174 1.579404 -0.01847917
3 -19.53658866882324 -34.09487915039063 0.3710640370845795 0.66742 0.693402 1.453032 1.487327
1 -15.05367660522461 2.267472505569458 -1.119017601013184 4.251846 1.986971 1.492218 0.0191702