1 42.28674697875977 -2.630794525146484 -1.289170384407044 2.595901 0.534046 0.829114 1.371416
1 27.65799331665039 -3.367464065551758 -1.190942287445068 4.166365 1.693424 1.363869 -0.1963659
1 13.78728199005127 -16.19930267333984 -0.9934775829315186 1.694077 1.550647 1.351763 -0.2319941
4 -6.808065891265869 -17.49218368530273 -1.127853155136108 1.933383 0.757025 1.188553 2.842883
3 -7.386539459228516 50.45355606079102 -0.7732114791870117 0.99522 0.558867 1.882171 0.0
1 1.734522342681885 -10.7982873916626 -1.014837741851807 4.581909 2.096906 1.595687 1.32419
1 -0.3947238028049469 38.59491348266602 -1.056520581245422 4.934087 1.509705 2.113335 -1.669148
3 -11.52210807800293 3.417896509170532 -0.4822927415370941 0.745834 0.626374 1.037565 1.410938
1 18.25910568237305 7.508955001831055 -0.9418628811836243 3.744157 1.802415 1.115573 -0.1564256
1 -2.737783908843994 22.84825325012207 -1.220372080802918 3.254849 1.807568 1.478062 -1.794325
1 21.38996887207031 26.00614356994629 -0.9291601181030273 4.069589 1.091431 1.160439 -0.1160678
1 44.83578491210938 2.651896953582764 -1.497428417205811 3.823631 1.011122 0.76094 -0.2103816
4 2.994332790374756 -2.879040718078613 -0.9951155781745911 2.117306 0.888601 1.578476 0.8414924
1 19.20015907287598 14.1273136138916 -0.9052932262420654 3.408871 1.666252 1.051733 -0.06938509
3 -12.85951709747315 52.69849395751953 0.05828456953167915 1.13193 0.811541 1.36418 -0.003008788
1 1.329285383224487 14.1800594329834 -0.7149295210838318 1.912909 2.028719 0.743586 -1.711117
6 3.703248500823975 -20.8277587890625 -0.889645516872406 0.338088 0.262884 0.149519 -1.77774
1 25.60554122924805 -8.537869453430176 -1.237348914146423 1.176946 1.432288 0.99447 -0.1253265
1 22.40750122070313 -39.60713577270508 -0.6647518277168274 3.616117 1.504026 1.231738 -0.1274773
1 26.33723258972168 -10.79752922058106 -1.000341892242432 3.377756 1.938931 1.724791 -0.1732709
3 15.57298278808594 57.50421524047852 -1.625178813934326 0.543233 0.43798 1.555497 -0.01963112
1 7.658865451812744 -42.13522338867188 -0.2194946706295013 1.102854 1.653812 0.804409 -0.2214622
1 19.22737693786621 16.58164787292481 -0.8460178375244141 2.940539 1.213637 1.275277 -0.0602208
3 30.86289787292481 -5.308764934539795 -0.9434516429901123 0.439467 0.573911 1.560744 2.952123
1 25.44891929626465 -15.89265823364258 -0.9026344418525696 3.462577 2.092351 1.893777 -0.04963831
1 14.37986087799072 -28.25593757629395 -0.7974579930305481 3.011216 0.800178 1.27507 -0.1525913
4 -7.632744789123535 -19.47426414489746 -1.200581550598145 0.59346 0.81003 0.832236 -1.848586
1 -3.879232168197632 -14.67643260955811 -0.9167929887771606 4.045701 1.956797 1.801383 -1.757481
1 -4.065838813781738 -6.333664894104004 -1.053724050521851 4.201926 1.76027 1.547678 -1.74057
4 4.863956928253174 -20.31877326965332 -1.176888465881348 1.416437 0.614806 1.309207 0.89268
1 4.741105079650879 3.731410026550293 -0.9811703562736511 4.170183 2.032775 1.689388 1.436092
1 10.29090118408203 -42.53250122070313 -0.1459861397743225 1.330804 1.360089 0.654158 -0.2706286
3 -9.41335678100586 21.98123168945313 -0.7550539970397949 0.375864 0.686737 1.141343 1.469404
3 8.928010940551758 -24.77650833129883 -0.4459227025508881 0.289777 0.516987 1.048138 -0.9517299
4 -6.448589324951172 13.02877521514893 -1.127709269523621 0.945613 0.696176 0.983967 -1.711392
1 15.36591625213623 -13.79672050476074 -1.09675657749176 4.622842 1.692442 1.115764 -0.1534051
3 5.448758125305176 -34.38012313842773 0.002786237047985196 0.260292 0.400284 1.996744 1.430201
1 19.40302467346191 19.14636039733887 -0.7681483626365662 2.35643 1.187984 1.055085 -0.1065502
3 -11.69073486328125 0.07975059002637863 -0.5424996018409729 0.645709 0.589437 0.977529 1.476639
3 -8.277776718139648 22.90554428100586 -0.6736964583396912 0.364595 0.672811 0.965754 1.43473
3 6.150627613067627 -14.8626766204834 -1.532283544540405 0.504894 0.410482 0.902891 1.403133
4 14.63945293426514 4.537610054016113 -0.7134067416191101 0.59298 0.886333 0.618312 -0.003008788
1 27.62341117858887 -5.46106767654419 -0.9784188270568848 1.963973 0.620236 0.988491 -0.08015757
4 5.658566474914551 -17.66780090332031 -1.023964405059815 2.406789 1.281192 1.531749 1.379637
1 31.39762115478516 -14.84004497528076 0.01825474575161934 0.782458 1.021543 0.756518 -1.247974
1 36.46748733520508 24.04290390014648 -1.009025454521179 2.600714 1.827272 1.361551 -0.08561826
1 16.42100715637207 -4.124946594238281 -0.9841809272766113 3.209145 1.853759 1.646515 -0.1890375
3 8.65483570098877 -23.29075813293457 -0.713156521320343 0.398379 0.437428 1.277516 -1.171659
1 11.4908971786499 -40.25471878051758 -0.4233874380588532 2.279325 1.134541 1.216067 -0.1571414
3 5.975009918212891 -25.855712890625 -1.016541123390198 0.594191 0.895332 1.570274 -1.695647
1 4.993780612945557 60.68755722045898 -1.933013081550598 0.596464 1.445647 0.509307 -1.73275
1 26.92789077758789 -13.23308849334717 -1.052454471588135 3.115477 1.678963 1.517468 -0.2163659
1 0.4486756026744843 6.483312606811523 -1.088450074195862 3.80136 2.004452 1.450241 -1.753023
1 29.38389396667481 10.56639766693115 -0.6518617868423462 2.701381 1.610353 0.705606 -0.1647753
1 18.07645034790039 4.871577739715576 -0.8407565355300903 2.648638 1.611628 1.216357 -0.2266373
1 27.5882453918457 -31.46615219116211 -0.249924823641777 1.683104 0.625169 0.868558 1.45536
4 -7.425794124603272 -21.13386726379395 -0.9111751914024353 0.554085 1.048904 0.663298 -1.667537
6 3.96335244178772 -30.32254028320313 -0.7797956466674805 0.222694 0.645265 0.354559 1.510254
1 16.33807945251465 -9.195265769958496 -0.9221359491348267 4.149084 1.979494 1.331083 2.908658
1 1.195934772491455 35.22583389282227 -1.226304054260254 3.673992 1.860182 1.060454 -1.735225
1 -10.8629207611084 -52.51666259765625 -0.691367506980896 1.152939 1.441668 1.158873 -1.748674
1 18.49673271179199 9.829935073852539 -0.7288002967834473 3.292467 1.678766 1.219478 -0.1718342
3 3.965137481689453 -19.89997863769531 -0.6811371445655823 0.401538 0.492656 0.789553 2.227759
1 1.492180943489075 -24.41780090332031 -1.091577053070068 3.929647 1.723188 1.415001 0.839342
1 47.55652618408203 12.8419885635376 -0.6494653820991516 2.221518 1.190525 0.519449 -0.1740357
3 -8.32603645324707 24.2066650390625 -0.5819016695022583 0.262358 0.489629 0.991007 1.427267
1 31.20632553100586 -7.59428882598877 -1.01803731918335 3.693701 1.028751 1.698628 -1.485826
2 -2.061355352401733 28.05582046508789 -0.7788262963294983 5.507229 2.302934 2.310438 -1.719027
1 2.58523964881897 19.41571235656738 -1.117646813392639 2.322038 1.361029 1.220369 -1.561869
1 17.84971427917481 2.517358064651489 -0.6912248730659485 3.901446 1.803258 1.259328 -0.1995861
1 6.300378322601318 45.78406524658203 -1.244216322898865 2.290962 1.77809 0.537606 -1.711308