1 -45.21614456176758 -20.88379096984863 -1.392708659172058 4.340868 1.173121 0.668363 -0.953391
4 17.6279411315918 24.15614318847656 -1.626464247703552 0.983204 0.697811 1.514646 -0.6053709
4 17.23089981079102 22.01038932800293 -1.684667825698853 1.711218 0.59444 1.430307 -0.5644405
1 -23.2453498840332 8.845880508422852 -1.353048443794251 3.435409 1.850327 1.393037 -3.141592
1 -22.64248657226563 -3.204264640808106 -0.9114348292350769 4.865085 1.884004 2.018665 0.0
6 -46.66533660888672 17.0240364074707 -1.203064918518066 0.303741 0.583782 0.371882 0.04324302
1 -46.77072525024414 -1.259279727935791 -1.560436367988586 1.668264 1.915601 1.112578 0.001358348
2 19.1123104095459 -5.063254833221436 -0.4502230882644653 13.801974 2.724925 2.48505 0.01100541
4 58.17884063720703 -7.743747234344482 -0.5365074872970581 0.381108 0.632719 0.751486 0.001226372
5 9.98986530303955 21.48439407348633 -2.044443368911743 0.179613 0.13859 0.306824 -2.589312
3 32.49307632446289 22.97146224975586 -1.592765927314758 0.627625 0.519991 1.579099 -3.04546
5 12.65876007080078 23.84814453125 -2.257782697677612 0.210974 0.124737 0.410137 -2.322475
5 7.945487022399902 20.1368350982666 -1.88137698173523 0.157496 0.186011 0.606689 -2.599698
6 23.90749359130859 52.04154205322266 -2.699961662292481 3.800055 1.565353 0.408707 1.712632
3 41.24533843994141 19.24485015869141 -1.357043862342835 0.465646 0.463086 1.511562 -2.460779
4 22.17166519165039 22.99705505371094 -1.717869758605957 1.478721 0.419885 1.19285 -0.02712782
5 -15.48849678039551 -10.54096508026123 -1.440125226974487 0.19437 0.187534 0.535212 1.205179e-15
6 46.98904418945313 14.60090637207031 -1.586528301239014 3.515707 1.208022 0.606754 3.122278
3 -53.27858734130859 -21.575439453125 -0.9015729427337646 0.356831 0.434365 1.512868 -0.8658084
5 11.53365707397461 22.62612915039063 -2.112226724624634 0.179023 0.149148 0.402562 0.5755593
1 -18.17884063720703 0.1209898591041565 -1.205003619194031 3.690366 1.872704 1.369445 0.0
4 6.191781044006348 -9.429527282714844 -0.8299263119697571 1.842671 0.740373 1.718499 -3.039067
3 -13.46520042419434 20.32770347595215 -1.45567798614502 0.683357 0.630435 1.613781 -3.1004
1 -26.18929290771484 -15.57250118255615 -1.071886658668518 4.105459 2.015143 1.530656 0.9484833
6 27.13309478759766 49.70749282836914 -2.681370973587036 3.810413 1.476697 0.382084 1.706852
3 -24.67837524414063 -19.27846145629883 -0.7519363760948181 0.538117 0.450976 1.577499 2.31585