4 4.645601272583008 11.83814239501953 -1.177754402160645 1.630863 0.636329 1.760991 3.026881
2 29.13511276245117 14.81232070922852 -0.3126961886882782 11.7155 2.947297 2.9336 -3.131901
1 14.68194389343262 7.017960071563721 -0.8765503168106079 3.979985 2.041579 1.346021 3.106877
2 16.4688663482666 -0.02679641358554363 -0.7575653791427612 1.347263 1.619852 1.961149 -0.01506222
6 59.48781585693359 0.4785194098949432 0.5769481062889099 1.785624 2.054651 0.381927 -0.03836777
2 39.61800765991211 2.924203395843506 -0.01335438713431358 11.312597 2.708555 2.860469 0.004318982
1 -50.31294250488281 1.941059589385986 -1.289551734924316 2.541226 1.904383 1.280791 -0.008163666
2 45.17754745483398 -3.185190439224243 -0.1894244998693466 9.023755 1.955542 2.703682 -0.001962223
2 61.28811264038086 13.3361873626709 0.07457320392131805 9.518817 2.767046 2.415288 3.13198
1 39.71217727661133 10.28920650482178 -0.8586711287498474 1.679177 1.723225 0.653281 3.130803
1 -3.776467800140381 6.807865142822266 -1.126379370689392 4.549275 1.906145 1.485405 -3.115461
1 -32.78127670288086 2.569844484329224 -1.426352977752686 3.795517 1.766454 1.342578 0.04780177
4 -27.16289710998535 15.58813381195068 -1.53254759311676 0.916627 0.417644 1.267326 3.124234
6 -34.0627326965332 15.124098777771 -1.143046617507935 1.059506 0.390145 0.47661 -3.114977
2 1.475930094718933 -4.47401237487793 -0.6083877086639404 12.030396 2.890555 2.321411 0.06575236
1 -14.26877498626709 7.233362197875977 -1.425214290618897 1.566816 1.682002 1.235671 3.124234
1 28.36425590515137 10.1412296295166 -0.9573827385902405 3.385179 0.415735 0.79135 -3.111899
1 -58.50130462646484 -4.226964950561523 -1.756843686103821 4.154423 1.689709 0.977966 -0.3097712
1 14.97385787963867 10.5182991027832 -1.194300293922424 4.64339 1.850693 1.504708 -3.097996
1 -0.4252476096153259 9.702864646911621 -1.218258023262024 4.358618 1.698603 1.445103 -3.136696
2 12.78557014465332 13.87676429748535 -0.5547422766685486 12.264535 3.02645 3.127902 -3.045893
2 -30.78465843200684 -4.587110996246338 -0.3677223920822144 11.488729 1.780931 3.159706 0.004487123
6 -34.13940811157227 10.79233551025391 -1.527549624443054 0.544913 1.559561 0.085722 -3.065531
2 2.683958768844605 15.50991344451904 -1.158363461494446 4.824286 2.372591 2.001251 3.11801
2 -14.52076244354248 -4.852038383483887 -0.5045062303543091 12.018569 3.023252 2.814933 0.003775038