1 -4.106942653656006 -40.56804656982422 0.01254512742161751 1.76124 1.825654 0.750643 -1.601987
1 20.62631797790527 2.439758062362671 -1.071358442306519 4.096456 1.77343 1.49998 0.01069883
4 -44.01177978515625 -5.690287590026856 -1.067007422447205 0.871608 0.51045 1.337041 -0.04095466
1 -47.11008834838867 1.477419018745422 -1.013216614723206 2.213217 1.532122 1.150876 0.09086306
4 -47.36279296875 15.28139686584473 -1.70550000667572 3.13818 1.067336 1.178872 0.1101757
1 24.3890552520752 -24.74509239196777 0.1484866440296173 2.667722 1.397112 0.86911 -1.585742
1 -4.615177154541016 -24.93514823913574 0.1710081100463867 2.101266 0.966276 0.640105 1.547705
4 -43.90024948120117 -6.768375873565674 -0.9362087249755859 0.304279 0.502575 1.096776 -0.06149776
1 11.39721202850342 -5.545211791992188 -0.9989192485809326 4.179027 1.646018 1.529513 0.004878101
1 13.45514678955078 -24.30865287780762 -0.09172511100769043 1.91422 0.602393 0.615368 -1.607394
1 10.54835224151611 -24.31922149658203 0.4247161448001862 1.419922 1.411744 0.574221 -1.407479
2 15.03136539459229 -1.890909552574158 -0.4287536442279816 12.65224 2.694473 2.742366 0.007285042
1 20.96196746826172 -24.70779991149902 0.2592739760875702 3.612384 1.365698 1.089324 -1.585742
1 13.59205436706543 -41.01769638061523 0.3790189325809479 3.866216 1.952513 1.708842 -1.659602
4 -31.93740272521973 14.28612041473389 -1.539233446121216 1.585675 0.411275 1.296309 -2.983352
1 5.864728450775147 -25.07389831542969 0.2437145709991455 3.071705 1.913929 0.862842 -1.574928
1 -28.82197952270508 2.224713802337647 -1.208499908447266 3.819522 1.84643 1.337716 -1.260252e-17
1 31.6479606628418 -24.4104175567627 0.09011270850896835 2.997213 0.436807 1.105339 -1.641737