6 17.19436836242676 -2.329948902130127 0.3784794211387634 1.303863 0.416278 0.851877 -3.12514
6 -19.47926330566406 1.557049989700317 -1.512933373451233 0.649077 0.382393 0.681787 -0.03991497
2 26.02302169799805 2.824663877487183 -0.3484951257705689 4.361469 2.349575 2.845387 0.006177562
1 -3.265743255615234 -21.39009475708008 0.376489520072937 3.011447 1.156534 1.259542 1.563212
1 6.377604484558106 -0.2124099433422089 -0.7796757221221924 3.868657 1.942228 1.969495 0.03095802
2 45.80034637451172 20.9627571105957 -0.6072565913200378 6.136214 2.356516 1.663158 3.035713
6 14.73196125030518 -2.434771299362183 0.3412517905235291 0.687042 0.192835 0.670348 -3.112471
6 53.05100250244141 20.26542854309082 -1.075199246406555 0.256042 1.242896 0.582011 3.004664
2 27.5841236114502 -3.228306770324707 0.4870003163814545 2.610344 1.063282 1.436438 0.05027403
1 -0.9804919958114624 -21.00247001647949 0.3567921817302704 1.292676 0.894503 0.516653 1.563291
2 9.31509017944336 -3.413336992263794 -0.4616371393203735 8.716596 3.166207 2.581333 -0.03961289
1 11.75494575500488 2.585946798324585 -0.9364087581634521 4.664209 2.11596 1.694103 -0.00277067
2 0.4511163830757141 4.747212409973145 -0.6169973015785217 11.11417 3.019146 2.350684 0.01813694
1 -14.67789649963379 -0.1028447598218918 -0.2006465196609497 5.335261 2.257889 1.370831 0.02044562
1 -8.317843437194824 3.272599697113037 -0.8598382472991943 4.177882 1.947821 1.898173 0.005504685
1 -6.903665065765381 -0.1133882254362106 -1.01141893863678 4.197751 2.188229 1.515273 0.04463034
1 -21.76182365417481 5.065599918365479 -1.128524780273438 3.939025 1.572589 1.561203 0.009285315
1 -11.20425796508789 -21.75777435302734 -0.2939513921737671 3.269996 1.344866 0.761652 1.608672
1 -6.110046863555908 -21.15654373168945 0.1002105996012688 2.48764 1.860821 1.222203 1.580898
1 18.80201721191406 2.937005996704102 -0.8909804224967957 3.867024 1.7222 1.837003 0.007808784
2 17.00859069824219 -4.03212833404541 -0.09119552373886108 0.86187 2.139313 1.84045 -0.0006416479
1 -16.21732521057129 -20.56377983093262 0.1773455291986466 2.135229 0.930944 1.037568 1.56085
2 23.21197700500488 -0.5522986650466919 0.3813416659832001 12.086581 2.765291 1.065272 0.01355046