2 52.76140975952148 -22.72129631042481 0.647777259349823 11.395373 2.745466 3.177378 1.653779
6 23.88577651977539 -2.852948188781738 -0.1829295456409454 0.979848 0.488889 0.172698 0.05947575
1 14.5488805770874 3.054589033126831 -0.9199469685554504 4.141652 1.181652 1.524319 0.04364629
1 -5.980830192565918 2.32098913192749 -0.896346926689148 4.168473 1.91591 1.885816 0.1139281
2 5.446862697601318 3.201952457427979 -0.5946856141090393 6.70288 2.81392 2.280982 0.005742096
1 48.26754760742188 -17.9223690032959 -0.6525508165359497 2.448248 0.651137 1.095949 1.677997
2 -6.136022090911865 -0.05612228810787201 -0.6139600872993469 6.028472 2.345066 2.156142 0.01684314
2 -21.69424629211426 3.144087076187134 -0.1509640514850617 11.955462 2.763898 2.272381 0.01214381
4 39.59704971313477 8.8372220993042 -0.1982450187206268 7.258092 1.114158 1.573009 0.2699704
6 -19.83964538574219 -3.61607813835144 -0.4744784832000732 1.220592 0.640949 0.356587 0.0
1 12.38057899475098 -2.251574516296387 -0.7390859127044678 4.572961 1.688948 1.95628 -0.02185084
6 -14.1098518371582 -3.393860101699829 -0.7083591818809509 2.059602 0.716929 0.50868 4.55729e-17
1 18.06877517700195 -1.669353246688843 -0.9410690069198608 3.630235 0.463355 1.413498 0.01311648
1 4.920869827270508 -2.418239831924439 -0.9953517317771912 4.114668 1.736167 1.510116 0.009649667
4 16.96523857116699 -7.447637557983398 -0.8962218761444092 0.760717 0.485979 0.943038 -0.1333881
1 -1.152350902557373 -3.121061563491821 -0.9099356532096863 5.140336 2.031009 1.750307 0.06130268
4 12.2154655456543 -6.047996520996094 -0.6201769113540649 1.550595 0.694065 0.990553 -0.08379957
6 1.672707796096802 2.939345359802246 -1.151900053024292 0.864809 0.652347 0.470156 -1.533741
1 46.11830139160156 -19.78562736511231 -0.6316366791725159 4.179324 1.865892 1.604014 1.671598
1 6.744106292724609 0.281144380569458 -0.8093709349632263 1.859823 1.939806 1.879739 -0.009487927
6 20.8209285736084 0.7295507192611694 -0.002952530980110169 1.052691 1.23638 0.174507 0.1106077
6 -1.906216382980347 -4.685548782348633 -0.6615057587623596 0.084367 0.179286 0.074237 -0.04895156
1 -7.106890678405762 -2.680955410003662 -1.121614336967468 4.596555 1.998917 1.483349 -0.007435929
2 23.96246528625488 3.691905975341797 -0.2221940606832504 4.990974 2.212582 2.403875 0.09055019
1 36.0233268737793 -25.8000373840332 -0.6493120789527893 2.513457 1.616243 1.660183 -1.362733
1 -54.42442321777344 16.74663925170898 -0.3775865137577057 2.304352 1.509739 1.066579 2.934659
1 -54.20671463012695 21.52866172790527 -1.117566823959351 3.198519 1.683392 0.638661 3.094563