2 12.39094161987305 -2.253527879714966 -0.7056486010551453 4.564674 1.609863 1.889517 -0.009663745
2 -6.141768455505371 -0.05074942111968994 -0.68830406665802 6.049096 2.337396 2.242431 0.01134905
2 52.68632507324219 -22.60018730163574 0.6331239938735962 11.043795 2.729002 3.095538 1.648446
5 11.41715145111084 18.27402877807617 -1.69525945186615 0.13605 0.121923 0.424928 -1.338913
4 27.63984680175781 21.84590721130371 -1.07887613773346 1.884121 0.729149 1.367845 -2.067334
2 43.33052062988281 39.94877243041992 -0.9319871664047241 5.058108 2.881392 2.207822 1.525822
1 48.76050567626953 -17.9116382598877 -0.6836748719215393 2.473273 1.790583 1.178684 1.503367
1 47.11306762695313 31.46953201293945 -1.073128938674927 3.691786 1.487712 1.171107 1.250081
1 46.06369400024414 -19.79402923583984 -0.5982285737991333 4.212931 1.801506 1.53737 1.661192
1 14.41928672790527 3.778749704360962 -0.9528063535690308 3.935723 1.73703 1.437481 0.05943111
6 -19.84521102905273 -3.624637126922607 -0.4934503734111786 1.168446 0.604422 0.31465 -0.003170817
1 -7.137371063232422 -2.658265352249146 -1.114452481269836 4.651332 1.983712 1.438773 -0.02271817
1 5.038507461547852 -2.423326969146729 -1.011657118797302 4.279984 1.799811 1.459414 -0.01548973
4 -15.1353759765625 -5.289969444274902 -0.6893588304519653 0.742252 0.866231 0.680904 0.008752339
6 20.87445449829102 0.6720492243766785 -0.01295475382357836 0.883114 1.337324 0.171713 -0.007641447
1 24.53566551208496 -2.627798318862915 -0.3608952164649963 2.35048 0.81138 0.53471 -0.007334589
5 20.19514465332031 19.56060218811035 -1.70138943195343 0.116496 0.167369 0.36385 -3.061234
4 -10.09946155548096 -6.1661376953125 -1.062660813331604 1.764498 0.714148 1.588151 -0.02058077
1 -1.243535876274109 -3.111310243606567 -0.8718268275260925 5.302972 1.934276 1.652922 0.01541415
6 -13.7911901473999 -3.179885387420654 -0.7251290082931519 2.737495 1.096283 0.491527 -0.003563843
2 33.51725006103516 3.592152833938599 -0.02356882020831108 12.307814 2.771562 2.752975 -0.07920763
1 7.342902660369873 0.2224632501602173 -0.8040242791175842 3.218489 1.950854 1.868779 -0.05195894
3 28.09820747375488 25.35867881774902 -1.112189888954163 0.880593 0.712527 1.348937 -0.02162483
4 -10.37488746643066 -5.177445888519287 -0.7516505122184753 0.860238 0.645067 0.943442 0.01168408
1 18.20566940307617 -1.666047930717468 -0.9307463765144348 3.989201 0.433412 1.429854 0.03688539
5 20.81226539611816 -9.69294261932373 -1.338280558586121 0.248631 0.237059 0.31047 1.099213
2 -7.534420967102051 3.321475028991699 -0.5499406456947327 12.172578 2.769222 2.497674 0.01380049
4 33.08319854736328 29.06032752990723 -1.328963994979858 0.734541 0.576198 0.752281 -2.170023
5 17.22980117797852 18.78464126586914 -1.585298418998718 0.096375 0.132172 0.483466 1.22647
4 12.56100559234619 15.61728286743164 -1.136951208114624 2.199856 0.778925 1.514349 2.985883
2 46.73346328735352 -27.39314842224121 0.4444066286087036 6.00228 2.304247 2.712189 1.657514
6 49.86050796508789 -35.28685760498047 -0.790658175945282 2.66634 1.25396 0.477701 1.654657