5 -5.276453971862793 -12.06637859344482 -1.501348972320557 0.111255 0.14744 0.506048 -2.28021
1 42.94299697875977 0.5444942712783813 -0.9747911095619202 3.655166 2.034038 1.351154 0.01316498
5 -3.581407785415649 -11.34650707244873 -1.427728891372681 0.163136 0.189986 0.552826 0.04620018
4 51.74504089355469 15.37539005279541 -1.458097338676453 0.911707 0.690282 1.426885 3.132081
1 -17.78954887390137 10.0290699005127 -1.325130701065064 4.139864 1.855576 1.497114 -3.122473
1 -28.17452812194824 10.39364147186279 -1.338674306869507 4.092602 1.618453 1.648928 -3.048846
1 -51.00730133056641 10.06466007232666 -1.60246729850769 3.648159 1.631516 1.003493 -3.112426
1 33.02662658691406 13.03620719909668 -1.530965089797974 4.052035 1.770493 1.324846 -3.060823
2 -7.061187744140625 -3.398196697235107 -0.7690788507461548 5.274871 2.223271 2.011384 0.02511825
1 11.78410053253174 13.76346111297607 -1.262585401535034 4.67363 1.955576 1.690312 -3.138203
1 -19.58189010620117 -36.81367492675781 -0.5325172543525696 3.540206 1.713598 0.950927 1.58071
5 -6.871773719787598 -12.99197387695313 -1.535540699958801 0.151461 0.115629 0.360206 2.117547
3 -10.61513710021973 -34.39227676391602 -0.3561417460441589 0.552668 0.490693 1.050645 0.07172567
4 -26.60146903991699 -37.06182098388672 -0.7260041236877441 1.524707 0.541419 1.286383 -1.589104
3 -14.45092105865479 -31.47146797180176 -0.4195814430713654 0.607379 0.255905 0.833221 0.07172567
1 -19.18218612670898 0.06303054094314575 -1.166205525398254 2.820971 1.80088 1.387634 0.002266719
3 -8.0175142288208 -33.27584838867188 -0.2324120551347733 0.654627 0.381001 1.204185 0.06128175
1 40.78343200683594 -2.179185390472412 -0.9672346711158752 1.415631 1.95882 1.34051 -0.06877258
6 53.74056243896484 -5.211560726165772 -1.361589431762695 0.493823 1.786662 0.344631 0.005124709
1 -55.75094223022461 -3.36392092704773 -1.595805644989014 0.462547 0.992829 0.645353 -0.01001947
1 -40.2476921081543 -3.553998708724976 -1.356786370277405 1.704292 1.754314 1.013603 -0.02129904
3 1.401312708854675 -11.08797645568848 -0.7231690287590027 0.586164 0.707902 1.643754 1.444034