2 -62.96208190917969 -6.142363548278809 -0.160397469997406 11.20951 2.939476 1.938722 0.02614625
6 23.83240509033203 0.1108867079019547 -0.5723990201950073 0.159235 0.625459 0.151898 0.002678507
1 8.297347068786621 11.41037940979004 -1.434236764907837 4.420737 1.846794 1.456428 -3.118266
1 -7.989517688751221 -6.447320938110352 -0.5857719779014587 5.246131 1.844453 1.880332 -0.03009626
1 35.64802169799805 1.413712024688721 -1.262612342834473 3.564835 1.758203 1.782875 0.4116457
1 22.61462020874023 -3.1186683177948 -1.310682654380798 4.053532 1.927446 1.428491 0.01028246
6 -51.73699951171875 -9.899271965026855 -0.1889829933643341 0.319128 0.52688 0.685238 0.02723412
1 35.71689987182617 7.783528804779053 -1.703706979751587 3.782413 1.69256 1.22478 1.881979
1 32.97360610961914 -2.794450283050537 -1.40980851650238 0.68515 1.045443 0.835466 -0.002824432
1 0.644594132900238 -3.32356595993042 -0.8301036357879639 4.513685 2.008942 1.530985 -0.003342421
1 20.58276557922363 -5.60440731048584 -1.185762047767639 4.020104 1.248511 1.033658 -0.02565945
1 -15.6770658493042 -0.1020920053124428 -0.412875771522522 1.976449 1.442324 0.519115 -0.008750185
1 -8.030648231506348 0.01192043349146843 -1.028821587562561 3.722504 1.943484 1.371594 0.001916603
1 29.92516326904297 -5.529864311218262 -1.263830065727234 0.963966 1.691286 1.416438 -0.002929729
1 -12.14400005340576 -3.097177267074585 -0.7880368828773499 4.457489 2.214702 1.733239 -0.04402982
1 10.80328178405762 -0.04516216367483139 -0.9747963547706604 3.270765 2.115122 1.833373 0.01036702
1 6.830331325531006 -6.062236309051514 -1.030062437057495 4.308967 1.750417 1.588806 -0.07265159
1 -19.15570831298828 -3.05292534828186 -0.8417677879333496 2.70465 1.054554 1.454363 0.005835811
1 -15.83585548400879 -6.20105791091919 -0.5427038669586182 2.536285 1.647522 0.732509 0.01564806
1 26.63237190246582 10.8608980178833 -1.729049205780029 5.108377 1.936356 1.275288 -3.089582
1 8.628454208374023 -2.950692415237427 -0.9388383030891418 4.118653 1.917869 1.872775 0.00338005
1 -5.421131610870361 -3.454573392868042 -0.781139612197876 5.117776 2.06866 1.854737 0.0130005
1 42.93866348266602 -5.237866401672363 -1.213373184204102 2.136418 1.533945 0.623481 0.0734216
3 44.08178329467773 20.17137336730957 -1.467649221420288 0.275707 0.570649 0.852813 0.04119079