6 -19.94150352478027 -3.693308830261231 -0.4975972771644592 0.971837 0.718304 0.328125 0.008315565
1 18.30414962768555 4.676423072814941 -0.705758273601532 3.316276 1.726182 1.863747 0.1808112
1 7.353013038635254 0.2153842747211456 -0.8021506071090698 3.142504 2.033534 1.865282 -0.0145265
3 28.0948486328125 25.35803985595703 -1.113264918327332 0.891925 0.696708 1.349434 -0.04351375
5 11.42743873596191 18.27226448059082 -1.698542594909668 0.053152 0.104819 0.427349 -0.4666423
1 4.94883918762207 -2.421696901321411 -1.027084827423096 4.164416 1.79248 1.458872 -0.002623816
1 2.34755277633667 3.455121040344238 -0.9128997921943665 4.270394 1.920658 1.766356 0.02416916
5 14.18118476867676 18.31563568115234 -1.695927262306213 0.103871 0.147694 0.418177 -0.181006
1 12.35561847686768 -2.253653287887573 -0.7307702898979187 4.489197 1.709704 1.931 -0.0192735
1 18.13885879516602 -1.678669214248657 -0.93873530626297 3.814626 0.536855 1.431561 -0.01499289
6 24.52739715576172 -2.657656669616699 -0.3774214684963226 2.338317 0.772343 0.555488 -0.01499289
4 27.59175300598145 21.88775062561035 -1.000828862190247 1.695758 0.780241 1.570982 -2.324522
2 46.42457580566406 40.66230773925781 -0.4788810908794403 4.272614 1.949154 1.96811 1.448262
1 -7.006772518157959 -2.692463397979736 -1.110431432723999 4.392733 2.007857 1.496284 -0.01499289
5 20.25232124328613 19.56329536437988 -1.705862998962402 0.171272 0.22425 0.370891 -2.316254
1 -1.129602313041687 -3.134613990783691 -0.8385454416275024 5.048808 1.918143 1.607772 0.007964073
5 17.23526000976563 18.78819465637207 -1.586479544639587 0.042187 0.111614 0.456466 0.8090497
6 -30.95507431030273 -6.465351581573486 -0.8897716403007507 0.429746 0.368488 0.541186 0.05048044
5 22.7879810333252 20.83582878112793 -1.67103636264801 0.071689 0.136046 0.414105 -3.060481
6 -1.891269564628601 -4.672734260559082 -0.661945641040802 0.155201 0.077936 0.068254 1.582522
1 46.04925537109375 -19.7687931060791 -0.6442785263061523 4.195367 1.721529 1.595263 1.669164
6 -13.78233051300049 -3.204368352890015 -0.720370352268219 2.721167 1.083557 0.53766 0.008315565
6 20.75273513793945 0.6643074154853821 0.0106410589069128 1.237083 1.382504 0.205525 -0.01499289
2 52.76823043823242 -22.66468048095703 0.5849637985229492 11.354673 2.832691 3.191344 1.652187
2 -14.38049602508545 3.149139404296875 -0.4618093371391296 12.145639 2.973718 2.79145 0.01798805
5 21.48665618896484 20.10777473449707 -1.585709571838379 0.10866 0.135967 0.384786 -3.060481
2 -6.158223152160645 -0.0811009407043457 -0.5419865846633911 5.986222 2.339986 2.012076 0.02416916
1 48.33382034301758 -17.85910224914551 -0.691198468208313 2.387506 0.756206 1.111998 1.669164
1 44.99308776855469 29.41374969482422 -1.325601816177368 4.270472 1.492451 1.179738 1.304012
2 34.49906158447266 10.22155094146729 0.01654656231403351 11.181131 2.81807 3.112474 0.5655537
4 -51.18875122070313 25.82393646240234 1.737793445587158 0.728454 0.736951 0.801533 -0.1283393
1 42.8575439453125 39.95723724365234 -1.103966474533081 5.123637 1.830277 1.933455 -1.596589