1 4.951668739318848 -2.431613445281982 -1.017977356910706 4.164377 1.743184 1.47429 0.02408654
2 19.36712646484375 3.483132362365723 -0.2412039190530777 4.830812 1.992763 2.344394 0.0146093
3 32.37056732177734 3.867618799209595 0.3671229183673859 0.45545 0.389369 0.832393 1.70427
2 -21.74526786804199 3.196967124938965 -0.1504555642604828 12.055735 2.934335 2.274412 0.009875936
2 52.78873825073242 -22.61306190490723 0.5443326830863953 11.194274 2.947216 3.164152 1.673806
6 20.31380653381348 0.6680282950401306 0.0299167837947607 1.332156 1.306797 0.273563 0.0
1 24.55871391296387 -2.653030395507813 -0.3628167808055878 2.374545 0.829134 0.569979 0.0146093
1 12.45369815826416 2.966474294662476 -1.000909805297852 3.811743 1.148902 1.470131 0.0146093
1 48.72118377685547 -17.86440086364746 -0.6745080947875977 2.487129 1.559262 1.129606 1.692133
1 -15.6483325958252 -3.391327857971191 -0.7411572933197021 1.378827 1.137206 0.599088 0.0
1 -22.1281623840332 -5.791957378387451 -0.885585367679596 3.923371 2.136155 1.059484 0.0
2 -56.31054306030273 17.12204551696777 -0.4061478078365326 6.195426 1.990364 1.132375 3.027649
1 -1.147741079330444 -3.14644193649292 -0.904321014881134 5.109945 1.959745 1.738334 0.02269334
1 7.342491626739502 0.3044758439064026 -0.8204708695411682 3.140093 1.939813 1.894012 0.003217653
1 18.20257377624512 -1.686955213546753 -0.9526557922363281 3.908693 0.48373 1.45839 0.0146093
1 -5.976067066192627 2.329106330871582 -0.8654888272285461 4.215626 1.927004 2.009436 0.1289495
1 12.37564086914063 -2.250405073165894 -0.7521423697471619 4.538361 1.716889 1.973706 -0.02248264
1 46.05589294433594 -19.77619361877441 -0.6494199633598328 4.163445 1.767016 1.610479 1.678912
1 -7.207859516143799 -2.62604022026062 -1.130629181861877 4.152168 2.10169 1.3787 0.00747211
2 -6.143599510192871 -0.04501836746931076 -0.5581786632537842 5.989399 2.306504 2.045731 0.01307956
2 4.141562461853027 3.173524379730225 -0.631441056728363 9.141648 2.788679 2.340258 0.01116249
1 48.93523025512695 -31.54283905029297 -0.9854123592376709 3.653932 0.998539 0.907803 1.647273