1 40.28084945678711 15.68667507171631 -0.7658253312110901 0.723481 1.027974 0.870535 1.605839
4 4.593082427978516 8.844979286193848 -1.299984574317932 1.79187 0.76522 1.307278 1.543216
1 -12.57860851287842 28.69227981567383 -1.018572449684143 4.152524 1.884183 1.444034 1.530165
4 4.586954116821289 10.71422290802002 -0.9763608574867249 1.762449 0.551581 0.73932 -2.255415
4 -7.564013481140137 8.213266372680664 -1.324238538742065 1.851248 0.610613 1.260862 0.3264558
3 6.889832973480225 29.23240089416504 -1.022093057632446 0.379373 0.68009 0.870965 0.6509449
1 -14.01328372955322 -3.554217100143433 -0.9595059156417847 4.370781 2.023184 1.661674 -0.08671775
4 23.18365478515625 8.21580982208252 -1.221765995025635 1.933317 0.499843 1.036585 -3.121346
1 42.72457885742188 15.47164821624756 -1.24923574924469 0.319812 1.096082 0.570296 1.563164
1 4.116246223449707 37.28300476074219 -1.439542412757874 3.154291 0.958557 1.074482 1.561366
1 7.126252174377441 -3.120884895324707 -1.025098204612732 4.546916 1.757905 1.458891 -0.02353933
1 26.48683166503906 17.54295158386231 -1.064915180206299 4.60921 2.003925 1.765375 -1.564407
4 12.2337703704834 7.81071949005127 -1.263247013092041 2.224984 0.755596 1.370416 2.506951
1 37.66136169433594 15.87929821014404 -0.727508008480072 1.012965 0.925244 0.860661 1.57085
4 3.779293775558472 8.330122947692871 -1.341203093528748 1.764286 0.751668 1.279 1.612469
4 3.084742546081543 7.535495758056641 -1.341301560401917 1.972818 0.654772 1.225918 1.51774
4 3.169582366943359 -6.164581298828125 -1.085470914840698 2.166211 0.704798 1.357324 -1.570915
4 7.089715480804443 -6.139776229858398 -1.147461891174316 2.030716 0.795385 1.236437 -1.556911
3 1.433054685592651 -10.14808750152588 -0.777310848236084 0.448323 0.685472 1.522459 1.645988
4 -0.07656175643205643 8.09684944152832 -1.278588056564331 1.84635 0.784393 1.364432 0.3750853
6 49.42924499511719 -6.082593441009522 -0.926856517791748 0.432119 1.483123 0.447991 -0.05575452
3 0.2294591665267944 -9.045597076416016 -0.8790848851203918 0.424331 0.61372 1.455536 1.611076
3 -25.56696128845215 -11.66650772094727 -0.3434421420097351 0.613631 0.452608 1.353993 -3.059554
4 -55.46486282348633 9.269021034240723 -0.7767607569694519 1.559271 0.835107 1.312251 -3.118675
4 1.763655781745911 7.714685916900635 -1.316267251968384 1.367089 0.880486 1.279762 2.026494
4 -9.256244659423828 8.258621215820312 -1.490833759307861 1.363935 0.527442 1.050401 2.747281
1 -26.94335174560547 17.29430770874023 -0.9070019125938416 3.830106 1.235082 1.482825 1.57036
3 10.3791675567627 43.89602661132813 -0.7067288160324097 0.351139 0.270124 0.651805 0.0
3 -40.39507675170898 -12.3122615814209 -0.5019984841346741 0.138318 0.326698 0.876771 3.132029
4 -54.96470642089844 8.283092498779297 -1.174775362014771 0.397434 0.526113 0.813376 0.05287693
4 6.003333568572998 10.69870853424072 -1.258298397064209 1.844636 0.729116 1.267131 1.472011
1 37.57136917114258 0.05808000639081001 -0.1699803322553635 0.347676 1.610427 0.673869 0.03499579
4 25.76343536376953 8.126519203186035 -1.230992913246155 1.314128 0.626432 0.971634 0.07146111
1 -10.26329326629639 17.23256683349609 -1.150156497955322 4.420364 1.745987 1.566473 1.569788
3 -40.74433898925781 -11.50352096557617 -0.4708413183689117 0.144448 0.327224 0.312337 -3.124563
1 -2.957162857055664 27.93122100830078 -1.149142146110535 3.514083 1.923673 1.74152 -1.599904
3 -29.22186660766602 34.81111145019531 -0.2541837692260742 0.525265 0.467932 0.389548 0.03441839
4 -5.942730903625488 8.11201000213623 -1.344759106636047 1.904563 0.672728 1.295483 0.4064066
4 -0.874568521976471 -6.97300910949707 -1.249057650566101 1.675035 0.655623 1.033961 -0.1039674
6 9.193642616271973 -5.849363803863525 -0.5817411541938782 1.648079 0.61024 0.326272 1.514516
3 -29.21122360229492 -11.09163665771484 -0.2969083189964294 0.395437 0.607898 0.999582 -3.053015
1 49.4794921875 17.14496994018555 -0.8568434119224548 2.182422 0.385529 0.738042 1.596542
3 7.706969261169434 29.44287490844727 -1.041010141372681 0.264159 0.42846 0.915383 0.908124
3 -7.996956825256348 22.21322822570801 -1.186937212944031 0.590943 0.496808 1.537037 -3.133668
3 42.78335952758789 -11.55587482452393 -0.2333349138498306 0.387595 0.381945 0.782878 0.03209622
3 20.74126052856445 26.40502166748047 -1.457231521606445 0.252908 0.74778 0.899922 -0.01555512
1 -21.74834251403809 28.59262084960938 -0.9604707360267639 3.741883 1.177564 1.489639 1.572796
1 55.70506286621094 -1.371790885925293 -0.3583572208881378 1.477294 0.464611 1.033118 -0.0626898
3 33.61936950683594 -12.03326511383057 -0.3837192058563232 0.24657 0.548999 0.795129 -0.03712239
4 -2.227037906646729 8.104354858398438 -1.382434606552124 1.976186 0.724502 1.272291 0.428009
1 -11.29794025421143 -0.02453283965587616 -1.072148442268372 3.58698 2.029836 1.468738 0.002279198
4 4.953544616699219 -5.877126216888428 -1.099436402320862 1.503372 0.605969 1.359301 -1.433792
1 -20.40449333190918 -2.259227514266968 -1.040539622306824 3.61409 1.966165 1.461228 0.3744555
1 -14.95416641235352 17.44050788879395 -1.062978863716126 4.163878 1.685228 1.749937 1.584166
4 4.087017059326172 -5.843916416168213 -1.10793399810791 1.848364 0.660528 1.315331 -1.288351
3 4.855528831481934 -4.283710479736328 -0.9259604215621948 1.002012 0.608181 1.649218 -0.2730991
4 11.52597236633301 -6.139926910400391 -0.7719107270240784 1.526595 0.662678 0.603006 -1.575108
3 4.563927173614502 12.76494407653809 -0.9027828574180603 0.451389 0.553466 1.45202 -1.54056
3 17.42445373535156 34.87073135375977 -0.9138702750205994 0.320298 0.288176 0.797862 1.188011
4 10.39313507080078 -6.487195491790772 -0.6962592005729675 2.127773 0.611231 0.507974 -1.549744
3 -12.98162078857422 33.44980239868164 -0.4780087471008301 0.248723 0.532772 0.96466 -1.005217
3 -40.95601654052734 -11.91633415222168 -0.3335351645946503 0.197404 0.309835 0.512853 3.132029
4 20.60006141662598 8.21888542175293 -1.338441848754883 1.902148 0.538198 1.344919 0.1039244
3 16.90028190612793 32.79506683349609 -0.6196774840354919 0.372782 0.681677 1.198751 1.02994
1 -7.121353626251221 -3.588222503662109 -1.030619382858276 4.095674 1.822246 1.478958 -0.00938631
3 23.05713272094727 -12.08248233795166 -0.362675815820694 0.284671 0.671784 1.150335 0.002470779
1 33.05466842651367 16.54498291015625 -0.5439784526824951 1.945167 0.734472 0.600992 -1.529035
1 41.46000289916992 -3.774632930755615 -1.249735832214356 1.53921 1.664936 0.729863 0.09268995
1 31.07718276977539 16.83286094665527 -1.012075662612915 3.144619 1.950344 1.227454 -1.536488
3 7.75389575958252 36.00941467285156 -1.048389315605164 0.426752 0.632089 1.206249 2.477635
4 -2.823515176773071 -6.66849946975708 -1.287750959396362 1.309638 0.451033 1.006208 -2.74408
3 8.302956581115723 27.26533889770508 -1.023675084114075 0.678876 0.781568 1.471026 0.7963326
1 37.71890258789063 31.42443466186523 -1.079869031906128 4.165417 1.336573 1.30353 1.626938
4 17.87311363220215 8.107007026672363 -1.38544511795044 1.448602 0.404368 1.177504 0.06212813
4 15.65672779083252 7.85859489440918 -1.229370594024658 1.532222 0.651766 1.394688 0.4744591
4 -10.59191131591797 8.306674003601074 -1.449179649353027 1.753128 0.620881 1.13101 2.917763
4 6.076979160308838 -6.034124374389648 -1.128539323806763 0.985459 0.436095 1.285026 -1.68043
1 17.23112678527832 4.12014102935791 -1.101716995239258 4.101378 1.928521 1.509106 3.121782
4 8.085736274719238 -5.774930953979492 -1.148558974266052 1.437781 0.747081 1.307092 -1.495897
4 14.23966407775879 7.865578651428223 -1.44744348526001 0.93363 0.512656 1.01089 0.5261981
1 17.78017616271973 -3.480632781982422 -0.988278865814209 4.20879 1.789067 1.527389 0.03296743
1 16.40850830078125 17.67072486877441 -1.148672103881836 4.377932 1.766935 1.508486 -1.502718
1 18.63168525695801 16.4041748046875 -1.051759362220764 2.094221 1.281276 1.251259 -1.563093
1 12.51385021209717 30.14567947387695 -1.315768003463745 3.528149 1.594094 1.36714 1.061673
4 -4.432498455047607 -7.117038249969482 -1.263948798179627 1.685852 0.455354 1.082784 -0.08910605
3 13.10516738891602 44.8575439453125 -1.425627708435059 0.439611 0.503014 0.80858 -0.003944382
4 47.48703765869141 7.095137596130371 -1.153823733329773 0.69051 0.742803 1.02562 3.098925
3 13.56989002227783 48.98421096801758 -0.9290739893913269 0.551373 0.272197 1.653913 -3.060231
6 4.21393346786499 11.75517559051514 -0.9704570174217224 0.471035 0.519336 0.586983 1.572527
1 13.88283824920654 0.2262831628322601 -0.9750040173530579 4.057629 1.820154 1.623245 -0.266686
3 -0.2549086809158325 -9.794839859008789 -0.8440224528312683 0.530241 0.597119 1.414319 1.645988
4 -12.52383613586426 8.415513038635254 -1.352510094642639 2.080887 0.671822 1.299788 3.007299