1 2.925347566604614 2.632462501525879 -1.028190493583679 4.546274 1.777183 1.474621 0.01788236
6 51.62417984008789 4.412717342376709 -1.461310386657715 0.634766 0.343116 0.658387 0.02511727
1 -40.66156768798828 2.089309930801392 -1.306866765022278 1.975499 2.015716 1.032174 0.02998143
1 -3.246670722961426 -19.51320457458496 -0.2751941382884979 0.566488 0.832027 1.019119 -1.5701
1 -28.45659828186035 3.391481637954712 -1.05678141117096 3.909255 1.922936 1.574419 0.04691352
1 -6.105679512023926 -19.79349899291992 0.1199803277850151 1.52198 1.328486 1.6794 -1.682115
1 -11.79986572265625 -20.60271644592285 -0.1061770394444466 2.85515 1.663229 0.673926 -1.530649
1 17.94355201721191 -19.34417533874512 -0.1675577461719513 0.733403 1.045257 0.771226 1.627323
1 25.96030807495117 3.474910497665405 -1.142117023468018 3.677096 1.02605 1.431838 0.01788236
1 -8.858144760131836 -19.34057426452637 0.3742648363113403 1.039268 1.255966 1.187235 -1.656736
2 -25.5941104888916 -5.386279582977295 -0.3322117626667023 12.189506 3.010849 3.089082 -0.418034
1 39.70067596435547 4.189553260803223 -1.150217771530151 4.274509 1.512491 1.362441 0.01788236
6 19.4164981842041 7.437134265899658 -0.4751004576683044 0.496925 0.287085 1.628721 0.10321
2 51.54514694213867 1.465660095214844 0.4168680906295776 10.279563 2.738091 1.352926 0.01788236
1 -48.04246139526367 -1.376335382461548 -0.7026514410972595 1.92554 1.825279 1.770551 0.04691352
1 2.568519115447998 -19.23879241943359 0.1966192573308945 0.813805 1.0404 1.437365 -1.58461
2 14.35638523101807 3.502004384994507 -0.5448673367500305 6.030138 2.34367 2.637866 0.01788236
1 12.88797187805176 0.1963852047920227 -0.8494395613670349 1.405033 1.630602 1.880579 0.01788236
1 -38.64260864257813 -0.2806198000907898 -1.364443898200989 2.03659 1.894685 1.147328 0.04691352
1 11.74974155426025 -20.47586441040039 -0.3277381062507629 3.007842 0.663179 0.865073 1.603154
1 -11.80859756469727 3.389953136444092 -0.9137031435966492 4.598861 2.069952 1.885335 0.03875756