1 -1.105646848678589 -3.114353179931641 -0.8944922685623169 5.061736 2.042412 1.722075 0.04854522
1 44.17612075805664 26.03835678100586 -1.281346559524536 4.297179 1.848276 1.193116 1.267919
1 -0.1326822638511658 3.613498687744141 -0.8841277956962585 4.462859 1.986389 1.407192 0.0009653625
6 20.7105655670166 0.649833083152771 -0.00616783369332552 1.266104 1.220004 0.226237 0.05040188
2 31.6580753326416 8.70903205871582 -0.005000434815883637 11.74755 2.687725 2.634025 0.5268599
2 12.39765548706055 -2.247690677642822 -0.7151157259941101 4.573827 1.712988 1.917363 -0.01028231
1 48.7259407043457 -17.86678504943848 -0.6337323784828186 2.694204 1.50769 1.118116 1.657346
6 -19.84389114379883 -3.682348966598511 -0.4869853258132935 1.189473 0.582986 0.342811 0.03037576
2 -16.11741065979004 3.091641664505005 -0.3253963887691498 12.150464 2.984854 2.610619 0.0208187
2 52.79939651489258 -22.57271957397461 0.6448966264724731 11.630608 2.789769 3.107381 1.659525
4 27.53166198730469 21.99748229980469 -1.09103536605835 1.868951 0.679867 1.397137 -1.984102
1 7.336658477783203 0.20027294754982 -0.7856284976005554 3.208967 2.092591 1.834242 -0.006009901
6 24.86305809020996 -2.675681352615356 -0.3368771374225617 1.62189 0.734345 0.556057 0.03653054
1 42.89376068115234 40.00914001464844 -1.132968664169312 5.239607 1.848521 1.997477 -1.57459
1 18.16093635559082 -1.674908399581909 -0.9250571727752686 3.838962 0.492511 1.387179 0.004880115
1 -7.030153751373291 -2.689494371414185 -1.083669781684876 4.439268 2.025505 1.461786 -0.0164603
2 -6.152800559997559 -0.058078832924366 -0.6577883362770081 6.014908 2.351753 2.240812 0.007938764
4 -51.709716796875 24.92839241027832 -1.798075795173645 1.017355 0.521861 0.985704 3.112931
1 15.96004295349121 4.265566349029541 -0.7151297926902771 3.96259 1.801774 1.892292 0.1207575
1 45.86109161376953 -19.74666213989258 -0.5818262696266174 4.06462 1.363607 1.541591 1.669967
3 28.15248489379883 25.42737579345703 -1.181836724281311 0.874004 0.733157 1.489902 0.2463779
1 16.96869277954102 54.09274673461914 1.269517779350281 6.80668 3.206419 1.832471 -1.496646
6 -13.79617881774902 -3.155297517776489 -0.7835049033164978 2.794452 1.181432 0.662468 -0.02555524
4 -51.11787414550781 26.36269950866699 1.725131869316101 0.713786 1.878272 0.808613 -0.162356
2 45.90961074829102 37.11162948608398 -0.5095548033714294 5.00817 2.13728 2.569545 1.406439
1 4.933839797973633 -2.419024705886841 -1.005220770835877 4.135821 1.747634 1.469014 0.01595416