2 52.79636383056641 -22.58953475952148 0.5780498385429382 11.325739 2.850233 3.169236 1.662778
2 -6.139847755432129 -0.03528963029384613 -0.5690383911132812 6.062867 2.340367 2.065134 -0.001867462
5 12.70925903320313 18.31174278259277 -1.676185965538025 0.118848 0.153099 0.305268 -3.054899
4 29.2169303894043 -21.97165679931641 -0.5404364466667175 0.380267 0.966395 1.469024 0.2230387
1 -11.39451122283936 3.549191951751709 -1.08677065372467 4.094722 2.042819 1.574835 0.003318141
1 46.04035949707031 -19.76892280578613 -0.6245096325874329 4.186504 1.842569 1.590105 1.665011
5 22.81164932250977 20.85524940490723 -1.67533552646637 0.150334 0.258207 0.430854 -3.054899
1 42.86102294921875 40.02030563354492 -1.087815880775452 5.201313 1.815973 1.859246 -1.597647
3 28.55297660827637 -16.22994232177734 -0.5450982451438904 0.25041 0.254937 1.15776 0.4834612
4 17.00752830505371 -7.540548324584961 -0.9425333142280579 1.084313 0.597838 1.033632 -0.02205345
1 12.39785575866699 -2.243629217147827 -0.7130888104438782 4.596506 1.640208 1.904619 -0.01387204
1 0.2373133301734924 3.102913856506348 -0.9362332224845886 4.653753 1.824499 1.186598 0.09380894
2 15.72143936157227 3.839125394821167 -0.2793903052806854 11.32628 2.861576 2.471686 0.1005998
3 28.12917518615723 25.32670593261719 -1.111794590950012 0.68106 0.976499 1.347515 1.03199
1 48.32602310180664 -17.16864395141602 -0.8448402881622314 4.110767 2.153628 1.501109 1.687384
4 -25.74226951599121 21.53474617004395 -1.767338037490845 1.771144 0.584223 1.5304 3.008741
6 -19.84959983825684 -3.645043611526489 -0.4938872754573822 1.200078 0.655041 0.398933 0.0559485
1 47.93091201782227 31.69717025756836 -1.110549092292786 4.144068 0.640461 1.197943 -1.642676
4 27.57810783386231 21.97426795959473 -1.11687171459198 1.752897 0.819887 1.443278 0.8494293
1 46.04523086547852 20.50017738342285 -0.3027917146682739 1.898334 0.408475 0.941529 -2.238506
1 -13.76785278320313 -3.14884090423584 -0.714624285697937 2.822695 1.195467 0.529341 0.05534237
3 11.21545886993408 -11.10334014892578 -0.5473951697349548 0.447548 0.406658 1.554786 1.689427
5 17.29501342773438 18.79440307617188 -1.595803737640381 0.189717 0.177971 0.489531 -3.054899
5 18.78073692321777 19.14746284484863 -1.676076889038086 0.108642 0.133422 0.506901 -3.054899
5 20.21815490722656 19.55248260498047 -1.700591325759888 0.156758 0.238692 0.384299 -3.054899
4 -32.1268310546875 23.7701301574707 -1.802793264389038 0.730969 0.488744 1.101308 3.036568
1 18.16914939880371 -1.700281143188477 -0.9206136465072632 3.847214 0.569377 1.409524 -0.03635947
6 -1.890583395957947 -4.655398368835449 -0.6636401414871216 0.067355 0.17265 0.072745 9.870639e-17
2 -21.67830467224121 3.14937949180603 -0.5318183898925781 11.991987 3.013819 2.762393 0.006692357
1 -1.209848165512085 -3.115950345993042 -0.839396595954895 5.209892 1.930204 1.610368 0.03956745
1 4.933280467987061 -2.443426609039307 -1.003002405166626 4.135749 1.786456 1.441066 0.002064097
5 14.18853092193604 18.26845169067383 -1.688214898109436 0.169064 0.168362 0.439856 -3.054899
6 -56.22731399536133 17.24277114868164 -0.7707799673080444 6.223771 2.4575 1.850943 2.983408
1 24.52132987976074 -2.672901630401611 -0.3580309450626373 2.271648 0.804662 0.578341 -0.01549374
1 7.328154563903809 0.2099021524190903 -0.7840060591697693 3.198107 2.013969 1.82964 -0.03327767
6 20.70190811157227 0.6485421061515808 -0.004896271508187056 1.306238 1.299444 0.183353 -0.03604786
1 -7.090493679046631 -2.67117166519165 -1.081446886062622 4.561941 2.028782 1.473657 0.001060301
5 11.43091297149658 18.27943801879883 -1.695726990699768 0.126826 0.116111 0.458548 -3.054899