4 45.63686370849609 18.83996772766113 -1.088667631149292 1.329764 0.706544 1.355983 -2.535091
1 4.840756893157959 3.140718698501587 -1.019057035446167 4.065628 1.697144 1.560373 -0.07269576
2 20.19048881530762 1.810198187828064 -0.3944321572780609 11.095763 2.89 2.881984 -0.05607659
1 -4.790914058685303 -2.617531776428223 -1.070680856704712 4.717444 2.074588 1.446811 -0.03884484
1 17.43916130065918 -3.554310083389282 -1.047573924064636 3.921206 1.638652 1.485071 -0.08155764
1 36.4846305847168 0.5263579487800598 -0.7086052298545837 4.753873 1.314968 1.799009 -0.06082597
1 42.95893478393555 -11.83967971801758 -1.176163196563721 0.695139 0.817032 1.191169 -0.1069098
2 -6.324842929840088 2.691754579544067 -0.6017022728919983 8.705088 0.981166 2.42309 -0.0724795
2 -7.544753074645996 0.5370729565620422 -0.6441652774810791 6.006011 2.216302 2.293798 -0.06737372
2 25.87901878356934 -3.921951293945313 -0.7390862703323364 4.215662 1.601646 1.899648 -0.06838721
2 -26.18223381042481 5.607515335083008 0.1999330669641495 4.360784 1.295896 1.772044 -0.008900019
6 0.377869188785553 3.863030910491943 -0.1461208313703537 1.354218 1.497568 1.097181 -0.01675731
1 9.603869438171387 -3.729005336761475 -0.9180217981338501 4.731145 1.913465 1.756338 -0.07242087
4 33.31110382080078 -9.711723327636719 -1.012427806854248 0.782239 0.462055 0.659511 -0.1068367
1 3.023191690444946 -2.413193941116333 -1.05427622795105 4.447111 1.94221 1.450725 -0.09034932
1 -20.07963752746582 -1.594112038612366 -1.43363344669342 1.355508 0.563949 1.12504 -0.02257942
1 16.7377872467041 -0.7173242568969727 -0.8306559324264526 3.166355 2.217982 1.750373 -0.06784908
1 10.65149307250977 1.512425661087036 -0.822895348072052 3.689114 1.791465 1.905534 0.01766404
1 -13.44074058532715 -2.757340669631958 -1.002109050750732 4.092927 2.006298 1.640587 0.003001095
1 -26.47190856933594 -3.247469186782837 -1.219621539115906 3.977256 1.777036 1.536985 -0.05770676
1 -18.33234977722168 4.247624397277832 -1.232219696044922 3.632413 1.042826 1.531476 -0.08441579
1 53.17060089111328 23.26946640014648 -1.105292320251465 3.153352 1.630466 1.164768 -1.985066