1 22.64497756958008 35.78252792358398 -1.937444090843201 0.574459 1.566121 0.599401 -2.082433
4 39.33334732055664 32.34124755859375 -1.817677855491638 0.590846 0.472967 1.249227 1.051966
1 32.76668548583984 -18.60598373413086 -1.201354503631592 3.321264 0.983191 1.521819 2.508156
1 -5.222747802734375 -25.8585262298584 -0.4584879875183106 3.324066 1.154298 1.070037 -2.404788
6 41.06674957275391 -32.42694091796875 -1.291783809661865 0.832024 1.477117 0.356845 2.606202
1 27.43156433105469 -24.44587707519531 -1.394028425216675 1.286455 1.679549 0.617907 2.521538
5 3.819408416748047 26.71690368652344 -1.9939866065979 0.185035 0.119641 0.376164 0.09022742
1 18.68226051330566 13.64108085632324 -1.391833305358887 4.162146 1.772955 1.529013 0.8420302
1 1.21883225440979 -32.20491790771484 -0.7757364511489868 1.930463 1.80979 1.239557 1.078657
1 3.63606858253479 -34.05071258544922 -0.6832929253578186 3.90835 1.979731 1.470848 1.197162
5 -10.74281597137451 27.60823059082031 -1.840587735176086 0.130805 0.096807 0.427491 -0.3985138
4 -1.242943406105042 19.84023857116699 -1.339900135993958 1.809079 0.688673 1.60345 -2.201523
3 -32.3626708984375 4.651902198791504 -0.8888224959373474 0.536185 0.632378 1.426049 2.531963
1 -3.002274990081787 -18.50728416442871 -0.8029382824897766 4.343846 1.742692 1.46487 -2.68849
2 39.70420455932617 39.00508880615234 -1.111629724502564 1.483737 1.645441 2.378016 0.968582
1 27.8787727355957 -14.634352684021 -1.019706130027771 4.767525 1.623759 1.765248 2.517126
4 38.64041900634766 32.97142791748047 -1.821126222610474 1.451836 0.375788 1.28659 1.093321
1 0.8744624853134155 -41.01405715942383 0.06850982457399368 5.671297 1.999035 1.204765 1.166738
4 19.07336616516113 -39.3388557434082 -0.7523949146270752 1.526442 1.225496 1.497196 -0.2205773
2 13.21745777130127 4.147850036621094 -0.5855056643486023 12.772734 2.917302 2.741769 0.4408807
1 -5.02314043045044 3.8631591796875 -1.110788822174072 4.529433 1.990701 1.451757 -0.195291
1 -28.8151741027832 13.67507648468018 -1.290950059890747 3.495314 1.746176 1.338936 -0.6634207
1 17.53097534179688 -19.1354866027832 -0.8971307873725891 4.481178 1.976096 1.654398 2.7526
3 -16.00796318054199 -18.78430366516113 -0.5616747140884399 0.77108 0.68984 1.568737 -2.12716
4 4.43479061126709 24.7927188873291 -1.485826969146729 1.470599 0.688594 1.477763 -2.146121
4 0.7477512359619141 16.94424629211426 -1.386553168296814 2.936371 1.257789 1.492138 -2.257306
1 6.141062259674072 -13.28681087493897 -0.8618534803390503 4.088639 1.822454 1.492146 3.117931
1 -0.491127997636795 -25.3265323638916 -0.9073105454444885 2.009514 1.894753 0.983382 1.245711
2 19.06256294250488 21.35905075073242 -0.7547146677970886 6.167294 2.443777 2.955095 -2.030865
1 27.87685012817383 12.28719329833984 -1.514400124549866 2.264369 1.999209 1.54774 1.022488
4 -16.3997688293457 -16.92146301269531 -0.6002386212348938 1.162079 0.556984 1.646733 1.015168
1 -16.56986236572266 -44.29854965209961 -0.7143319845199585 1.449892 1.626222 0.742987 -1.981965
5 5.606804370880127 27.46470069885254 -1.889479756355286 0.071606 0.158575 0.393925 0.735961
5 -3.613327264785767 25.71383857727051 -1.97529137134552 0.169077 0.190138 0.51755 2.966601
1 -30.45322036743164 18.55622863769531 -1.368838429450989 3.45371 2.144977 1.293048 -0.6362155
1 -14.04018306732178 7.716380119323731 -1.065951228141785 4.487946 2.069854 1.70756 -0.5244139
1 -10.69671821594238 -34.57519912719727 -0.759131669998169 3.231254 1.82119 0.799013 -1.976255
1 37.85317611694336 -22.7771110534668 -1.297805547714233 2.225561 0.930942 0.744584 2.562473
4 -6.580668926239014 19.42897987365723 -1.266793489456177 1.662382 0.851642 1.67762 -1.94205
4 6.634355068206787 27.43706321716309 -1.570856928825378 2.355193 0.613055 1.426172 -2.537981
5 -7.25971794128418 26.29976272583008 -1.918798923492432 0.133883 0.161871 0.508078 0.05489193
4 8.77910327911377 27.20564842224121 -1.471382260322571 2.952011 1.095057 1.801635 -2.333415
1 14.47195053100586 20.4395751953125 -1.480164766311646 4.121774 1.800405 1.438575 -2.048511
1 -21.45957374572754 -40.52558898925781 -0.4100314974784851 1.890445 1.322465 1.217871 -1.929657
4 14.22802639007568 -39.12537384033203 -0.6888808012008667 1.428487 0.600967 1.401297 -0.1802619
1 -29.10720443725586 30.88549995422363 -1.528267979621887 3.346818 1.328576 1.14215 2.415371