1 22.27570343017578 -19.20564079284668 -0.6739148497581482 3.961718 1.68039 1.462151 -2.809511
1 35.89350509643555 23.20686721801758 -0.8535832762718201 3.868831 1.966677 1.077179 -2.927222
1 16.77296257019043 -5.402971267700195 -0.8017547130584717 3.263376 1.848667 1.452683 -2.787207
4 3.224675893783569 -17.80607032775879 -0.9132254719734192 1.925011 0.81977 1.667354 -1.245074
1 17.56735229492188 28.07506942749023 -0.5191866755485535 1.112779 1.046765 0.661419 -2.736991
1 10.97602462768555 12.59708595275879 -0.6514587998390198 2.261689 1.605753 1.19933 0.3308952
1 3.852662563323975 -31.38412284851074 -1.183739542961121 0.66447 1.136323 1.187156 -1.197551
3 -25.36284828186035 25.83366966247559 -1.484127044677734 0.340968 0.641251 1.543029 -0.8527597
1 11.34470272064209 -51.28807830810547 -0.8395230174064636 0.536757 1.514162 0.78071 -1.216593
4 -2.429920196533203 22.93286895751953 -1.219452023506165 1.374813 0.607969 1.709623 1.899249
3 -24.69484519958496 29.71391105651856 -1.032607078552246 0.249397 0.506864 0.438226 -0.8527597
3 26.5186767578125 9.16090202331543 -0.5118175148963928 0.296566 0.557055 1.428541 -2.885112
1 26.37381172180176 2.460872888565064 -0.6204985976219177 4.895328 2.263882 1.651734 0.2733924
3 -16.67520523071289 5.373204231262207 -0.7566562294960022 0.58613 0.611302 0.868723 -1.240506
4 -18.66702270507813 10.23304462432861 -0.7696424126625061 0.493684 0.580571 0.925446 -1.257846
1 4.072959899902344 32.93334579467773 -0.9071345925331116 3.427056 1.646694 1.447015 0.3584437
3 40.75939559936523 -5.068803310394287 0.02122362144291401 0.464234 0.530699 1.186441 -2.77463
3 50.93722534179688 27.43640899658203 -0.3788989186286926 0.310461 0.408551 1.051483 -2.815017
1 15.10899543762207 -51.05901718139648 -0.8597189784049988 1.466629 1.68031 0.8151 -1.237568
2 -17.5069580078125 24.36916923522949 -1.019843220710754 5.71007 2.274359 2.457142 -1.259858
1 17.39381217956543 -8.048200607299805 -0.8110668063163757 2.521153 1.820277 1.431584 -2.934409
1 9.1691312789917 17.28048896789551 -0.6609854698181152 3.062011 1.844733 1.32171 0.3072756
1 6.757176399230957 23.65913009643555 -0.8430254459381104 2.669 1.518285 1.315975 0.2921318
1 15.97405338287354 -0.8239263892173767 -0.7336534857749939 4.368695 2.150683 1.371171 -2.807606
1 27.32615089416504 0.422006756067276 -0.655307948589325 3.058527 1.755206 1.443932 -2.846699
1 5.500214099884033 -11.95058155059815 -0.9090536832809448 4.303494 2.185744 1.617589 2.19176
1 24.35042381286621 4.342331886291504 -0.8203884959220886 2.11212 1.79824 1.472913 -2.888386
1 -9.776390075683594 20.07036781311035 -1.268818497657776 4.492667 1.632018 1.367203 -1.232506
6 -17.76225852966309 32.45718002319336 -1.124445080757141 2.598433 1.340783 0.440184 -1.291868
1 36.18278884887695 17.65535163879395 -0.7145074009895325 3.173838 0.936802 1.379278 -1.349929
1 -15.52585315704346 19.27861976623535 -1.225779175758362 3.15584 1.888339 1.118181 -1.36705
3 11.07997512817383 -14.45725631713867 -0.4881263971328735 0.496784 0.425787 0.817009 -1.273861
4 9.642638206481934 -10.56847476959229 -1.316796779632568 1.237576 0.429419 0.796452 2.278065
1 5.307116508483887 -16.52947998046875 -0.983528196811676 3.626561 1.882638 1.511439 2.003494
6 2.44945502281189 -26.53946304321289 -0.8199172616004944 0.515883 0.474285 0.703934 -1.20386
4 14.76750087738037 -25.75319862365723 -0.9766526222229004 1.680161 0.624433 0.907353 1.876269
1 34.38035202026367 -26.17086982727051 -0.09335528314113617 3.00492 1.282007 1.032934 1.964386
3 10.87592792510986 -15.38293743133545 -1.073424696922302 0.454604 0.582747 1.233018 1.39917
1 25.51615715026856 -33.87483215332031 0.01546833757311106 2.682968 0.73095 0.815022 1.861387
1 -1.463732481002808 -18.70584297180176 -1.220277428627014 0.717476 0.88667 1.081499 -1.271195
1 7.754292964935303 21.28970718383789 -0.894224226474762 2.755125 1.521972 1.121385 0.3219181
3 17.82575416564941 -20.80215072631836 -0.4668206572532654 0.455287 0.582519 1.069082 -1.256124
3 38.69405746459961 -10.97023487091065 0.1289720386266708 0.28791 0.594414 0.95666 0.3837938
1 -3.563471555709839 -7.672795295715332 -1.080405950546265 4.609238 2.052077 1.496617 -1.279658
6 8.908587455749512 -23.42208099365234 -0.9524596333503723 0.334336 0.27412 0.185549 -1.099746
1 0.512852668762207 -14.82765102386475 -0.9371769428253174 4.218737 1.907047 1.67271 -1.271148
3 38.29287719726563 -10.30602073669434 0.1164777725934982 0.353344 0.410598 0.973249 0.3837938
1 13.64482688903809 3.810978412628174 -0.7679615616798401 3.372254 1.84792 1.68793 0.3870218
4 10.27087688446045 -13.05166149139404 -1.178080320358276 2.53181 1.276189 1.030347 1.946944
1 10.06638050079346 15.04571533203125 -0.8472109436988831 3.660818 1.669871 1.215442 -2.700379
1 -7.926339626312256 13.34672927856445 -1.165875792503357 3.918644 1.908005 1.493831 -1.263612
3 14.35823059082031 -20.25860214233398 -0.6436713337898254 0.420148 0.785828 1.131013 -1.293877
1 25.66572570800781 -30.86116600036621 -0.07182331383228302 2.777961 1.588593 0.967382 -2.872401
1 18.0744571685791 25.97212600708008 -0.4253387749195099 1.949412 1.449588 0.509557 -3.017334
1 27.22126197814941 -2.510562419891357 -0.4015250205993652 3.792946 1.712056 1.537955 -2.880716
1 23.55631828308106 9.67520809173584 -0.8183400630950928 4.471222 1.819551 1.452496 -2.905474
3 18.65802764892578 -23.40074348449707 -0.160910114645958 0.322631 0.655998 0.422918 -1.25979
1 1.949274897575378 34.78582000732422 -0.5800822973251343 0.660876 0.848556 0.707821 0.3336345
1 31.98185348510742 1.088223934173584 0.2573378086090088 1.166477 0.67522 1.052126 0.9283991
3 -38.17411041259766 41.28550338745117 -0.3785927295684815 0.435344 0.581108 1.092646 -1.254452
1 12.10810852050781 10.41667747497559 -0.6518880128860474 3.998956 1.935906 1.535018 0.3175045
3 9.432937622070312 -14.01281261444092 -0.8625127077102661 0.36976 0.636354 1.612043 -0.2427146
1 5.782866954803467 25.85408782958984 -0.6190482974052429 2.155248 1.230897 1.039481 0.4338888
4 -7.845193862915039 40.02569580078125 -1.351188659667969 0.676311 0.592737 1.03335 1.956304
1 18.37636566162109 22.88437843322754 -0.2060575187206268 2.647161 1.441167 0.526775 -2.836921
4 10.38898754119873 -16.71686363220215 -1.161756157875061 1.603671 0.936128 1.154415 1.253364
2 -20.8507080078125 34.22341537475586 -1.015658497810364 4.809498 1.797931 1.504885 -1.219576
3 -4.650777816772461 -31.64460754394531 -0.5999760031700134 0.364287 0.40947 0.853369 -1.179008
1 -5.389077186584473 6.413459300994873 -1.151571869850159 4.544265 2.097065 1.453037 -1.278135
1 29.03404998779297 6.244832038879395 -0.00758802704513073 1.531167 1.335184 0.759441 -2.902365