3 -13.75583457946777 18.71102714538574 -1.211361169815064 0.601843 0.527027 1.702947 3.135828
1 3.087225437164307 6.828257083892822 -1.106042742729187 4.409308 1.816672 1.458139 -3.103163
2 34.49454498291016 -2.744298458099365 0.2627993524074554 0.617587 1.869439 1.473831 -0.02384897
2 -27.39279937744141 -5.135928630828857 -0.2778405845165253 11.48939 2.941796 3.042942 -0.001872497
1 -22.44292640686035 7.547265529632568 -0.6365549564361572 2.573003 1.714724 0.932106 -3.119025
2 -21.80332565307617 11.95990085601807 -0.4788297414779663 11.761957 2.825796 3.195936 -3.068408
2 20.2578182220459 2.953046321868897 -0.4111605882644653 11.351212 2.865388 2.757579 0.03334177
5 -32.96992111206055 15.1173791885376 1.338164925575256 0.720189 0.918028 0.235707 -3.140351
3 -22.6817684173584 -6.927496433258057 -1.031856179237366 0.675022 0.481206 1.326108 1.60525
1 -34.60945129394531 2.325140953063965 -0.955726146697998 3.38005 1.607989 1.169476 0.01244717
1 -16.80985450744629 15.49158954620361 -1.249443292617798 3.972697 1.929842 1.890669 -3.125778
1 56.81711196899414 1.678352952003479 -0.06608060002326965 1.29026 2.315759 1.081805 -0.01704219
1 -6.887500762939453 0.2448321431875229 -1.044062852859497 3.728302 2.019747 1.463789 0.01034924
1 -42.43635559082031 9.275165557861328 -1.158238530158997 0.982753 1.510201 0.524418 3.126663
1 17.96413993835449 10.14998054504395 -1.125051736831665 4.050503 1.867349 1.643666 -3.139065
1 6.449853897094727 0.015837661921978 -0.8079877495765686 3.595494 1.678178 1.949067 0.01244717
6 41.02370071411133 12.20481872558594 -1.407352209091187 0.310634 1.084052 0.071582 -3.132012
2 6.944114685058594 14.74973106384277 -0.5595583915710449 12.278955 3.07073 2.85366 -3.127811
1 -17.09811973571777 1.898348927497864 -1.008252024650574 4.614856 2.097478 1.645326 0.01244717
2 9.340052604675293 -3.655940771102905 -0.5132861733436584 12.845487 3.092185 2.524013 0.01244717
3 -21.01774406433106 -9.755117416381836 -0.701773464679718 0.578013 0.624894 1.620309 0.04404029
6 25.97472953796387 -4.510250091552734 -1.024680852890015 0.201945 0.659336 0.583182 0.02541868
6 44.54901504516602 0.8900973796844482 -0.4012585878372192 0.174016 0.734042 0.107097 -0.04386513
2 21.87693595886231 14.84082317352295 -0.4938775897026062 12.214885 2.899352 3.294677 3.079216
2 -40.84112548828125 -4.774420738220215 -0.1912842094898224 11.208994 1.524694 3.192183 0.01922217
1 17.69478225708008 7.197420597076416 -0.9788624048233032 3.622761 1.862668 1.414422 -3.117427