6 47.6506462097168 6.578768730163574 -0.8918928503990173 0.578952 0.587779 0.480627 0.01355104
1 -29.51991271972656 -8.231595039367676 -1.301866054534912 2.342022 1.798953 1.242614 -2.603195
3 9.465447425842285 -11.40102767944336 -0.3543331027030945 0.551289 0.655784 1.131551 3.134713
1 -35.89418411254883 16.46392822265625 -1.495929718017578 3.465908 1.570263 1.018777 1.602726
1 39.16782379150391 0.1742520928382874 -0.3674335479736328 0.40483 1.726171 1.089881 -0.02747494
4 -23.5976505279541 7.897634506225586 -1.372836828231812 1.429484 0.578947 0.816985 3.101523
3 -1.063577651977539 -12.42853260040283 -0.5850396156311035 1.076751 0.977859 1.753902 3.133609
6 -52.78580856323242 -4.935690402984619 -1.617620587348938 1.685533 1.395936 0.420906 -0.8542877
6 44.74383544921875 7.18340015411377 -0.6528494358062744 0.446259 0.31119 0.105316 -0.632181
1 -27.72554779052734 18.67322731018066 -1.059564471244812 0.506796 1.342499 0.844933 -0.08284615
1 4.543033599853516 17.09408760070801 -1.012683510780335 4.162305 1.828392 1.45009 1.563864
1 16.63088607788086 17.35634994506836 -0.9375434517860413 4.402737 1.725862 1.736981 1.568013
6 -43.78804779052734 -26.34406280517578 -0.5997641086578369 2.735969 0.820524 0.297706 -1.620159
1 -28.12664413452148 20.4975471496582 -1.223617911338806 2.274224 0.520628 1.050583 -0.06867731
3 48.14773178100586 -11.99247932434082 -0.3152042031288147 0.25315 0.638823 0.909029 -0.02083724
3 35.71750259399414 3.129180431365967 -0.9508108496665955 0.76386 0.4779 1.41748 -1.637587
6 -42.44864654541016 21.73558044433594 -1.449411392211914 2.075577 0.233269 0.394659 1.269233
4 28.9405689239502 7.655408382415772 -1.111404895782471 0.611123 0.605395 0.800873 0.706719
3 37.35966873168945 19.52535057067871 -0.6500356793403625 0.347186 0.186598 0.643106 -0.05888836
1 -2.20684814453125 17.1500244140625 -1.048549890518189 3.424277 2.063618 1.441062 -1.574182
1 -44.43743133544922 -16.3945255279541 -0.737424910068512 2.668895 0.415174 0.662378 -1.189637
1 21.38867378234863 16.1174201965332 -0.9927700161933899 2.158812 1.573878 1.453256 -1.558233
3 -14.51805973052979 -12.68215656280518 -0.5549211502075195 0.341401 0.617984 1.11392 0.009485424
1 29.66570472717285 -0.006864666473120451 -1.214595437049866 3.028298 1.819638 0.920393 -0.03418977
4 25.72422218322754 7.997963905334473 -1.178690314292908 1.78443 0.607828 1.06756 0.5513559
1 39.52050018310547 7.149181365966797 -1.053457736968994 3.950224 1.439969 1.51169 -1.629213
1 -33.75971221923828 10.88637542724609 -1.396853446960449 1.597566 1.46683 1.323563 2.343222
6 -41.65900421142578 28.03265380859375 -0.7453808188438416 0.702236 0.13874 0.154526 1.327529
1 -36.64454650878906 -17.42948722839356 -1.034626483917236 4.753874 1.601318 1.128761 -1.789077
4 31.17498397827148 7.721848964691162 -1.21813428401947 0.379183 0.506223 0.833068 0.7418084
3 29.49620056152344 18.9426383972168 -1.016379356384277 0.324684 0.530658 1.570292 0.2091116
3 18.73728179931641 33.1653938293457 -0.5492380261421204 0.378856 0.683678 1.452361 -1.578691
4 19.08979988098145 8.18497371673584 -1.287142515182495 1.612417 0.643621 0.984712 3.101887
4 22.50511360168457 7.95717716217041 -1.399885654449463 1.102916 0.49012 0.655957 -0.3802005
1 -47.84079742431641 -10.80950355529785 -1.304518342018127 2.281101 1.749353 1.329167 -0.9881285
3 -14.89386367797852 -11.63285350799561 -0.4753548502922058 0.308353 0.244823 0.716854 0.01128706
4 24.06519508361816 7.926096439361572 -1.177300453186035 1.410466 0.57596 0.962279 0.3934237
1 37.2088737487793 -3.435591459274292 -1.113500237464905 0.783944 1.653005 0.706895 -0.02747494
3 -32.824462890625 16.80918693542481 -1.378358960151672 0.261201 0.324414 0.940788 -0.09553307
4 20.87722778320313 8.081509590148926 -1.297469258308411 1.897639 0.591624 0.793275 3.103491
1 24.26909828186035 -3.53205680847168 -1.084730505943298 3.630303 1.033437 1.401903 -0.03021333
4 35.02091217041016 7.368585109710693 -1.273833990097046 1.718027 0.717957 1.116608 1.062228
1 19.07097244262695 28.51084899902344 -0.9879680275917053 4.340569 1.846257 1.579609 1.514238
1 -19.25315475463867 -0.4285950064659119 -1.122378349304199 3.024804 2.009398 1.457444 -0.004080057
3 2.602513074874878 34.34563446044922 -0.7887051701545715 0.41021 0.306568 1.600284 0.08476234
1 9.807130813598633 26.82108497619629 -0.8839327692985535 1.925194 1.541082 1.491346 1.563864
4 33.52738189697266 7.547091484069824 -1.128857612609863 1.152066 0.619895 0.87335 2.158874
3 37.61197662353516 21.55753326416016 -0.8022966384887695 0.486018 0.579767 0.910718 -0.04349579
1 17.20124816894531 -3.692066431045532 -0.9334728717803955 3.944706 1.972945 1.743984 -0.07372668
1 7.624993801116943 -3.569334268569946 -0.9776832461357117 4.307626 1.857872 1.599142 -0.0006738001
1 -33.92573165893555 -12.01664924621582 -0.8254880905151367 3.456214 1.644181 1.205999 -2.312025
1 -50.95047378540039 -3.188870429992676 -1.700085043907166 1.472295 1.319206 0.711976 -0.07062075