1 14.63168144226074 2.894328355789185 -0.9888629913330078 3.537743 1.066545 1.432151 0.005020643
1 20.14569664001465 -1.74241316318512 -0.9501938819885254 3.815663 0.417768 1.378855 0.02953495
1 7.004457950592041 -2.507336139678955 -0.9868453145027161 4.377226 1.755569 1.518134 -0.004147318
1 -9.92866325378418 -2.432300090789795 -1.12647271156311 3.717811 2.037112 1.431516 0.02834559
6 22.06066703796387 0.5474372506141663 -0.05783800408244133 0.742114 1.376483 0.207977 0.04796137
2 21.53443908691406 3.38520884513855 -0.2917263805866242 5.199217 2.058974 2.62016 0.007272932
1 14.34242820739746 -2.327932119369507 -0.722852349281311 4.527149 1.65357 1.957546 -0.02292814
1 -10.29212379455566 3.152992963790894 -1.061945557594299 3.163593 1.186367 0.869684 0.05716437
2 -52.83422088623047 17.45712089538574 -0.766776442527771 3.603735 2.219661 1.206688 2.929539
1 46.23495483398438 -24.93502616882324 -1.064893007278442 2.48746 0.664624 0.772627 1.587916
1 34.33642196655273 4.581473350524902 0.1872238963842392 0.47726 2.265141 0.881396 0.01284154
6 -18.04183006286621 -2.805998086929321 -0.4969124495983124 0.638941 1.060001 0.280441 -3.079326
6 -23.84506225585938 -3.497557163238525 -0.4772998094558716 0.412888 1.063836 0.197592 3.134498
2 6.431726455688477 2.750845432281494 -0.5723519325256348 8.447122 1.977021 2.409383 -0.01411748
2 54.50841522216797 -21.06255912780762 0.5562959909439087 7.45888 2.9547 2.998299 1.646589
1 -28.2511157989502 -5.779142379760742 -0.8429242968559265 3.402615 1.718047 1.050045 7.124712e-05
2 -8.710943222045898 -0.06540845334529877 -0.6629052758216858 5.846166 2.279253 2.343326 -0.03643099
1 50.64971160888672 -19.65349197387695 -0.7634984254837036 5.449454 1.830609 1.469478 1.594784
1 -4.053141117095947 2.32630181312561 -0.8754096627235413 4.157114 1.989293 1.885096 0.1096605
1 -15.99978065490723 15.66167736053467 -1.35185980796814 3.126539 1.636004 1.484479 3.019254
1 40.94905471801758 -25.16389465332031 -0.937406599521637 4.026014 1.432003 0.770916 -1.546507
4 18.86446762084961 -7.565189838409424 -0.7338523268699646 0.689384 0.402244 0.525061 0.0174765
1 47.91821670532227 -19.97038459777832 -0.7394776344299316 3.840491 1.887936 1.442463 1.607925
1 0.8098804950714111 -3.191354274749756 -0.8863591551780701 4.895645 1.870407 1.708698 0.08451644
6 -36.64841842651367 2.652413845062256 1.27311384677887 4.47647 0.617744 0.297455 0.01276726
1 9.308915138244629 0.2266609221696854 -0.8052016496658325 3.163982 2.235429 1.83776 0.003349508
2 -19.74267387390137 3.082555055618286 -0.464789092540741 12.129786 3.077274 2.942644 0.01909848