1 7.083242893218994 -30.5451545715332 -0.7787807583808899 3.314408 1.196548 1.314501 -0.3674443
4 1.07877790927887 -20.37286758422852 -0.6097459197044373 0.917897 0.532745 0.989882 2.410158
2 2.393203258514404 27.80008125305176 -0.7519351840019226 5.302668 2.411539 2.235491 -1.916076
1 -7.520180702209473 -13.86750030517578 -0.9629971385002136 4.093884 2.005024 1.67107 -1.901569
1 0.8419597744941711 22.82030296325684 -1.182201862335205 3.323917 1.787874 1.41565 -2.027518
1 6.887178421020508 33.92984771728516 -1.078212261199951 2.751255 1.835811 1.334959 -2.08384
1 0.01262450218200684 -7.83414363861084 -0.9999600052833557 4.297653 1.86474 1.575753 1.183221
1 22.93045997619629 -13.75958442687988 -1.035356044769287 2.104184 1.188349 1.604847 -0.3783364
4 2.166124820709229 -16.25579071044922 -1.397926092147827 1.404821 0.392863 0.938888 1.431498
6 -2.857908487319946 -30.80340576171875 -0.9869027733802795 0.507989 0.578201 0.510022 1.264371
3 -12.92180728912354 2.192467927932739 -0.5481861233711243 0.802257 0.47665 1.122983 1.194635
1 19.14720344543457 5.981234550476074 -0.7906395196914673 3.299482 1.81572 1.412094 -0.341706
1 -3.658401250839233 -24.14300727844238 -1.188075304031372 4.899997 1.834699 1.375967 0.6390964
1 12.4710054397583 -42.95249938964844 -0.6451988220214844 1.496355 1.388745 1.225655 -0.4578094
4 1.07429850101471 -19.02109336853027 -1.167325973510742 1.661195 1.233694 0.56527 1.176843
3 30.25229644775391 -11.79517650604248 -0.7601399421691895 0.300874 0.540872 1.639715 -3.104365
1 24.6677131652832 -10.86415672302246 -1.148434281349182 2.985048 0.886077 1.408195 -0.3600852
1 13.30249309539795 -12.33541011810303 -0.9823503494262695 4.629472 1.997036 1.513447 -0.4061354
1 23.07350540161133 -15.93434619903565 -1.086992025375366 3.905588 1.970593 1.239847 -0.3077048
3 50.57754898071289 -4.498601913452148 0.003366227494552732 0.659705 0.195703 0.40676 1.361844
1 29.66049003601074 4.709313869476318 -0.4383944272994995 2.651154 1.687951 0.645467 -0.3356669
1 25.18706703186035 21.40109825134277 -0.6835694313049316 4.052301 1.529724 1.041053 -0.3591356
3 -5.754794120788574 22.14361763000488 -0.5865183472633362 0.238817 0.454548 1.035118 1.19582
2 6.060840129852295 37.85132598876953 -0.835066020488739 5.067432 1.523702 2.026114 -1.951157
3 0.288928747177124 -26.84868621826172 -1.028729557991028 1.393823 0.390333 1.155941 2.680729
3 5.336514472961426 -23.53901481628418 -0.6519442796707153 0.625052 0.483948 0.944806 -2.871685
1 18.4012393951416 3.755306243896484 -0.8713152408599854 3.762388 1.842476 1.13723 -0.2610664
1 3.05459189414978 13.23554229736328 -1.049543738365173 3.13371 2.003696 1.579337 -1.923215
3 -13.18113231658936 -0.789116621017456 -0.6400641798973083 0.5807 0.535377 1.08204 1.23459
1 29.80209350585938 -12.95512866973877 -0.819206714630127 3.918274 1.535926 1.770591 -0.352067
6 -13.3154411315918 -20.99975776672363 -0.8144063949584961 0.376804 0.52872 0.292689 -1.956765
1 21.51810264587402 14.97943115234375 -0.6675894260406494 1.87005 1.39309 1.161467 -0.347826
3 2.050137758255005 -28.34708023071289 -0.8367184996604919 0.356532 0.465868 1.438249 1.232126
4 -10.96644878387451 -15.89588832855225 -1.199459075927734 1.843839 0.561327 1.272926 2.692068
1 -1.294912338256836 -21.34025955200195 -1.086518049240112 0.231974 1.10454 0.599409 2.144997
1 20.78756523132324 -20.54703712463379 -0.5836391448974609 3.191506 1.348128 1.311351 -0.2032966
1 -21.6527042388916 -49.88977813720703 -1.147164702415466 1.737132 1.579905 0.824569 -1.944256
1 -6.204678058624268 -5.776501655578613 -1.045497179031372 4.59357 1.82321 1.470419 -1.933256
1 20.63788032531738 10.03200817108154 -0.9497492909431458 3.306671 1.554261 1.246913 -0.3111927
1 39.55074691772461 16.30708122253418 -0.830518364906311 2.762592 1.520452 1.097286 -0.3717875
1 40.54586410522461 -10.48439025878906 -0.9556650519371033 3.783188 1.093903 1.371091 1.129282
1 43.53377914428711 -6.024684429168701 -1.006877541542053 3.528967 1.280411 1.413255 -0.4354807
1 28.5108814239502 -15.07195281982422 -0.1868394911289215 1.332952 1.082274 0.501588 -0.3630883
1 25.09185218811035 -8.532342910766602 -0.9815475940704346 2.981724 1.872499 1.487509 -0.3121101
1 11.01636600494385 -16.5064754486084 -0.8889936804771423 3.207043 1.951091 0.812502 -0.3940033
1 9.286916732788086 16.63286590576172 -1.045691013336182 4.030725 1.902186 1.638741 1.23874
1 0.9043498635292053 6.37449836730957 -1.069225668907166 4.405451 2.042 1.446998 -1.973794
1 34.46286010742188 2.392835140228272 -0.7424188256263733 2.610057 0.822699 0.786628 -0.4144739
1 5.48960018157959 18.42913627624512 -1.106602668762207 2.850798 1.404744 1.425553 -1.924721
3 -5.576600074768066 20.51804351806641 -0.6407172679901123 0.364822 0.666736 0.975576 1.280461
3 -0.6286122798919678 -20.56187438964844 -0.6869879364967346 0.275477 0.636651 0.794708 1.890204
6 -12.76416969299316 -19.53489494323731 -1.001868009567261 0.848392 0.283591 0.546453 -1.83529
4 0.09002145379781723 -21.08952713012695 -0.9399250745773315 1.258927 0.494632 0.790292 0.9112347
3 47.61361312866211 -9.839111328125 -0.832406222820282 0.989366 0.77312 1.596105 -0.2715085
3 -6.66065263748169 20.39373779296875 -0.7216037511825562 0.515657 0.619641 1.125878 1.482441
1 16.92436790466309 -1.051669478416443 -0.641338586807251 3.998481 1.808783 1.230805 -0.3724781
1 9.469417572021484 -18.88726043701172 -0.83636474609375 1.649275 1.778531 1.07238 -0.3379152
1 2.352330446243286 -41.87934494018555 -0.5179126262664795 2.285537 1.423371 1.005437 -0.3363502
1 22.8595085144043 -18.32698440551758 -1.016273975372315 3.36814 1.640811 1.512365 -0.3492547
4 6.430425643920898 5.557619094848633 -1.040740489959717 1.951299 0.743358 1.557637 1.215048
1 1.094834446907044 -44.09819412231445 -0.2389038503170013 1.788244 1.535611 0.857323 -0.3555562
1 9.452886581420898 -22.35181045532227 -0.2007352560758591 1.730874 2.42647 1.984915 1.284381
1 20.95784759521484 12.51578807830811 -0.8026175498962402 2.446922 1.29138 1.260762 -0.3080555
4 -12.1589241027832 -17.87838363647461 -1.245885491371155 0.746918 0.431046 0.865722 2.740376
1 3.897472620010376 -34.62869262695313 -0.375701904296875 0.874883 0.927609 0.810576 -0.295823
1 14.45236587524414 -7.417186737060547 -0.8252688646316528 3.953402 1.747513 1.613871 -0.2899612
1 17.74317169189453 1.16196596622467 -0.8145186901092529 2.600052 1.614039 1.252621 -0.4081279
3 2.213505744934082 -26.24025726318359 -0.6122676730155945 0.65197 0.475923 1.044413 3.108568