2 12.40014839172363 -2.274841070175171 -0.7083379626274109 4.60363 1.676966 1.894769 -0.03169634
4 27.54154205322266 22.04315376281738 -1.118972539901733 1.789862 0.716124 1.446558 -2.04568
5 25.3828296661377 22.52907562255859 -1.678148150444031 0.132123 0.206375 0.511461 -2.689003
1 -16.74309349060059 3.45198130607605 -1.192535161972046 3.840209 1.791433 1.416385 -0.01007915
2 -6.157200813293457 -0.02036230638623238 -0.6558440327644348 6.032618 2.336827 2.2377 -0.00882604
2 41.17389297485352 19.74162101745606 0.09610582888126373 9.159443 2.62803 3.655841 2.564939
2 46.7828483581543 -27.35134887695313 0.3546062111854553 5.919757 2.326473 3.439927 1.655625
5 32.90311050415039 37.149169921875 -1.380367159843445 0.227215 0.199184 0.607167 1.492463
1 -1.134868621826172 -3.102858066558838 -0.8820569515228271 5.087071 1.923079 1.697271 0.03347312
1 2.794813394546509 3.481007814407349 -0.9342049956321716 4.187537 1.69474 1.624444 0.01642567
2 -28.61380577087402 4.043599605560303 0.1405775845050812 2.094467 1.617567 2.162239 -0.0159301
3 50.43524551391602 -3.613025665283203 -0.7152405977249146 0.595337 1.124157 1.252505 1.82786
1 44.26589202880859 34.14272689819336 -1.040945172309876 2.010465 1.787181 1.846124 -1.288124
5 17.22126007080078 18.78824424743652 -1.54706621170044 0.135357 0.178128 0.459466 -1.787108
1 5.019785881042481 -2.432871103286743 -1.024522423744202 4.31419 1.804682 1.460641 -0.002241094
5 21.47842025756836 20.12277793884277 -1.578631401062012 0.171372 0.165148 0.450669 -3.094643
1 -13.80508136749268 -3.214523553848267 -0.7139664888381958 2.871043 1.039641 0.522121 0.02817645
3 28.38534736633301 24.09586906433106 -1.14025354385376 0.358647 0.562626 1.42023 -2.641948
1 35.93374633789063 37.0816764831543 -1.491970896720886 4.588887 1.289484 0.647945 -1.608192
1 14.91726493835449 3.31288480758667 -0.7807433009147644 2.971156 1.602365 1.682744 0.03238884
1 29.68056678771973 -22.6233081817627 -0.5182812213897705 2.187275 1.334473 1.855097 -1.581668
2 -56.33698654174805 17.20444679260254 -0.8125479817390442 6.431585 2.533222 1.938527 2.993824
3 32.97048187255859 35.4086799621582 -1.05094587802887 0.544755 0.625708 1.321908 3.141354
1 -7.01722526550293 -2.669528007507324 -1.081622838973999 4.404341 1.996722 1.457337 -0.02009186
5 20.21490478515625 19.56733512878418 -1.631370544433594 0.25178 0.270404 0.309466 -3.094643
1 18.05309677124023 -1.666803956031799 -0.8923720717430115 3.618289 0.491868 1.351568 0.01812046
1 9.208516120910645 3.374628782272339 -1.027970194816589 4.414762 1.86835 1.409301 0.00723191
1 46.10008239746094 -19.81994819641113 -0.6682659387588501 4.22422 1.883593 1.677268 1.688003
2 52.79030609130859 -22.66050910949707 0.6722633838653564 11.381113 2.791218 3.15051 1.664053
1 24.81991386413574 -2.652034521102905 -0.4325146675109863 2.905543 0.855835 0.726741 0.04346326
1 7.360564231872559 0.2156299501657486 -0.7780015468597412 3.177085 1.907243 1.817695 -0.06974534
4 1.806733846664429 -6.507203102111816 -0.9631766676902771 1.744026 0.743605 1.458538 0.008648441
2 25.20522689819336 16.07360076904297 -0.2097065597772598 12.178604 3.011497 2.940817 -2.683546
5 18.74453163146973 19.17672920227051 -1.665667653083801 0.151199 0.109848 0.535881 -1.787108
1 -5.25728178024292 3.303004503250122 -0.9608806371688843 4.949359 2.081975 1.727034 0.00850083
4 30.77721214294434 23.11746025085449 -1.163773536682129 0.604377 0.310371 0.767604 -2.514557
1 48.7303581237793 -17.95901107788086 -0.706342875957489 2.561022 1.510255 1.224292 1.659608
1 19.93524169921875 3.195759296417236 -0.7088524699211121 1.886825 0.495377 0.835441 0.08094585
1 -26.45023155212402 17.83724784851074 -1.191224694252014 3.207002 1.289853 0.533982 3.033025
3 28.55508232116699 -16.2576961517334 -0.5451918244361877 0.192796 0.293824 1.157697 3.141354
4 -13.12861347198486 -9.365745544433594 -0.8201077580451965 1.555703 0.626586 1.569146 0.01295056
5 20.81990432739258 -9.687204360961914 -1.332678079605103 0.202092 0.234329 0.348338 -0.827526
6 20.75629043579102 0.7066664099693298 0.004536502994596958 1.265572 1.232171 0.245096 0.02976581
1 -19.78637504577637 -3.614319086074829 -0.5449830293655396 1.344691 0.544578 0.521719 -0.07076906