2 -6.060711860656738 -0.04944579303264618 -0.6785602569580078 6.198947 2.326225 2.282982 0.008996866
5 18.75444793701172 19.13548088073731 -1.659915685653687 0.183234 0.211624 0.525362 1.607038
5 21.48544883728027 20.08002090454102 -1.578797459602356 0.130048 0.242041 0.450994 1.607038
6 27.49227523803711 -15.75681781768799 -1.243849515914917 0.146035 0.24274 0.252317 -0.1149638
1 14.97336483001709 3.311545372009277 -0.7970354557037354 3.083932 1.543933 1.710716 -0.01007802
4 1.81688380241394 -6.54981803894043 -0.9730784296989441 1.763783 0.742823 1.476893 0.06700198
1 46.05533981323242 -19.77003288269043 -0.6399148106575012 4.195035 1.729733 1.620452 1.663868
6 29.03100967407227 -17.75184059143066 -1.1535804271698 0.078794 0.199324 0.204235 -0.1149638
6 20.78872299194336 0.6611027121543884 -0.002313831821084023 1.164129 1.533106 0.247322 0.05060564
1 -1.151367545127869 -3.129001140594482 -0.9097892045974731 5.12291 1.956099 1.751636 0.01428462
1 18.20229339599609 -1.657811403274536 -0.9289782643318176 3.97646 0.511771 1.425089 0.03397033
1 -13.52106094360352 3.425590038299561 -1.17431652545929 4.020854 1.997692 1.436707 0.0362519
6 24.52740287780762 -2.64532470703125 -0.3626755177974701 2.364874 0.829023 0.578432 0.02070039
5 17.23121452331543 18.76016616821289 -1.707628488540649 0.139151 0.148958 0.506433 1.607038
2 -57.72560119628906 17.25295448303223 -0.9862364530563354 9.150114 2.863969 2.280373 -0.1530807
2 46.74469375610352 -27.48631858825684 0.2553313970565796 6.216164 2.481035 3.183982 1.63939
1 9.231034278869629 3.538683414459229 -1.002580285072327 4.459208 2.143985 1.465275 0.009043672
1 2.83176851272583 3.542505979537964 -0.9386076927185059 4.254045 1.780422 1.635581 0.01041092
1 28.10435676574707 -9.21481704711914 -0.7962586879730225 0.819539 1.640193 1.315576 -0.3890561
1 4.944658756256104 -2.552294731140137 -0.9987138509750366 4.164564 2.038284 1.528216 0.003638973
1 7.397500038146973 0.1924979537725449 -0.7752039432525635 3.26599 2.124132 1.811744 0.01118288
2 -25.31942558288574 4.064836025238037 -0.3792984485626221 3.697309 1.368092 2.662317 0.03439768
4 -8.7613525390625 -9.10385799407959 -0.3444546461105347 0.698294 0.552661 0.743067 0.03133451
6 -19.80472755432129 -3.60304856300354 -0.467001348733902 1.304908 0.540905 0.365166 -0.09884614
1 -4.700025081634522 3.295300960540772 -0.8834238648414612 5.049181 2.059215 1.875199 -0.0007260219
1 -6.978468418121338 -2.673909425735474 -1.090117931365967 4.330624 2.042943 1.560818 -0.01100988
5 20.19057655334473 19.53304100036621 -1.68975555896759 0.163322 0.125768 0.391328 1.607038
5 20.81415367126465 -9.67640209197998 -1.333099842071533 0.252947 0.276598 0.344915 -0.1149638
2 52.84673690795898 -22.52010917663574 0.7090845108032227 11.324039 2.958346 3.15623 1.666272
4 17.06052017211914 -7.452464580535889 -0.9333768486976624 0.984863 0.435257 1.01847 -0.02903421
1 20.04053688049316 3.150593757629395 -0.711135983467102 2.062566 0.456902 0.843204 0.03045149
2 21.08855056762695 14.608962059021 -0.3198184370994568 12.232391 3.100764 3.068936 -2.760718
1 57.93653869628906 -3.617342472076416 -0.5390335917472839 1.07742 0.652757 0.800719 0.09845253
1 -37.67200469970703 19.56902313232422 -1.364809036254883 2.353287 1.37347 0.540601 3.017081
1 -13.7920503616333 -3.177539587020874 -0.7163258790969849 2.782589 1.103601 0.521006 0.003875253
2 12.38285732269287 -2.239297389984131 -0.7061893343925476 4.583013 1.719647 1.890141 -0.02577885
5 22.74707412719727 20.83931159973145 -1.65586256980896 0.164437 0.190115 0.44868 1.607038
2 39.27976226806641 20.04020500183106 0.02380998805165291 8.405305 2.249161 3.482055 2.863971
1 48.74177551269531 -17.87352180480957 -0.6551913619041443 2.414162 1.629221 1.12139 1.605734