1 -6.987607955932617 -2.664739608764648 -1.107662320137024 4.349164 1.987022 1.421723 -0.01074461
1 -14.11178779602051 -3.417840242385864 -0.7774283289909363 2.056119 0.527798 0.581209 -0.1586197
1 4.944404602050781 -2.438414812088013 -1.027117252349854 4.103318 1.743924 1.445508 0.01474073
2 -6.117164134979248 -0.06229465454816818 -0.5445349812507629 6.104008 2.33029 1.954322 0.01562569
4 -43.97033309936523 25.14745330810547 -1.862001061439514 1.120129 0.255938 0.9788 3.125947
5 11.42791843414307 18.26733779907227 -1.698517203330994 0.148118 0.090339 0.425462 -0.9240572
5 17.21543121337891 18.72904396057129 -1.719308137893677 0.157588 0.166063 0.457478 0.0454595
6 20.72738265991211 0.6759228110313416 -0.01336106657981873 1.186636 1.33423 0.157551 0.03172612
1 12.40343379974365 -2.255218029022217 -0.749567449092865 4.544266 1.636059 1.915094 -0.01343099
3 32.22571563720703 35.85577011108398 -1.134090423583984 0.226279 0.324401 1.483641 -0.008237434
4 17.06814765930176 -7.419981956481934 -0.9706699848175049 0.924029 0.439885 1.071213 0.07490829
5 20.82027816772461 -9.672064781188965 -1.371700406074524 0.112401 0.221721 0.320919 -0.5325189
1 48.76896286010742 -17.85779190063477 -0.690425455570221 2.531103 1.616288 1.104656 1.606517
1 6.611576080322266 0.2733524143695831 -0.8119698762893677 1.696185 1.886072 1.835482 -0.01066808
1 18.14142799377441 -1.699613690376282 -0.9586286544799805 3.793786 0.400465 1.430134 0.005232085
2 52.75533294677734 -22.70713615417481 0.5539854168891907 11.407693 2.742948 3.1288 1.648517
2 18.16975021362305 4.224856376647949 -0.3697029948234558 3.095176 2.586929 2.375661 0.147339
1 42.6685676574707 23.22744560241699 0.2637361288070679 5.543935 2.227351 1.503272 1.245074
6 24.32687568664551 -12.5227518081665 -1.401556491851807 0.058726 0.142383 0.210335 -0.5499561
3 -26.90572357177734 24.43183326721191 -1.602318167686462 0.581048 0.64589 1.258755 2.354029
1 46.04911041259766 -19.78817176818848 -0.663089394569397 4.222148 1.659407 1.571559 1.659017
2 -20.67095756530762 3.08578372001648 -0.5526226758956909 12.224346 2.889005 2.795526 0.01541863
5 18.78606605529785 19.13357162475586 -1.682132959365845 0.107973 0.104837 0.495563 0.07319105
6 3.965670108795166 2.636687994003296 -1.076454877853394 0.425374 0.417128 0.734382 -0.08831207
1 48.9879150390625 -31.31036186218262 -0.9885776042938232 3.180423 0.994428 0.899644 1.639995
5 21.48330116271973 20.09781455993652 -1.593217849731445 0.188454 0.05776 0.384288 -0.1711676
6 -55.72316741943359 17.17235946655273 -0.8858699202537537 5.061027 2.272698 1.539561 3.004093
5 20.23017120361328 19.53053283691406 -1.702170133590698 0.088873 0.131161 0.367586 -0.2824127
2 42.87841415405273 39.96907424926758 -1.132291913032532 5.160962 1.739175 1.941961 1.579496
1 -8.097349166870117 3.565850734710693 -1.060229301452637 4.106351 2.023689 1.574732 -0.003508593
6 29.00913810729981 -17.73991012573242 -1.172976851463318 0.073925 0.170466 0.187542 -0.502085
1 38.41856002807617 13.71064472198486 -0.855157196521759 4.191453 1.804941 1.634 0.9083679
6 49.72414779663086 -35.2264289855957 -0.7817642688751221 2.225705 1.045899 0.414305 -1.454656
6 25.45488166809082 -13.48962211608887 -1.311468839645386 0.171058 0.269522 0.175023 -0.6367627
1 5.770792484283447 3.32924485206604 -0.8161942958831787 3.700345 1.769964 1.851066 0.04663827
1 24.54303741455078 -2.640014171600342 -0.3870576918125153 2.275045 0.788833 0.528046 -0.01896041
6 22.10552597045898 -10.52402877807617 -1.381520986557007 0.054623 0.135372 0.143937 -0.7063475
3 32.84825897216797 37.27272796630859 -1.522775530815125 0.176633 0.514621 0.834826 0.7630155
1 -1.115272760391235 -3.110770463943481 -0.8615154027938843 5.043653 1.941757 1.655561 0.02502803
3 28.55690956115723 -16.25084495544434 -0.5595381855964661 0.235548 0.323806 1.15876 -2.944954
6 27.50793075561523 -15.73252487182617 -1.269595742225647 0.228807 0.275694 0.233846 -0.6296396
5 14.20962238311768 18.33923530578613 -1.700319290161133 0.13859 0.173094 0.410116 0.02452279
6 -1.904787659645081 -4.64314079284668 -0.6505653858184814 0.261125 0.154885 0.099052 -1.567387
6 -19.79447555541992 -3.622115612030029 -0.4792731702327728 1.251031 0.49587 0.31769 -0.1102741
4 29.17966079711914 -21.92152976989746 -0.5548558235168457 0.379385 1.17327 1.469883 3.10597
4 -36.81037521362305 23.10439872741699 -1.678907752037048 1.428373 0.550885 1.04336 -3.120718
3 27.87268447875977 25.37520408630371 -1.169479966163635 0.317721 0.51911 1.403752 0.4031695