3 40.24674987792969 25.04929161071777 -1.173418164253235 1.008706 0.793466 1.592067 -0.4835002
2 23.98542213439941 -2.411536931991577 -0.7548469305038452 4.425624 1.619018 1.933067 0.01636679
6 52.42519378662109 -23.65367317199707 -1.308782458305359 0.922042 0.271772 0.947176 -1.543627
5 27.93283843994141 18.37825775146484 -1.637340307235718 0.170541 0.211115 0.480437 -1.534989
6 48.67142868041992 36.40238952636719 -1.742094039916992 1.092164 1.00477 0.163582 -1.580512
1 -26.51645660400391 -5.230412006378174 -0.8629153966903687 2.625687 1.6106 1.268105 0.0257682
1 17.63572120666504 0.1045232713222504 -0.8624669909477234 3.225793 1.979964 1.789083 0.04451952
1 39.59845733642578 22.92103576660156 -1.074028849601746 2.536533 0.736653 0.992327 1.311168
4 37.77329254150391 -11.02658176422119 -1.123467087745667 1.063857 0.628036 1.278399 -0.06938916
1 -1.781319856643677 -2.505698204040527 -1.007779598236084 4.331698 1.96707 1.410267 0.02557938
1 -0.1160360798239708 3.377822875976563 -0.8218028545379639 4.217319 1.897757 1.313121 -0.02729207
1 31.07032775878906 2.700232267379761 -0.8443845510482788 4.497542 1.173221 2.090019 -0.02697201
1 57.67220306396484 -20.23525619506836 -1.042896270751953 4.04973 1.421903 1.713178 1.691495
1 8.118546485900879 -3.309381723403931 -0.9083224534988403 4.721601 2.013789 1.744751 0.0007362347
5 23.45289993286133 18.11141967773438 -1.726576089859009 0.270621 0.170974 0.310226 -1.534989
4 28.87825965881348 -7.730429172515869 -0.9709047675132751 0.787605 0.406948 0.835968 3.127069
2 -7.193783283233643 -0.148004338145256 -0.6232613921165466 6.093679 2.277817 2.295693 0.01156823
1 -14.31153678894043 -3.567857027053833 -0.992439866065979 3.971929 2.024628 1.695463 0.03130269
1 30.30138778686523 -1.902854561805725 -1.200066089630127 3.97576 0.335915 1.022282 0.01636679
1 -7.828830718994141 -3.090355634689331 -1.057994723320007 4.437171 1.914805 1.44399 0.01997656
2 15.01601028442383 2.94767689704895 -0.4568233489990234 11.123527 2.963343 2.761486 0.004698334
1 5.752982616424561 2.061466932296753 -0.8189742565155029 4.032504 1.963127 1.918975 0.1148185
2 -9.711807250976562 3.001226902008057 -0.5109478831291199 11.868088 3.00384 2.548692 0.001252684
1 15.57016658782959 -2.658750295639038 -1.053342342376709 3.988641 1.66035 1.439558 0.01368201
1 47.02429962158203 28.8654956817627 -1.386489033699036 4.477435 1.443936 1.218322 -1.839724