6 20.73972320556641 0.6079530715942383 -0.007612527348101139 1.187014 1.216872 0.190053 3.004145
1 -1.08502995967865 -3.132922649383545 -0.8765667080879211 4.994858 2.060527 1.682354 0.06717931
1 6.614890575408936 0.3003672063350678 -0.7958381175994873 1.680363 1.968368 1.852526 -0.02060399
6 -1.457260847091675 -5.756908893585205 -0.6562400460243225 0.4098 0.498601 0.778402 0.04362424
1 46.09375381469727 -19.8765754699707 -0.6385626196861267 4.010557 1.78362 1.616906 1.676356
6 49.86434173583984 -35.28119659423828 -0.7646617293357849 2.591514 1.427435 0.424677 1.722643
1 12.41959857940674 -2.243191480636597 -0.7112821340560913 4.603723 1.724868 1.899542 -0.02871777
1 27.47032928466797 -9.799642562866211 -0.7492116093635559 4.133411 1.781554 1.636626 -0.6567587
6 23.87130546569824 -2.821974277496338 -0.1765014380216599 0.913241 0.435517 0.148642 3.047279
2 -54.73960113525391 16.77300071716309 -0.7392672896385193 3.027244 1.697754 1.221839 3.085542
1 -7.002817153930664 -2.687965869903565 -1.087591409683228 4.404373 1.998765 1.455017 -0.008595539
2 52.75576019287109 -22.70087242126465 0.5808315277099609 11.503968 2.831699 3.22662 1.65302
2 4.979346752166748 3.018425703048706 -0.5777997970581055 7.649651 2.550604 2.239633 0.01827536
6 32.61707305908203 3.868684530258179 0.3722147345542908 0.406305 0.261448 0.84946 -0.01440572
2 19.3735408782959 3.458819389343262 -0.3677558898925781 4.772254 2.001007 2.595935 0.01896527
1 -28.00585556030273 17.43899345397949 -1.177690029144287 4.691117 1.840222 1.212138 2.982237
1 18.2691707611084 -1.62290096282959 -0.9390889406204224 4.009148 0.453144 1.410923 0.06523491
6 0.2389367967844009 4.036544799804688 0.31751748919487 1.228591 1.055054 0.121164 -3.025555
1 5.013580799102783 -2.412705421447754 -0.9972493648529053 4.291668 1.732646 1.474139 -0.001885577
6 -2.25210165977478 1.984340190887451 -1.130584716796875 0.103248 0.116909 0.205866 -3.13288
1 -5.963113307952881 2.293241739273071 -0.8912402987480164 4.154545 1.899208 1.860362 0.1354583
2 -21.62332725524902 3.160476684570313 -0.2319436073303223 12.080848 2.794966 2.165968 0.004099654
1 12.48950004577637 2.991868495941162 -0.9311416149139404 3.845498 1.074935 1.338918 0.007504085
2 -6.157104969024658 -0.1062178462743759 -0.6043963432312012 5.987942 2.323665 2.134876 0.04130222
6 -2.107705116271973 -5.090762615203857 -0.7741657495498657 0.37326 0.963492 0.291304 0.0
6 -19.83806037902832 -3.730867862701416 -0.4871314465999603 1.169533 0.648923 0.332801 -3.009006
6 -14.13413047790527 -3.380809545516968 -0.7166914939880371 1.961707 0.881776 0.485489 -3.042402