1 -10.79526138305664 -18.17491722106934 -0.2559399008750916 0.699047 1.056698 0.923944 -1.402412
1 -42.16548919677734 2.183436632156372 -1.348919749259949 0.739855 1.576685 0.502375 -0.06918222
2 9.582745552062988 5.471891403198242 -0.6157620549201965 5.673367 2.385581 2.515619 0.02511358
1 8.227694511413574 -18.94960594177246 -0.319259375333786 1.700021 1.582381 1.082363 -1.543966
2 54.76385116577148 0.4027088582515717 0.100099578499794 0.260716 2.497152 1.295112 0.02672148
1 48.92289733886719 3.686969041824341 -1.353343844413757 1.470129 1.703873 0.578244 -0.02657515
1 -5.170799732208252 -29.69166374206543 -0.2946829795837402 1.20669 0.961706 0.990918 -1.52346
1 -4.685287475585938 -20.04973793029785 -0.3917240500450134 4.154436 1.283007 1.100154 -1.536085
1 31.32088470458984 3.066391944885254 -1.213544487953186 3.064945 0.506539 1.286302 0.03053045
1 -32.46919631958008 -0.2008151859045029 -1.099793434143066 1.245868 1.385067 0.569232 -0.06918222
1 -7.936788082122803 -17.9814567565918 -0.3144997656345367 0.354738 0.919805 0.874386 -1.519442
1 -31.19111633300781 3.579421281814575 -1.23174262046814 3.940238 1.332975 1.213971 -0.02339658
1 10.23150539398193 -0.06967642903327942 -0.8635461926460266 0.895177 1.644507 1.973443 0.05159115
2 -53.52813339233398 30.06512832641602 -0.6178794503211975 7.355598 2.634138 2.947439 -3.134049
2 -15.81507015228272 -1.670508742332459 -0.3983694314956665 12.027275 2.892102 2.692772 0.02652884
1 2.338584661483765 2.748077392578125 -1.045752286911011 4.568914 1.743769 1.489407 -0.02363259
4 52.23987197875977 -6.817500114440918 -1.142616033554077 1.183317 0.695744 1.382599 0.03688645
1 -19.15143013000488 3.60003924369812 -0.9083809852600098 4.508243 2.179658 1.805512 0.03693366
1 -2.427984237670898 -18.58452987670898 -0.4794682264328003 1.253958 1.697859 0.983374 -1.544929
2 16.90863037109375 2.959728240966797 -0.5269463658332825 5.949087 2.402637 2.772783 0.02643303
4 -15.93675708770752 31.89846801757813 -1.843084573745728 1.088108 0.615651 1.485223 3.087481