4 14.79200649261475 21.58319664001465 -1.556682825088501 2.28353 0.836562 1.003685 3.076612
3 -34.88730621337891 22.93408393859863 -0.9279347658157349 0.375061 0.650521 0.896842 1.909562
1 -14.88613128662109 8.810275077819824 -1.086411595344544 4.219491 1.777841 1.479872 -3.130942
4 45.9660758972168 -8.1558837890625 -1.293916463851929 0.784493 0.253672 0.526042 -0.01637643
4 -8.08279037475586 2.475001573562622 -0.7794309258460999 1.567563 1.32937 1.679289 -1.546275
4 -7.896934986114502 17.0949649810791 -1.304697871208191 2.037598 0.808836 1.554358 -3.051681
1 -22.08856964111328 -2.879815578460693 -0.6374511122703552 4.479965 1.887175 2.007712 -0.0006151184
3 -41.12821960449219 20.92034912109375 -1.22065532207489 0.502472 0.761955 1.78732 0.03043941
1 -26.55847930908203 0.06193574517965317 -0.4581284523010254 1.196493 1.933621 0.501812 0.01045246
1 -13.19003582000732 -0.1145419031381607 -1.082768201828003 3.960129 1.981574 1.261542 0.007939819
4 3.967890739440918 -9.118945121765137 -0.9463553428649902 1.661586 0.86443 1.636134 3.109329
6 37.92644119262695 11.31743812561035 -1.716374516487122 1.429905 1.823054 0.576171 3.063716
1 9.594310760498047 8.59496021270752 -1.23845386505127 4.259415 1.792591 1.409285 3.121439
4 -19.87408447265625 14.09044742584229 -0.8866851329803467 2.671725 1.228767 1.477328 -3.130942
3 1.565059542655945 -11.54265308380127 -0.7622706890106201 0.693889 0.593225 1.611601 2.266033
3 42.09325408935547 -7.892521381378174 -1.005922198295593 0.260576 0.498663 0.880522 0.01484281
2 -6.905066967010498 -5.792279720306397 -0.5227792859077454 11.803266 3.008022 2.429031 -0.02733806
3 15.79323101043701 4.00653600692749 -0.6088662147521973 0.463182 0.551374 0.855773 -1.386322