6 17.31576156616211 -4.041018486022949 -0.07368294149637222 0.467503 2.18694 1.804217 -0.03635864
2 -14.69707870483398 0.02039505541324616 -0.2092514783143997 5.42414 2.222945 1.4051 -0.02146387
1 -8.573707580566406 3.314116716384888 -0.8573910593986511 4.178671 1.940993 1.88931 0.0007887792
1 -3.553922176361084 -21.33985710144043 0.3724912106990814 2.281498 1.642419 1.241784 1.582731
1 -0.9766526818275452 -21.00505638122559 0.3198320269584656 1.217064 0.922565 0.586942 1.582731
1 -16.16808128356934 -20.55763244628906 0.05905392393469811 2.164649 0.842169 1.267896 1.582731
1 18.86655807495117 2.967079401016235 -0.8455262184143066 3.942479 1.660277 1.745742 -0.01650359
1 -6.016068458557129 -21.14923667907715 0.1229860931634903 2.56382 1.538204 1.248544 1.582731
2 26.04304885864258 2.837620973587036 -0.396065354347229 4.397355 2.265439 2.892302 -0.01618962
1 -23.05288696289063 5.219323635101318 -1.149885892868042 4.13067 1.752559 1.537471 -0.0229521
2 10.91852855682373 -3.522799253463745 -0.4648106694221497 11.942248 2.938008 2.586472 -0.02141061
6 24.0025577545166 4.885115146636963 -1.037757992744446 0.419985 0.325405 0.217556 0.04607446
2 23.14728927612305 -0.6371334195137024 0.3285706639289856 11.97851 2.568007 1.029742 -0.003098429
1 6.367305278778076 -0.1019139736890793 -0.7947520613670349 3.854622 1.784238 1.932849 -0.001968511
2 20.3951416015625 -2.639213085174561 0.4089286029338837 2.184485 0.641261 1.084291 0.003418442
1 11.6780891418457 2.582077503204346 -0.942369282245636 4.776659 2.069362 1.711345 -0.005582334
1 -6.852755069732666 -0.1050123050808907 -1.00047242641449 4.140014 2.196214 1.551926 0.0007887792
2 0.4293457269668579 4.806846618652344 -0.6465340256690979 11.059616 2.934787 2.28638 0.006469327
6 -19.30739212036133 1.520519256591797 -1.389372944831848 0.316422 0.268511 0.403894 0.01458022
2 45.86715316772461 20.72036552429199 -0.7361128330230713 5.980479 2.000093 1.864261 3.04372
4 5.602635383605957 -7.57767915725708 -0.7749283313751221 2.277224 0.715818 1.561098 -0.0656091
2 53.02116012573242 20.26725769042969 -1.099734425544739 0.280634 1.284189 0.534961 3.0209