1 -19.89704513549805 4.022533416748047 -0.934209406375885 4.105399 1.938855 1.862463 0.0
1 18.83047866821289 2.957471609115601 -0.8482905626296997 4.06132 1.596062 1.743515 -0.00653665
1 -16.18560791015625 -20.60417366027832 0.08606141805648804 2.154795 0.82475 1.2293 1.54193
6 -19.42313194274902 1.60375702381134 -1.448875188827515 0.426985 0.285124 0.574325 -0.04099713
2 -3.169259309768677 4.952847957611084 -0.6262288093566895 11.077094 3.013187 2.34391 0.00695219
2 13.35167598724365 -3.475857257843018 -0.3065149188041687 12.045547 3.027644 2.842893 -0.02535573
1 -42.31576538085938 5.38519287109375 -1.414486765861511 1.250378 1.783417 0.996372 -0.005064446
2 -12.94998741149902 -3.19497275352478 -0.459798276424408 12.130923 2.962248 2.640536 0.004606118
1 6.413137435913086 -0.1844307035207748 -0.7860326766967773 3.893655 1.833619 1.95702 0.05991128
1 -3.38414192199707 -21.72359657287598 0.4425863325595856 3.026817 1.567334 1.137878 1.705675
6 -25.83795166015625 -4.002340316772461 -1.267797231674194 0.479827 0.740549 0.460878 0.01303758
3 34.92076110839844 35.71096420288086 -1.033509492874146 0.444483 0.204873 0.727289 3.071434
2 53.07840728759766 20.29770660400391 -1.088561654090881 0.217821 1.284994 0.500232 2.999177
2 45.94939804077148 20.7158088684082 -0.8948795199394226 5.857052 1.811966 2.125213 2.997748
1 -5.824374198913574 -21.53508758544922 0.114885687828064 3.290671 1.568465 1.257799 1.660165
6 24.03249359130859 5.036156177520752 -1.085098028182983 0.449368 0.329813 0.199624 0.04767344
1 -6.845474243164063 -0.1186823472380638 -1.024141907691956 4.074248 2.14486 1.48115 0.03147727
1 -14.69498538970947 -0.02238654159009457 -0.1866614520549774 5.389377 2.14829 1.289229 0.0
1 11.36358261108398 2.599433183670044 -0.956333577632904 4.782155 2.106951 1.748558 3.315588e-17
2 25.61771965026856 2.809367418289185 -0.2421162724494934 4.392923 2.165508 2.547175 -0.02292773
2 23.1596565246582 -0.6176615357398987 0.3825645446777344 11.972649 2.569679 0.910919 0.0