1 -56.30100250244141 17.28397750854492 -1.045206904411316 6.350802 2.546085 1.392001 2.998757
1 42.80344390869141 40.01656341552734 -0.9464825391769409 5.207314 1.688582 1.621102 1.56478
4 17.05351638793945 -7.450366497039795 -0.9336559772491455 0.974952 0.42708 1.016045 -0.01620926
6 20.74998283386231 0.6438615322113037 0.001739135477691889 1.433377 1.309888 0.207592 0.0
5 20.22494506835938 19.55364799499512 -1.683859825134277 0.177479 0.250637 0.410876 0.1885956
3 28.15877723693848 25.34625816345215 -1.099797964096069 0.819076 1.002144 1.322732 0.5297285
5 17.26524925231934 18.78519821166992 -1.572246551513672 0.169455 0.167739 0.511182 0.128796
4 -17.96009635925293 -6.362977981567383 -0.7998715043067932 0.817747 0.716959 0.911355 0.01248417
6 14.18545436859131 18.25811004638672 -1.610200881958008 0.159065 0.149976 0.318556 0.01429939
1 18.08206939697266 -1.692065596580505 -0.9043158888816833 3.693217 0.476957 1.374111 0.008585991
2 -21.76304435729981 3.240244388580322 -0.4469072818756104 12.510566 3.017406 2.816078 0.03514609
6 11.77690601348877 3.318356990814209 -0.3178227841854096 0.538928 2.461616 1.941482 0.09515837
2 18.03375244140625 3.742137432098389 -0.2920171618461609 11.827131 2.751053 2.837996 0.06137437
6 11.43761157989502 18.27581977844238 -1.672147750854492 0.192405 0.190202 0.460472 0.0
4 34.75550079345703 35.58119201660156 -1.311602711677551 1.484389 0.482203 1.289685 1.37951
1 7.310575008392334 0.2156962007284164 -0.7750515937805176 3.163394 2.065818 1.809807 0.008585991
5 22.82461166381836 20.85966873168945 -1.655177116394043 0.210757 0.206835 0.438402 0.4939248
1 46.060302734375 -19.76344108581543 -0.6368147730827332 4.163302 1.74702 1.61268 1.679711
1 -6.139209747314453 -0.1114315465092659 -0.6716465950012207 6.026621 2.350447 2.268294 0.04651141
6 23.88568878173828 -2.816248655319214 -0.1788128614425659 1.001293 0.502092 0.14033 6.334846e-17
6 -19.83520698547363 -3.65204119682312 -0.4664863646030426 1.276486 0.652132 0.362491 -0.01185643
1 4.926880359649658 -2.383807182312012 -0.8057510852813721 4.123224 1.715605 1.883048 0.008585991
5 18.75809478759766 19.130859375 -1.590901494026184 0.146135 0.150716 0.389197 0.2597434
1 48.70102691650391 -17.04638862609863 -0.7894511818885803 4.005063 1.621277 1.38848 1.626693
4 27.67400169372559 21.97270393371582 -1.028578758239746 1.822626 0.74541 1.626389 1.084674
2 52.67180633544922 -22.50442314147949 0.6548849940299988 11.305335 2.942751 3.162329 1.649549
1 46.91726684570313 32.74374008178711 -1.215421319007874 3.879009 1.885116 1.428195 1.417761
6 -19.17397117614746 -5.391996383666992 -0.8202271461486816 0.891962 0.683647 0.887168 0.0
1 12.38531684875488 -2.234473943710327 -0.7054044604301453 4.544675 1.65114 1.887065 0.008585991
6 30.25763511657715 21.3375186920166 -1.13832414150238 1.911951 0.6469 1.415135 0.9583288
1 -6.984825134277344 -2.658958673477173 -1.095509052276611 4.399208 2.068222 1.557065 0.02150199
6 -14.0790605545044 -3.416601896286011 -0.7748945951461792 2.045592 0.760905 0.638208 0.0459558
6 -9.250997543334961 -6.325298309326172 -1.128450155258179 1.424926 0.777315 1.561795 -0.01304758
1 0.7378537058830261 3.434300899505615 -1.030928492546082 4.390411 1.796287 1.386247 0.008585991
2 46.80011367797852 -28.02834510803223 0.1950683891773224 6.081203 2.336231 3.12917 1.629318
1 -1.124771356582642 -3.111664056777954 -0.87227463722229 5.048781 1.92374 1.674709 0.008585991
1 37.78535079956055 16.10266876220703 -0.9832022786140442 3.942549 1.816357 1.417288 0.7697818