1 -1.087549686431885 -3.128467559814453 -0.8661901950836182 5.035933 2.094878 1.665761 0.05931881
2 -6.148702621459961 -0.1141334623098373 -0.6403244733810425 5.981112 2.315757 2.206623 0.03446842
6 -1.901833295822144 -4.663540363311768 -0.6618614792823792 0.09069 0.17973 0.078468 0.0
1 14.99532413482666 -5.249995708465576 -0.7846251130104065 2.902372 1.767399 1.675177 0.003262069
2 -56.35393524169922 16.66504859924316 -0.6404358148574829 6.512356 1.701533 1.589082 -3.134247
6 -2.254847288131714 1.975309729576111 -1.074211359024048 0.084376 0.135434 0.18467 0.0
6 -19.92253684997559 -3.678990602493286 -0.3994622826576233 1.064774 0.538463 0.159269 -2.969363
1 -6.996084213256836 -2.681638479232788 -1.109275221824646 4.370772 2.02025 1.417009 -0.003088554
2 14.81892776489258 -2.231016159057617 -0.7095609307289124 9.402659 1.632986 1.89661 0.003262069
1 -14.12970542907715 -3.405344247817993 -0.7075514793395996 2.137169 0.651981 0.505028 0.0
1 45.68059921264648 -20.05033302307129 -0.6796387434005737 3.747167 1.009006 1.709663 1.678322
2 -21.65145111083984 3.281599283218384 -0.2325498014688492 11.793123 2.789676 2.096235 -0.02073207
1 12.49158573150635 2.988487720489502 -1.009125351905823 3.790273 1.10098 1.495762 0.003262069
1 -5.97873592376709 2.289702653884888 -0.8842399716377258 4.192264 1.875846 1.879146 0.1255649
3 28.55317306518555 -16.27314186096191 -0.7239781618118286 0.194953 0.235071 1.514202 3.141592
6 28.87421417236328 6.610373973846436 -0.2700094282627106 0.072373 0.667585 0.178448 0.08407971
2 52.74570846557617 -22.90314102172852 0.6096773147583008 11.605934 2.700402 3.193071 1.668545
6 32.38423919677734 3.814740896224976 0.3740128874778748 0.327676 0.392159 0.838701 -1.545158
1 4.976625919342041 -2.447996377944946 -1.013866305351257 4.164558 1.663242 1.475434 0.02654216
1 6.721925735473633 0.1937838941812515 -0.7732669711112976 1.918269 2.124624 1.807241 0.0171832
6 20.45617485046387 0.6990789175033569 0.004597228951752186 1.500323 1.488827 0.2534 0.0
1 -27.51900482177734 17.90405654907227 -1.352954268455505 3.532756 1.102545 1.115031 3.020566
2 19.32837295532227 3.453067302703857 -0.2431386858224869 4.745703 1.942459 2.354665 0.003262069
6 23.93312835693359 -2.778512477874756 -0.1688960939645767 1.152063 0.544687 0.236254 4.645145e-16
4 -12.64228534698486 -5.921190738677979 -0.8442636728286743 1.66061 0.721546 1.018452 0.01109931
2 4.745437622070313 2.76015305519104 -0.593096911907196 7.935833 2.070803 2.270628 0.009760023
6 3.593729734420776 4.118178367614746 0.3645843863487244 0.131147 0.187924 0.038988 -1.117481e-15