3 25.72234344482422 32.89723587036133 -0.9835039377212524 0.632608 0.507454 0.890873 1.83279
1 -2.951427221298218 17.3738956451416 -1.013415217399597 2.795627 1.783774 1.12905 -1.385832
1 -15.85596466064453 41.36464309692383 -1.438585758209229 0.601277 1.469701 0.564768 1.729937
3 -14.31594276428223 -13.37970924377441 -0.7386711835861206 0.604101 0.451841 1.473451 0.2255602
1 -19.30772018432617 30.36953163146973 -0.9082703590393066 0.533373 1.68759 0.999121 1.735456
1 -44.37862777709961 21.32828330993652 -1.347582697868347 0.914856 1.1034 0.622774 1.648706
2 -16.82755279541016 -7.798569679260254 -0.5305265784263611 5.471737 2.504734 2.410202 0.1329674
2 -27.50755310058594 -9.271312713623047 -0.6693063974380493 5.116797 1.718352 2.106989 0.1238292
1 10.02521896362305 29.87392044067383 -1.46661365032196 2.475722 1.55801 1.419993 1.780044
3 29.36435699462891 -6.826959133148193 -0.6534088253974915 0.537834 0.455443 0.987453 0.1749791
4 24.97769546508789 12.66885471343994 -1.500393748283386 1.990301 1.158309 0.786191 -2.914439
1 -51.99068832397461 9.605110168457031 -1.017974257469177 1.423886 0.497551 0.592288 -1.779944
1 -5.253888130187988 17.54440116882324 -1.037966728210449 3.9976 1.74758 1.673358 1.671167
3 35.10706329345703 19.22145843505859 -1.108002424240112 0.183096 0.280708 0.472287 -3.077978
1 -24.87790298461914 -6.580191135406494 -0.981048047542572 4.155097 2.013628 1.516309 0.1213399
1 24.19218444824219 2.719743490219116 -1.049047946929932 3.128552 1.868476 1.707029 0.1359021
1 -50.13690948486328 -10.25589561462402 -1.431752920150757 0.720283 1.390695 0.57615 0.1109772
1 21.24033355712891 20.51859664916992 -0.8498116135597229 2.073468 1.071941 0.593078 1.802278
1 7.613434791564941 30.02510833740234 -1.424060106277466 4.155084 1.826294 1.627869 -1.403558
1 -21.55345344543457 -2.938295602798462 -0.9259247183799744 3.365168 1.96788 1.546413 0.1695421
1 6.723997116088867 33.74789047241211 -0.779144287109375 0.405105 0.895686 0.692872 1.827781
4 27.83208274841309 12.73235130310059 -1.33484160900116 1.025397 0.565342 0.822949 2.737597
1 -11.6813554763794 -6.758037567138672 -1.015709519386292 3.303472 1.803634 1.485603 0.04133157
1 -2.300838470458984 27.09104728698731 -1.647902846336365 0.978916 0.670914 1.052565 1.681615
4 21.14168930053711 7.816087245941162 -1.215886354446411 2.132254 0.753806 1.499088 3.034799
6 34.72777557373047 2.287272453308106 -1.131297469139099 0.363149 0.023197 0.870572 -1.464518
1 42.51653671264648 7.814383983612061 -1.302937150001526 4.25846 1.956089 1.545186 0.1302827
1 -33.53012466430664 12.91032791137695 -1.240720391273499 1.278667 1.336573 0.710912 1.749527
4 33.60197830200195 1.519684195518494 -1.181849479675293 1.591174 0.395257 0.715588 -1.481585
1 -21.80757522583008 15.31491661071777 -1.052040576934815 4.106924 1.662056 1.695291 1.714465
1 14.77575302124023 36.65365982055664 -0.3204568922519684 1.116409 0.704587 0.57443 2.204108
6 28.11601448059082 1.422500252723694 -1.037100672721863 0.430691 0.288639 0.387613 -1.395361
1 -9.495610237121582 16.18353652954102 -1.117597222328186 2.325058 1.669324 1.385126 1.777968
1 -12.18521690368652 16.28467750549316 -0.996033787727356 3.530514 1.735387 1.487472 1.706248
1 13.60201835632324 20.65010070800781 -1.151731848716736 3.243653 1.638662 1.227544 -1.399999
1 -0.5614171028137207 18.28460884094238 -1.00329065322876 3.077496 1.727253 1.376497 1.774742
1 17.18886566162109 31.75943183898926 -1.019402861595154 2.381789 1.533744 1.183655 1.681942
4 19.2203369140625 11.24233722686768 -1.041916728019714 1.061507 0.651303 1.153215 -2.953084
1 -7.904726982116699 -0.6636441349983215 -1.024716019630432 3.564419 2.024501 1.464164 0.1445203
1 11.94488048553467 31.11678314208984 -0.7471872568130493 1.516649 1.185501 0.704321 1.784939
1 -11.82778739929199 27.1730899810791 -1.150069713592529 4.072046 1.674731 1.192297 -1.400619
1 16.69036483764648 0.06746064126491547 -1.111772298812866 4.154994 1.811192 1.501367 0.1435561
1 9.086304664611816 35.17059326171875 -0.8086718916893005 2.405553 1.108829 0.774822 1.824079
3 25.77117538452148 11.09192180633545 -0.9118900299072266 0.35323 0.428887 0.791794 0.1326641
1 9.718635559082031 2.538974523544312 -1.020959615707398 3.898181 2.123573 1.626609 0.1764114
1 -11.90046215057373 47.86066436767578 -1.362674355506897 1.441063 1.216557 1.360813 1.812329
1 1.981107711791992 17.67320823669434 -0.8791452050209045 1.746697 1.732422 1.317405 1.675094
4 41.57780456542969 2.774994850158691 -1.417515397071838 1.217393 0.191778 1.068927 -1.458214
1 25.52799034118652 9.864507675170898 -1.281881809234619 3.635132 1.932212 1.564897 -2.993895
1 -8.994157791137695 42.6539192199707 -1.435791611671448 0.523998 1.471554 0.515581 1.790491
6 -33.521240234375 -9.77734088897705 -0.2377307564020157 1.495559 0.220224 0.465627 0.1890234
1 32.06033325195313 1.969032526016235 -1.185933470726013 0.657983 1.146718 0.829355 -1.454663
1 -14.53253746032715 15.70045280456543 -0.929619312286377 2.85057 1.764422 1.29791 1.738687
6 36.61545944213867 1.954728007316589 -1.292634248733521 1.479098 0.353958 1.099672 -1.453033
3 -8.7892427444458 -12.20342445373535 -0.5148376822471619 0.511551 0.760589 1.150982 0.2049207
3 6.565970897674561 27.59329605102539 -1.147285342216492 0.340741 0.536075 1.254887 1.73256
3 -6.830516338348389 58.96206283569336 -1.467597723007202 0.259011 0.117646 1.175703 0.165705
4 -3.547700881958008 8.572810173034668 -1.185989022254944 1.586186 0.701091 1.497893 -3.041836
1 8.598910331726074 19.78171730041504 -0.9292066097259521 4.203515 1.875137 1.270171 1.759665
1 -23.97813034057617 13.74740600585938 -0.7938085198402405 1.763165 1.211368 1.385862 1.744227
1 -42.87182235717773 11.78307247161865 -1.206843852996826 3.678508 1.248172 0.578195 1.736811