1 49.65874862670898 -2.125892162322998 -1.192700386047363 1.093604 1.820553 1.042635 0.01576553
1 29.45306587219238 14.01595497131348 -1.407729268074036 4.514371 1.980066 1.565143 -3.136607
4 -16.31851387023926 -28.97231101989746 -0.8317182064056396 1.449581 0.717109 1.240146 -1.611706
3 -56.92008209228516 -10.15926361083984 -1.042282700538635 0.464817 0.343476 1.119906 -0.004720356
1 -42.77148818969727 -3.732366323471069 -1.194556355476379 2.84689 1.607057 1.35803 -0.006024169
1 -20.01620674133301 -0.1328232139348984 -1.168710231781006 2.761542 1.789046 1.375515 0.01153784
6 -57.51732635498047 12.62655830383301 -1.456369280815125 0.233274 1.279033 0.316562 -3.136344
1 -10.61992454528809 -39.40637588500977 -0.6802520155906677 3.62576 1.697864 1.299942 1.56111
6 50.20161056518555 13.44619846343994 -1.90266215801239 0.347234 1.527367 0.340262 3.13269
3 -5.375067710876465 -31.36410522460938 -0.5897302627563477 0.652803 0.306146 1.226078 -2.389697
3 -1.502495527267456 -34.16982269287109 -0.3670974671840668 0.574583 0.510779 1.094055 -1.619385
4 17.49770736694336 -10.92470836639404 -1.052864909172058 0.8973 0.533802 1.070891 1.558259
5 5.418267726898193 -11.26714420318604 -1.441460132598877 0.161814 0.105102 0.468083 -3.076995
1 -57.8734245300293 -3.24920654296875 -1.347938537597656 2.58114 1.005277 1.104574 -0.009403158
1 -9.90092658996582 10.6798267364502 -1.221544504165649 4.144803 1.812259 1.599805 -3.120475
1 2.11361575126648 10.13831520080566 -1.24721884727478 4.505684 1.792198 1.446795 3.136134
1 48.55935287475586 0.3173930644989014 -1.141871929168701 4.52049 1.964014 1.513383 0.318626
6 -21.5423641204834 15.41780281066895 -1.917816042900085 0.259175 0.26559 0.453448 -0.02404369
3 0.7991763353347778 -33.28573608398438 -0.2830941379070282 0.97166 0.413724 1.26019 2.847882
3 -25.94862174987793 -38.49612045288086 1.053951382637024 0.664999 0.39003 1.423242 -0.02118905
5 2.090829372406006 -12.90243530273438 -1.4875248670578 0.117663 0.137759 0.51635 -3.076995
5 3.709116697311401 -12.00411796569824 -1.457282781600952 0.112079 0.071753 0.492306 -3.076995
3 10.40981292724609 -11.00311756134033 -0.7070813179016113 0.614406 0.607648 1.720161 1.576218
4 -13.23087501525879 -9.493959426879883 -0.8837113380432129 1.022594 0.643585 1.408982 0.03840462
1 -33.30052947998047 10.05985450744629 -1.357212781906128 4.212269 1.801998 1.508869 -3.139372
2 -7.850938320159912 -3.524426698684692 -0.7730817794799805 5.4183 2.028207 2.0373 0.02464033