3 2.516640424728394 16.02604484558106 -0.735506534576416 0.164525 0.313482 0.553957 -2.355612
1 -16.68216514587402 6.627092361450195 -1.056777119636536 3.324444 1.767199 1.482577 -3.081975
1 4.158291339874268 -38.37250137329102 -0.7762203216552734 1.500697 0.426779 0.642469 0.0747207
1 15.47863578796387 -27.24227142333984 -0.1389101296663284 1.005613 0.473116 0.587601 -0.02914023
1 2.981856346130371 -13.12235355377197 -0.6828435063362122 4.133635 1.794545 1.69748 -1.551918
1 20.02738571166992 5.994034767150879 -1.151962041854858 4.188213 1.963341 1.46091 3.087487
1 24.92575836181641 8.95639419555664 -0.8970675468444824 3.294115 1.537984 0.971209 3.06423
3 -28.55973434448242 -19.38479804992676 0.1699919849634171 0.150013 0.222508 0.426504 -0.04983089
1 -11.10099220275879 -13.84585189819336 -0.5850616693496704 4.249823 1.735433 1.451891 -1.566408
1 5.426344394683838 -28.1849479675293 -0.3026702105998993 1.395736 1.416548 0.72162 0.09958214
4 27.43757629394531 -0.1092262417078018 -1.230957984924316 2.322403 0.860738 1.441836 -0.04323465
1 -18.96067619323731 -29.8511962890625 0.40943843126297 1.043223 0.558597 0.526716 -0.9235965
1 -26.9573917388916 -14.59399890899658 0.2871281802654266 1.711304 3.132363 1.193933 0.09216488
1 22.06829071044922 -10.90348243713379 -0.8054895401000977 1.245857 1.383327 1.415641 1.567093
1 -23.40414047241211 -13.28347206115723 -0.3992709219455719 2.162801 1.016446 0.507626 1.415311
4 -26.48592758178711 -5.028509140014648 -1.142837762832642 1.11116 0.566627 0.793587 -1.385533
1 -25.42466735839844 4.750210762023926 -0.8422398567199707 4.18392 1.696626 1.657729 -3.124487
6 -49.26648712158203 -11.33666515350342 -0.04708318039774895 2.691178 1.083149 0.412407 0.1171928
1 -32.5793342590332 -2.944967269897461 -0.9878741502761841 3.947592 0.543778 1.263073 -0.8079807
3 2.709697246551514 15.66934299468994 -0.6132316589355469 0.292631 0.419632 0.893906 -2.442826
1 -11.1131763458252 -23.41887664794922 -0.847064197063446 2.637297 1.743804 1.500627 1.647706
1 0.658300518989563 -12.96847057342529 -0.7947102785110474 3.712631 1.543594 1.36794 1.53846
1 -13.57339954376221 -23.69568824768066 -0.8271074891090393 2.465544 1.667011 1.43854 -1.515381
1 11.18032741546631 -23.2289924621582 -0.8189514875411987 3.901424 1.767644 1.463351 1.610954
1 19.62666130065918 -12.59671306610107 -0.8655863404273987 4.18396 1.66339 1.642319 -1.512645
3 -29.98486518859863 -30.84749794006348 -0.1186077147722244 0.354548 0.338461 1.033033 -1.593247
1 -4.177058696746826 -13.52763366699219 -0.6826283931732178 3.901149 1.758328 1.768294 -1.520831
1 46.51660537719727 1.575682044029236 -1.245119452476502 0.745949 1.782175 1.280767 0.05971066
1 34.17550277709961 11.4061803817749 -0.5145754814147949 2.160357 0.97265 0.54493 3.122813
1 -13.74551582336426 3.188286542892456 -1.034931302070618 4.452157 1.926695 1.4507 -2.9235
1 -28.38441848754883 -5.204653263092041 -0.9917302131652832 3.405953 0.902842 1.418463 -0.7959064
3 -26.64570045471191 -10.13348007202148 -0.5155330300331116 0.285017 0.534304 0.707745 -0.01388342
3 -23.49028778076172 -5.043039321899414 -1.382843494415283 0.34873 0.359553 0.845591 0.01106572
1 8.482158660888672 -23.2464599609375 -0.8369702696800232 3.801226 1.79231 1.477785 1.63238
6 -42.17288208007813 6.038605213165283 -0.9576870203018188 0.389989 0.575085 0.861963 3.139413
1 45.89069366455078 -10.3338680267334 -0.9892332553863525 5.510026 1.286478 1.229204 1.529784
1 11.96411037445068 10.38413238525391 -1.163590550422669 3.147674 1.617913 1.493747 3.071955
3 1.396882891654968 15.37035846710205 -0.9103795886039734 0.175687 0.231758 0.365229 -1.666506
3 1.724732398986816 16.27036857604981 -0.6874468922615051 0.382735 0.385719 1.019091 -1.683984
1 20.28075218200684 -27.75257110595703 -0.2306953072547913 1.947744 1.563282 0.515642 -1.635307
3 -18.22733116149902 15.36703968048096 -0.5224774479866028 0.5775 0.45404 0.908182 -3.094508
1 -15.24604988098145 -24.43437767028809 -0.6638241410255432 3.242798 0.741605 1.672066 1.595102
3 -24.54911041259766 -9.978076934814453 -0.3163397610187531 0.235445 0.555046 0.686002 -0.01388342
1 -1.111983299255371 -23.78616333007813 -0.8569689393043518 4.332285 1.796843 1.574747 1.505449
1 50.33052444458008 9.704301834106445 -2.010614156723023 0.87736 1.546651 0.690421 3.11101
1 7.48916482925415 -12.9170732498169 -0.8783494830131531 3.867053 1.79812 1.467485 -1.454206
1 -9.716582298278809 0.006374037824571133 -0.9750300049781799 3.6522 1.90603 1.557121 0.0557947
1 -20.74907684326172 -12.60873031616211 -0.7462491393089294 1.299743 1.265184 1.286118 1.662954
1 40.43210983276367 -10.6406135559082 -0.7525931596755981 3.942765 0.690751 0.939445 1.734354
3 -20.53541374206543 14.51318550109863 -0.5623573064804077 0.302905 0.445057 0.690703 3.088916
1 6.753861904144287 -44.86702346801758 -0.5354560613632202 3.426708 1.582512 1.434664 1.59359
1 -1.807382345199585 -13.56449604034424 -0.7470229864120483 3.698 1.905739 1.533679 -1.54129
2 27.97187423706055 11.29932117462158 -0.5756704807281494 4.910541 1.813993 1.274771 -3.094161
3 1.20282256603241 15.16250705718994 -0.665412962436676 0.224265 0.426673 0.82921 1.334348
3 -32.04676055908203 -9.980598449707031 -0.3428971767425537 0.363486 0.467436 1.070413 0.1462696
4 39.11199569702148 19.45527076721191 -0.7960242629051208 2.296947 1.955791 1.966671 0.02155901
1 3.616209983825684 4.828196525573731 -1.015484929084778 4.45169 1.822945 1.533028 -3.130177
1 12.27449893951416 -11.9044828414917 -0.6792492270469666 2.382615 1.670101 1.421937 -1.567715
2 17.1365909576416 10.90072727203369 -0.7451446056365967 5.753613 2.235916 2.42453 -3.077094
1 10.37317752838135 4.783974647521973 -1.105371713638306 5.039405 1.750485 1.418957 -3.10257
1 9.904982566833496 -12.35050106048584 -0.8206255435943604 3.173552 1.741371 1.664169 -1.547843
6 39.55955123901367 11.49311542510986 -0.8962992429733276 1.187764 0.297788 0.062875 3.114427
4 22.97775650024414 -8.707554817199707 -0.8727216124534607 1.473464 0.505704 0.729954 0.01132327
1 -13.13469314575195 -28.85645484924316 0.03504639863967896 1.350482 1.147141 0.700178 0.03870647
1 -16.05227279663086 -14.43956565856934 -0.581997811794281 2.6748 1.630166 1.009705 1.552945
3 -28.10529518127441 -4.527851104736328 -0.9842695593833923 0.388736 0.629803 1.433005 -2.504895