1 29.65414810180664 17.4975757598877 -0.720827579498291 3.058209 0.946309 0.711087 1.564858
5 -5.604684352874756 -7.090991973876953 -1.556868076324463 0.23477 0.436005 0.269127 1.548654
1 -24.81918334960938 15.68359279632568 -1.405665874481201 0.809495 1.469291 1.152444 1.571895
1 -0.7040459513664246 33.24259948730469 -1.1056307554245 2.702632 1.390228 0.986448 1.525029
1 -36.49109268188477 14.9350004196167 -1.298565149307251 2.890355 0.925325 0.975415 1.702325
6 -50.91067123413086 4.223184108734131 -1.84118914604187 0.343385 1.211814 0.304973 0.09848311
1 38.30852508544922 33.76679611206055 -0.4349302053451538 1.078655 0.386035 0.617263 2.029705
2 27.6153564453125 0.5766163468360901 -0.4741232991218567 0.404928 1.730698 1.088551 0.06534673
1 3.459776163101196 33.75070190429688 -1.412296175956726 3.714075 1.785201 1.588204 1.868893
1 -17.71183967590332 32.6413459777832 -1.760070562362671 2.417714 1.7723 1.200228 1.536147
3 34.6338005065918 -10.76270580291748 -0.2924050390720367 0.289663 0.536596 0.973655 0.007051327
2 -9.890752792358398 -5.821017265319824 -0.5925585031509399 5.369272 1.923984 1.930963 -0.0036572
1 19.79426956176758 0.3886740207672119 -0.7493215799331665 2.986433 1.998054 0.679356 -0.02037865
1 -44.02677154541016 15.83612155914307 -1.541952729225159 1.134682 1.594594 1.106753 -1.583059
1 -35.91587448120117 4.27344560623169 -1.708423972129822 2.038391 1.428514 1.215819 -3.136467
5 -2.902279376983643 -7.100150108337402 -1.557562947273254 0.224328 0.443759 0.307662 1.548654
1 45.79550552368164 2.919641017913818 -1.194413185119629 1.622927 1.045676 1.186793 -0.006812856
1 -16.08540916442871 -5.831836700439453 -0.8859527111053467 4.070057 1.437934 1.816417 0.05865676
2 0.9213966131210327 -5.753384590148926 -0.6618779897689819 5.689013 2.479387 2.185336 0.004169778
3 -8.941709518432617 -11.39062023162842 -0.8723902106285095 0.68841 0.560288 1.726827 0.1039601
1 -5.619572639465332 -0.08142584562301636 -0.9672403335571289 3.81593 2.043996 1.171925 -0.0123755
4 44.94598770141602 8.77259349822998 -1.387130975723267 1.349755 0.550569 0.828947 1.611146
1 -14.79558277130127 -0.6105507612228394 -0.7061306834220886 2.589851 2.018686 0.760438 -0.03687322
1 7.600814342498779 0.2353188246488571 -0.990079939365387 3.123352 2.07473 1.569251 0.0003859074
1 -3.246106386184692 32.04854583740234 -1.304112076759338 0.848923 0.632924 1.37507 1.561123
1 -29.67246437072754 28.58203125 -1.947656631469727 2.617995 1.707679 1.322896 1.51948
1 -33.17250442504883 -3.671296834945679 -1.45915412902832 2.233763 1.624091 1.26582 0.0389606
1 -31.8513240814209 16.72537612915039 -1.657914638519287 2.781 1.234908 1.163886 1.591013
5 -6.941172599792481 -7.157376289367676 -1.597774744033814 0.299289 0.412491 0.311043 1.548654
1 -15.38885498046875 17.06657600402832 -1.358163356781006 3.154737 1.822253 1.213402 -1.316042
3 -13.22087383270264 12.13037967681885 -1.03024160861969 0.434182 0.369188 0.803758 0.006977479
1 6.363526344299316 16.94954109191895 -1.040088295936585 2.754506 1.757229 1.469256 1.593755
1 -27.23439788818359 16.89736938476563 -1.36123788356781 2.349974 1.263956 1.233086 1.598771
1 -3.393695831298828 16.68258285522461 -1.040478110313416 2.386852 1.787728 1.49732 1.564602
1 -15.87539958953857 4.383045673370361 -1.311542391777039 4.049692 1.73241 1.425284 -3.099833
1 -21.07819938659668 -5.971793651580811 -1.246080636978149 3.925375 1.645141 1.3721 -0.03687322
1 8.47360610961914 44.32411956787109 -1.589203000068665 3.732167 1.91544 1.273008 1.592301
1 1.374974846839905 43.49824905395508 -1.79736328125 1.477594 1.684343 0.893521 1.604138
1 -7.001978874206543 -3.487891674041748 -1.028089761734009 4.40389 1.958803 1.541911 -0.01871769
3 -2.163958549499512 -13.93942737579346 -0.439329981803894 0.426511 0.598359 0.644202 -1.905527
1 -34.45444107055664 15.54510021209717 -1.529937505722046 3.427574 1.97178 1.194472 1.857493
1 15.70044994354248 17.81374168395996 -1.013323187828064 4.161119 1.730463 1.348565 1.556441
6 59.2824821472168 -3.143608808517456 -0.3890244364738464 0.37584 1.161897 0.423762 -0.01235703
4 43.9139289855957 7.665948867797852 -1.021672964096069 0.991618 0.48367 0.902351 -3.090924
1 -19.88979911804199 32.374267578125 -1.768115162849426 1.507054 1.044487 1.181846 1.677066
1 42.20392990112305 -1.251000046730042 -0.8455681800842285 1.390823 1.445052 1.623484 0.00436483
1 -0.8599972724914551 17.09573364257813 -1.035535335540772 3.014643 1.899066 1.354945 1.559874
1 -39.14469528198242 15.92816829681397 -1.384321331977844 0.832842 0.824635 1.02267 1.602586
3 6.253458976745606 12.34615230560303 -0.956167995929718 0.489655 0.543797 0.577858 -3.11505
3 53.06703948974609 10.19796180725098 -0.8722888231277466 0.392416 0.570189 0.811132 -3.048666
1 11.31285381317139 16.81699180603027 -1.170468926429749 2.093906 1.59984 1.316984 1.739044
1 -25.60852813720703 -5.695008754730225 -1.298078298568726 3.96935 1.718117 1.425975 0.005125584
1 44.61442184448242 5.777071475982666 -1.061897158622742 2.179573 1.784369 1.407479 -3.124037
1 35.17093658447266 -2.634750604629517 -1.168342232704163 3.816245 1.664255 1.052236 0.004364831
4 -8.226812362670898 12.2783374786377 -1.012195587158203 1.534517 0.590379 0.653424 -2.925428
1 7.763330459594727 28.29204177856445 -1.478462934494019 4.131661 1.660549 1.337099 1.580873
1 -45.94867706298828 14.28641891479492 -1.876786828041077 2.745398 0.56176 0.661436 -1.465306
1 20.73537254333496 17.66964340209961 -1.018049597740173 2.777941 1.607865 1.137683 1.562726
1 18.14010238647461 16.94335174560547 -1.131593465805054 2.169128 1.650828 1.137806 -1.584301
1 -22.42340278625488 17.67274284362793 -1.661935567855835 4.429612 1.896985 1.487121 1.554262
1 -12.85888862609863 17.05556106567383 -1.428787350654602 3.283432 1.628165 0.83074 1.582183
5 -4.271276950836182 -7.104145526885986 -1.553049325942993 0.217655 0.488151 0.314488 1.548654
1 22.76059722900391 17.72931289672852 -0.6449249982833862 3.491502 1.015346 0.766847 1.566555
1 8.721510887145996 17.00679016113281 -1.07526433467865 3.114069 1.625859 1.470077 1.654635
1 5.940975189208984 -5.42496919631958 -1.012298583984375 3.220319 1.683617 1.507376 -0.1088493
1 13.92386722564697 49.94129180908203 -1.285401821136475 4.006091 3.353035 1.670005 1.578947