1 -24.42255783081055 15.5614538192749 -1.40411901473999 0.591166 0.991517 1.117605 1.559186
1 45.97672653198242 17.31088256835938 0.2719152867794037 3.093876 1.566962 2.080812 1.478415
1 -33.6425895690918 -3.588546276092529 -1.638978838920593 3.698504 1.72309 1.219688 0.00595327
2 1.14179527759552 -5.758338451385498 -0.6718022227287292 5.586014 2.372292 2.212204 -0.0008982556
1 -29.44900703430176 28.31320571899414 -1.917505860328674 2.994431 1.492208 1.255746 1.568576
1 -20.80356025695801 -5.932561874389648 -1.311007499694824 3.625433 1.296832 1.479566 0.01212511
1 -7.257282257080078 -0.07387230545282364 -1.121345043182373 3.768445 2.026747 1.43709 0.001404047
1 1.626334547996521 43.36389541625977 -1.799880027770996 1.18133 1.704192 0.892265 1.541064
1 29.95777130126953 17.68280982971191 -0.5947458148002625 3.275196 1.168633 0.722504 1.542569
4 45.77005767822266 8.345873832702637 -1.13299286365509 2.476583 0.818152 1.036419 2.844506
1 -43.55274963378906 15.76360702514648 -1.564869165420532 1.090326 0.952951 1.091366 1.572849
1 -27.37030410766602 -0.693610668182373 -1.30062198638916 2.642654 1.883165 1.292999 0.0163051
1 20.85157585144043 17.70560646057129 -0.9707804918289185 2.88248 1.537549 1.43791 1.549399
1 6.497099876403809 17.6479434967041 -1.024094223976135 4.11374 1.804312 1.442756 1.555596
1 -27.08319664001465 16.29669952392578 -1.459751844406128 1.083624 1.274744 1.391356 1.572849
1 -12.68340969085693 16.97261810302734 -1.472132086753845 3.157461 1.642047 0.857668 1.555596
1 35.24731063842773 -2.647505283355713 -0.8814310431480408 3.725589 1.746827 1.352161 -0.01105049
5 -2.766467332839966 -7.12950611114502 -1.543435096740723 0.258616 0.460801 0.276882 1.626735
1 -0.7258623838424683 17.08238792419434 -1.04085898399353 3.000643 1.894753 1.355928 1.592455
1 42.19662857055664 -1.446827173233032 -0.7307431697845459 1.091452 1.166456 1.412816 0.001404047
3 -5.843118667602539 -16.87214660644531 -0.87467360496521 0.52127 0.653145 1.554708 1.326651
1 -31.6724853515625 16.77032470703125 -1.641048431396484 2.953884 1.159927 1.122716 1.572849
1 -25.43174362182617 -5.673762798309326 -1.445016741752625 3.956116 1.500507 1.438776 0.04194345
1 -19.80322265625 29.12589073181152 -1.542861104011536 1.89404 1.244473 0.994617 1.550276
1 -22.02022171020508 17.50492858886719 -1.602053165435791 4.321812 1.284423 1.347831 1.58013
6 40.37833023071289 2.605141878128052 -0.9531019330024719 1.663771 0.477857 1.32522 3.119018
3 -14.25474262237549 -11.15993118286133 -0.7102477550506592 0.657976 0.482386 0.896729 -0.01458076
3 -38.82971572875977 12.61226081848145 -1.313725590705872 0.321632 0.502065 0.493764 3.10557
1 -15.23258495330811 16.87717819213867 -1.44480562210083 2.70268 1.788066 1.096307 -1.261134
1 7.609535694122315 28.28448677062988 -1.395323514938355 4.184922 1.014079 1.458884 1.568576
1 8.91077995300293 16.98755645751953 -1.028984427452087 2.768362 1.753195 1.396064 1.608308
1 -15.90520095825195 -5.831494808197022 -1.012667536735535 4.066966 1.352752 1.925717 0.04763978
1 15.8289737701416 17.69657897949219 -0.9458537101745605 3.936423 1.654725 1.559234 1.555596
1 3.613824844360352 33.59650421142578 -1.418474078178406 3.368735 1.801935 1.595626 1.942122
1 12.48249053955078 50.40355682373047 -1.821206331253052 4.45017 0.392863 1.409852 1.650539
1 -6.841986656188965 -3.488132953643799 -1.083138942718506 4.398239 1.949381 1.585336 0.01198513
1 -13.41972064971924 4.586531639099121 -1.337344169616699 4.090822 1.624142 1.458817 -3.127361
3 28.45326042175293 -10.92678070068359 -0.2981365025043488 0.606289 0.621455 1.010118 0.0707862
1 -34.3733024597168 16.28742790222168 -1.652016043663025 1.735627 1.431371 0.977314 1.572849
1 6.690141677856445 0.20802341401577 -0.9869583249092102 3.11903 2.086272 1.612151 0.003543277
1 11.4573221206665 16.92233657836914 -1.07826030254364 2.195804 1.560425 1.170759 1.684421
5 -5.43706750869751 -7.096680164337158 -1.547744035720825 0.251498 0.40987 0.248154 1.626735
1 -0.5065984129905701 33.34417724609375 -1.028312683105469 2.559149 1.397865 0.819533 1.512061
1 -19.85014152526856 32.46805191040039 -1.817499041557312 1.846023 1.169537 1.209602 1.559817
1 44.9570198059082 5.839460849761963 -1.053446054458618 2.231229 1.99419 1.403193 -3.140189
1 8.712567329406738 44.50468063354492 -1.816486954689026 4.140895 1.978981 1.303438 1.568576
1 4.610937118530273 4.404528617858887 -1.139276623725891 4.629751 1.835749 1.461966 -3.140189
1 -38.83324813842773 16.41624450683594 -1.13431978225708 1.205512 0.343852 0.503542 1.572849
1 18.31135749816895 16.80023384094238 -1.072336077690125 2.103244 1.577874 1.047047 1.555596
2 -9.689102172851562 -5.83303689956665 -0.6539904475212097 5.388898 1.907746 1.923663 0.01213515
1 -3.101070880889893 17.11220932006836 -0.9448647499084473 3.324827 1.513638 1.330903 1.555596
5 -6.797669410705566 -7.159395694732666 -1.602859258651733 0.300367 0.462445 0.272897 1.626735
1 -36.58963394165039 15.7268009185791 -1.395231127738953 0.404552 1.545217 0.729068 1.572849
1 23.16756248474121 17.19311904907227 -0.8530922532081604 2.540801 1.416982 1.432245 1.551428
1 6.099600315093994 -5.447515964508057 -1.004519939422607 3.207584 1.739243 1.543665 -0.09713912
1 14.13253021240234 -0.1146785616874695 -0.5898701548576355 2.108776 1.578428 0.549726 0.001404222
1 -17.60823249816895 32.24689483642578 -1.819225192070007 1.715704 1.839961 1.064129 1.553571
2 21.72201919555664 0.4406839609146118 -0.4040581583976746 0.464931 1.803153 1.251044 0.04180589
1 -31.77617645263672 4.4197678565979 -1.641533017158508 3.522498 1.728452 1.395884 -3.112552
1 -3.187008857727051 32.29225158691406 -1.314913988113403 1.328097 1.214763 1.383903 1.588512
5 -4.089600086212158 -7.113400936126709 -1.571105480194092 0.246852 0.44862 0.239348 1.626735