1 -7.137827396392822 17.35203361511231 -1.194882750511169 4.102302 1.749476 1.489137 1.664676
3 -25.51948547363281 -9.350261688232422 -0.4351936280727387 0.502596 0.460469 0.645856 0.6405717
3 3.720787525177002 12.64461994171143 -0.8868287205696106 0.528779 0.469512 1.112555 1.377549
1 24.48536682128906 -5.82600212097168 -1.006525278091431 2.025181 1.13725 0.983066 0.1845138
4 -20.73656272888184 -5.662425518035889 -0.9054793119430542 0.518967 0.80197 1.171332 0.6409991
1 25.86453628540039 15.5944709777832 -0.9998937845230103 1.638513 0.820082 1.6033 -3.078384
1 14.80745887756348 27.16846084594727 -1.628055810928345 2.02897 1.197002 1.320773 -1.466402
1 -38.53993225097656 28.27763938903809 -0.8341686129570007 3.992981 1.28378 1.226486 -1.613414
1 4.997788906097412 17.26779937744141 -1.301385402679443 3.858887 1.871012 1.521625 1.595148
1 -29.17931938171387 5.796792507171631 -1.457896947860718 2.397048 0.511986 0.735765 -3.097247
1 16.91710662841797 -3.457690238952637 -1.136682271957398 4.201021 1.691403 1.50616 0.02971065
3 13.61972332000732 -11.75553607940674 -0.5230627655982971 0.338433 0.541657 0.940355 -0.07001811
3 -14.77940368652344 13.93491554260254 -1.030132532119751 0.419864 0.380838 0.493463 0.03318329
1 11.930983543396 17.78637886047363 -1.271194219589233 4.371349 1.805061 1.746938 1.54332
1 -21.11168670654297 35.77730560302734 -0.9626280665397644 1.964202 0.493391 1.153691 0.1049715
4 -13.08118915557861 7.448071479797363 -1.256437063217163 0.982394 0.832137 1.320066 2.586927
4 -10.0627965927124 8.049650192260742 -1.32917070388794 2.194209 0.747814 1.246455 0.6820211
2 39.82326507568359 -5.45778226852417 -0.8987572193145752 1.391982 1.589739 1.892861 -0.2566929
1 5.161904811859131 32.30476760864258 -1.531859278678894 2.079957 1.703647 1.374793 1.543001
4 -19.88690185546875 10.52231311798096 -1.182823538780212 1.816429 0.658311 1.222237 1.561982
1 -39.69390487670898 -3.793047189712524 -0.7925554513931274 3.356364 1.621545 1.480099 -0.0832553
3 33.29663467407227 10.05908203125 -1.080839157104492 0.552037 0.526829 0.548847 1.710086
1 -31.93523788452148 -0.5229174494743347 -0.6801882386207581 2.390397 1.944343 0.928002 0.005052677
1 -12.9451494216919 0.0165302399545908 -1.028027296066284 3.47204 1.994408 1.45499 0.0
1 19.20447540283203 16.68850135803223 -1.085827589035034 2.045528 1.191023 0.784281 1.520939
1 -0.01231548935174942 31.82097053527832 -1.433015942573547 0.808009 1.617508 1.602128 1.276661
1 35.02315139770508 -5.858295440673828 -0.9839794039726257 0.733504 1.659793 1.272819 -0.2566929
1 35.78788375854492 17.3932991027832 -1.608129620552063 2.834718 1.041041 1.230631 -1.420487
3 -19.724609375 29.67736053466797 -1.067975044250488 0.581287 0.990326 1.510422 -1.448661
4 -22.69020843505859 6.936657905578613 -1.256852269172669 1.200552 0.692439 1.25357 1.01897
1 0.2730187475681305 17.15802383422852 -1.144479155540466 3.562624 1.757483 1.692994 -1.573333
1 -41.04111480712891 16.56002807617188 -0.2999831438064575 2.877689 1.634958 0.655986 -1.59551
3 -25.94843482971191 -10.1149263381958 0.1855470985174179 0.599976 0.54566 1.938057 0.6405717
1 -4.513663291931152 26.23642921447754 -1.424153447151184 1.974487 1.914086 1.185182 -1.547878
1 -48.10695648193359 26.90687370300293 -0.7343164086341858 2.246619 1.447543 1.441252 1.547431
4 -17.71879959106445 -5.354258537292481 -0.9506275057792664 0.587082 0.571374 1.024175 0.6679241
3 -44.61265563964844 -11.17738437652588 0.103873148560524 0.733288 0.745255 0.649561 0.9417198
1 7.522970199584961 16.97213172912598 -1.220692753791809 3.256046 1.817036 1.738882 1.559003
1 24.10705375671387 17.24063873291016 -1.320013761520386 2.446765 1.598518 1.308935 1.570801
2 50.02471160888672 -5.371230602264404 -0.8596720099449158 0.49196 1.480682 1.703651 -0.2566929
1 18.99414253234863 32.66266250610352 -1.539120197296143 1.190417 0.802206 0.661188 1.676083
3 23.87212944030762 -11.20326519012451 -0.5745189189910889 0.476564 0.514741 1.028245 0.03141386
6 -12.19422435760498 30.40190124511719 -0.6746669411659241 0.321681 0.400245 0.454942 1.770856
1 14.93238639831543 0.2557722628116608 -1.093407988548279 2.088774 1.801699 1.557102 0.02707514
4 -32.52722549438477 7.576732158660889 -1.1800856590271 0.56716 0.527991 1.088454 0.6356086
1 -32.74620056152344 -3.630414009094238 -1.268924713134766 4.186879 1.097848 0.671234 -0.002746192
4 -16.52830505371094 -5.354865074157715 -0.5473671555519104 0.956771 0.843531 0.595793 0.3111748
4 -7.89097785949707 8.226634979248047 -1.355517029762268 1.748781 0.641733 1.198249 0.1810375
4 -5.238345623016357 8.322967529296875 -1.330102682113648 2.051846 0.711173 1.343504 0.2345771
3 -20.05317306518555 14.27718734741211 -0.8937868475914001 0.138322 0.378148 1.215896 1.6703
4 -14.68278121948242 -6.028254508972168 -0.619438111782074 1.785581 1.005645 0.506802 -0.1818995
4 -11.69910335540772 7.736584663391113 -1.334210872650147 0.883854 0.491561 1.24713 0.1277892
1 12.13856029510498 33.40913772583008 -1.1250239610672 2.686786 1.4434 0.821119 1.613898
4 -21.98138046264648 7.928297996520996 -1.185116291046143 0.969879 0.551379 1.140302 1.360427
1 -13.54989719390869 28.52423095703125 -0.9440268278121948 2.072305 0.72863 0.547909 -1.756064
1 -28.54917526245117 29.07977104187012 -1.00218677520752 2.50828 0.553938 1.720224 -1.509315
3 -20.95575332641602 14.49131774902344 -1.16662585735321 0.200373 0.437037 0.772914 0.03201676
4 -21.22635459899902 8.88673210144043 -1.241348028182983 2.138227 0.710752 1.273495 1.547439
1 2.9808509349823 26.71230125427246 -1.522040843963623 2.310722 1.565007 1.391463 -1.528695
1 -2.177330493927002 32.38359069824219 -1.332190155982971 2.610112 1.652547 1.337114 1.626368
1 16.25399208068848 50.68210220336914 -1.290132761001587 1.002002 0.80436 1.096738 1.648414
3 -39.13989639282227 33.09222030639648 -0.3432444036006928 0.579585 0.197568 0.743814 0.4914575
1 -7.396919250488281 -3.550374507904053 -0.979576826095581 4.518624 1.91551 1.522661 -0.02273978
4 0.02780962735414505 8.303810119628906 -1.389924168586731 1.782165 0.749114 1.234322 0.3126202
1 11.25450134277344 30.10901260375977 -1.292150139808655 0.8938 0.345811 0.596542 1.648468
3 3.59595537185669 -11.80495929718018 -0.405691385269165 0.402453 0.372939 1.013883 -0.005253046
1 42.84624862670898 -3.341368913650513 -1.38770866394043 1.327454 1.628181 1.007786 0.009593487
6 -26.59499931335449 7.579371929168701 -0.9404379725456238 0.552404 0.355635 0.622412 0.0
1 16.85430335998535 16.18775749206543 -1.290037393569946 1.313745 1.567008 1.020191 1.569526
4 -2.833679914474487 8.304618835449219 -1.391937851905823 2.001201 0.689305 1.222701 -3.095359
1 -4.372988224029541 30.1648006439209 -1.219251036643982 3.86904 1.413098 1.812913 -1.593552
4 -28.48031234741211 7.726559638977051 -1.166698932647705 0.915517 0.61489 1.12501 0.4380646
4 -19.52170753479004 -5.737744331359863 -0.7699606418609619 0.570881 0.382792 0.760575 0.6409991
1 -9.021079063415527 32.88261032104492 -0.839226245880127 1.228699 0.669689 1.618705 0.4004352
4 -20.65388107299805 10.06951999664307 -0.9470445513725281 0.552952 0.529995 1.560291 -0.3661043
1 -9.538400650024414 17.34961700439453 -1.179856061935425 3.788869 1.885619 1.544713 -1.499248
4 38.25795364379883 5.913356781005859 -1.579633355140686 1.171162 0.565458 1.243041 -0.07352358
4 -21.64041137695313 14.77179622650147 -1.205725193023682 1.045479 0.269593 0.793967 -1.479976
1 -8.522899627685547 28.54802894592285 -1.469231486320496 2.950117 1.465954 1.343475 -1.313066
1 7.116447925567627 31.61474418640137 -1.834470868110657 1.648838 1.12439 0.932065 1.655146
4 -24.34256553649902 7.918596744537354 -1.165068745613098 0.523206 0.343118 0.6669 0.6356086
1 -17.97311782836914 -3.339296817779541 -0.9831541776657104 4.23803 1.891203 1.453654 0.0
1 14.66007804870606 16.53755950927734 -1.298221945762634 2.123145 1.806351 1.726076 1.579049
3 -24.18305969238281 -10.38649749755859 -0.4797989130020142 0.612069 0.654437 1.102319 0.6409991
1 -26.48051071166992 3.928614377975464 -1.006858825683594 3.805138 1.728338 1.527664 -3.106992
4 -18.63522338867188 -5.597484111785889 -0.9639691710472107 0.843178 0.605481 1.160406 -2.484487
4 -22.19752883911133 -5.642683029174805 -0.9586270451545715 1.097402 0.479268 1.188782 3.363659e-16