1 11.99063682556152 -6.55511999130249 -0.8203664422035217 1.273742 0.80603 0.752749 0.05585205
1 -19.77599143981934 -3.413408994674683 -1.045245885848999 3.857228 1.699412 1.477926 -0.009146995
1 48.81537246704102 13.88767433166504 -1.726098775863648 3.547247 1.867926 1.252421 -2.68539
1 27.12264251708984 -5.404767036437988 -0.8608595728874207 2.930915 0.82701 0.777546 0.01433748
1 19.66401100158691 -5.522850513458252 -0.5507014393806458 2.793848 1.371962 0.884963 0.01049049
4 43.81771087646484 -8.563021659851074 -0.5283313393592834 0.260524 0.51799 0.541848 0.01726587
1 21.26067543029785 -2.827471017837524 -0.7245431542396545 2.237215 1.196346 0.787508 0.002286375
1 23.32253265380859 -0.1593853980302811 -0.2145089954137802 1.041556 1.644802 0.628166 -0.006828053
1 51.18502807617188 5.466282844543457 -1.083459496498108 2.844797 0.527937 0.825446 0.5987978
1 1.04311740398407 -6.330090522766113 -1.013582229614258 1.895587 1.913917 1.456622 0.01562648
1 -18.11813545227051 -6.999018669128418 -0.7944974303245544 2.308175 0.763008 1.004595 -0.02303883
1 -7.592356681823731 -0.02344569936394692 -1.04399037361145 3.707314 1.884739 1.484923 -0.0007769343
4 53.70323181152344 23.20737266540527 -1.82527506351471 0.610102 0.303271 1.029576 0.7509726
1 2.309272050857544 -3.262556076049805 -0.8062435388565063 4.343947 1.873609 1.922127 0.03986914
1 15.64455318450928 0.1370329260826111 -0.2816339433193207 0.380784 1.172874 0.59954 0.01408167
1 34.69945526123047 -5.581323146820068 -0.762495219707489 1.312271 0.911382 0.728729 -0.0008806146
1 28.96719360351563 -2.68041205406189 -0.4314738810062408 0.411707 1.262586 0.600101 -0.01197695
1 -10.34126281738281 -3.135644197463989 -0.9146334528923035 4.53801 2.197054 1.723135 -0.03173296
1 -3.58700156211853 -3.378454685211182 -0.9196531772613525 5.099174 1.991905 1.723408 0.02455824
2 -6.214567184448242 -6.406720161437988 -0.5341821908950806 5.042347 1.821976 1.547803 -0.002499371
1 36.46108245849609 -2.156803607940674 -0.6086607575416565 2.033288 0.755349 0.733179 0.01909466
1 7.783761978149414 -5.99221658706665 -0.9649366736412048 3.611979 1.711794 1.59091 -0.04835504
1 14.80429840087891 -2.897849559783936 -1.064060688018799 3.38968 1.345924 1.375568 0.02392266
1 8.75456428527832 -2.962776899337769 -0.8599501252174377 4.170637 1.858407 1.837461 0.00920444
3 39.85597610473633 21.34991455078125 -1.312597870826721 0.27268 0.569736 1.481376 3.134429
1 -30.61215972900391 -0.5460695624351501 -0.9065472483634949 3.723076 1.798941 1.154613 0.009801034
1 51.58431625366211 23.33559226989746 -1.72356641292572 2.714334 1.098767 0.958231 -2.204349
1 48.34337615966797 -2.00053858757019 -0.5671917796134949 2.180028 0.675694 0.55196 -0.0005322393
4 14.2217903137207 -9.028562545776367 -0.6853604912757874 0.616264 0.65226 0.989831 0.01011454
1 6.121582508087158 -0.05301358923316002 -0.8574833869934082 3.345977 1.983889 1.799549 0.02553443
1 -25.82742500305176 10.34357452392578 -1.3470858335495 3.738774 1.702996 1.458048 3.133653
1 42.67771911621094 2.494837760925293 -0.8781368136405945 2.997153 1.322303 1.147266 0.3873307