1 -11.79286766052246 2.894470691680908 -1.011069893836975 4.300833 2.03635 1.753788 0.05405768
1 -2.514617919921875 -22.52310180664063 -0.1277245879173279 3.610428 1.499243 0.694259 -1.49291
1 -0.1532784402370453 -21.36324501037598 -0.01887517981231213 1.070017 1.545933 0.938308 -1.622131
2 24.75524139404297 0.04203711077570915 -0.2061611711978912 1.585119 2.660776 2.502681 0.03121964
1 -30.26946258544922 2.700777292251587 -1.27456271648407 4.1258 1.916874 1.442109 -0.0130019
1 2.179215908050537 -21.78427124023438 0.1046314314007759 1.824178 1.59882 0.9944 -1.485673
2 55.04019546508789 4.263927459716797 0.1227335333824158 0.36129 1.983774 2.117182 0.5345415
1 -5.141052722930908 -22.71098709106445 -0.09594227373600006 4.226991 1.454834 0.838226 -1.340338
1 24.29775619506836 3.33777928352356 -1.007247447967529 3.520697 1.768782 1.223262 0.03121964
1 7.060066223144531 -20.92970275878906 0.3549841940402985 0.709021 1.483289 1.237068 -1.615639
4 56.3324089050293 -8.293041229248047 -0.3758911788463593 0.671433 0.388042 1.041172 -2.389453
1 20.34038162231445 14.1369218826294 -1.240821838378906 2.454761 1.739041 0.771159 3.112004
1 10.65913677215576 3.537243127822876 -1.02423894405365 4.109554 1.743219 1.452446 -0.01798718
1 11.75557994842529 -22.64492034912109 0.2427280694246292 4.143782 1.866081 1.783323 -1.622131
1 9.256918907165527 -21.61454391479492 0.1498525589704514 1.612111 1.677435 1.219802 -1.490184
1 -12.57085990905762 -20.83170127868652 -0.05904760211706162 0.388059 0.850296 0.789512 -1.583581
1 5.496228694915772 -34.89047622680664 -0.03313544020056725 2.674215 0.956941 0.872185 -1.533949
1 40.3618049621582 3.521163940429688 -0.952910840511322 1.08302 1.616513 1.301795 0.03121964
4 -42.92221832275391 -6.383908748626709 -1.089927077293396 0.988999 0.539638 1.080294 3.139431
1 -1.895544409751892 -33.97712326049805 0.07756011933088303 3.666626 0.889434 1.541787 1.55212
1 -15.14781951904297 -21.37000846862793 -0.07922717183828354 1.343746 1.643664 0.88026 -1.583581
1 1.779208421707153 3.503418684005737 -0.9311839938163757 4.374451 2.019897 1.69282 0.03121964
1 1.958349227905273 -38.82231903076172 -0.1838033944368362 0.278901 1.154189 0.700603 -1.565907
1 4.567184448242188 -22.37276649475098 0.08734412491321564 3.532716 1.78886 0.730283 -1.553777
1 14.38295269012451 -21.67282676696777 0.003296880517154932 2.224617 0.992735 0.640448 -1.622131