1 -26.46845054626465 -6.64075517654419 -0.4569867253303528 3.500616 1.692138 0.691528 0.0342629
1 -0.104792907834053 2.721295833587647 -0.8168249130249023 4.051578 1.08963 0.95263 0.1369077
1 -6.728309154510498 -2.550454139709473 -1.032758116722107 4.597656 2.149876 1.569288 0.006118369
1 -5.569008827209473 3.317994594573975 -0.9658600687980652 4.148147 1.852626 1.755643 0.04898133
1 11.34351634979248 -2.019378185272217 -1.104012966156006 4.057726 1.692472 1.490623 0.05973646
1 27.43157958984375 3.902887344360352 -0.7855314016342163 1.8285 1.200468 1.991129 -0.01671284
1 4.844663619995117 -2.935329675674439 -0.8138582706451416 4.778371 2.163677 1.945449 0.02498814
1 13.77281379699707 0.738165557384491 -0.8830191493034363 3.306678 2.234681 1.810038 0.05973646
1 5.513888359069824 13.2459659576416 -0.8167861104011536 2.556772 1.477412 0.769285 2.98802
1 46.87722015380859 -10.81276988983154 -1.447515606880188 4.052447 0.475508 0.836593 -1.773053
1 18.79438781738281 -1.536215782165527 -0.799017608165741 4.391756 1.627325 1.886549 0.05973646
2 59.80702972412109 -20.64592361450195 -0.007407926023006439 11.055884 3.245366 3.121878 1.669934
1 19.66108322143555 3.674193382263184 -1.181220769882202 2.166384 1.023668 1.355918 0.05973646
2 -15.26811695098877 2.760571718215942 -0.4465736746788025 11.80624 2.955161 2.772226 0.02610466
1 24.68326759338379 -0.7779834270477295 -1.14010763168335 3.822792 0.456745 1.450246 0.05973646
4 38.41009140014648 -8.24283504486084 -1.131567716598511 0.968098 0.722098 1.333057 0.07193251
2 -8.310507774353027 -0.1366632580757141 -0.6418008208274841 6.023554 2.173256 2.328584 0.03423316
2 9.420096397399902 3.557407140731812 -0.5592901110649109 11.442282 3.092271 2.613033 0.03902112
2 24.76560020446777 3.883313179016113 -0.5536951422691345 2.887839 1.192977 2.645443 0.005330252
1 -19.55646514892578 -4.025774955749512 -0.9552188515663147 3.724223 1.925667 1.680636 0.05484201
1 -25.30776405334473 -3.759676933288574 -1.19860053062439 2.860108 0.506745 1.25646 0.05484201
1 52.79353713989258 -17.71268081665039 -1.351863861083984 3.54277 1.437583 1.198281 1.682606
1 55.14818954467773 -16.42103576660156 -1.111564040184021 1.774496 0.680734 1.200044 1.628564
1 -13.67802238464356 -3.229840517044067 -1.059428811073303 3.348337 1.732157 1.486302 -5.550709e-17
4 23.61632537841797 -6.660210132598877 -1.112919807434082 0.792264 0.450961 0.908091 0.03638891