1 -49.6115608215332 -3.13779354095459 -1.204968690872192 2.237793 1.710577 1.044174 -0.07128772
4 -6.094088554382324 -9.057411193847656 -0.9416539669036865 1.481933 0.914106 1.622618 0.02147508
1 29.33823585510254 10.93974018096924 -1.124255180358887 4.258364 1.990652 1.586712 -3.13547
6 4.100342750549316 24.42858123779297 -2.230557203292847 0.288474 0.284056 0.461229 -1.64568
1 24.43825531005859 13.81121730804443 -1.420010685920715 4.298114 1.655703 1.26906 -3.108006
5 8.069494247436523 27.23881149291992 -2.307452440261841 0.268122 0.24791 0.635797 -1.464253
3 32.17356109619141 -33.66434097290039 -0.234359934926033 0.451008 0.54495 0.895459 -1.46086
5 8.012579917907715 32.57464599609375 -2.560306787490845 0.23529 0.25641 0.658092 -1.500232
1 -22.26222229003906 0.07201465964317322 -1.087669253349304 2.796079 1.786566 1.442408 1.695077e-05
3 28.18342781066895 -30.89528465270996 -0.2087046355009079 0.280059 0.592211 0.852463 0.1045882
3 34.09545516967773 -33.10060882568359 -0.102146215736866 0.470043 0.484709 1.181605 -1.541733
3 11.58413124084473 42.08464431762695 -2.53125262260437 0.284935 0.580184 1.217579 1.537902
3 43.99555587768555 -10.70633506774902 -0.6906657814979553 0.456016 0.347923 1.279327 0.7692764
2 -12.51537132263184 -3.467556476593018 -0.7433310151100159 5.274973 1.870886 1.949433 -0.01218771
5 1.187615990638733 -11.40132808685303 -1.406634330749512 0.197617 0.216406 0.561668 -0.6913457
4 30.26752662658691 -12.04776287078857 -1.008269667625427 2.122759 0.687236 1.33543 -2.58715
6 4.151859760284424 22.07847595214844 -2.217178106307983 0.338614 0.294097 0.541807 -1.530323
5 8.014169692993164 30.01525115966797 -2.386638402938843 0.338955 0.28682 0.658434 -1.451791
1 -57.35115814208984 -0.6968533396720886 -1.120565414428711 2.428524 1.523019 0.582191 -0.07128772
5 2.842926740646362 -12.1274003982544 -1.377427220344544 0.188872 0.221693 0.529812 -0.9551747
5 4.592818737030029 -12.93381404876709 -1.387022256851196 0.277019 0.238411 0.582023 -0.6048967
5 12.25639724731445 15.80191898345947 -1.7865971326828 0.357766 0.349553 0.69338 -1.331698