1 -13.35802268981934 -19.70238304138184 0.2237531542778015 1.507847 1.261436 1.611725 -1.658197
2 47.08990097045898 0.4535083472728729 0.4192699193954468 11.742173 2.564917 1.048839 -0.00282922
1 8.456269264221191 -19.13838386535645 -0.09499411284923553 0.259304 0.925774 0.568309 -1.526912
1 23.40124130249023 3.130456209182739 -1.181059837341309 3.672266 1.373508 1.373588 -0.01667103
1 0.942241370677948 3.282350540161133 -1.054296374320984 4.433193 1.81682 1.473999 0.122455
1 -26.16055488586426 4.177940368652344 -1.027496576309204 3.79543 2.05918 1.546461 -0.001580921
1 10.24346351623535 -20.25273895263672 -0.1714446991682053 1.503578 0.340377 0.71652 -1.562392
1 1.534948945045471 -19.91745948791504 0.14506034553051 1.35481 1.752724 1.582109 -1.595133
1 -48.98398590087891 -0.2448191344738007 -0.5821371078491211 2.282218 1.895929 2.048916 0.008947686
1 -39.45098495483398 0.2590006589889526 -1.002833604812622 2.719768 1.75899 1.400632 0.008947686
1 -39.30772018432617 3.181087970733643 -1.373541712760925 1.298724 1.889748 0.751182 0.08424978
1 12.21285343170166 -0.00844626221805811 -0.8784749507904053 1.052408 1.635291 1.954803 0.01092787
1 -11.53148460388184 3.800057649612427 -0.8740839958190918 4.493152 2.058801 1.865985 0.01059177
2 -29.95355224609375 -7.612337589263916 -0.2040144950151444 12.058246 2.891464 3.080201 -0.7552174
6 48.88485717773438 3.515357732772827 -1.375675678253174 0.457137 0.502974 0.557328 -0.05538017
1 35.97558212280273 3.382902383804321 -1.137819409370422 1.156654 1.227076 1.344598 -0.00282922
1 5.47080135345459 -19.10914421081543 -0.1371647119522095 0.59037 1.541829 0.876109 -1.534313
2 -54.83364486694336 -3.288812637329102 -0.02576524578034878 9.539605 2.117849 2.796918 0.05364102
2 11.90194606781006 3.243748664855957 -0.6129152178764343 6.204998 2.402735 2.518188 0.03680299