6 51.09782791137695 -29.12898254394531 -1.5673508644104 0.158782 0.573775 0.306902 -0.6471474
3 -11.14173984527588 -20.11833000183106 -0.5135352611541748 0.682902 0.748082 1.44679 0.3742585
1 -5.391410350799561 3.810899972915649 -1.124701380729675 4.474913 1.894251 1.46887 -0.206909
1 -15.00518417358398 7.701999664306641 -1.036594867706299 4.597048 1.981783 1.676939 -0.5132329
4 4.646683692932129 25.9418830871582 -1.61019241809845 1.380623 0.691169 1.341081 -1.979323
3 36.79537963867188 35.69163513183594 -2.148723840713501 0.231376 0.430536 1.220747 0.5742476
3 30.76711273193359 14.51262092590332 -1.35608446598053 0.325126 0.598419 1.735976 -0.09891228
1 2.496716976165772 -23.13627815246582 -0.6313577890396118 4.307813 1.564871 1.485443 -2.318563
4 6.150479316711426 28.12517738342285 -1.621158719062805 1.703575 0.615032 1.471973 -2.388097
2 13.22525691986084 4.326330184936523 -0.526805579662323 12.894761 2.68504 2.752964 0.4570217
4 -5.871977806091309 18.78893089294434 -1.242841243743897 1.174748 0.703958 1.723207 -1.826865
1 37.53805923461914 -14.50262069702148 -1.541496515274048 3.416339 0.731212 0.945121 2.63464
4 -0.3315195739269257 20.26675033569336 -1.445130825042725 1.670134 0.608593 1.57607 -2.105384
4 8.497444152832031 28.38714218139648 -1.576719641685486 2.952665 1.09411 1.600106 -2.240764
1 4.271235942840576 -16.99442481994629 -0.8101329207420349 4.493353 1.701485 1.433253 -2.753328
1 -31.49612808227539 16.28318977355957 -0.9592509865760803 1.574566 1.932384 0.602212 -0.5616089
6 7.445148944854736 -32.53226470947266 -0.00774517422541976 0.148115 0.841204 0.017415 1.208331
3 26.9097900390625 -36.30656051635742 -0.962252140045166 0.456714 0.687139 1.171707 -0.2986509
6 5.158805847167969 -26.12051963806152 -0.05278873816132546 0.39097 0.749159 0.190839 -1.597254
1 -2.898790121078491 -32.26311492919922 -0.5426144599914551 4.490397 1.821758 1.501493 -1.878268
4 -28.66569709777832 0.5300360321998596 -0.8740776181221008 1.013681 0.612183 1.490568 2.571475
1 43.36735534667969 -17.96380424499512 -1.463845610618591 2.281342 0.945326 0.743091 2.588231
4 -11.34515476226807 -18.51983261108398 -0.4639207422733307 1.117456 0.419886 1.639373 -2.125298
6 -10.77427864074707 -54.24077987670898 -0.1787757873535156 0.149497 0.507267 0.659393 -1.902185
1 17.97504043579102 13.52920055389404 -1.479263663291931 4.119812 1.734682 1.44043 0.8662108
3 37.58910369873047 35.5657958984375 -1.913276314735413 0.543688 0.339307 1.237876 1.124478
1 10.38232231140137 -33.2306022644043 -0.4176510274410248 3.95666 1.528442 0.897966 1.198533
4 27.86599349975586 14.69618988037109 -1.622179865837097 1.10269 1.102984 1.557598 0.2438579
4 1.659781813621521 17.22970390319824 -1.440462708473206 2.924179 1.242542 1.400557 -2.153234
2 19.38631439208984 23.7135066986084 -0.9499286413192749 6.162786 2.428138 2.849227 -1.906566
1 -26.29592323303223 25.64622688293457 -1.482418298721314 2.127228 1.601999 1.163723 2.520703
1 32.22220611572266 -10.99642181396484 -1.148136854171753 4.51556 1.632302 1.798453 2.609027
5 -5.520999908447266 25.43549346923828 -1.881550788879395 0.104343 0.047143 0.300697 -3.120214
1 25.53838539123535 -17.42007637023926 -1.030256032943726 4.019434 1.816859 1.640906 2.797442
3 21.88384056091309 -36.99778366088867 -0.7343537211418152 0.66621 1.044952 1.407051 1.929854
1 8.34496784210205 -40.36492156982422 0.3084051012992859 5.563468 1.637202 1.318627 1.279328
1 -31.47753143310547 13.18006038665772 -1.261086463928223 4.058852 1.648355 1.291814 -0.5475202
1 14.94445133209229 22.27641296386719 -1.577222466468811 4.033389 1.864476 1.482106 -1.95367
1 -7.390590190887451 -42.02051162719727 -0.2510187029838562 2.120609 1.545314 1.378587 -1.901352
1 14.11858558654785 -11.98459243774414 -0.9927582144737244 3.930086 1.758423 1.438571 3.09537
1 -13.6619930267334 -41.91752243041992 -0.50604248046875 1.148129 1.463132 0.948763 -1.862676