1 -14.77835559844971 2.918502330780029 -0.9146063923835754 4.579914 2.195068 1.809544 0.03613057
3 -9.027853965759277 -51.72514724731445 0.7084262371063232 0.68383 0.356423 1.97675 0.02634369
1 -39.44773864746094 -17.77732658386231 1.226390838623047 1.858603 1.856309 0.857801 0.02634369
1 42.1492805480957 4.114438533782959 -1.099363923072815 1.494119 1.910411 1.130074 0.03502325
1 -44.30233764648438 1.50509250164032 -1.432553887367249 0.578164 1.706588 0.531005 0.0388198
1 -32.03080749511719 3.023380041122437 -1.124257206916809 3.54684 1.406785 1.570152 0.0388198
1 -14.0526123046875 -31.28533172607422 -0.2998661398887634 1.568117 1.695873 0.957858 1.60761
1 3.992539644241333 -20.52784729003906 0.1995304375886917 3.531865 1.076743 1.393486 -1.564916
2 14.64942359924316 5.847137451171875 -0.3150692582130432 5.767959 2.307841 2.213859 0.06850278
1 -10.91486263275147 -37.97146606445313 0.1532649844884872 3.548795 1.365001 1.445427 -1.539184
1 29.44028854370117 3.053281307220459 -1.311822056770325 3.574947 0.363491 0.870095 0.03502325
1 -10.60367679595947 -52.17300033569336 0.4127521514892578 1.561934 0.783376 1.400224 0.02634369
1 10.4799861907959 3.007282018661499 -1.410379886627197 0.422556 1.376962 0.825536 0.07656035
1 1.03272807598114 -19.35488510131836 0.1024627536535263 0.68444 1.390608 1.128762 -1.630152
1 10.97075271606445 0.07486625760793686 -0.8462247252464294 1.363977 1.663449 1.92694 0.03502325
4 -9.3739595413208 -8.28388500213623 -0.8175379633903503 1.914007 0.595922 1.497854 -3.061874
2 55.44086456298828 1.134945511817932 0.4928728342056274 4.178138 2.582974 1.43254 0.03502325
1 -16.46951103210449 -32.59192657470703 0.1464559435844421 4.050053 1.531244 1.42214 1.616716
1 12.4260835647583 -18.91859436035156 0.3492552638053894 0.933396 1.691109 1.29523 -1.630152
1 -11.39895725250244 -32.38552856445313 -0.3256967961788178 4.427087 1.735933 1.013703 -1.539184
1 9.653372764587402 -20.30093193054199 0.1913435459136963 2.283382 1.570105 1.554864 -1.564916
1 7.026284694671631 -20.33038902282715 0.05074381455779076 2.901101 1.769259 1.780335 -1.577425
1 5.4549880027771 2.355544328689575 -0.8308403491973877 4.470005 1.959736 1.965019 0.03502325
1 -38.90047454833984 -0.9059359431266785 -1.268180727958679 1.986439 1.867319 0.931905 0.0388198
2 -20.06745719909668 -2.72241997718811 -0.3545221090316773 12.067596 2.960318 2.904153 -0.01395874
2 17.81109046936035 3.139130592346191 -0.5104507803916931 5.879552 2.314864 2.660845 0.03093622
1 15.25171279907227 -18.95693397521973 0.3824954032897949 2.036999 1.492665 1.377455 -1.515402
1 -47.18807601928711 -1.565945863723755 -0.4428192973136902 1.936172 1.728885 1.237565 0.0388198