2 -18.12124252319336 -0.006792965345084667 -0.5444886088371277 5.546559 2.219157 1.942963 0.01234615
3 17.59405899047852 6.414267063140869 -1.203230381011963 0.387644 0.176504 0.56341 -3.119651
6 4.669025421142578 3.72527551651001 -1.282597184181213 0.174848 0.577768 0.360429 -1.350116e-16
1 -3.333745241165161 -21.45169448852539 0.409930944442749 2.769356 1.311865 1.187628 1.559962
2 45.90927505493164 20.72012519836426 -0.873950719833374 6.030504 1.811662 2.136258 3.016515
1 -50.88726425170898 3.791470527648926 -1.097045540809631 2.191026 1.658586 1.316007 0.01384547
1 12.67925643920898 3.062344312667847 -0.8776874542236328 4.067428 1.880787 1.853693 -0.0149256
4 -26.66483688354492 33.92119216918945 -1.811523079872131 1.001759 0.537713 1.382059 3.075874
2 23.2474536895752 -0.7742904424667358 0.3619525134563446 12.211567 2.608914 0.959187 -0.02989638
2 -14.46585559844971 -3.295787334442139 -0.4665811657905579 11.716761 3.072085 2.749956 -0.007142766
1 -16.23789596557617 -20.57663917541504 0.07452329248189926 2.1277 0.988169 1.245067 1.518604
1 -9.70219612121582 -0.3143987059593201 -1.076851487159729 4.188677 2.139799 1.54197 0.1287543
1 3.200417518615723 2.22208833694458 -1.063135147094727 1.694708 1.186494 1.455675 0.04809858
1 5.036999702453613 -0.2883935570716858 -0.7957400679588318 1.102507 1.866441 1.997232 0.02599312
2 6.918359756469727 28.1577262878418 -1.219187378883362 4.654021 1.96264 1.884205 3.106901
2 -19.91438865661621 4.866269588470459 -0.4335160851478577 10.878545 3.16454 2.937147 0.02600515
1 -0.9667293429374695 -20.97491073608398 0.2571200728416443 1.135247 0.795795 0.710025 1.547567
2 25.15958595275879 2.71657395362854 -0.39112988114357 13.066349 2.234119 2.787108 -0.02989638
2 -41.16447067260742 -3.084664106369019 -0.4687420129776001 10.788321 2.234989 3.012765 0.04150434
2 56.90328598022461 19.43012046813965 -0.354802131652832 8.304193 2.020989 2.322088 3.005923
1 -5.865615367889404 -21.83501815795898 0.1330129206180573 3.911773 1.66693 1.316795 1.612617