4 7.828327178955078 23.18110084533691 -1.409262418746948 2.994527 1.049176 1.838931 -2.76492
5 3.022399187088013 24.65645980834961 -1.841764688491821 0.195554 0.11701 0.331447 2.847409
4 43.41045379638672 20.33295059204102 -1.41283118724823 0.740065 0.383769 1.529262 0.7574274
1 -2.802489519119263 -22.70593070983887 -0.9711775183677673 4.391699 1.723468 1.235281 2.331824
1 -12.52458000183106 -17.15109443664551 -0.7268767356872559 4.519844 1.905788 1.705279 2.898521
1 -11.25436782836914 6.508667945861816 -1.096639513969421 4.555751 2.156458 1.727753 -0.5025378
1 -29.58282089233398 -18.57687950134277 -0.7968639135360718 1.38641 0.963609 1.156666 -2.607212
4 21.4698657989502 -0.4027989804744721 -1.379399061203003 0.990038 0.833178 0.617158 0.6518087
1 17.13514518737793 -48.91448974609375 -0.4619924426078796 3.323454 1.746942 1.417221 2.160416
1 19.48517227172852 21.91543960571289 -1.435101866722107 3.628016 1.718173 1.673688 -2.480192
3 17.01791381835938 -2.211732864379883 -1.086556792259216 0.647107 0.618203 1.629864 -1.327891
4 -0.3281623721122742 21.02960586547852 -1.506875514984131 1.561878 0.673947 1.554456 -2.764364
1 13.22746849060059 -28.15407943725586 -0.8942301273345947 4.115101 1.307537 1.567569 2.157796
4 5.559309005737305 24.18362426757813 -1.540676474571228 1.809764 0.746358 1.564356 -3.004109
1 -21.81407737731934 -12.61725997924805 -0.96734219789505 3.863957 1.829686 1.548776 -2.903109
1 9.43308162689209 -22.63373374938965 -0.7823300361633301 4.63457 1.70969 1.836208 2.142188
1 -34.35541534423828 -28.51004791259766 -0.7658481001853943 1.586417 1.599396 1.438133 -2.349092
1 10.47453498840332 14.70668697357178 -1.2823486328125 4.151326 1.896974 1.614525 -2.439097
3 -13.2800989151001 -37.73488616943359 -0.4322318732738495 0.695227 0.628864 1.285613 -1.345975
1 -20.71766662597656 -21.54387855529785 -1.09648072719574 1.161371 1.778305 0.840338 0.8454152
3 -32.6833381652832 -8.097159385681152 -0.9416906833648682 0.47271 0.629076 1.437668 0.7206414
1 -2.247321605682373 3.982356071472168 -1.159005165100098 4.657287 1.892237 1.473234 -0.04456575
3 20.55366897583008 0.2956281304359436 -0.9085131287574768 0.452402 0.674154 1.824772 2.282498
4 -9.494994163513184 22.06635856628418 -1.393716931343079 1.804099 1.029145 1.804633 -2.313404
4 -3.573521375656128 16.86417770385742 -1.432734131813049 2.917789 1.318855 1.502476 -2.668737
2 47.06651306152344 32.22637557983398 -0.9675203561782837 0.455019 1.808704 2.17977 0.5666336
1 7.211607456207275 -32.98981094360352 -1.140127539634705 4.524317 1.798862 0.842628 -0.9425775
2 15.00007247924805 4.491446018218994 -0.5190237164497375 12.801254 2.69456 2.898304 0.4645612
1 -25.52033615112305 14.08590793609619 -1.401635885238648 3.427596 1.17683 1.217621 -1.119073
1 16.79414939880371 -34.28482818603516 -0.92562335729599 3.495839 1.024249 1.467455 2.168449
3 18.99225425720215 -1.794365882873535 -1.001453757286072 0.332479 0.476431 1.539654 2.316562
3 -31.91033554077148 -10.41701507568359 -1.040018558502197 0.602176 0.719877 1.676799 -0.4165532
2 13.40202522277832 12.47017574310303 -0.612205982208252 2.021322 2.602947 2.958031 -2.468781
2 -25.5462532043457 -36.28767013549805 0.3595346808433533 2.888562 1.52818 0.623295 0.7069704
1 23.56770515441895 14.78885459899902 -1.357031464576721 3.926227 1.713795 1.469285 0.6685001
4 42.39206695556641 20.83161163330078 -1.592895030975342 0.514305 0.570548 1.123004 0.6136324
4 -5.513483047485352 19.5633487701416 -1.402588605880737 1.476839 0.637173 1.609388 -2.546271
4 -6.871996879577637 -42.53026580810547 -0.3492913246154785 0.626785 0.505589 1.134377 -1.060437
1 -25.41621780395508 19.78399848937988 -1.510732769966126 4.184579 1.86358 1.53173 -1.019502