1 46.07845687866211 -19.81497001647949 -0.7049713134765625 4.36057 1.723686 1.720056 1.676805
4 18.76943588256836 -5.521148204803467 -0.8749184608459473 0.860614 0.298897 1.158646 -0.1107957
1 -7.020891666412354 -2.681924104690552 -1.071337938308716 4.436882 1.993433 1.474113 -0.02741365
2 -6.131052970886231 -0.02440725266933441 -0.5757105946540833 6.118228 2.346169 2.080229 -0.003324348
1 18.21523094177246 -1.670481681823731 -0.9056525826454163 3.955286 0.496229 1.393705 -0.01327196
1 1.026903390884399 3.330341815948486 -1.030407667160034 4.448794 1.931536 1.326232 0.035866
6 20.89225387573242 0.6847684383392334 -0.01182190328836441 0.860656 1.308373 0.180363 0.0
2 46.73297119140625 -27.39534568786621 0.4872797131538391 6.032077 2.27082 2.587418 1.654535
1 -56.50928115844727 17.27187347412109 -0.8127190470695496 6.669773 2.5902 1.947797 2.970641
6 23.90146255493164 -2.796123027801514 -0.1896284520626068 1.04864 0.487475 0.16057 -0.1586196
1 -14.09519767761231 -3.36890172958374 -0.7918661236763 2.091848 0.860451 0.652548 0.03468069
2 52.62807083129883 -21.34226799011231 0.6279590725898743 9.007878 2.917332 2.990267 1.651565
6 -19.80871772766113 -3.692092895507813 -0.4786439836025238 1.287784 0.632021 0.331571 0.07309401
1 7.350608348846436 0.2020247876644135 -0.8030556440353394 3.096766 2.081504 1.861026 0.0185442
5 17.23705673217773 18.80265235900879 -1.575908422470093 0.180937 0.144052 0.50519 0.2768473
2 38.86749267578125 22.67803573608398 -0.09036891907453537 12.275998 2.883432 3.572378 2.915214
4 21.7937183380127 -6.884379386901856 -0.7610570192337036 1.086531 0.695094 1.686505 -0.1107957
1 -12.36975288391113 3.617402315139771 -1.083805680274963 4.266321 2.085109 1.639411 0.006901079
4 28.39218902587891 12.247239112854 -0.8942210078239441 1.680595 0.580291 1.448003 -1.563567
5 22.81465911865234 20.84584045410156 -1.673895716667175 0.19286 0.213746 0.467165 0.5560243
1 -1.084994316101074 -3.107143640518189 -0.8819947838783264 5.005678 2.043502 1.658147 0.0410457
3 -45.08659744262695 -9.516489028930664 -1.204804420471191 0.407963 0.506018 1.236268 0.01726818
3 28.11707878112793 25.37917900085449 -1.184938907623291 0.787589 1.028919 1.448734 0.7129076
5 20.21319007873535 19.54493141174316 -1.715163946151733 0.240007 0.186069 0.39488 0.345131
2 46.04084014892578 12.04816436767578 0.2000209242105484 12.346817 2.677618 3.208597 1.243471
1 25.38622283935547 16.10112762451172 -1.224113702774048 1.871826 1.990466 0.987279 -2.596051
5 21.4520206451416 20.10944366455078 -1.575448036193848 0.155946 0.196919 0.429602 0.3840416
1 13.64539909362793 3.281659603118897 -0.8304637670516968 3.490761 1.670812 1.686841 -0.02288496
1 19.4740161895752 3.534775972366333 -0.8423161506652832 1.376911 1.236703 1.031364 0.1497003
4 27.48388290405273 22.00023460388184 -1.110331892967224 1.632993 0.633137 1.359789 1.114047
1 42.8511848449707 39.9188346862793 -1.094165325164795 5.154723 1.766605 1.863338 -1.600026
5 14.21587371826172 18.27704620361328 -1.696264982223511 0.237713 0.168179 0.425444 0.218666
1 12.40264415740967 -2.25935959815979 -0.7215451002120972 4.646214 1.706598 1.912647 -0.02170714
4 1.803636193275452 -6.600257873535156 -1.022533059120178 1.70329 0.85134 1.471247 0.009267204
1 4.940379619598389 -2.398820638656616 -0.9927310943603516 4.156507 1.674256 1.435319 0.001130375
1 48.61253356933594 -17.89285278320313 -0.6596671342849731 2.389451 1.250856 1.096985 1.622967