2 23.13876152038574 -0.5246352553367615 0.3729632198810577 12.014832 2.876617 0.931332 0.0408891
1 6.407160758972168 -0.1743165999650955 -0.7976477742195129 3.851694 1.940723 1.936057 0.04497582
1 -16.08693885803223 -21.01631355285645 0.182900995016098 1.202359 0.660265 1.03197 1.469854
1 -10.74050045013428 -0.4540942907333374 -1.055133581161499 4.473463 1.975945 1.50552 0.1132967
1 14.77283000946045 6.106729030609131 -1.142509937286377 1.342178 0.855328 1.3874 -0.1738303
1 -54.88302230834961 3.650441408157349 -1.163735628128052 2.152067 1.470336 1.38216 0.03618855
2 20.75919151306152 2.869198083877564 -0.3915859758853912 5.735101 2.288712 2.739174 -0.003781657
2 45.77949523925781 20.56159210205078 -0.6562937498092651 6.008197 1.598507 1.628309 3.043425
2 13.48941707611084 27.97676658630371 -1.324634790420532 5.089139 2.046896 2.030587 3.101763
2 -44.01125717163086 -3.078620195388794 -0.2414246052503586 11.09403 1.911325 2.691934 0.09938788
2 -19.10649490356445 -0.05774528533220291 -0.6718564033508301 5.710973 2.160136 2.207514 0.0196717
1 -8.85812759399414 28.45782279968262 -1.714081883430481 3.915667 1.652363 1.443313 3.138658
2 -21.67110061645508 4.948815822601318 -0.3625506162643433 10.953703 3.089795 2.971787 0.0082939
1 -5.869931221008301 -21.18939018249512 0.1364913582801819 2.598019 1.746384 1.253221 1.590832
1 11.59964847564697 3.188793897628784 -0.8628721833229065 4.233808 1.894626 1.854407 -0.02815233
2 -16.69449996948242 -3.319171667098999 -0.4159574508666992 11.677778 3.01689 2.768257 -0.006976807
1 -3.186715841293335 -21.4954891204834 0.379766970872879 3.179385 1.351541 1.258391 1.591371
4 -23.68997573852539 33.9257698059082 -1.838492870330811 2.09939 0.513395 1.579475 3.141592
1 -0.03213409706950188 2.451636791229248 -0.8392634987831116 4.982513 1.845159 1.031977 -0.03853609