1 43.6418342590332 21.12299346923828 -0.1955448538064957 2.301769 1.349481 0.724637 -0.03974932
1 15.60830020904541 29.50381088256836 -0.5353056788444519 3.70695 1.168225 1.145992 -0.004900157
3 -22.6588306427002 49.87348937988281 0.0799846202135086 0.424249 0.745611 1.373756 -1.243343
3 40.6370735168457 -18.6163444519043 -0.5569111108779907 0.343284 0.410065 1.44968 0.07565475
1 18.53812408447266 -24.90020179748535 -1.051440477371216 2.225267 0.502833 1.472646 0.0385806
1 16.1011905670166 8.114384651184082 -0.6757092475891113 2.670174 1.62464 1.316837 -0.05447407
1 42.7910041809082 10.60538959503174 -1.197337627410889 3.724404 1.048719 0.554626 -0.004711001
1 31.38076972961426 -0.6278420686721802 -0.5949980616569519 1.581665 1.095889 1.577788 -0.03730127
1 -7.470256328582764 22.21452713012695 -1.08357298374176 3.253068 1.783751 1.442926 -1.644766
1 27.91690254211426 -8.229960441589355 -0.9031398296356201 3.020222 1.614362 1.516901 3.140925
1 32.68567657470703 -8.990205764770508 -0.04560668766498566 1.0806 0.747384 0.859042 0.6577989
3 7.991569995880127 -17.5411262512207 -0.5683075189590454 0.408296 0.406927 0.612884 -3.063491
1 16.74670600891113 -21.96553039550781 -0.8966536521911621 1.070839 0.56475 1.549803 -0.02037154
2 -7.90910816192627 27.48836708068848 -0.6143043041229248 5.343679 2.245127 2.302556 -1.546959
4 5.071310997009277 56.00628662109375 -1.062093496322632 0.483723 0.710903 1.156542 1.606116
1 14.91657066345215 22.31225395202637 -0.441746324300766 2.388013 1.245438 1.038368 0.02506185
1 15.78261661529541 10.73788452148438 -0.7573306560516357 3.765854 1.719314 1.001055 -3.040385
1 16.40639877319336 5.789661407470703 -0.5642784833908081 4.014103 1.776042 1.209895 0.01242813
1 27.06295013427734 1.678712248802185 -0.9327064752578735 4.138628 1.824441 1.345345 -0.01725524
3 -12.77707099914551 27.7278003692627 -0.9562512040138245 0.361133 0.69338 1.634036 -1.561321
1 -4.930373191833496 -21.00032615661621 -1.417319655418396 1.6507 0.697158 0.911394 -1.545711
1 15.94062900543213 -13.5202579498291 -0.9138855338096619 2.248141 1.660586 1.21983 -0.1180225
3 -13.00883674621582 7.593677520751953 -0.5438341498374939 0.862152 0.452071 1.048732 -1.594795
1 16.79885292053223 -6.108193874359131 -0.9693793654441833 4.442419 2.003012 1.482605 -3.122175
1 16.59075355529785 -30.43204689025879 -0.4462950229644775 1.2902 1.373003 0.919773 -0.02057718
3 9.602499008178711 -24.28045845031738 -0.8564184308052063 0.495234 0.599582 0.829505 1.527473
3 16.01181411743164 -23.9449405670166 -0.7037940621376038 0.357961 0.26745 1.100198 -1.639261
1 27.98332977294922 -34.94828796386719 -0.766926646232605 3.350923 1.510844 1.478761 0.005846687
3 32.69524383544922 -21.92841529846191 -0.3055924475193024 0.542212 0.488922 0.486119 -1.083036
1 3.159888029098511 -6.103269100189209 -1.006002068519592 4.357314 2.108211 1.695862 1.591365
3 16.7755069732666 -24.40255928039551 -0.7154999375343323 0.359258 0.52502 0.766336 1.674344
1 15.09142208099365 19.86890029907227 -0.6537871956825256 2.743218 1.257309 1.42234 -0.01169879
1 -1.704697012901306 19.79905128479004 -1.018954396247864 3.979105 1.508998 1.435614 -1.521571
3 10.32192230224609 -27.08386611938477 -0.429004579782486 0.302581 0.367148 1.26176 -1.548723
3 29.8150691986084 0.3325007855892181 -0.7033478617668152 0.294984 0.603449 1.501387 -0.03943788
3 40.68087005615234 -19.28237915039063 -0.4251502454280853 0.254018 0.611354 1.70175 0.03093178
1 14.74180793762207 -22.07076263427734 -0.8033154010772705 1.487985 0.752089 1.405834 -0.01871582
1 15.66671657562256 17.45108985900879 -0.9000019431114197 3.426921 1.564336 1.478047 0.09520999
3 7.51097583770752 -17.63132286071777 -0.5656444430351257 0.48534 0.486329 0.616025 0.07810147
4 8.428800582885742 -29.13205528259277 -1.028915286064148 0.561979 0.502929 0.590788 -1.592782
3 12.65034103393555 -24.62433242797852 -0.7310711741447449 0.30135 0.656581 0.946207 1.574208
1 27.06305694580078 -5.828354358673096 -0.8065776228904724 3.478742 1.961205 1.720273 -3.078739
1 27.35412216186523 -0.3118562698364258 -0.8393581509590149 2.515105 0.412043 0.698455 -0.02064613
1 5.504330635070801 -22.81052398681641 -1.288090705871582 3.897228 1.87357 1.45181 1.033824
1 17.44450569152832 -37.71533966064453 -0.483437567949295 2.788537 1.761934 0.90929 -0.001485041
1 16.09869956970215 -1.063555121421814 -0.8716930150985718 3.243463 1.796881 1.699537 0.01472651
1 26.56204795837402 -11.13519859313965 -0.7644888162612915 2.695493 1.603955 1.627602 -3.099653
1 -3.726582765579224 -6.860469818115234 -1.129280209541321 4.184291 1.755352 1.447655 -1.57168
1 15.48729610443115 13.0905065536499 -0.6480093598365784 2.939634 1.731836 1.534672 0.004505168
3 -12.45522594451904 3.216508388519287 -0.6111848950386047 0.479312 0.590578 1.048569 -1.030069
1 -5.862581253051758 34.78217697143555 -0.8543835282325745 2.701912 1.907294 1.274936 -1.581004
1 16.29570770263672 -10.66206645965576 -0.8056516647338867 3.123711 1.476807 1.060721 0.007365704
1 30.94337272644043 30.29448318481445 -0.4985978007316589 2.860679 1.676577 1.354954 0.01254907
3 33.30097579956055 -22.0136890411377 -0.2043881863355637 0.469113 0.305682 0.727329 -1.825952
1 -1.516226768493652 6.780585765838623 -1.038333296775818 4.220196 1.9967 1.436366 -1.580416
3 -13.98463153839111 25.53534698486328 -0.6676039099693298 0.314661 0.387823 0.750264 -1.561321
1 -2.309755802154541 -53.19925689697266 -1.526427149772644 0.74346 1.528603 0.660422 -1.613521
4 1.098189115524292 -7.43704891204834 -1.041052460670471 2.118715 0.896422 1.595787 1.374956
3 -11.43970775604248 -35.97176361083984 -0.6452527642250061 0.518438 0.338474 0.708931 1.723331
1 16.73731803894043 -39.81427383422852 -0.3460611402988434 1.046619 1.018395 0.515714 0.02207253
1 -1.90369987487793 14.11769390106201 -0.9566348195075989 3.317147 1.728176 1.5297 -1.541072
1 2.243026494979858 -15.04061031341553 -1.121803998947144 4.051035 1.824189 1.580849 1.503522
1 41.39130401611328 5.518128395080566 -0.7233365178108215 3.363067 0.842153 1.325553 1.554366
1 -1.998216271400452 -15.0412015914917 -1.063349485397339 4.161431 1.907684 1.750149 -1.562526
1 25.58930969238281 -3.762062549591065 -0.9921119213104248 0.62439 1.513455 0.844536 0.00144618
4 6.800272464752197 -19.57079696655273 -1.110890865325928 1.694482 0.613238 0.959954 0.9836728
4 -4.572977066040039 -18.15197372436523 -1.398363828659058 1.753168 0.62313 1.278099 3.141592
2 -8.168889045715332 38.18856048583984 -0.6564206480979919 5.193677 1.605211 2.178324 -1.534714
4 4.932788848876953 42.26356887817383 -0.7438697814941406 0.435765 0.575177 0.877787 1.685022
1 26.05522918701172 15.86465167999268 -0.1797808110713959 2.572332 1.513777 0.50085 0.05649746