1 -10.72579669952393 28.61038208007813 -1.233081936836243 4.197395 1.9692 1.619626 1.584107
4 6.634353637695313 8.958063125610352 -1.265702724456787 1.916829 0.692628 1.293575 1.518007
1 -31.29738807678223 16.98088073730469 -1.524987578392029 1.053373 0.146677 0.502861 1.619073
4 -4.037275791168213 8.120918273925781 -1.402750730514526 1.928252 0.941455 1.285385 0.6311628
1 -19.84895324707031 28.36848068237305 -1.068879365921021 4.007451 1.086977 1.13111 1.435598
6 6.212654113769531 11.78596782684326 -0.918663740158081 0.438031 0.342863 0.528106 1.63753
4 5.234869003295898 -6.177649974822998 -1.043598294258118 2.37374 0.859034 1.346572 -1.517816
4 11.40597820281982 -5.399744033813477 -0.8264917135238647 0.983299 0.759902 0.841636 -1.646562
3 -27.3130054473877 34.60039138793945 -0.611037015914917 0.311817 0.170458 0.470991 -0.0007701429
4 -10.5408935546875 8.38659381866455 -1.437173128128052 2.073942 0.789133 1.329681 3.039599
3 2.321860313415527 -8.971864700317383 -0.8118149638175964 0.525088 0.656884 1.411142 -0.6631403
4 -0.8092020153999329 -6.673257827758789 -1.269391298294067 1.482871 0.630791 1.044598 -2.66912
4 6.973279476165772 -5.777815341949463 -1.030418515205383 1.514426 0.718065 1.355742 -1.505238
4 25.01485633850098 8.606114387512207 -1.030402421951294 1.763605 0.871514 1.007369 -0.04725545
3 -38.83771133422852 -12.65929222106934 -0.6901407241821289 0.233329 0.313796 0.838057 -3.113259
1 -1.216878294944763 28.84835815429688 -1.179729580879211 5.332364 1.8831 1.483863 1.595476
3 3.583112955093384 -10.12512874603272 -0.7243479490280151 0.573024 0.749791 1.529148 2.255076
1 20.68942642211914 16.89915084838867 -0.877800703048706 2.685854 1.676522 1.227304 -1.599617
4 -8.416024208068848 8.205257415771484 -1.517206192016602 1.683569 0.607465 1.128997 2.923858
4 8.867735862731934 -5.707736968994141 -1.039629101753235 1.708166 1.300986 1.314435 -0.2276437
4 6.214738368988037 -5.803092956542969 -1.010708451271057 1.873697 0.694398 1.367423 -1.243276
4 22.43174743652344 8.362760543823242 -1.180042147636414 1.7035 0.606837 1.306396 0.03963974
3 44.26609420776367 -11.1335334777832 0.1500980705022812 0.550175 0.499971 0.815902 0.0007834396
6 -52.96449279785156 7.975154399871826 -1.626546144485474 0.413392 0.434162 0.928901 -3.116534
4 5.558178424835205 8.660298347473145 -1.255051493644714 2.014515 0.695277 1.329668 1.709673
4 -0.2506217360496521 8.168333053588867 -1.375482797622681 2.026081 0.716471 1.219979 0.4880578
4 1.885017395019531 8.16185188293457 -1.295520305633545 1.852763 1.157903 1.331978 0.3088087
1 32.61457443237305 17.26079368591309 -0.7683319449424744 3.343638 1.215748 0.961183 1.556346
1 -12.04937553405762 -0.1264148056507111 -1.152289152145386 4.163736 2.00472 1.427486 -0.03940112
1 19.90982437133789 -3.345257997512817 -0.8191439509391785 4.202861 1.89052 1.532096 0.02257033
1 -5.104669570922852 -3.611600399017334 -1.064721941947937 4.184929 1.876741 1.438288 0.01153744
4 17.60047721862793 8.0747709274292 -1.232496500015259 1.554762 0.752226 1.307912 0.5291027
1 -13.08240699768066 17.35687065124512 -1.179508328437805 4.215687 1.814508 1.738639 1.544169
1 18.23813247680664 17.86267280578613 -0.8852919936180115 4.529782 1.735017 1.290116 -1.512779
3 13.50139904022217 29.08271598815918 -1.461709856987 0.452813 0.396601 0.717688 1.182866
1 -11.97791862487793 -3.633991241455078 -1.032060027122498 4.368349 2.078198 1.696578 -0.07179008
6 13.65994358062744 -5.467151641845703 -0.4639737904071808 0.565856 0.523624 0.21708 -1.646562
3 -39.42365646362305 -12.28604507446289 -0.587131917476654 0.209962 0.419342 0.620201 -3.113259
3 35.22652053833008 -11.49023723602295 -0.1558692902326584 0.152085 0.176006 0.517152 0.005082608
4 19.79363822937012 8.231216430664062 -1.199584245681763 1.633228 0.506442 1.202464 -0.03281695
4 -53.96138763427734 8.866592407226562 -1.423403859138489 1.638603 0.86572 1.410208 -3.027458
1 14.06707286834717 0.7897979021072388 -0.9157660603523254 4.198234 1.776942 1.549217 -0.5037791
4 46.29425430297852 7.544330596923828 -0.4832306802272797 0.757195 0.487655 0.64124 0.008522195
1 24.84102249145508 -0.1232957988977432 -0.7930256128311157 3.002473 1.124162 0.529007 0.02837546
3 24.57274436950684 -11.90714740753174 -0.1806404888629913 0.273425 0.714923 1.232774 0.02849722
4 1.266067266464233 -6.879281044006348 -1.256261110305786 1.739567 0.574316 0.971284 -0.03256596
4 14.21904945373535 7.901735305786133 -1.156599998474121 2.141633 0.822677 1.32822 2.667184
4 3.59574818611145 7.830463886260986 -1.315424203872681 1.56165 0.802273 1.249485 1.761263
4 -2.3178870677948 -7.125484466552734 -1.267262935638428 1.545712 0.366043 1.062369 3.041709
3 6.390047550201416 -3.706201553344727 -0.8934222459793091 0.830411 0.734596 1.688871 -0.9328157
1 44.60847091674805 -3.375203609466553 -0.877209484577179 3.675464 1.72754 0.905718 0.007782817
3 6.275391101837158 13.09653472900391 -0.63240647315979 0.585808 0.308361 1.002982 0.02210153
1 7.264079093933106 36.41589736938477 -1.1038658618927 3.812139 1.23029 1.454853 -3.082232
1 20.25188446044922 4.313889503479004 -0.9587284326553345 3.776706 2.043677 1.547029 -3.136883
3 -24.00358772277832 -12.15855979919434 -0.5566202402114868 0.841237 0.898083 1.286446 0.005844899
4 27.93091011047363 8.610515594482422 -1.048302412033081 1.841756 0.968574 0.971144 0.1606275
3 26.14374923706055 13.08671092987061 -0.4037162363529205 0.338247 0.62844 0.829586 0.012934
4 10.18539714813232 -5.253025531768799 -1.072335124015808 0.610564 0.684443 1.35705 -1.646562
1 54.40183639526367 -0.8727235198020935 0.2898184955120087 1.420481 0.454305 0.667426 0.01895989
3 -26.48458862304688 -11.29968357086182 -0.5746917128562927 0.493701 0.663042 0.91557 0.009618282
1 -24.9124698638916 17.2790412902832 -1.50050163269043 4.016415 1.041189 0.652554 1.616327
1 36.35391235351563 0.4592614769935608 -0.05271945893764496 0.399052 1.822481 1.110898 0.01169319
4 12.47742748260498 -5.659253597259522 -0.6440461277961731 0.692827 0.51815 0.523919 -1.646562
1 28.36483383178711 17.99566650390625 -0.8595132231712341 3.562464 2.043243 1.697333 1.523891
1 39.69911193847656 33.49394226074219 -0.4892441034317017 1.747857 0.815104 0.694934 -1.530424
4 6.248894214630127 10.42972946166992 -1.182906150817871 1.760948 0.626156 1.124201 1.108102
4 5.046177387237549 7.550143241882324 -1.323963284492493 1.802277 0.624995 1.164302 1.502516
1 34.79045867919922 17.19441032409668 -0.3397311270236969 2.663403 0.282154 0.548313 1.580706
1 9.209866523742676 -3.106821298599243 -0.9708714485168457 4.506083 1.941407 1.44153 -0.004086327
1 41.92843246459961 16.37897109985352 -0.3177734613418579 0.879095 0.455877 0.841373 1.622236
4 -5.685077667236328 8.13783073425293 -1.407944440841675 1.786714 0.841872 1.263102 0.4278364
1 -18.93455314636231 -2.775547981262207 -1.170772910118103 3.696335 1.953201 1.615734 0.2638857
4 16.08260536193848 7.974830150604248 -1.525514125823975 0.925661 0.535038 0.663654 -0.2911425
3 -5.583003997802734 21.94311714172363 -0.9767337441444397 0.454308 0.401081 0.903585 2.199132
1 -8.419156074523926 17.06713676452637 -1.236469984054565 4.941432 1.804269 1.530695 1.546049
1 39.71658706665039 16.97078704833984 -0.4828880727291107 2.366476 1.156802 1.194392 1.477131
6 51.64165115356445 -5.621708869934082 -0.4449340403079987 0.718338 1.512252 0.403435 0.1444321
3 1.894773721694946 -9.777585983276367 -0.767989993095398 0.758766 0.409028 1.364141 0.4998657
6 7.854311466217041 10.6162052154541 -0.8402038216590881 1.551373 0.712798 0.457114 1.637908
4 -7.257980823516846 8.218302726745605 -1.618656873703003 1.489422 0.34623 0.873545 2.690491