1 -41.48632049560547 -0.4215364158153534 0.01704548671841621 1.332264 0.941783 0.818753 -0.01670903
2 7.544171810150147 5.470674514770508 -0.6376482248306274 5.748526 2.291384 2.449881 0.01919205
1 -15.68638420104981 3.218213558197022 -0.8874496221542358 4.535534 2.189376 1.857905 0.01579404
1 -28.8706169128418 -0.05555112287402153 -1.198982000350952 1.952001 1.802276 1.048792 -0.01670903
1 -34.9032096862793 1.932051062583923 -1.385390639305115 1.413194 1.853948 0.73066 -0.01670903
4 22.42678260803223 33.1820182800293 -1.888881325721741 0.668576 0.528293 1.267802 -3.089328
1 11.94872856140137 -0.1484855711460114 -0.8779940009117126 3.856523 1.680594 1.995203 0.01501319
1 26.82352638244629 3.131016969680786 -1.204998135566711 3.82379 0.682368 1.492069 0.01501319
1 43.15893173217773 3.76211953163147 -1.395788908004761 4.160531 1.78051 1.051533 0.01501319
2 12.22293281555176 2.800149917602539 -0.5688390731811523 6.227294 2.378349 2.533159 0.01501319
6 -51.15613555908203 26.85579681396484 -1.45744001865387 0.386724 1.262193 0.355486 -3.125799
2 -32.1732177734375 30.11435317993164 -0.7066265344619751 8.79428 2.650811 2.794302 -3.125799
2 -12.99775886535645 -1.625430941581726 -0.5510184168815613 11.961025 2.926825 2.553282 0.01501319
2 52.78374862670898 0.385196179151535 0.0963674858212471 9.519378 2.586651 1.179984 0.01501319
1 -2.19140887260437 2.95325231552124 -0.9523512721061707 3.985351 2.000758 1.292897 0.01501319
1 -25.95840644836426 3.317248106002808 -1.024629473686218 3.674555 0.98806 1.606538 0.07081503