1 15.44706344604492 -6.294388771057129 -0.9604318141937256 2.299393 1.510855 1.514592 -0.08079586
1 -42.43475723266602 13.68767356872559 -1.99322783946991 0.883311 0.513506 1.195956 -3.091357
1 29.06386375427246 -5.437560558319092 -0.6334966421127319 1.464545 0.685764 0.968016 -0.1786557
1 -14.29205131530762 -0.1606599539518356 -1.21848464012146 3.833326 1.894431 1.396238 -0.005920019
1 54.13076400756836 22.74608421325684 -1.169807076454163 1.67357 1.1806 0.653979 -2.485832
4 -8.438785552978516 -9.341938018798828 -0.5119621157646179 0.584736 0.514017 0.691921 0.01417549
6 -52.75971603393555 16.29192161560059 -1.683757781982422 0.927103 0.228158 0.307481 0.02439786
1 44.66690063476563 -2.008243322372437 -0.1363513022661209 1.943245 1.262464 0.615068 0.05218763
1 -7.362764835357666 -3.120346546173096 -0.8963547945022583 4.498442 2.258063 1.91464 -0.01300142
1 11.55473232269287 -5.964662075042725 -0.8048798441886902 3.034086 1.514649 1.332196 -0.07745093
1 21.87182998657227 -5.663780212402344 -0.3352253139019013 1.535826 0.691108 0.871009 0.02570256
1 9.097796440124512 -0.03245746716856957 -0.7716134190559387 3.18349 2.175027 1.830607 0.00342615
1 12.83587265014648 10.77739238739014 -1.216803908348084 4.028277 1.805147 1.503881 -3.123911
1 4.215765476226807 -6.159254550933838 -0.9959676861763 2.328823 1.778108 1.449029 0.03124104
1 -28.61252212524414 -3.599571228027344 -1.354235768318176 3.899055 1.976685 1.41708 -0.01552165
1 -53.22547149658203 -3.695865154266357 -1.766040682792664 3.767994 1.986969 0.747687 0.3634146
1 24.00980567932129 -2.665086030960083 -0.9338234663009644 2.136023 1.27287 1.476671 -0.1403964
4 56.89295196533203 14.50961303710938 -0.7976621389389038 1.1416 0.376324 1.285792 1.741837
1 -0.8838515281677246 -3.485856533050537 -0.9296836256980896 5.294289 2.018567 1.675116 0.04277148
1 11.71442413330078 -2.904915809631348 -0.7861826419830322 4.148433 1.903833 1.808436 0.01146856
1 5.269340991973877 -3.431873083114624 -0.9031757712364197 4.365129 2.207405 1.641254 0.05160172
1 -37.41487503051758 10.54026126861572 -1.812077164649963 3.81805 1.867199 1.259899 3.123048
1 18.0753173828125 -2.708053588867188 -0.9697760939598083 3.932556 1.044242 1.489104 0.01669106
1 -39.27487945556641 -5.738790035247803 -1.509751439094544 2.297825 1.622505 1.423589 -0.03568588
6 26.53779792785645 -0.1022540181875229 0.007532771676778793 1.898594 1.439789 0.401367 0.0585606
3 37.85442352294922 21.06871795654297 -0.7535921931266785 0.327955 0.301113 1.406113 0.06394381
2 -7.996560096740723 -6.137210369110107 -0.7980449199676514 4.759022 1.961181 2.006494 -0.04951937