4 -6.803498268127441 8.013169288635254 -1.349372267723084 2.008957 0.833182 1.236781 0.5707483
1 15.53187561035156 32.82220458984375 -1.119983792304993 1.681176 1.448147 0.732215 1.550863
1 46.17897796630859 -3.284561157226563 -1.237427711486816 1.439223 1.539921 1.256479 0.01339525
1 19.50532150268555 50.71242523193359 -1.407445073127747 0.656405 1.336574 1.73908 0.5056946
1 -12.5153398513794 0.1281556487083435 -1.070382714271545 3.731973 2.012114 1.493383 0.006578547
1 47.7884407043457 0.3456822037696838 -0.4119283854961395 0.322665 1.871244 0.693697 -0.008275117
1 20.26073837280273 -3.427818775177002 -1.050325155258179 4.137408 1.785856 1.525553 0.0395329
1 -34.98212432861328 28.06572341918945 -1.098883509635925 3.312122 1.230081 1.430236 -1.632971
1 -14.81619548797607 -3.274126529693604 -1.063994526863098 5.003581 1.907394 1.491733 -0.03522835
3 36.63955307006836 9.936983108520508 -1.039363980293274 0.439665 0.460937 0.477759 0.0213178
4 3.402222394943237 8.317023277282715 -1.41457211971283 1.773037 0.843062 1.260872 0.2819658
1 19.3289794921875 33.25139236450195 -1.059173464775085 2.387179 1.465995 0.534346 1.601565
3 -35.71005249023438 33.14037322998047 -0.4619214534759522 0.316145 0.462142 0.651101 -1.208103
4 0.5812270045280457 8.325916290283203 -1.404449462890625 2.002187 0.624811 1.264358 -3.140438
1 20.40839385986328 16.31126594543457 -1.207198619842529 1.681441 1.812274 1.208858 1.54094
1 18.14401817321777 16.02375793457031 -1.236281275749207 1.236321 1.963543 1.645168 1.487363
6 -22.81291580200195 7.614758014678955 -1.432744026184082 0.597707 0.204907 0.431691 0.0
3 6.367270469665527 -12.0081090927124 -0.3693732023239136 0.483448 0.977562 1.223186 -0.0643077
6 -19.30877304077148 -5.780259132385254 -1.153083324432373 1.107182 0.50524 1.350026 -2.085675
1 -16.69420623779297 36.14095306396484 -1.307345509529114 3.937651 0.980719 1.563796 -3.058908
1 5.164426803588867 33.59440994262695 -1.87034809589386 2.962167 0.27657 0.783465 1.563474
1 38.38168334960938 -5.903870582580566 -0.4836215376853943 2.125462 1.595706 0.981637 0.0466128
3 -16.06940841674805 30.24720764160156 -1.093940496444702 0.573696 0.705707 1.341719 1.297298
4 -14.40279769897461 -5.53430700302124 -1.145543456077576 0.85655 0.75808 1.292869 -1.722554
4 -13.17540645599365 -5.892926692962647 -1.139823198318481 1.883399 0.709649 1.321735 -1.745276
1 27.44913482666016 17.42027091979981 -1.232645988464356 3.0307 1.414914 1.227047 1.52366
2 44.73881912231445 -5.576568603515625 -0.9149303436279297 4.856767 1.567903 2.213605 -0.04220092
4 -15.27502632141113 -6.349930763244629 -1.157088398933411 2.206465 0.887875 1.235125 -1.61194
1 -30.44717788696289 -0.4071246981620789 -0.832175076007843 2.438756 1.983753 1.335253 -0.005298737
1 -1.599533677101135 26.50644111633301 -1.264705061912537 2.029107 1.014625 1.485806 -1.64307
1 1.206737637519836 32.41102600097656 -1.294260978698731 3.000586 1.591245 1.795765 1.564055
4 -18.61594581604004 8.457719802856445 -1.432290554046631 1.762573 0.719266 1.182762 1.560144
1 53.66637420654297 -5.419270515441895 -0.8596661686897278 1.061284 1.335104 2.068536 -0.01175015
1 22.18672180175781 16.30827331542969 -1.178140640258789 1.505795 0.535431 1.04438 1.538776
1 28.86178207397461 15.90563011169434 -1.148450970649719 1.048901 0.89833 1.012443 1.524402
3 26.54771423339844 -11.2161979675293 -0.427449494600296 0.452068 0.53396 0.996887 0.009448188
3 -42.01436996459961 -11.09757804870606 -0.08604355901479721 0.561761 0.535055 1.035367 0.0102009
1 27.11703491210938 -6.151822090148926 -0.9892175793647766 0.644009 0.874195 0.720098 -0.01643159
4 -10.93695163726807 -6.093245029449463 -0.8497313261032104 1.62388 0.91332 0.887775 -1.792694
1 -10.86822509765625 27.60792541503906 -1.386310577392578 3.335932 1.552615 1.326793 -1.709933
4 -8.253697395324707 7.926215171813965 -1.410427570343018 1.009762 0.647644 1.180516 0.5418668
4 -24.89130020141602 7.874739170074463 -1.419292569160461 1.592845 0.680255 1.106461 0.3728427
4 -17.41244697570801 -5.683114528656006 -1.087610840797424 0.829882 0.476705 1.339217 -1.460266
4 55.63620376586914 8.024075508117676 -1.596492290496826 0.718426 0.487101 0.673385 -0.0218888
1 -8.420184135437012 30.17849731445313 -0.9562038779258728 0.834842 0.629538 1.284634 2.058865
1 -29.41036605834961 -3.784579992294312 -1.188171625137329 3.796871 1.623781 1.215515 -0.005298737
1 15.74533271789551 0.2170896530151367 -0.9768868088722229 2.715321 1.921187 1.578459 -0.04184295
4 -1.887540936470032 8.341200828552246 -1.305441379547119 2.018404 0.707492 1.302665 0.1993504
1 -3.611093759536743 17.32802963256836 -1.276344180107117 3.958735 1.671992 1.552515 1.597937
1 3.57646918296814 33.44284820556641 -1.450276494026184 4.063738 1.943169 1.601107 1.566188
4 -11.91731548309326 -6.188643455505371 -1.031700730323792 1.519165 0.678081 1.145643 -1.811156
1 -20.71263885498047 3.96607780456543 -1.13913106918335 4.105205 1.823657 1.486871 3.130833
4 -17.77194976806641 8.852265357971191 -1.341239333152771 2.017665 0.663755 1.232472 1.575001
6 33.20273590087891 -5.977366924285889 -0.4063510596752167 0.12271 0.522612 0.044789 -0.06786437
4 -16.07619285583496 -6.168600559234619 -1.086335420608521 1.417218 0.597915 1.249602 -1.56702
1 3.827119827270508 17.43819236755371 -1.146977782249451 4.12819 1.967455 1.725665 -1.574943
3 -17.15767860412598 10.38448238372803 -1.064586162567139 0.417944 0.43936 1.549818 -1.149413
1 15.3747615814209 29.27364349365234 -0.7502912878990173 1.069427 0.920663 0.801992 3.141592
3 0.134505957365036 13.77999019622803 -1.169894218444824 0.441933 1.102689 0.990337 1.728676
3 6.656642913818359 12.82150077819824 -1.034339666366577 0.789161 0.838959 1.453278 -0.001081194
1 -11.0881233215332 43.88253402709961 -1.700431942939758 1.102512 0.426731 0.932706 0.7054245
1 -6.14118242263794 17.31729888916016 -1.2497878074646 3.70704 1.880124 1.555452 -1.442127
4 -28.5704460144043 7.903260707855225 -1.430602431297302 1.585643 0.589824 1.129746 0.7957022
4 44.86934280395508 5.784817695617676 -1.214094400405884 0.935234 0.611819 1.244544 -3.139266
4 -9.69514274597168 7.508867263793945 -1.318936586380005 1.048295 0.821551 1.357205 2.804524
3 -22.18911743164063 -9.214673042297363 -0.5474424958229065 0.506491 0.542933 0.733596 0.624462
1 -37.54031753540039 16.66667556762695 -0.7253933548927307 2.953245 1.560871 0.880161 1.684898
1 38.82204055786133 17.51406478881836 -1.463792562484741 3.275938 0.291493 1.070389 1.673866
4 -4.529746055603027 8.220335006713867 -1.378412365913391 1.83903 0.862435 1.247453 0.1359668
1 -25.56855010986328 28.44521141052246 -0.8622198700904846 3.338179 1.640364 1.10728 -1.495409
1 -4.11318302154541 -3.422650098800659 -0.9904736876487732 4.583624 1.821572 1.540087 -0.01636464
3 16.49040794372559 -11.81710624694824 -0.4778091907501221 0.507824 0.616554 0.946852 0.01566324
1 -5.627929210662842 32.98566436767578 -0.7207912802696228 1.025289 0.690393 0.966031 0.6182932
4 -16.61310195922852 11.30108451843262 -1.283888697624207 0.872433 0.814502 1.273458 1.641847
1 -36.49168395996094 -3.703189849853516 -0.8997231125831604 3.747993 1.726739 1.791244 -0.1165891
3 -11.47856521606445 13.96173477172852 -1.045260667800903 0.575202 0.243016 0.362678 0.6235697
1 15.32939434051514 17.57555198669434 -1.244479775428772 3.95681 1.719539 1.77669 1.571062
1 -44.76640319824219 28.13238334655762 -1.060925960540772 4.417456 1.810755 1.817033 1.573925
3 -22.58369255065918 -10.04019927978516 0.05626289919018745 0.469636 0.536248 2.005417 0.624462
4 -19.35124588012695 7.412876605987549 -1.416194796562195 1.761376 0.785953 1.116766 1.605638
1 9.048270225524902 31.93561744689941 -1.379393339157105 1.360773 0.883056 1.036243 1.469985
1 10.87671756744385 16.78618812561035 -1.162908554077148 2.843655 1.787344 1.739851 1.589121
1 10.87329006195068 31.94185638427734 -1.706575393676758 2.215992 1.851071 1.030866 1.614383
6 -20.85750579833984 8.260015487670898 -1.353591084480286 0.701159 0.772879 0.791671 2.084431
1 8.31934928894043 17.33761787414551 -1.350446343421936 4.034523 1.733899 1.572748 1.580359