1 16.74925231933594 18.71401786804199 -0.7422798275947571 2.834707 1.179728 1.294277 0.003953828
1 26.4237060546875 -5.534109592437744 -0.9943105578422546 2.335595 1.421868 1.434279 -0.03480346
1 16.90427589416504 16.32056617736816 -0.8563097715377808 3.156627 1.512838 1.314545 0.003953828
3 30.10752296447754 -1.682885646820068 -0.8417052030563354 0.369098 0.618676 1.742744 -0.04811588
1 16.82182693481445 7.047925472259522 -0.7442731261253357 2.588769 1.778299 1.311582 0.007122444
1 16.66203117370606 12.03593635559082 -0.7493529319763184 3.125252 1.869462 1.442973 -0.02406449
1 1.653868913650513 -14.70179557800293 -1.082738757133484 4.124599 1.896259 1.547824 1.482993
1 -5.725940227508545 22.53404998779297 -1.070153474807739 3.261375 1.824335 1.402197 -1.687944
1 28.90338706970215 6.034369468688965 -0.8509365916252136 1.486643 0.666157 1.097861 -0.01967631
1 -3.939333915710449 -6.706336975097656 -1.083675980567932 4.278726 1.819287 1.501783 -1.627347
1 -5.467754364013672 -19.07310485839844 -1.284861326217651 2.975913 1.886463 1.249968 -1.64535
1 17.89438819885254 28.54051208496094 -0.6350387930870056 3.840864 1.540791 1.278947 -0.02740732
1 13.54963684082031 -23.0594596862793 -0.983305811882019 2.460325 0.752166 1.06916 0.0004604621
3 31.99033355712891 -24.60307693481445 -0.2054162621498108 0.303629 0.32682 0.757706 -0.1068179
3 -12.22421932220459 7.654653549194336 -0.6213366389274597 0.862358 0.563768 1.248082 -1.590445
3 -13.52068138122559 -35.92219161987305 -0.6451742649078369 0.48271 0.456162 0.789351 -1.56534
1 43.72674942016602 7.804368495941162 -1.327170848846436 3.765265 1.057388 0.764306 -0.09860223
3 -11.97894382476807 25.75247573852539 -0.5112205147743225 0.348761 0.698883 0.779486 -1.535952
1 16.84180641174316 -7.204280376434326 -0.9573456645011902 4.419748 1.91756 1.404864 3.097672
1 16.76632118225098 9.586899757385254 -0.8379947543144226 3.741488 1.736534 1.100825 3.117528
1 -0.6636293530464172 14.3794116973877 -0.8675643801689148 2.5885 1.760115 1.337611 -1.631156
1 32.3385009765625 -11.15458679199219 -0.05110242590308189 1.05087 0.767554 0.852946 0.4944705
1 -0.1584346741437912 20.06383514404297 -1.020463943481445 3.343215 1.660927 1.424672 -1.599375
1 27.35629463195801 -2.211858987808228 -0.8191292881965637 2.47655 0.553349 0.664868 3.067356
1 26.92817115783691 -7.650606632232666 -0.9245196580886841 3.497197 1.799028 1.558383 3.106789
3 31.07197761535645 -24.34037017822266 -0.3040671348571777 0.444965 0.249748 0.557039 -0.1068179
1 25.89068412780762 -12.72034454345703 -0.9813591241836548 2.349539 1.832009 1.653623 3.119304
1 32.23554992675781 13.42675399780273 -0.6048922538757324 1.984407 1.201315 0.723222 3.137956
1 -2.66899585723877 -14.86795806884766 -1.031222701072693 4.006149 1.871255 1.704516 -1.58685
4 6.021765232086182 -20.11740112304688 -1.247874259948731 1.928206 0.934548 1.492936 0.8587995
1 16.9694709777832 4.638023376464844 -0.8096300959587097 4.016534 1.891023 1.658749 -0.07433862
6 -5.302784442901611 -52.7886848449707 -1.345720529556274 0.241166 1.341149 0.313045 -1.623926
1 26.20766639709473 -36.80705261230469 -0.9379003643989563 3.637807 1.569999 1.188454 -0.01937097
3 40.3149299621582 -22.01217651367188 -0.5744287967681885 0.320907 0.552585 1.463102 -0.06749444
1 27.67697143554688 -10.10234832763672 -0.9217372536659241 2.988863 1.50782 1.24415 3.076198
1 15.90623474121094 21.25168037414551 -0.6468441486358643 0.985199 1.305641 1.052157 0.003953828
3 40.29616165161133 -21.02144050598145 -0.5733755230903625 0.290918 0.625326 1.461537 -0.5629491
1 16.83610153198242 -26.55489730834961 -0.9601113200187683 2.716692 1.144035 1.293249 -0.02047904
1 15.29073524475098 -14.48234939575195 -1.035345792770386 2.172116 1.569161 1.433942 -0.02023341
1 31.41158485412598 -2.859954833984375 -0.9104573726654053 1.257906 1.497843 1.860127 -0.0265998
1 15.82279300689697 -11.70193004608154 -0.8543155193328857 3.194571 1.369927 1.15047 3.133848
1 14.54092502593994 -41.15237426757813 -0.6258659958839417 1.388467 1.575995 1.180136 -0.0172084
1 -3.267875671386719 34.87665557861328 -0.9189183115959167 2.55594 1.872858 1.356518 -1.55355
3 11.2758150100708 -25.19325065612793 -0.7921658158302307 0.438508 0.80592 1.080484 -1.631915
3 -19.20058250427246 50.92612838745117 0.2355634719133377 0.698153 1.180529 1.008159 -1.244706
1 16.28152084350586 -2.154971122741699 -0.8565763831138611 3.257394 1.837475 1.627608 -0.002492765
1 15.22625827789307 -38.76871109008789 -0.5933958888053894 2.622261 1.547732 1.129033 -0.0172084
1 3.050634622573853 -5.987017154693604 -0.9853875041007996 4.390486 2.146235 1.66832 1.527724
3 -11.97733497619629 3.241458892822266 -0.9016332030296326 0.643749 0.621041 1.680548 1.551147
4 6.844520092010498 -29.71652030944824 -1.01484215259552 0.493724 0.605348 0.620316 -1.661202
1 4.133554458618164 -23.44692420959473 -1.307007193565369 4.430792 1.484943 1.371754 1.148993
3 6.689870834350586 -18.11153984069824 -0.6469743251800537 0.476357 0.494112 0.782308 -1.763393
3 7.365508079528809 -18.35233306884766 -0.6017494201660156 0.48297 0.68463 0.657204 -1.78339
1 33.12127304077148 28.17389297485352 -0.8133808374404907 2.757004 1.832337 1.477876 -0.003636418
4 0.9691920280456543 -7.232029438018799 -0.9959098696708679 2.14937 0.881436 1.607152 1.399562
6 15.28328800201416 -23.1313591003418 -0.522742748260498 0.614079 0.646969 0.803686 0.03043453
4 9.13786506652832 57.0961799621582 -1.120898842811585 0.469971 0.572656 1.133867 1.490587
1 27.20280265808106 -0.1928830444812775 -1.031404733657837 3.893826 1.867278 1.498187 3.123494
4 8.016924858093262 43.73686218261719 -0.8183757066726685 0.471841 0.590029 0.899769 1.545047
3 -10.83930778503418 27.77018165588379 -0.9094274640083313 0.487432 0.720757 1.533445 -1.667004
1 14.59910869598389 -33.73907089233398 -0.7107014656066895 1.527018 0.931247 0.929943 -0.03817028
1 -0.7655131816864014 6.818256855010986 -1.056257009506226 4.226199 2.075632 1.429798 -1.637308
1 14.60617542266846 -31.49578666687012 -0.5614234805107117 0.797929 1.419189 0.714262 -0.03880066
1 27.35116195678711 13.95793533325195 -0.427173376083374 2.720703 1.607459 0.522115 -0.001757614
2 -5.783258438110352 27.72771072387695 -0.6291895508766174 5.489394 2.247223 2.296232 -1.588206
2 -5.328249454498291 38.57608795166016 -0.6455072164535522 5.185095 1.695397 2.102136 -1.581607
1 46.19400787353516 18.17205619812012 -0.4990163445472717 4.652355 1.816594 0.775289 -0.08657034
1 41.81293106079102 2.539651870727539 -1.013224840164185 3.049656 0.583111 1.350757 1.500552