4 28.16507720947266 25.33230590820313 -0.5520287752151489 0.967539 0.588988 0.604859 3.057145
2 14.85830879211426 -2.241405963897705 -0.7586260437965393 9.48693 1.704647 2.004847 -0.005434833
4 28.92589950561523 8.34235668182373 -0.8338724970817566 0.385805 0.559491 1.403417 -0.9270418
1 5.022163391113281 -2.427285194396973 -1.016645431518555 4.31893 1.758346 1.459074 0.01751009
1 7.345666885375977 0.2351790368556976 -0.7894651889801025 3.225584 2.004447 1.847001 -0.04272228
6 26.44323921203613 -7.61400842666626 -0.4126008749008179 0.471087 0.357786 0.623378 -0.1158851
1 -1.000750184059143 3.652259588241577 -0.9933663010597229 4.372049 2.00982 1.588463 0.002484168
1 -21.17598915100098 3.867012023925781 -1.350828528404236 1.892618 1.259395 1.284921 0.0686066
6 42.33948516845703 5.735781669616699 -0.5875669717788696 0.46873 0.770555 0.154129 -0.1104836
2 52.59159469604492 -21.4057788848877 0.613417387008667 8.986554 2.576206 3.160078 1.653058
2 45.28969955444336 16.03285026550293 0.06327038258314133 12.071929 2.654732 3.539694 1.72153
1 19.98183250427246 3.146482706069946 -0.7163459062576294 1.941747 0.454085 0.873013 0.029474
1 -13.7458028793335 -3.135777235031128 -0.7370830774307251 2.767808 1.178572 0.504553 -0.005218849
1 -56.64957809448242 17.16215705871582 -0.7950252890586853 7.06876 2.528311 1.892601 3.018152
3 -34.92349624633789 -9.645090103149414 -1.154249310493469 0.791442 0.465343 1.41129 -0.02166728
1 15.01719379425049 3.360192537307739 -0.7754095196723938 3.101954 1.756369 1.674845 0.06421781
1 24.60056114196777 -2.761290311813355 -0.341458797454834 2.471365 0.503428 0.567574 0.03292839
1 -7.12761926651001 -2.654006719589233 -1.089546203613281 4.62364 2.02459 1.446221 -0.04605002
1 46.13231658935547 -19.81412696838379 -0.5907289981842041 4.262918 1.877804 1.562187 1.671072
1 8.117265701293945 3.363381147384644 -1.001900911331177 4.430127 1.892534 1.455275 0.0186372
2 -6.124250411987305 -0.05921149626374245 -0.5553967356681824 6.07954 2.323851 2.03647 0.005733307
1 -1.115694284439087 -3.131858825683594 -0.8951229453086853 5.084886 1.975674 1.722908 0.01742815
2 35.23606491088867 21.81438064575195 -0.07427468150854111 12.065113 2.953556 3.522284 -2.968714
1 42.88711929321289 39.97811126708984 -0.9088093638420105 5.14351 1.849637 1.54657 -1.571738
2 46.69906997680664 -27.4053840637207 0.2729423344135284 6.005054 2.30264 3.112368 1.649449
1 14.38194084167481 13.35528087615967 -1.104066967964172 5.344115 1.682708 1.484484 -3.037548
4 27.41862297058106 21.78460693359375 -1.064094305038452 1.274211 0.632642 1.338086 1.435052
6 20.76216125488281 0.6156423091888428 0.00441416259855032 1.086061 1.481683 0.197408 -0.02622373
6 -19.83896064758301 -3.651421308517456 -0.5110034346580505 1.177207 0.703976 0.331762 0.0144324
1 48.57671356201172 -17.9032039642334 -0.6809653639793396 2.593778 1.197643 1.216255 1.668618
4 1.790310382843018 -6.585373401641846 -0.9772977232933044 1.680111 0.882046 1.487624 -0.01297969