1 7.329245567321777 0.2260613590478897 -0.7959058880805969 3.155841 2.098247 1.853251 -0.006179338
1 -13.78187942504883 -3.187161207199097 -0.7698042392730713 2.667116 1.12943 0.614973 -0.03584328
2 -6.153830528259277 -0.02209123969078064 -0.5975874066352844 6.022518 2.332242 2.120254 0.001338681
2 52.79497146606445 -22.60321044921875 0.6046612858772278 11.398456 2.846543 3.129302 1.659331
6 20.91166496276856 0.6840917468070984 0.01215246133506298 0.904649 1.391 0.177873 -3.107167
1 4.941854476928711 -2.433279037475586 -1.003500819206238 4.159755 1.793529 1.483734 0.007812595
5 14.20049667358398 18.31326484680176 -1.697213292121887 0.213182 0.21705 0.419621 0.008062816
3 28.5562744140625 -16.23379135131836 -0.5448346138000488 0.216586 0.240254 1.157693 -3.018644
1 24.53880310058594 -2.632033109664917 -0.3622831106185913 2.344593 0.898138 0.532417 -0.03061166
1 12.43838214874268 -2.232102394104004 -0.7159860730171204 4.6397 1.649931 1.878251 -0.001266196
4 -14.88306045532227 19.83224678039551 -1.433372855186462 1.996233 0.573702 1.232039 2.955051
1 21.01351356506348 4.218120574951172 -0.9863850474357605 3.581609 1.294479 0.774179 -0.0042379
6 49.85541152954102 -35.71339797973633 -0.7859856486320496 3.370007 1.143836 0.468847 1.678742
3 11.21950054168701 -11.10006999969482 -0.5509462356567383 0.500679 0.462098 1.562205 3.103375
4 29.21730613708496 -21.94757652282715 -0.5406675934791565 0.777863 0.759083 1.469775 -1.13499
5 11.43904495239258 18.29099464416504 -1.692119121551514 0.111277 0.15262 0.427892 -0.4491529
4 -21.3596363067627 22.15651321411133 -1.608633875846863 1.894788 0.54385 1.412524 2.939992
2 9.621804237365723 3.358479738235474 -0.492919385433197 10.883115 2.848258 2.491568 0.05096389
6 32.03358840942383 4.974122047424316 -0.2561535239219666 0.51975 0.643323 1.604142 0.03724074
4 17.07166481018066 -7.401630401611328 -1.00360381603241 0.948474 0.452938 1.155923 0.07544371
1 46.06211471557617 -19.82890510559082 -0.6060015559196472 4.291239 1.770284 1.553299 1.682348
5 12.65426540374756 18.35210037231445 -1.763042449951172 0.169063 0.165608 0.445334 -0.07103278
1 18.19972991943359 -1.689363718032837 -0.9359858632087708 3.975683 0.443149 1.373391 0.01245675
1 -55.21223831176758 16.35787391662598 -0.9322934746742249 1.281372 1.570168 1.593454 -0.06594713
1 -7.015188217163086 -2.667507648468018 -1.088691592216492 4.375231 2.02281 1.46956 0.007819926
1 -1.096248626708984 -3.1132652759552 -0.814334511756897 5.039755 2.002119 1.560451 0.04046743
6 -19.78261756896973 -3.65048885345459 -0.4848536252975464 1.314487 0.593427 0.314285 -0.003852613
1 48.45858764648438 -17.86949348449707 -0.6445382833480835 2.33811 1.018699 1.101164 1.684488
1 -4.422619342803955 2.497331142425537 -0.8809525370597839 4.208036 1.990651 1.869843 0.1431573
1 -12.09515953063965 3.528120994567871 -1.079617857933044 3.675178 2.008531 1.569407 0.01673583
2 -21.64132308959961 3.076148986816406 -0.4225184321403503 11.884392 2.809902 2.551074 0.01999604
5 18.76639366149902 19.14393424987793 -1.675452947616577 0.081718 0.15927 0.495304 -2.692133
5 17.2618350982666 18.76564788818359 -1.586642026901245 0.164722 0.113748 0.48207 0.2927595