1 58.46578979492188 -1.493939757347107 -1.157580733299255 4.201252 1.852402 1.296551 0.4778009
1 -21.66438484191895 0.02573108673095703 -1.270955324172974 3.938349 1.691996 1.224118 -0.007528954
1 -45.81895065307617 -3.266590118408203 -1.199395656585693 2.198825 1.905217 1.205359 -0.01206942
1 56.23885345458984 13.4257869720459 -1.547926902770996 3.095784 1.203709 0.560458 -3.108727
2 -9.49361515045166 -3.505142450332642 -0.7476663589477539 5.298738 1.916967 1.969419 -0.01274891
1 -6.384179592132568 10.47297954559326 -1.211020946502686 4.385192 2.101263 1.682739 3.137942
6 -57.44723129272461 -2.341288566589356 -1.468518733978272 0.43824 1.083883 0.398331 0.04465786
5 -18.48628425598145 -11.59126472473145 -1.495182514190674 0.136056 0.185317 0.372476 3.121858
1 2.902868032455444 -42.26625061035156 -0.5401467084884644 2.557389 1.663205 1.408044 1.585181
1 -22.64592170715332 12.92973041534424 -1.47670590877533 4.118975 1.718259 1.361206 3.139474
5 -13.80716037750244 -8.05543041229248 -1.355428576469421 0.423827 0.19868 0.466352 -0.1273826
1 18.76983451843262 11.0104455947876 -1.414826393127441 4.178734 1.767774 1.230322 3.137001
3 12.21749114990234 -33.92259979248047 -0.3124834895133972 0.38816 0.684217 1.172556 -1.101816
3 -49.20859146118164 -9.649321556091309 -0.8163550496101379 0.327313 0.548507 0.818282 -0.01097447
4 5.809285163879395 18.92619132995606 -1.617530107498169 1.528577 0.53454 0.745385 2.039546
4 -10.78587532043457 -9.245611190795898 -0.9533877372741699 1.549543 0.694698 1.681423 -0.03909836
1 34.06036758422852 9.729927062988281 -1.61879563331604 3.76712 1.58768 0.819383 3.131107
3 14.37226390838623 -33.26634216308594 -0.09310738742351532 0.184549 0.637446 0.573523 -1.228764
4 1.39512574672699 -19.35750579833984 -0.8701551556587219 2.035473 0.832462 1.510994 -2.356921
3 24.26608657836914 -11.10862922668457 -0.6947986483573914 0.488175 0.528865 1.536425 1.024972