1 46.08303070068359 -19.81484985351563 -0.6048813462257385 4.2566 1.78818 1.549672 1.68275
5 17.23480224609375 18.75028419494629 -1.712658762931824 0.175836 0.216767 0.480366 0.2314131
6 20.75312995910645 0.643700361251831 -0.002748164813965559 1.251508 1.340338 0.231979 -0.02581285
6 -19.80293655395508 -3.635683059692383 -0.4753162562847138 1.238008 0.513452 0.34397 -9.792502e-17
1 18.13007545471191 -1.69757890701294 -0.9207766056060791 3.815216 0.646632 1.408778 -0.04398382
4 -38.59466552734375 22.03807640075684 -1.686967492103577 1.713168 0.466256 1.069923 3.043173
1 9.147550582885742 3.614671945571899 -1.001410007476807 4.47507 1.693066 1.473272 -0.006605681
4 30.18643188476563 20.23999786376953 -1.106686115264893 1.59993 0.82958 1.385128 -1.987037
2 49.42611312866211 15.35484981536865 0.2111417204141617 6.963087 3.00421 3.527692 1.268849
4 5.207342624664307 -4.542866230010986 -0.6074778437614441 1.203467 0.623656 0.977755 0.08031348
2 12.41286659240723 -2.260749578475952 -0.7235026359558105 4.639108 1.713645 1.967811 -0.01602479
1 -14.16177940368652 -3.348414182662964 -0.781094491481781 2.073276 0.78977 0.649836 -1.442727e-16
2 24.59054946899414 3.634926319122315 -0.2486887574195862 12.449491 2.704433 2.781208 -0.004710557
5 12.72626304626465 18.30301284790039 -1.776502728462219 0.221916 0.145801 0.478996 0.1276704
3 28.15133285522461 25.36090278625488 -1.187900185585022 0.784074 0.649135 1.498557 0.08279561
1 41.98994064331055 22.11190605163574 -1.31509268283844 3.53205 0.325272 0.626042 -1.949641
4 27.44316101074219 21.79971694946289 -1.087446331977844 1.438621 0.589288 1.381197 -2.161911
1 -20.75568962097168 3.576412200927734 -1.149663209915161 3.166811 1.057553 1.583005 0.01105067
2 46.71271514892578 -27.42679595947266 0.2311103343963623 6.016391 2.296242 3.130863 1.647223
4 1.787737250328064 -6.557835578918457 -0.9836848378181458 1.708268 0.798894 1.521711 0.01523595
1 48.78493118286133 -17.88242721557617 -0.6632158160209656 2.431703 1.669497 1.137058 1.671286
1 4.971644401550293 -2.403368473052979 -1.021421074867249 4.194828 1.691431 1.468339 0.01204971
5 14.16814136505127 18.30197143554688 -1.681418895721436 0.162663 0.223918 0.43467 0.197684
4 4.520552635192871 -5.517126083374023 -0.9256521463394165 1.897504 0.7437 1.687658 0.06789485
1 -1.056885480880737 -3.101529359817505 -0.7957194447517395 4.968642 2.310013 1.523809 0.1045645
4 0.2753408849239349 -5.206095695495606 -0.6516954302787781 1.054401 0.822664 0.729524 0.05552374
1 7.35295581817627 0.1895970851182938 -0.8044312000274658 3.167269 2.005782 1.870647 -0.03031353
2 52.79283905029297 -22.54369354248047 0.6205449104309082 11.06088 2.98914 3.080224 1.661845
1 24.57043266296387 -2.667061567306519 -0.3648325502872467 2.322504 0.762398 0.528904 0.0
5 11.41982364654541 18.25636672973633 -1.676113367080689 0.152084 0.127257 0.471411 0.1276704
5 20.20278549194336 19.51521873474121 -1.694153428077698 0.166676 0.139509 0.382111 0.2314131
2 -6.131248474121094 -0.04159370064735413 -0.6144111752510071 5.983361 2.306903 2.269717 0.0156657
5 20.8264045715332 -9.689440727233887 -1.338125348091126 0.251137 0.168479 0.358746 -0.2946905
1 -3.210673809051514 3.142354965209961 -1.118129372596741 4.561139 1.972363 1.385372 -0.01285089
1 -6.959228992462158 -2.679294586181641 -1.064398527145386 4.373332 2.090821 1.531244 0.03320064
1 42.82021331787109 39.99769592285156 -1.070339322090149 5.222003 1.793555 1.928449 -1.537907
5 22.82598495483398 20.88396644592285 -1.663886427879334 0.278117 0.162686 0.465591 0.7018213
3 11.15255165100098 -11.07762622833252 -0.5424649119377136 0.409659 0.52887 1.543945 -0.8236549
1 -54.13714218139648 17.37926292419434 -0.8969264030456543 2.003736 1.241907 1.543493 3.055069
5 18.76347732543945 19.12638854980469 -1.661099314689636 0.158324 0.185865 0.501606 0.2314131