3 -48.35082244873047 -9.668054580688477 -1.185216784477234 0.602453 0.484556 1.024462 -3.108523
4 52.73809051513672 -8.107962608337402 -0.452649712562561 0.687366 0.469134 0.693644 -0.01050775
1 -33.50475311279297 33.87539672851563 -2.04676365852356 3.816106 0.707055 1.018573 1.525575
4 7.002556324005127 2.679441213607788 -0.8894038200378418 1.655394 0.917875 1.736277 -1.762541
6 13.89605522155762 -0.837071418762207 0.03510846197605133 1.403076 0.354219 0.204331 0.007023061
1 -27.23262023925781 22.52012443542481 -1.76875638961792 1.834943 1.683035 1.437805 2.05521
4 -22.95844078063965 22.70957565307617 -1.721223473548889 1.518415 0.672966 1.534255 -0.268477
3 -24.12537574768066 21.11703491210938 -1.646459221839905 0.819626 0.709058 1.807064 -2.728895
4 44.42645263671875 -8.068085670471191 -0.543350338935852 0.928872 0.626545 0.991115 0.01667328
4 24.47420883178711 -8.102060317993164 -0.8868078589439392 1.236632 0.608797 1.596768 -2.873939
1 -30.726806640625 0.0566684827208519 -0.9599918723106384 1.812742 1.973241 0.74844 -0.01116554
3 -18.02028656005859 21.98309135437012 -1.490075469017029 1.525048 0.932018 1.832819 2.587728
1 -26.65145874023438 -3.08507227897644 -0.8790159821510315 3.174862 1.876237 1.983183 0.008728992
4 9.841459274291992 14.24588298797607 -1.150745868682861 3.194926 1.024292 1.870834 3.095606
4 -13.01413631439209 17.98630905151367 -1.49871289730072 1.795241 0.604612 1.624786 2.95061
2 1.39307975769043 -5.553720951080322 -0.6218281984329224 11.737152 2.964903 2.336819 -0.007067733
1 56.73264694213867 8.574329376220703 -1.077046871185303 0.840622 1.332282 0.542886 -3.13846
4 -19.14467811584473 23.56132698059082 -1.772413015365601 1.629862 0.487795 1.469941 -3.01639
5 -16.02964782714844 21.48465728759766 -2.206613779067993 0.297273 0.271149 0.442529 -0.2341805
1 -11.46771240234375 0.1552257239818573 -1.105249524116516 4.03976 1.827007 1.541028 0.0163469
1 28.13472175598145 9.412282943725586 -1.15690553188324 2.155694 1.483165 1.209852 3.130943