6 16.00446319580078 48.11085891723633 -2.306790113449097 0.251755 0.829771 0.030152 -1.540934
2 15.51869487762451 -5.180059909820557 -0.5395140051841736 13.722421 2.905777 2.346597 -0.003012229
3 28.51182174682617 19.61128997802734 -1.463208079338074 1.380623 0.696624 1.605624 3.109116
5 0.9818105101585388 23.76554870605469 -2.079833269119263 0.150105 0.218353 0.33769 -0.1617116
5 -3.741201639175415 20.0282039642334 -1.849737763404846 0.216654 0.184272 0.549367 -0.09753623
3 54.06417465209961 -7.948781490325928 -0.703087329864502 0.417915 0.592012 1.174669 3.082886
1 -25.83481979370117 -3.237162351608276 -0.9699998497962952 4.779673 2.000145 1.769293 -0.03866036
1 -45.19934844970703 -0.6822854280471802 -1.327508449554443 1.464118 1.732075 0.775463 -0.03452897
5 -0.1851890534162521 22.53782653808594 -2.03718113899231 0.101954 0.101529 0.441657 0.7623039
1 28.13035774230957 15.28346347808838 -1.38054370880127 3.878567 1.576651 1.545891 2.975538
3 20.63023567199707 22.50558853149414 -1.513497710227966 0.843547 0.856817 1.621677 0.3863287
1 -17.19783020019531 0.1752322316169739 -1.034809231758118 3.938084 1.877048 1.485809 -0.02018078
4 -5.51741361618042 -9.506452560424805 -0.9063302874565125 1.860726 0.733829 1.657669 3.138906
3 12.86978816986084 23.42206764221191 -1.529435157775879 1.64442 0.504228 1.565236 0.1619754
1 -37.73854446411133 -15.5529260635376 -0.9249275922775269 3.708295 1.711987 1.263584 0.9411638
4 8.082969665527344 22.65143203735352 -1.530718564987183 1.667778 0.674417 1.515031 -0.2514055
5 -1.727186799049377 21.40548324584961 -2.008183002471924 0.142217 0.12671 0.306665 -0.1535926
5 1.980019211769104 25.09391212463379 -2.225386381149292 0.114205 0.146262 0.347533 1.655342
4 46.75060653686523 17.47200775146484 -1.047487258911133 0.926285 0.345584 0.742329 0.01291656
6 11.52506351470947 58.72771835327148 -2.707443237304688 1.465931 1.539638 0.835982 -1.493934
4 4.442245483398438 24.43580627441406 -1.678367972373962 1.359508 0.798939 1.378645 1.849582
3 -26.89641189575195 20.3512077331543 -1.300713896751404 0.529191 0.576946 1.338215 -2.922136
1 -43.91749954223633 8.45581340789795 -1.433851957321167 0.678918 1.653885 0.536661 -0.001633985