4 -7.447369575500488 -8.972121238708496 -0.9521209001541138 1.382244 0.650196 1.633665 0.02024949
5 -4.924228668212891 32.51167678833008 -2.568879127502441 0.155223 0.234285 0.379678 -0.01053038
5 -7.215799808502197 19.0297794342041 -2.039370059967041 0.184721 0.162696 0.447497 -2.252616
3 26.98483657836914 -33.62880325317383 -0.1393136382102966 0.541166 0.351832 1.025242 4.448808e-15
5 4.568324565887451 20.51807594299316 -2.150639057159424 0.147963 0.156019 0.481947 2.084764
5 -4.885769367218018 29.67696189880371 -2.507656097412109 0.170498 0.289844 0.746105 -0.05393083
5 2.918997526168823 32.64328002929688 -2.678198575973511 0.120823 0.165868 0.634623 0.0
4 22.52676582336426 -13.41475486755371 -1.017168521881104 2.632516 0.838042 1.517804 -2.624981
1 12.57332897186279 13.4486198425293 -1.41021716594696 4.439108 1.791781 1.443946 -3.10327
5 5.363826274871826 19.09989356994629 -1.99804413318634 0.157145 0.1427 0.418315 2.144777
3 6.532603263854981 42.05719375610352 -2.443524599075317 0.294659 0.453775 1.190928 1.595282
5 -4.838137149810791 26.84023284912109 -2.271903991699219 0.399312 0.280611 0.968302 -0.1046694
5 -0.9351546764373779 22.01171684265137 -2.321171760559082 0.188677 0.197325 0.529071 -0.07289891
2 -11.72076416015625 -3.513845205307007 -0.76454758644104 5.197924 1.960478 1.995154 0.0
6 49.23099517822266 12.03046798706055 -1.55198335647583 1.077896 0.550958 0.317057 1.468244
5 7.169137001037598 15.71816253662109 -1.889019370079041 0.361569 0.290241 0.664717 0.0
3 -6.954168319702148 48.40882873535156 -2.63593339920044 0.418307 0.366638 0.907934 -5.415545e-15
1 -57.6431999206543 -1.050671458244324 -1.079549670219421 2.125526 1.850214 1.052827 0.0
3 29.03922653198242 -33.10425567626953 -0.1495957672595978 0.41317 0.409676 1.038991 0.0
1 -22.58504867553711 0.09981489181518555 -1.19859504699707 3.920124 1.706293 1.233859 0.0
1 19.8287410736084 10.69991970062256 -1.269625186920166 3.856636 1.813646 1.610249 -3.124945
5 -6.405802249908447 20.46526908874512 -2.231992244720459 0.169376 0.181565 0.334598 -2.252616
3 23.02986335754395 -30.97214889526367 -0.2204627990722656 0.347217 0.374317 0.69554 -1.44457e-15
5 3.029438734054565 27.20441055297852 -2.354781866073608 0.120262 0.362658 0.541957 0.0
3 -8.649129867553711 47.47943878173828 -2.74876856803894 0.354659 0.427609 1.240754 0.0
5 2.975206613540649 29.91774749755859 -2.52686333656311 0.263434 0.275448 0.763058 -0.08863758
1 -49.095947265625 -3.086588382720947 -1.009564995765686 2.866289 1.792203 1.158791 0.0