1 -53.36969375610352 2.059747457504273 -1.575806736946106 2.0075 1.56478 0.929008 0.01063262
4 26.64457321166992 13.19472789764404 -0.9006590843200684 1.698814 0.712487 1.177292 2.811718
6 40.38982009887695 15.0717077255249 -0.5001960396766663 0.272018 0.356701 0.282073 3.108348
1 -37.20768356323242 2.659186840057373 -1.483733296394348 2.667484 1.727108 1.162983 0.02801342
1 -37.30916976928711 7.982766628265381 -1.332449436187744 2.686649 1.364851 0.934717 -3.113081
2 13.4338321685791 -4.492228031158447 -0.4286709129810333 12.144344 2.815344 2.562596 -0.0150959
2 -6.055432319641113 -5.030418872833252 -0.6136844754219055 12.664072 3.075304 2.539092 -0.002311077
4 31.57336235046387 14.78028106689453 -1.240633964538574 0.998959 0.641671 1.089348 3.031727
1 -32.82404327392578 -8.987929344177246 -1.414563536643982 3.578719 1.645851 1.231063 0.7109114
2 8.74646282196045 13.46162509918213 -0.5971672534942627 12.250658 3.15821 2.955315 -3.139456
1 36.68711090087891 15.87639427185059 -1.101702809333801 4.03396 1.779295 1.607887 3.119957
2 27.6832332611084 -3.772639513015747 -0.2645425200462341 11.689036 0.647573 2.941266 0.02344978
1 21.62930488586426 7.993537902832031 -0.915453314781189 1.881396 1.828839 1.035499 -3.112369
3 41.45676803588867 20.88428115844727 -0.04192663729190826 0.313945 0.338442 1.392442 0.0356032
2 34.67879486083984 0.2448950707912445 -0.6336797475814819 1.039111 1.715447 2.032234 0.000604753
1 -36.94418716430664 -1.327919363975525 -1.447298049926758 3.925934 2.101186 1.498315 -0.1516264
1 -17.60318565368652 8.127481460571289 -1.338672399520874 3.33479 1.755532 1.178199 -3.099517
2 49.6963996887207 13.99741935729981 -0.01232331711798906 11.306548 3.016728 2.780074 -3.138329