1 -13.71289920806885 -3.246718883514404 -0.7854294776916504 2.835927 1.028296 0.664646 0.02176233
1 7.309274673461914 0.1989683508872986 -0.7976823449134827 3.168836 2.144815 1.848649 0.01933726
1 48.82337951660156 -16.98168182373047 -0.7987775802612305 4.065472 1.714562 1.372833 1.554332
5 11.43822956085205 18.26248741149902 -1.640404343605042 0.170086 0.181307 0.395639 -1.616752
1 -13.32368850708008 3.184155225753784 -1.178700804710388 4.372838 1.877623 1.329845 0.02425653
1 0.1197868436574936 3.765033960342407 -1.088780879974365 4.818593 1.970971 1.506989 -0.0002268925
4 0.1773148477077484 -5.82429313659668 -0.6095794439315796 0.872455 0.82643 1.01386 0.01225106
4 1.79932165145874 -6.472375869750977 -1.023167371749878 1.73155 0.652332 1.575373 0.03447887
1 -1.109347820281982 -3.120911836624146 -0.8759377598762512 5.040821 1.991674 1.684451 0.03271372
2 -6.154844284057617 -0.05930235981941223 -0.6002039313316345 6.015959 2.341607 2.127876 0.009966929
1 18.11256790161133 -1.675949096679688 -0.9346165657043457 3.778431 0.482413 1.421788 0.0310436
1 46.05927658081055 -19.8058032989502 -0.6299667954444885 4.234314 1.829985 1.567463 1.703899
1 -6.994349479675293 -2.676013231277466 -1.059345126152039 4.367198 2.030388 1.511386 0.01557103
2 15.00445747375488 3.487577676773071 -0.4174777269363403 12.629189 2.604974 2.694302 0.02450382
4 30.77789497375488 22.41531181335449 -1.120793700218201 1.37974 0.799239 1.344952 -1.536986
2 43.60440444946289 4.532320022583008 0.4529061019420624 0.423282 2.527712 2.483163 0.8244182
5 17.25877571105957 18.8070011138916 -1.596055626869202 0.245729 0.171428 0.556386 -1.616752
4 28.09745788574219 25.38995742797852 -1.208701133728027 0.679951 0.832386 1.540887 -1.550649
6 49.80728149414063 -35.71714782714844 -0.7638897895812988 3.399106 1.067053 0.38992 1.629051
2 46.73169708251953 -27.44713592529297 0.2294305860996246 6.076858 2.331204 3.216806 1.640876
6 -19.82645225524902 -3.673622846603394 -0.4807456731796265 1.213085 0.598672 0.372977 0.02292152
4 -21.8349552154541 19.48073768615723 -1.627704858779907 2.390709 0.772083 1.589704 3.067091
6 20.71516799926758 0.6475055813789368 -0.03777303546667099 1.519968 1.454253 0.220079 0.05199611
4 0.7818252444267273 -4.815729141235352 -0.6569619178771973 1.22124 0.778437 1.021771 0.01225106
5 18.73970413208008 19.1719913482666 -1.686843872070313 0.158995 0.212032 0.578705 -1.616752
6 -1.885570764541626 -4.679075717926025 -0.6702232360839844 0.094483 0.215865 0.120546 0.1064479
2 52.76778793334961 -22.57749176025391 0.6075711846351624 11.292258 2.87551 3.077194 1.651734
4 27.50604820251465 22.02190017700195 -1.122189283370972 1.579619 0.997034 1.449201 -1.52648
2 12.39669418334961 -2.246210098266602 -0.7128332853317261 4.5914 1.739925 1.894018 -0.01591667
1 4.985989093780518 -2.44082236289978 -0.9898762106895447 4.241602 1.784669 1.532159 -0.004290615
5 12.73850822448731 18.35173797607422 -1.707074880599976 0.189533 0.145519 0.411095 -1.616752
5 20.82639312744141 -9.688088417053223 -1.375078082084656 0.209651 0.187556 0.416694 -0.4450559
1 -55.35016250610352 17.13246154785156 -0.744108259677887 4.347785 2.20689 1.812266 2.977215
6 23.91929244995117 -2.812666654586792 -0.1863824278116226 1.080769 0.526223 0.166522 0.03879645
1 43.14822769165039 39.95064544677734 -1.147585391998291 5.121882 2.429787 1.994495 1.538329