1 1.317997694015503 -39.23038101196289 -0.3489474058151245 3.995259 1.932115 1.531698 -1.846032
1 -5.581633567810059 -42.84360122680664 -0.5233190059661865 1.062748 1.671362 0.965199 -1.650793
1 22.39653587341309 -9.763317108154297 -0.9428933262825012 3.898315 1.998467 1.541352 3.108029
1 -5.590810298919678 3.754042625427246 -1.138488531112671 4.493997 1.960417 1.43695 -0.2037462
1 17.10774612426758 -30.88092613220215 -0.4450689256191254 3.112115 1.007318 1.312751 1.094794
1 36.42290115356445 -6.854375839233398 -1.029894590377808 4.791537 1.604361 1.705501 2.75052
1 17.62572479248047 13.45285606384277 -1.27743673324585 4.12107 1.79265 1.47867 0.8767636
4 8.172066688537598 29.45301818847656 -1.576193571090698 2.953091 1.14012 1.723132 -2.087051
1 -15.81618881225586 7.373553276062012 -1.086092233657837 4.561232 2.088906 1.675579 -0.4168547
4 29.17297554016113 -33.91675567626953 -0.100373812019825 0.657359 0.571093 0.623531 -2.779413
3 4.679547786712647 26.83243560791016 -1.114505171775818 0.238968 0.764094 0.415091 -2.248786
1 15.95034408569336 -39.12704086303711 0.01568279229104519 4.962833 1.940637 1.967605 1.418105
4 33.59637451171875 -32.66434097290039 -0.6548296213150024 1.796745 0.641151 1.264885 -2.991383
1 -0.6870805621147156 -50.1721305847168 -0.4217575788497925 1.41955 1.131632 0.68561 -1.237827
1 -24.28116035461426 21.83295440673828 -1.593780279159546 3.992371 1.802766 1.210935 2.618874
3 30.50876045227051 15.5897741317749 -1.378105521202087 0.558384 0.524005 1.503406 -1.753932
1 -34.37648391723633 11.8174934387207 -1.388068795204163 4.018534 1.893485 1.149899 -0.4406814
1 42.37623596191406 -9.552261352539062 -1.17128598690033 4.244038 1.459227 1.365014 2.675281
6 34.01780319213867 -15.06486701965332 -0.2023896127939224 1.329306 1.70542 0.492934 2.801887
4 0.4918886721134186 20.75055313110352 -1.408968448638916 1.766765 0.610098 1.532676 -2.110022
1 15.20467376708984 24.25750732421875 -1.538992047309876 4.146862 1.845279 1.437953 -1.829296
1 11.55834102630615 -14.82458877563477 -0.7827107906341553 4.57199 1.756662 1.419721 -2.801938
4 6.001891136169434 29.17514801025391 -1.588092088699341 1.323442 0.622899 1.466047 -2.231883
3 -6.072970867156982 -20.93183326721191 -0.5327799916267395 0.633328 0.960342 1.49783 0.4182472
4 32.69035720825195 -33.40670013427734 -0.5322493314743042 1.457362 0.403154 1.490144 -2.951876
3 31.92370796203613 18.35233879089356 -1.226598262786865 0.559051 0.344518 1.693388 1.2344
1 49.46878433227539 -12.55351448059082 -1.134318590164185 4.132848 1.742247 1.014903 2.706524
4 2.691003561019898 17.64651298522949 -1.407851219177246 2.859629 1.368702 1.517114 -2.038873
4 35.84127426147461 38.54543685913086 -1.744356870651245 0.83974 0.449902 1.265372 1.49646
2 13.41063976287842 4.683546543121338 -0.4610080718994141 12.621254 2.678501 2.774496 0.4660401
1 21.24924468994141 46.48725509643555 -2.23716926574707 1.302017 1.676712 0.667359 -1.876117
1 -33.28126907348633 14.36097431182861 -1.102789282798767 2.63495 1.868705 1.523033 -0.4763746
4 -24.4843635559082 -2.763297319412231 -0.8943257331848145 1.387732 0.595097 1.395236 2.721242
4 28.32082557678223 16.58798027038574 -1.438489198684692 1.566514 0.551889 1.695674 1.216541
5 -5.397171020507813 24.95915794372559 -1.971339225769043 0.174208 0.087542 0.310088 -0.04602986
2 19.5178279876709 26.13180541992188 -0.922794759273529 6.160086 2.460931 3.041139 -1.806764
1 9.737257957458496 -20.50530052185059 -0.6377450823783875 4.54627 1.819709 1.503448 -2.445585
1 4.59656572341919 -28.68240547180176 -0.5366843342781067 4.468686 1.825649 1.49626 -1.831855
4 34.93532180786133 38.7755012512207 -1.85083818435669 0.900371 0.489137 1.010887 1.311769
4 -5.0479736328125 18.41810035705566 -1.297398209571838 1.366926 0.793409 1.653706 -1.71025