3 16.36187934875488 11.44412326812744 -0.7484887838363647 0.34426 0.550114 0.668351 -3.046129
4 -19.52113151550293 14.96648597717285 -1.495306253433228 1.459329 0.581263 1.488964 3.119093
1 30.19733047485352 10.77127552032471 -1.173545122146606 3.621139 1.811075 1.057245 -3.133692
1 -34.48872756958008 2.660348892211914 -1.376803159713745 3.479795 1.760701 1.125331 0.01374625
2 21.29964637756348 14.08527851104736 -0.5003345012664795 12.162188 3.024452 3.215731 -3.058094
6 14.93177795410156 10.30102443695068 -0.8470625281333923 1.6412 0.249668 0.50576 0.01784302
2 22.45892524719238 0.08952738344669342 -0.8446415662765503 3.745976 1.642363 1.91329 0.01961106
2 43.78215026855469 3.102498292922974 -0.01186959445476532 3.710128 2.615801 3.585399 0.04219249
1 10.2817325592041 15.71830081939697 -1.201850414276123 5.231872 1.819744 1.950021 3.133647
1 -16.12630844116211 10.8295202255249 -1.402787923812866 3.263989 1.987222 1.401567 3.141592
1 -53.32209014892578 -3.441425800323486 -1.224815726280212 3.807446 1.693805 1.01062 -0.2576751
2 38.62090682983398 14.91104793548584 -0.3293088972568512 11.725288 3.076708 2.987033 -3.127805
1 11.29351043701172 6.99295711517334 -1.120675921440125 4.060382 2.028573 1.508062 3.10802
1 1.140385985374451 7.259876251220703 -1.161890387535095 4.768925 1.863662 1.424157 -3.12376
1 -18.35936737060547 7.57480001449585 -1.268912672996521 2.422706 1.539504 1.470012 3.141592
2 -43.23423767089844 13.10281372070313 -0.6387331485748291 4.156906 2.686273 2.572642 3.13557
3 10.10254287719727 14.55755615234375 -1.324602365493774 0.335798 0.515242 1.637975 1.305077
1 42.70236587524414 11.5566291809082 -1.021451115608215 2.133259 1.336726 0.808288 3.1256
6 21.20418930053711 -5.628968238830566 -0.6492226123809814 0.355456 0.596172 1.209987 -0.01893591
4 -12.59699153900147 15.71344566345215 -1.516890406608582 1.383921 0.482306 1.405862 -3.093917
2 6.150967597961426 -4.538792610168457 -0.5395270586013794 11.924986 2.9514 2.389429 0.05304352
2 -25.16643142700195 -5.756617069244385 -0.3747229874134064 11.754746 4.108401 2.973336 0.004459925
2 47.89113616943359 -3.152646064758301 -0.1806511878967285 1.555422 2.080347 2.456234 0.02040166
1 31.15474319458008 7.206688404083252 -0.6099534630775452 0.765143 1.63589 0.536239 -3.13517
2 -8.290693283081055 -4.731090068817139 -0.5553088784217834 11.836901 2.931843 2.53306 -0.007808009
1 -51.54929733276367 1.988090038299561 -1.060219645500183 2.100924 1.457968 1.208102 0.01374625