6 27.01734352111816 7.82379674911499 -0.782321572303772 1.180734 1.353669 0.457289 0.01323015
2 38.61238861083984 -2.660019636154175 0.004850054159760475 0.273899 1.869224 1.11665 0.004814915
4 -49.34148025512695 14.6142635345459 -1.084070920944214 1.099003 0.209291 1.334615 -3.113055
1 6.053739547729492 7.050894737243652 -1.087449550628662 4.371824 1.919929 1.490464 -3.118172
1 6.224725723266602 0.02675005421042442 -0.8425902128219604 1.127194 1.602569 1.916571 0.05065733
2 -41.60822296142578 -4.335973262786865 -0.1737963259220123 11.163427 0.769086 3.125565 0.008758511
3 -14.5155725479126 18.82042503356934 -1.183391332626343 0.709781 0.484769 1.581548 2.856847
2 12.89949798583984 -3.551718711853027 -0.5175917744636536 12.963565 2.884609 2.638553 0.005224598
2 21.51930618286133 3.03195858001709 -0.4134863615036011 11.290426 2.761576 2.964912 0.02353003
1 -12.21823024749756 2.45500111579895 -0.9278634786605835 4.313608 2.039178 1.68067 0.08753785
6 30.20037651062012 -4.54573917388916 -1.124454975128174 0.324817 1.258324 0.406191 -0.01049504
1 -6.473333358764648 0.2604056894779205 -1.003887414932251 3.623019 2.000624 1.404184 -0.03464886
6 -54.41018295288086 9.557311058044434 -0.6346957683563232 0.687318 1.053681 0.283878 0.03876548
3 -28.25547218322754 -8.569664001464844 -1.00259268283844 0.436426 0.391953 0.703208 0.015985
1 -7.078249931335449 6.507237434387207 -1.085800290107727 4.054917 1.608835 1.421054 0.02931962
2 -28.14995384216309 -5.205154895782471 -0.1489250510931015 11.638741 2.902903 3.108761 0.008505811
1 -29.31162452697754 2.455322980880737 -1.016063094139099 4.1278 1.734198 1.437585 0.03207945
2 6.157268524169922 14.90820980072022 -0.6107368469238281 12.302375 3.384065 2.919646 -3.126568
3 -21.77081871032715 -9.809159278869629 -0.5319913029670715 0.510614 0.648935 1.493426 3.126198
2 20.27505493164063 14.78231430053711 -0.5488774180412292 11.948655 2.841957 3.239676 3.072779
1 -18.08373069763184 15.54973697662354 -1.037314772605896 4.847156 2.183964 1.805637 3.128835
6 -32.41017150878906 7.25395679473877 -0.2186707258224487 0.132083 0.620589 0.014697 0.08424215
1 8.823993682861328 10.07118606567383 -0.9126693606376648 4.083023 1.631548 1.108805 -3.112998
2 -27.52239799499512 11.75510692596436 -0.3470288813114166 11.724312 2.729314 3.295517 -3.082579
2 -60.86935806274414 -1.317327976226807 0.06385095417499542 2.779432 2.877064 3.089784 0.03296191