6 -43.68509674072266 -5.189946174621582 -0.8823595643043518 0.268088 0.528699 0.655319 0.0
1 -2.747646570205689 17.64183235168457 -1.272048830986023 3.532453 1.504644 1.668376 1.57617
4 -32.85571670532227 8.490171432495117 -1.177043318748474 1.487973 0.714797 1.024348 0.3225226
1 53.26347351074219 -1.460360527038574 -1.423047065734863 1.361433 0.824972 1.388679 2.602065e-17
3 -9.094634056091309 -11.71439838409424 -0.4596288502216339 0.459468 0.383716 1.031318 0.09480682
4 -50.04954528808594 7.11576509475708 -1.423564910888672 0.661012 0.390066 0.597226 1.349042
4 -35.12677764892578 8.455086708068848 -1.238483786582947 1.441751 0.530316 0.668201 0.1521649
3 -19.55567932128906 12.84059238433838 -0.8527204990386963 0.481907 0.646808 1.040682 -3.108572
3 -2.316980361938477 15.31581401824951 -1.208930969238281 0.514372 0.580491 1.662192 0.8467941
4 -48.34305191040039 7.981767654418945 -1.031126976013184 1.076816 0.648215 1.266884 2.077674
1 46.82868957519531 16.3371639251709 -1.36001980304718 0.814216 0.358833 0.595263 1.580244
3 14.75746726989746 -7.415419101715088 -0.4487344622612 0.385503 0.714528 0.49992 -0.4982194
1 -0.5430724620819092 16.04907417297363 -1.291685104370117 1.393492 1.766493 1.589768 1.602504
1 4.043856143951416 32.5714111328125 -1.199464440345764 1.397537 1.11675 0.506931 1.593855
1 -43.63382339477539 -2.685759544372559 -1.409701228141785 0.815555 0.556782 0.578526 -1.633928e-16
4 -27.84476089477539 8.377886772155762 -1.223756194114685 0.608867 0.463268 0.799706 1.538295
4 -40.38431167602539 7.701034545898438 -1.214795708656311 0.915188 0.587126 0.753487 2.399875
1 31.76554298400879 29.45338821411133 -1.513857841491699 2.216356 0.606692 0.892543 1.438109
1 27.89137268066406 33.43096160888672 -1.664155125617981 3.055004 1.590837 1.561271 1.824085
3 14.24792671203613 -21.89162635803223 -0.5388813018798828 0.322467 0.56387 0.863729 1.560826
4 -41.65306854248047 -5.960580825805664 -0.9691406488418579 1.550763 0.562195 0.902935 -1.521865
1 30.6987361907959 17.2605094909668 -1.342654943466187 3.364727 1.60088 1.355921 1.582792
6 -36.72187042236328 18.22561645507813 -0.6060532927513123 1.216655 0.894553 0.227557 1.585562
1 13.21332454681397 49.85670852661133 -1.659757733345032 2.816167 0.741433 1.249953 1.534816
1 21.00388717651367 4.482431888580322 -1.374896764755249 3.978267 1.813243 1.385468 -3.141592
1 -1.731938362121582 -5.630207061767578 -1.021917819976807 4.577412 2.062938 1.516488 0.01190857
1 39.57095718383789 0.0607525184750557 -0.7825191617012024 0.438018 1.714889 0.617331 -0.04363826
1 -15.00490093231201 29.33222770690918 -1.180150270462036 2.451468 1.71282 0.883213 1.62491
1 -7.823904514312744 28.08840560913086 -1.711560964584351 4.413733 1.805376 1.213669 1.527346
1 15.18282890319824 0.1509387791156769 -1.108493804931641 2.759888 1.937117 1.57187 0.0
4 -15.79934310913086 5.483012676239014 -1.14709997177124 2.388493 0.777154 1.5271 3.141592
1 1.80687952041626 27.17685699462891 -1.402519583702087 1.505059 1.326693 1.034907 1.420755
1 39.51227951049805 16.91567039489746 -1.513275861740112 2.061578 0.507414 1.270856 1.642535
3 1.937023282051086 -11.34179210662842 -0.9036688208580017 0.641054 0.674995 1.697994 0.09480682
1 -10.11325263977051 17.01790428161621 -1.211669445037842 2.989865 1.658709 1.335107 1.607436
1 -9.86014461517334 -3.396890640258789 -0.9763481020927429 4.502061 1.857662 1.545879 0.0
1 -15.02128219604492 16.70819282531738 -1.131487607955933 2.212101 1.674277 1.681538 1.53961
1 -11.13362693786621 33.19856643676758 -1.465548872947693 2.853254 1.640058 1.707455 1.549511
4 -30.04066467285156 8.399446487426758 -1.324136853218079 1.730644 0.363403 0.88569 3.127846
1 57.31990814208984 -3.084226131439209 -2.123739242553711 1.099889 1.566607 1.086517 9.02518e-17
1 3.358550548553467 59.48288345336914 -1.379563689231873 3.878257 0.601157 1.841836 3.140933
1 4.592840194702148 27.23985481262207 -1.574747562408447 2.501391 1.407248 1.323432 -1.394204
1 23.22002220153809 16.3969612121582 -0.9180300831794739 1.182966 1.090121 0.587518 1.530597
1 -26.7395133972168 17.49379920959473 -0.9614742994308472 3.838247 1.785495 1.330819 -1.576505
1 -33.60633087158203 17.67405700683594 -1.297461271286011 2.408907 0.296116 0.759897 -1.571342
1 -22.0720100402832 16.19852828979492 -0.9972022771835327 1.378571 1.648092 0.85382 1.568835
4 54.13977432250977 7.367891311645508 -1.824961066246033 1.140448 0.542541 0.699112 -0.02916818
1 -7.694314479827881 17.5670337677002 -1.324249744415283 4.467992 1.81092 1.430832 1.550698
1 -13.91138076782227 -0.1928883194923401 -1.035147309303284 3.39208 2.012509 1.467873 0.0
1 42.02748870849609 4.35871171951294 -2.153255224227905 0.789118 1.528557 0.635369 3.124058
1 8.750664710998535 17.81950950622559 -1.473548293113709 4.676009 1.74507 1.524055 -1.430262
6 -26.8370418548584 8.446657180786133 -1.253160715103149 0.459628 0.290664 0.912204 1.562655
4 19.85512924194336 13.9919605255127 -1.399294972419739 1.259789 0.482431 0.618211 3.032444
1 -33.3482666015625 -3.310667991638184 -1.32419764995575 1.235201 1.7006 0.665977 -3.842509e-17
2 13.96610069274902 -5.837802886962891 -0.726537823677063 5.041014 1.978687 2.241843 -0.01608644
1 -55.22362899780273 2.287927389144898 -1.566839098930359 0.437926 0.993732 0.678589 0.02322553
1 1.693501591682434 32.25509262084961 -1.241980671882629 0.866611 1.246852 1.022234 1.566674
1 20.90985679626465 17.67588996887207 -1.371898174285889 4.313995 1.741312 1.637164 1.528847
1 -40.2055778503418 -0.1687294542789459 -0.7724534869194031 4.324314 1.956124 0.982408 0.0
4 -37.74408340454102 7.883979797363281 -1.121136426925659 0.770626 0.562601 0.676151 0.1993867
1 2.90077018737793 -5.92101526260376 -1.050827503204346 4.057981 1.710758 1.510528 -0.01188463
1 -19.60669326782227 17.19629669189453 -1.215631484985352 3.527817 1.673113 1.679367 1.549902
6 3.271448373794556 22.70178031921387 -0.7463409900665283 0.400095 0.314542 0.345179 -1.605636
1 16.7702522277832 -3.434278964996338 -1.161521315574646 4.130569 1.732617 1.530031 -3.757411e-17
1 -2.763587474822998 32.63722991943359 -1.639506578445435 2.301497 1.513482 1.361528 -1.520394
1 6.727119445800781 32.63890075683594 -1.532691955566406 2.488243 1.687757 1.881212 1.643133
4 -9.81568717956543 14.01599597930908 -1.103784561157227 1.702569 0.63282 1.095677 3.039019
2 24.77286148071289 -5.839850425720215 -0.8528611063957214 4.80722 2.380683 2.419775 -0.005741062
1 8.290760040283203 -5.908724784851074 -0.8763806819915771 4.103886 1.845153 1.929096 0.03701234
1 1.86886990070343 17.35653686523438 -1.36895227432251 3.894491 1.709933 1.441622 1.593542
1 30.10964393615723 -5.036887645721436 -1.13279914855957 2.285645 0.569997 0.883969 -0.01566651
1 35.5518798828125 16.20878791809082 -1.225872159004211 0.343503 0.80525 0.503529 1.555083
1 -12.48525619506836 16.97928810119629 -0.974995493888855 2.933083 1.638055 1.387305 1.560831
3 34.51308059692383 -4.889808177947998 -0.7077531814575195 0.318433 0.701221 2.217019 0.1170262
3 -30.84855842590332 13.83988857269287 -1.053481101989746 0.425163 0.230035 0.563997 3.138381
1 11.33170795440674 16.67227935791016 -1.244217753410339 2.422073 1.543326 0.513505 1.737961
1 -21.85332870483398 32.63591003417969 -1.09101402759552 2.154427 1.272871 0.696848 1.603373
3 13.64205932617188 -7.178737163543701 -0.4211466610431671 0.355852 0.504962 0.355767 -0.2225336
3 -18.37888908386231 -11.67830085754395 -0.3917570114135742 0.381142 0.543354 1.215038 0.09480682
1 20.64740562438965 26.73162651062012 -1.607906699180603 1.67357 1.153258 0.847447 0.9605418
3 -5.822958469390869 14.47187519073486 -1.222604274749756 0.788123 0.644724 0.9175 0.0672411