5 -10.10028457641602 -13.71638870239258 -1.345559477806091 0.130007 0.168663 0.53522 0.0
4 28.71480941772461 26.30377197265625 -1.845829486846924 1.38426 0.355893 1.231029 -1.392132
4 31.40243530273438 20.60444641113281 -1.793416261672974 1.646288 0.873398 1.261826 3.098733
1 36.14438629150391 44.97034454345703 -2.350566864013672 3.948009 0.43021 0.901757 1.696828
2 22.80160331726074 -4.90572452545166 -0.3456056714057922 12.956384 2.666007 2.887259 0.01217335
5 -11.6110954284668 -14.93874263763428 -1.227854609489441 0.21339 0.17492 0.491739 -2.997479
1 -18.78250885009766 0.1150511875748634 -1.122623682022095 2.844953 1.879776 1.36109 0.0
4 -40.72426223754883 -11.34867572784424 -0.9623901844024658 1.229871 0.472167 1.327496 2.523019
3 -12.49629497528076 -18.94116020202637 -0.3016250431537628 0.377865 0.531304 1.252821 1.115599
3 31.80048179626465 23.12529754638672 -1.748956203460693 1.552709 0.839765 1.480597 -0.04285926
1 -14.10599231719971 -15.43317222595215 -0.903534471988678 3.977757 1.884632 1.480945 0.9447672
5 -3.511678218841553 -10.40756607055664 -1.335611581802368 0.136612 0.116951 0.414137 0.0
3 54.59807205200195 18.84504127502441 -1.596078157424927 0.574684 0.609634 1.522987 2.886696
3 50.96982955932617 24.1789608001709 -1.217526316642761 0.685835 0.882208 2.178507 3.141592
1 -33.06194686889648 -20.66485023498535 -0.7183797955513 4.548847 1.009898 1.420191 -0.9891055
4 18.23467826843262 -9.308547019958496 -0.8971765041351318 1.697718 0.60407 1.55191 -2.978189
5 -8.539973258972168 -12.71347904205322 -1.388751029968262 0.140581 0.174135 0.553779 2.774233e-15
1 -2.367919683456421 9.368911743164062 -1.288823366165161 4.32713 1.796356 1.479365 -3.076123
2 -19.48407363891602 -3.150026559829712 -0.7843469977378845 5.023609 1.884554 2.015985 0.0
3 45.13408279418945 23.40815925598145 -1.910012602806091 0.793491 0.787488 1.553159 -2.906949
1 -47.90020751953125 -2.154247760772705 -1.244141936302185 2.487283 1.795396 1.223257 0.0
4 -30.39620399475098 17.03997230529785 -1.26692545413971 0.792122 0.451061 0.871649 3.141592
3 -42.06631851196289 -20.44620513916016 -0.5718409419059753 0.601695 0.568242 1.495633 -0.9538825
3 -53.24266815185547 -12.81954669952393 -0.8180497884750366 0.314107 0.454218 1.421489 -3.084411
5 -6.938066005706787 -11.76101207733154 -1.38862407207489 0.139368 0.118462 0.515943 0.0
1 -21.63614654541016 36.99115371704102 -2.133318424224854 3.961966 1.120003 0.673386 -3.122496
3 0.2788033485412598 20.68113899230957 -1.453426241874695 0.890307 0.680984 1.673446 3.141592