1 -33.63663864135742 12.85622501373291 -1.407929539680481 4.408771 1.48997 1.045376 -3.071406
2 55.03265762329102 -0.5540514588356018 -0.06489750742912292 5.434087 1.737032 2.523933 0.06838522
1 -24.82437896728516 -4.518377304077148 -1.13623309135437 2.980496 1.944323 1.41215 0.08693583
1 -33.70249176025391 1.287611842155457 -1.314154267311096 3.365247 1.745658 0.976535 0.08672652
1 2.651965379714966 2.578168392181397 -1.018183708190918 4.369937 1.763116 1.503881 0.01528528
1 -54.20494079589844 0.1817969679832459 -1.164783596992493 1.856248 1.300637 1.322901 0.06579111
1 58.73332214355469 2.892799377441406 -0.7462724447250366 0.26617 1.70516 1.827146 0.08435624
1 -24.13973236083984 -25.40616798400879 -0.153227835893631 2.258398 0.715771 0.695679 -1.58823
1 -40.87245178222656 9.915081977844238 -0.9536359310150146 4.073252 1.570329 1.205699 -3.087402
2 18.30627822875977 -2.085798501968384 -0.4089987277984619 12.637932 2.796187 2.680421 0.03889
1 -28.24287223815918 -24.90710830688477 -0.08669963479042053 1.705307 1.666705 0.915333 -1.588692
4 10.01163482666016 15.20630168914795 -1.209376096725464 2.163018 0.756637 1.557796 -3.106875
1 8.18785572052002 8.090864181518555 -0.9368711709976196 4.060509 1.707432 1.050764 -3.112388
1 -35.85891342163086 -26.25565528869629 -0.1543261408805847 2.796933 1.436145 1.095811 -1.499148
1 -38.89129257202148 -26.3887825012207 0.1345768868923187 1.455371 0.457575 0.536308 -1.587916