1 -1.150378227233887 -3.160214185714722 -0.8808408379554749 5.078304 1.927198 1.694302 -0.01233994
6 49.87387084960938 -35.19078063964844 -0.7578445076942444 2.320938 1.291846 0.368961 1.661766
4 -13.50249099731445 -5.341887474060059 -0.6658165454864502 0.668721 0.698427 0.556741 -0.02746861
1 7.377493858337402 0.2115249484777451 -0.8004692196846008 3.226867 2.062241 1.862858 -0.004098302
4 -8.570439338684082 -5.075919151306152 -0.929718017578125 1.241865 0.684463 1.340815 0.05310671
1 45.85158157348633 -19.75791358947754 -0.5112970471382141 4.086391 1.321798 1.328356 1.67941
3 27.89368438720703 25.3582935333252 -1.15774941444397 0.374129 0.697801 1.440436 0.4266855
6 -19.82068061828613 -3.585836172103882 -0.4811979234218597 1.238293 0.607559 0.315356 -0.07367128
5 14.19374561309815 18.39066696166992 -1.698099374771118 0.111098 0.271787 0.425353 3.111511
5 11.43889904022217 18.26238059997559 -1.696259617805481 0.129217 0.115049 0.426638 -0.02497463
4 32.45975494384766 28.22735404968262 -1.234279036521912 1.473878 0.456644 1.385187 1.288759
4 27.61627769470215 21.93186569213867 -1.082895636558533 1.814412 0.653693 1.373371 0.9962709
6 23.87779426574707 -2.77394700050354 -0.1744014471769333 0.845994 0.53944 0.132172 -0.3913414
2 -4.390902996063232 3.390632152557373 -0.6221102476119995 12.154566 2.837308 2.442086 0.002123813
5 20.22843170166016 19.54407501220703 -1.696211338043213 0.155665 0.107969 0.378725 -1.825115
1 -19.02103424072266 3.410192728042603 -1.122802972793579 4.028722 1.10651 1.236459 0.002711327
1 17.39029884338379 4.099648952484131 -0.9302202463150024 3.780893 1.803013 1.456693 0.0984671
2 -6.145749568939209 -0.1054489463567734 -0.5711808800697327 5.975019 2.269791 2.068846 0.03064275
1 48.05390167236328 35.23909378051758 -1.156084060668945 3.481694 1.426762 1.252257 -1.785195
5 18.76925659179688 19.13469696044922 -1.675076961517334 0.075319 0.107342 0.495742 -2.849246
1 18.13040351867676 -1.684332847595215 -0.93178391456604 3.772233 0.410212 1.390751 0.00872142
1 -7.054061889648438 -2.680657386779785 -1.07152533531189 4.48814 2.019038 1.47385 -0.01475202
5 17.26532554626465 18.70215225219727 -1.715341448783875 0.052462 0.3263 0.486414 -3.023926
6 20.76265144348145 0.6637107729911804 0.00261238357052207 1.277189 1.319745 0.188748 0.01680617
1 4.908288955688477 -2.447236776351929 -1.008488178253174 4.08373 1.823331 1.481987 -0.004094755
2 46.75705718994141 -27.36749267578125 0.505181074142456 5.93753 2.357992 2.67451 1.65473
6 -13.76040363311768 -3.187317132949829 -0.7259251475334167 2.652986 1.062817 0.485862 -0.006761014
2 52.74030303955078 -22.61263847351074 0.6169077157974243 11.234561 2.817753 3.106668 1.659839
2 33.50346374511719 3.679401397705078 0.1441226899623871 5.837321 2.595482 2.339754 -0.03795828
5 20.84863662719727 -9.68922233581543 -1.355699896812439 0.204461 0.223235 0.318724 0.97177
2 12.45329761505127 -2.246284484863281 -0.7231037020683289 4.665907 1.687784 1.924937 -0.02603334
1 42.76396179199219 39.99266815185547 -0.920989453792572 4.954782 1.591381 1.570259 -1.577749
1 48.7518424987793 -17.863037109375 -0.6588947176933289 2.530418 1.58367 1.102369 1.643069
4 -8.757143020629883 -6.288210868835449 -1.016595363616943 1.288276 0.701463 1.653934 0.07342084