1 -3.959301471710205 -18.04489517211914 0.2398728579282761 1.143348 1.27131 1.229087 1.488521
1 5.204611301422119 -0.2476974278688431 -0.8013439178466797 0.982895 1.835045 1.935533 0.006323515
2 -8.979808807373047 -1.464138865470886 -0.4905379414558411 8.949313 2.992899 2.298093 0.02218656
2 -17.7134952545166 30.51120567321777 -0.4353592395782471 8.87149 2.590111 2.99348 -3.132107
2 9.98078727722168 2.969801187515259 -0.5882176756858826 6.077519 2.378434 2.43066 -0.04115627
1 -3.165677785873413 2.679540157318115 -1.02339506149292 4.778348 1.929906 1.487779 0.09477735
1 -21.98397636413574 3.477388620376587 -1.080950975418091 4.023191 1.652095 1.461804 -0.00868548
1 -31.78047370910645 2.107864141464233 -0.9659953713417053 3.249087 1.858578 1.556229 -0.02798432
2 5.437970638275147 5.291708469390869 -0.6245450377464294 5.659966 2.487045 2.307691 0.1524382
1 -24.77118682861328 0.3660682141780853 -1.170034170150757 4.020583 1.379005 1.276055 -0.04145125
6 -48.38967132568359 23.01795196533203 1.849323630332947 0.693452 1.370251 0.315798 2.48618
1 17.33918190002441 2.521539926528931 -1.335876822471619 2.532501 0.28637 0.95764 -0.01403228
1 4.557156562805176 23.24994850158691 -1.197968244552612 4.295909 1.816517 1.432132 -3.102053
1 3.214281320571899 26.97832107543945 -1.440133571624756 1.946668 1.038709 1.013427 3.131392
2 34.40967559814453 -0.6002026796340942 0.3966687619686127 9.626436 2.552904 1.617303 -0.009916344
1 26.21857070922852 3.135509252548218 -1.017380833625794 1.665562 1.75534 1.070275 0.03987056
1 -11.28417682647705 3.273820161819458 -0.8731585741043091 4.588094 2.045927 1.815308 0.001846956
6 -37.22968292236328 26.95853996276856 -1.142857432365418 0.892224 0.474983 0.260752 -3.110295