1 -14.35225200653076 -36.8565559387207 0.2471023797988892 1.264712 1.395294 1.281178 -1.563621
1 -2.138261556625366 -19.43320846557617 0.05340556055307388 0.811809 1.748675 1.016415 -1.511235
1 -19.91895294189453 -32.63054275512695 0.03557946905493736 4.183094 1.944901 1.70523 1.596018
2 17.02245903015137 3.314403533935547 -0.5058141946792603 5.97061 2.393301 2.73166 0.04090588
1 -13.92607307434082 2.930365800857544 -0.9278300404548645 4.585472 2.083256 1.873707 0.04997893
2 15.9670877456665 6.208502292633057 -0.529620349407196 5.537579 2.186846 2.703387 0.05963622
1 -43.69178771972656 1.538551092147827 -1.525404930114746 0.871937 1.672975 0.876608 0.02513034
1 11.69423007965088 -19.22402763366699 0.5151888132095337 1.904149 2.663258 0.964825 0.02207439
1 4.263216495513916 -19.3035945892334 -0.03737475350499153 0.912942 0.750227 0.894287 -1.595716
1 6.262546539306641 -19.70355796813965 -0.04008293151855469 1.050715 1.459447 0.698114 -1.533744
1 41.04541397094727 3.971406698226929 -1.216708302497864 1.158022 1.291634 1.390427 0.05857326
1 -14.66031074523926 -31.67801666259766 -0.3017411828041077 2.898979 1.640353 0.954705 1.636433
1 -17.10597038269043 -31.30982971191406 -0.2977377474308014 1.346985 1.162497 0.951708 1.557468
2 -21.28131294250488 -3.108735322952271 -0.3680002391338348 11.974301 3.010394 3.015144 -0.06743256
2 53.96973419189453 1.296284675598145 0.4790486693382263 4.227167 2.540391 1.400764 0.0
1 4.787805080413818 2.471877336502075 -0.8736280202865601 4.489103 2.000218 1.90795 0.05792062
1 -31.59501457214356 3.082491397857666 -1.104880809783936 3.973915 1.65988 1.597695 0.05657469
1 -47.84548187255859 -1.571529150009155 -0.2418281584978104 1.896173 1.568748 0.893729 0.04848285
1 28.28567695617676 3.205015182495117 -1.1912682056427 3.087183 0.569219 1.4014 0.06727021
6 -38.19217300415039 -1.041227698326111 -1.280458450317383 0.757129 1.647549 0.294898 0.05657469
1 10.91028594970703 3.683735370635986 -1.495364189147949 0.365459 0.930828 0.737649 0.04955019
4 -15.14145565032959 -8.374890327453613 -0.8227076530456543 1.775348 0.598673 1.546183 -3.114655
1 11.46680736541748 0.1375071406364441 -0.8563379049301147 1.343448 1.641532 1.930498 0.01133293
1 0.9679417610168457 -20.41917228698731 0.07974426448345184 3.490635 1.744331 1.601131 -1.527843