1 -35.79882049560547 25.03816223144531 -1.651650786399841 2.796999 1.085409 0.644981 1.579903
1 -8.976388931274414 16.65116119384766 -0.9217925071716309 3.127645 1.733334 1.32507 1.635486
1 36.15663146972656 3.677745819091797 -0.740971028804779 1.898177 1.812465 1.775551 0.0997664
4 6.249619483947754 8.790552139282227 -1.194036245346069 1.630983 0.665933 1.548403 -3.062043
3 -24.87384605407715 -28.87627029418945 -0.2601417899131775 0.187666 0.671989 0.530907 0.7368261
1 -42.56826019287109 14.43483257293701 -1.035984754562378 2.299719 0.742751 0.932418 1.649766
1 -46.55873489379883 -6.447874069213867 -1.559321522712708 0.820711 1.459626 0.664612 8.550858e-17
1 -19.78623390197754 29.77115631103516 -1.526755690574646 2.441674 1.136533 0.861876 1.592947
1 16.80050849914551 28.25824356079102 -1.346476197242737 1.534215 1.811618 1.041134 1.656104
1 -38.24908447265625 24.58102035522461 -1.436489701271057 0.94617 1.086281 0.579289 1.608572
1 -37.47817611694336 15.10927104949951 -1.31005871295929 3.56103 0.927116 1.033487 1.640776
4 29.56339836120606 10.4836950302124 -1.323491334915161 1.343561 0.977436 0.710432 -3.042269
1 -4.013872623443604 17.22954559326172 -1.232361197471619 3.668266 1.763251 1.496862 1.641614
1 -2.032367706298828 32.36928176879883 -1.357576727867127 1.206055 0.712161 1.45034 1.656966
3 -7.370208740234375 -11.96643733978272 -0.7774558663368225 0.649635 0.467414 1.201136 0.1008389
1 -16.33112144470215 16.79853057861328 -1.162753462791443 4.133289 1.800246 1.607346 1.640687
3 30.77964591979981 -9.495116233825684 -0.6328292489051819 0.43371 0.535661 0.874853 0.07449874
3 30.59861946105957 8.706092834472656 -1.213308334350586 0.503003 0.70354 1.632523 -1.512712
2 -13.18857479095459 -6.689594745635986 -0.5644487142562866 5.706363 2.47808 2.325427 0.06633815
1 19.38991165161133 19.71837043762207 -0.8498448133468628 2.334204 1.58919 0.642291 1.656992
1 -8.007347106933594 -6.006343841552734 -0.9991177916526794 3.399288 1.734872 1.514348 -0.04343042
1 2.619803667068481 17.86164474487305 -1.280002236366272 4.27966 1.764975 1.426976 -1.503914
1 -6.600807666778565 17.07795524597168 -1.122777223587036 3.701631 1.721656 1.619302 1.612238
1 18.41848373413086 28.69134330749512 -1.209460616111755 1.509087 0.517694 0.688492 1.676634
2 -23.99746131896973 -7.293411731719971 -0.7279812097549438 5.287332 1.850043 2.129227 0.04558365
1 8.318387031555176 0.9965029358863831 -0.9955034255981445 2.670743 2.042225 1.571816 0.07564249
1 30.7198371887207 7.461534976959229 -1.189334392547607 4.130093 1.874976 1.665087 -3.086359
1 -4.937771320343018 27.19805717468262 -1.398806214332581 2.37233 0.862421 1.415393 1.61414
1 -2.67857837677002 27.56374931335449 -1.294495463371277 3.115006 2.210159 1.595498 1.654764
1 -8.12271785736084 27.29117584228516 -1.070269346237183 3.226701 1.496228 0.795619 -1.52096
4 32.44288635253906 5.656517028808594 -1.025144815444946 1.72298 0.727731 1.291026 -3.08996
6 32.24850845336914 -1.091274738311768 -0.8566653728485107 0.212271 0.493973 0.3877 0.07083105
1 20.81534767150879 -1.461746335029602 -1.082926511764526 4.023503 1.757203 1.475903 0.07004835
1 36.89002227783203 -0.7336592078208923 -1.238633155822754 2.4443 0.57836 1.017447 0.0850111
1 0.4730652570724487 16.65135955810547 -0.9427637457847595 2.102525 1.542336 1.451247 1.618202
1 5.197824954986572 17.9995059967041 -1.043906092643738 3.023133 1.950029 1.351794 1.629714
3 -13.24872589111328 -12.72935104370117 -0.8912806510925293 0.820284 0.498602 1.633091 -0.04577637
1 -19.70683670043945 25.63461685180664 -1.731494069099426 1.224871 1.639064 0.856996 -3.121716
1 7.531454563140869 17.93228149414063 -1.075873255729675 3.107396 1.717193 1.593672 1.579288
1 -22.73694801330566 -1.919260621070862 -0.7325512170791626 3.432874 1.830415 1.048381 0.05273531
1 -21.09664344787598 -4.757720470428467 -1.074190855026245 4.102544 1.974086 1.412693 0.03225758
1 -7.092072010040283 -0.4958196878433228 -1.050765872001648 3.751355 1.99897 1.423613 0.07374727
4 28.31221008300781 9.334714889526367 -1.046776175498962 0.798166 0.69411 0.946123 -3.04502
1 14.3615312576294 18.63078117370606 -1.009443402290344 3.847915 1.570592 1.254139 1.645702
1 20.87665367126465 2.733116388320923 -0.6710765957832336 1.109506 0.790527 0.534939 5.178262e-17
1 -29.90420150756836 -7.3406662940979 -0.2769059240818024 2.484405 0.717687 0.659061 0.1102703
1 27.64856147766113 0.440449446439743 -0.9653911590576172 1.245674 1.890338 1.598792 0.04472754