2 -19.29533386230469 29.75549125671387 -0.3893903493881226 5.57936 1.205135 2.981557 -3.125356
6 -48.36215591430664 22.9924373626709 1.827541470527649 0.80021 1.172438 0.27804 3.08814
1 -7.949744701385498 2.534923076629639 -1.010879755020142 4.450397 2.026102 1.601243 0.0076432
2 9.284379959106445 2.968478202819824 -0.6196726560592651 6.460266 2.38957 2.435782 -0.04565693
1 37.70989608764648 27.88913917541504 -1.602026343345642 3.67841 1.649505 1.212274 -3.131072
1 -25.55519104003906 3.280038356781006 -1.058979272842407 3.918886 1.195179 1.6646 0.0
2 -11.63674640655518 -1.3776695728302 -0.5653780102729797 9.946677 2.946584 2.575158 -0.002752922
1 4.980513095855713 -0.1803406178951263 -0.7736285924911499 3.6135 1.794972 1.88044 0.0
2 24.89916801452637 -0.7023746371269226 0.3419178426265717 12.186724 2.557037 1.078408 0.0
1 20.83420562744141 3.032269716262817 -1.110883235931397 3.38092 1.159726 1.533698 0.04567339
1 -16.52015495300293 3.37606692314148 -0.9065775275230408 3.775059 2.055245 1.856575 -0.02199515
1 -33.25096893310547 -0.02526551485061646 -1.253066301345825 1.903272 0.923263 0.852179 0.0
2 0.7085614204406738 4.417799472808838 -0.6920130252838135 5.825029 2.303415 2.254596 0.04658391
1 -47.98751068115234 2.105947971343994 -1.574948310852051 0.796749 1.558662 0.595118 0.0
1 16.28664016723633 2.580308675765991 -1.227464556694031 2.74793 0.404935 1.278922 -0.01606297