2 17.64850997924805 -42.26514434814453 0.7433139085769653 2.893632 2.764861 2.489489 2.487857
5 -18.48243522644043 -7.739505767822266 -1.366972208023071 0.246535 0.163696 0.453504 -1.532916
4 0.5471910238265991 -6.186827659606934 -0.9396702647209167 1.666108 0.937607 1.727675 -0.1126626
5 -15.76578521728516 -8.65418529510498 -1.411990284919739 0.316175 0.32163 0.610611 0.01218772
1 -14.82330799102783 2.297330141067505 -1.161821722984314 4.195551 1.947004 1.470922 0.01324534
5 -3.669073581695557 -9.94021224975586 -1.432094812393189 0.194689 0.182396 0.529063 1.5336
4 -5.782077312469482 -6.87354850769043 -1.279573321342468 2.045216 0.81664 1.184869 -0.0676797
3 -24.99789047241211 -10.67571830749512 -0.8543023467063904 0.369578 0.534094 1.627023 3.122325
5 12.62777423858643 -7.659872531890869 -1.281358361244202 0.152868 0.188029 0.495176 -1.748765
6 52.61989212036133 3.389628648757935 -0.1289222985506058 0.31817 1.112754 0.149256 0.03059673
5 10.45890331268311 -9.88913631439209 -1.30790376663208 0.185942 0.166798 0.48728 -3.076077
2 13.51385974884033 -27.51939392089844 -0.04626967757940292 2.174814 2.072081 1.902018 0.02066543
1 40.43093872070313 2.584093570709229 -0.8377752304077148 3.537854 1.890789 1.260515 0.01541734
5 11.4371395111084 -8.646361351013184 -1.278345465660095 0.232662 0.239833 0.567119 0.06551623
5 11.67868041992188 -8.215126991271973 -1.23623263835907 0.314593 0.269219 0.694381 0.06551623
5 -24.46991348266602 -7.847973346710205 -1.428015112876892 0.201455 0.296464 0.456357 0.09679426
5 -24.4502010345459 -9.226162910461426 -1.430565237998962 0.140296 0.211856 0.643362 1.513231
5 -4.473495483398438 -8.55070972442627 -1.478868842124939 0.221379 0.256967 0.559193 -3.139159
5 -21.30353355407715 -7.8686842918396 -1.462107062339783 0.374098 0.363326 0.549001 -3.116375
5 16.49275207519531 -8.298319816589355 -1.214270710945129 0.258018 0.255314 0.583473 -3.08154
5 -25.65445518493652 -8.826865196228027 -1.360266327857971 0.299578 0.286337 0.737885 0.06241202
5 -25.5642204284668 -7.930977821350098 -1.496888637542725 0.208552 0.406129 0.64811 -3.138474