1 -0.9672828912734985 -19.65410614013672 -0.1502394378185272 1.119668 1.384774 1.116678 -1.596152
1 1.422836542129517 -19.0584888458252 -0.06277166306972504 0.258733 0.807685 0.600019 -1.538884
2 10.07553577423096 3.078826427459717 -0.5778021216392517 6.191934 2.456117 2.416438 0.03214698
6 47.66603088378906 -1.219083070755005 0.2707456946372986 1.179142 0.52977 0.359305 -0.007585207
1 59.73635482788086 2.806384325027466 -1.143320083618164 0.375689 0.866403 0.587649 0.0214275
2 40.14687728881836 -0.2884615063667297 0.5145322680473328 4.355627 2.479606 1.294763 -0.012744
1 -38.49224472045898 3.913404703140259 -1.359179258346558 1.150538 1.942228 0.783674 0.02798682
2 -32.76752090454102 -8.691205024719238 -0.1888678222894669 12.081312 2.849129 3.186524 -0.910059
1 -11.95932292938232 3.925430059432983 -0.8972887992858887 4.581613 2.111781 1.846248 -0.0126176
1 21.7266731262207 2.788394927978516 -1.134431958198547 3.508281 1.701267 1.443156 -0.0005958615
1 11.48687553405762 -0.2731089293956757 -0.858441948890686 1.419056 1.61236 1.937151 -0.02518125
6 47.18169784545898 2.724032163619995 -1.307055830955505 0.450226 0.510909 0.595896 -0.07050864
1 27.57258796691895 -26.15257263183594 1.284695386886597 4.155609 0.322589 0.56235 -1.585724
6 29.12547874450684 4.993351459503174 -0.351170688867569 0.604923 0.180496 0.815627 0.152605
2 46.92465209960938 -27.15666770935059 1.388898253440857 6.566211 2.548397 1.514282 -1.621567
2 -55.22868347167969 -3.082070350646973 0.2842051088809967 7.849915 3.625926 3.671062 0.06671696
1 -49.39604949951172 0.5131835341453552 -0.2862446904182434 1.331029 1.769448 0.897306 -0.0082303
1 -0.347326397895813 3.585115194320679 -1.032771825790405 4.676038 1.931854 1.416036 0.08190148
1 -38.81330108642578 0.6199383735656738 -1.46488356590271 0.978824 1.785348 0.641738 0.06153562
1 34.94207382202148 2.935680627822876 -1.09019935131073 1.634533 1.667124 1.377552 0.02051925
1 -25.44151496887207 4.527597904205322 -1.037749767303467 4.065187 1.802768 1.625304 0.05963121