2 26.00436782836914 2.804630517959595 -0.3058210611343384 4.453337 2.2454 2.834773 -0.03230666
1 -6.92510461807251 -0.1147401407361031 -1.056400179862976 4.2188 2.185946 1.547084 0.05841875
2 45.79631805419922 20.73652648925781 -0.701400876045227 6.028314 1.971673 1.963522 3.035979
1 -3.355699777603149 -21.55144309997559 0.4675425589084625 2.84332 1.514577 1.035312 -1.620687
1 11.64698791503906 2.624361991882324 -0.9757822751998901 4.839913 2.123362 1.776724 -0.001576313
1 -13.94296646118164 -18.88343811035156 0.4235750436782837 2.073542 1.534446 1.172857 1.886026
2 0.4580670297145844 4.849253177642822 -0.7057181000709534 11.162315 3.127383 2.364376 -0.01850615
2 23.12428665161133 -0.6179413795471191 0.3272356390953064 11.925647 2.566593 1.029293 0.0
1 -6.008147239685059 -21.14632034301758 0.1077664121985436 2.861064 1.898115 1.292179 -1.763809
1 -8.341723442077637 3.348169088363648 -0.8526085019111633 4.252447 1.959305 1.889413 -0.02701868
2 53.04095458984375 20.22929954528809 -1.083605051040649 0.318197 1.395733 0.590899 -3.141593
6 -19.32654190063477 1.512081384658814 -1.382049083709717 0.237154 0.289622 0.360711 -4.992663e-17
1 -23.01816749572754 5.241314888000488 -1.12022852897644 4.048723 1.792689 1.491746 -0.02413629
1 -7.581183433532715 -19.93947410583496 0.1329329460859299 1.540769 1.527401 1.582305 1.381152
1 20.92526245117188 -2.617670059204102 0.44942906498909 2.048995 0.559901 1.048016 6.778518e-17
1 -14.70145702362061 -0.03670358657836914 -0.222960352897644 5.376677 2.257927 1.423745 0.004541051
1 5.052165031433106 -0.2676742970943451 -0.7801372408866882 1.214727 1.824343 1.902783 0.1343344
1 -11.67338848114014 -19.5298023223877 0.2553601264953613 1.723042 0.926243 1.514394 1.521922
1 -16.15218544006348 -20.52072525024414 0.0638943612575531 2.229468 0.723805 1.267547 1.886026
1 -1.023172378540039 -20.98086166381836 0.2556998431682587 1.131534 0.807118 0.715039 1.633966
2 11.31352615356445 -3.522332906723023 -0.4042731821537018 12.638708 2.908966 2.743607 -0.0285896
1 18.82879638671875 2.93732500076294 -0.8789713382720947 3.947136 1.572268 1.810048 -0.03610964