6 -48.40519714355469 22.92929458618164 1.839548468589783 1.318135 0.585471 0.331909 0.7845829
1 -20.85976409912109 26.39875221252441 -1.16017472743988 1.540472 0.476302 0.691423 -3.086743
2 29.67951011657715 -0.675826907157898 0.3675702810287476 11.883456 2.595841 1.348801 -0.009670272
1 -27.57484245300293 0.1225861981511116 -1.179547548294067 2.470778 1.247124 1.334274 -0.0117019
1 16.57888221740723 2.501009464263916 -1.376435041427612 2.199106 0.191211 0.94555 -0.0117019
1 22.60650253295898 3.349222660064697 -0.9472312927246094 3.109159 1.634265 1.171191 -0.0117019
6 -20.93192481994629 27.96818733215332 -1.10717248916626 0.354081 0.370921 0.848611 -3.086743
1 5.044125080108643 -0.1500885337591171 -0.8007578253746033 3.627436 1.691095 1.930766 -0.003564712
2 -17.63025856018066 30.56709480285645 -0.526502251625061 8.907938 2.711214 3.183378 -3.130973
1 -4.881397247314453 2.55456280708313 -1.051189780235291 4.372973 1.925409 1.51223 -0.0117019
1 -13.29199886322022 3.388689756393433 -0.9220117926597595 4.356127 2.20784 1.852958 -0.009609918
2 9.749377250671387 3.059493064880371 -0.6049088835716248 6.227256 2.58013 2.443643 -0.03074249
2 3.759336233139038 4.950730323791504 -0.654132068157196 5.926941 2.283506 2.268128 0.1985879
1 -22.99847602844238 3.316428422927856 -1.174241900444031 3.787164 1.319514 1.381071 -0.0117019
6 -37.49587631225586 24.78628349304199 -1.74055016040802 0.454137 0.658589 0.629157 -3.126177
1 -36.44623565673828 2.004761457443237 -1.023906826972961 3.2614 1.778861 1.54069 -0.0117019
2 -9.768343925476074 -1.310111045837402 -0.5780550837516785 8.856308 2.915252 2.511553 -0.0117019