1 -14.72058773040772 -0.004651334136724472 -0.1803748905658722 5.313364 2.220447 1.343211 0.0
2 -25.19843292236328 -3.049882650375366 -0.3436900675296783 11.073167 2.977611 2.878796 -0.01560128
2 -9.233651161193848 4.959399700164795 -0.530473530292511 11.036527 2.97247 2.5526 -0.005629389
2 24.47110748291016 2.825561761856079 -0.3567165732383728 4.361542 2.2691 2.710057 -0.005597064
1 17.48737716674805 2.934703350067139 -0.8737016916275024 4.136924 1.718858 1.825008 -0.02873631
2 45.86643600463867 20.7155647277832 -0.7315533757209778 5.934702 1.819444 1.806346 3.010142
2 53.03487014770508 20.19694328308106 -1.088599920272827 0.334082 1.33771 0.580123 3.118672
1 5.073967456817627 -0.2171220779418945 -0.8009569644927979 1.20933 1.620477 1.92523 0.02671098
6 -20.20973014831543 1.68872857093811 -1.480975031852722 0.731067 0.517513 0.694713 0.1078588
1 8.010009765625 2.582929134368897 -0.944483757019043 4.950899 1.980335 1.702419 3.752369e-17
6 10.75157833099365 -3.907142639160156 -1.075703263282776 0.53092 0.911305 0.428945 2.976749
1 -7.077401638031006 -0.1193256676197052 -1.060929179191589 4.343604 2.116565 1.483972 0.01416882
1 -33.00383377075195 4.031873226165772 -0.9064249992370605 4.016284 1.833812 1.839464 0.009947419
2 0.9467679858207703 -3.26674485206604 -0.6388562917709351 11.753971 2.906173 2.239637 -0.008026631
2 23.16432762145996 -0.6494590044021606 0.3790555000305176 11.99299 2.545677 0.87316 -0.004255421