1 -12.56304264068604 -5.822770595550537 -1.158461093902588 4.2445 1.957219 1.438178 0.03873226
6 23.30757713317871 -4.563539028167725 -0.8622727990150452 0.183707 0.571743 0.969576 8.027253e-16
1 28.63866424560547 16.90284156799316 -0.9181464910507202 1.954384 1.583018 1.135758 1.594895
1 23.55102348327637 28.01023864746094 -1.62701404094696 3.473872 1.580794 1.426871 -1.508589
1 -5.029383182525635 31.88191223144531 -1.713805079460144 0.735651 1.678822 1.114933 1.629767
1 -33.62028884887695 32.10958480834961 -1.582682251930237 1.644771 1.310516 0.582008 1.616604
1 11.94340419769287 0.2484746426343918 -0.9278250932693481 3.08899 1.858796 1.640549 0.005194969
2 14.00299835205078 -5.626631736755371 -0.4921227097511292 5.639338 2.19699 2.403824 0.004423264
1 33.67244338989258 17.59882354736328 -0.7266421914100647 1.687714 1.507745 0.578466 1.591534
1 -2.779043912887573 -5.920554637908936 -0.8135772347450256 4.099357 1.888355 1.905368 0.04186215
1 22.61844062805176 4.613611221313477 -1.165961146354675 4.065491 1.770943 1.378795 -3.127621
4 -21.11921119689941 13.70403671264648 -1.388253808021545 1.478028 0.496353 1.066483 3.133416
1 -2.517659902572632 17.3459644317627 -1.302844762802124 3.731413 1.867842 1.106824 -1.421257
2 2.863958835601807 -5.718874931335449 -0.622883677482605 5.04899 1.92944 2.186605 -0.007055134
3 35.24814605712891 -10.41345119476318 -0.1426131576299667 0.460682 0.496628 0.717104 0.02187158
6 -0.6580672860145569 -7.112521171569824 -1.51167106628418 0.453796 0.23063 0.268931 0.0
3 -13.66168117523193 15.22730922698975 -1.423762798309326 0.429966 0.506881 1.577916 1.573236
4 -39.12358856201172 7.893546104431152 -1.866346001625061 0.316252 0.625834 0.846421 0.0588457
6 48.49373245239258 2.375043869018555 -1.001843214035034 0.39224 0.381721 0.765099 0.04067804
1 -22.44593238830566 32.79898071289063 -1.251879453659058 0.550131 1.912984 0.534189 3.090251
1 -31.03672409057617 16.40938758850098 -1.424134850502014 2.551033 1.655249 1.100099 1.579015
1 5.666983604431152 -3.293600559234619 -0.9462283253669739 4.289214 1.829624 1.58041 0.001559176
4 -41.36484527587891 7.898945331573486 -1.957453846931458 1.685076 0.402699 0.896148 -3.000517
1 47.48292922973633 -0.5356101393699646 -0.3543220460414887 1.689075 0.492139 0.630492 -0.006449176
1 47.10307312011719 -2.388995170593262 -0.987732470035553 1.558731 1.693868 1.259976 -0.006449176
4 -37.66709136962891 4.873544216156006 -1.788833498954773 1.435354 0.556787 1.219255 -3.132375
1 -40.70631408691406 -0.7611112594604492 -1.226358294487 1.55495 1.568104 0.740147 0.03338919
1 -23.96032905578613 16.37471961975098 -0.9524442553520203 1.927797 1.357782 0.525896 1.60771
1 -9.432276725769043 17.48015975952148 -1.539494037628174 4.131931 1.801387 1.471262 1.586398
1 -14.34687232971191 16.62760925292969 -1.482688307762146 1.858804 1.809888 1.587101 1.573236
5 5.315669059753418 25.92683219909668 -2.044507503509522 0.225552 0.237551 0.374171 0.05168249
4 -49.24826049804688 7.342498779296875 -1.953111290931702 0.308408 0.686069 0.689684 0.183489
3 19.31547355651856 12.39808464050293 -0.9974050521850586 0.315672 0.228355 0.520682 0.0001773377
1 21.39051055908203 16.4638843536377 -1.074106693267822 1.380462 1.231184 1.211352 1.60175
1 -7.180822372436523 28.00765609741211 -1.695568203926086 4.70393 1.845998 1.366031 1.636872
1 11.73402976989746 32.55939483642578 -1.320235967636108 1.699761 1.135856 1.248111 1.581703
3 -8.344413757324219 11.87893295288086 -1.659352660179138 1.399282 0.587369 1.006967 6.817637e-05
6 -52.7776985168457 -6.666916847229004 -1.655855655670166 1.718056 0.530622 0.890041 -1.535201
1 24.12895965576172 16.70512199401856 -1.080134153366089 1.390083 0.917656 1.069532 1.614353
1 -14.23401737213135 32.7998161315918 -2.015671491622925 2.935526 1.292078 0.911528 1.629767
1 19.24980735778809 17.86839294433594 -1.017594456672669 4.094725 1.624745 1.192956 1.60175
1 -7.919688224792481 -6.084918975830078 -1.086736679077148 4.110285 1.925419 1.450549 0.005194969
1 -24.09848594665527 27.4024772644043 -1.71845543384552 2.968385 0.947362 1.077778 -1.545882
3 -27.46447563171387 -12.02468585968018 -0.636890709400177 0.291831 0.588455 0.978894 0.03816577
1 -44.3115119934082 -3.994792461395264 -1.957470297813416 1.161517 1.702857 0.641136 0.01292122
1 25.52511978149414 28.04432678222656 -1.221209764480591 2.78798 0.610097 0.927451 -1.577576
1 35.95304107666016 17.60600090026856 -0.8990426659584045 2.824932 1.492335 1.240802 1.591534
1 -9.71882438659668 32.50774383544922 -1.478277921676636 1.731614 1.383367 1.208096 1.613091
1 18.27902412414551 42.987060546875 -2.08948564529419 1.150484 0.608447 0.661308 1.637118
1 -9.081454277038574 59.43408966064453 -1.705077409744263 5.227306 0.498021 1.587165 3.126196
1 9.357120513916016 17.58775901794434 -1.09637451171875 3.983064 1.687165 1.496183 1.61085
1 -26.58648490905762 28.13093757629395 -1.713313817977905 3.130008 1.840068 0.925655 -1.526773
3 15.36599731445313 34.92033386230469 -1.530807614326477 0.252827 0.52181 1.477979 1.501206
1 40.00716400146484 4.690556526184082 -1.283640861511231 3.805817 1.899481 0.954246 -3.108204
1 -6.929113388061523 33.3138427734375 -1.901788949966431 3.516397 0.89588 1.376778 1.619472
3 -42.5196533203125 -10.37078094482422 -0.5598700046539307 0.687438 0.469284 1.029559 0.05391007
1 -38.02214431762695 17.59073829650879 -1.264301896095276 2.180534 1.394324 0.701108 -1.372715
1 -20.92863273620606 -3.670792102813721 -1.279150366783142 4.254803 1.829122 1.465682 0.009697362
3 15.6069393157959 34.26397705078125 -1.490017771720886 0.373364 0.628319 1.420666 1.623444
1 -7.795686721801758 43.44182968139648 -2.132057428359985 3.323432 0.67784 1.251705 -1.515393
1 -11.95700550079346 16.48041152954102 -1.522305369377136 2.436205 1.74992 1.607168 1.596721
1 -16.96284294128418 32.01081848144531 -1.298732995986939 0.901484 1.125081 0.698114 1.629767
1 -16.83950996398926 44.69060897827148 -1.603083372116089 2.123569 1.185726 0.559452 -1.548482
1 -9.641999244689941 27.5587100982666 -1.747079849243164 2.527696 1.945449 1.440703 1.636872
3 -10.0441198348999 22.82006072998047 -1.532569050788879 0.46897 0.49302 1.643395 1.76917
1 -19.09506416320801 17.32779121398926 -1.550161719322205 4.333441 1.748178 1.401453 1.586351
1 8.747092247009277 28.21830177307129 -1.887811422348023 4.610749 1.859764 0.817232 1.639662
4 -44.40177536010742 7.860756397247315 -1.882031917572022 0.607959 0.496014 0.823551 0.173545
1 18.96298027038574 -5.114871501922607 -0.9814252257347107 3.103822 1.317599 1.485812 -0.01347461
1 -5.077800750732422 54.50091934204102 -1.965129375457764 1.089668 0.483555 1.367067 -1.550806
4 -46.53322982788086 7.839120864868164 -2.079807281494141 1.354498 0.461979 0.58738 0.173545
1 31.57119560241699 0.6265001893043518 -0.2994406819343567 1.001713 1.633608 1.036231 -0.006449176
1 12.11481952667236 16.95755767822266 -0.9955489635467529 2.355362 1.885928 1.324135 1.60175
3 16.63194274902344 12.59832286834717 -0.9417378902435303 0.197137 0.303921 0.583815 0.02403313
3 -18.42201614379883 -12.00632858276367 -0.6776157021522522 0.578336 0.589582 1.053181 0.01978635
1 -26.31845474243164 15.94134998321533 -1.426274061203003 1.151762 1.340406 1.360885 1.579015
1 -3.938884496688843 48.90068435668945 -2.000662565231323 0.966208 1.03985 1.308777 1.57436
1 0.01704459451138973 16.19394874572754 -1.25704836845398 1.486956 1.522486 0.931602 -1.454348
1 -15.2804651260376 -0.3053033351898193 -1.243618011474609 2.747465 1.981934 1.384136 0.005194969
1 -21.47337913513184 16.39359664916992 -1.557538628578186 2.353655 1.436447 1.280951 1.595213
1 2.070424795150757 4.656495571136475 -1.150415420532227 4.554562 1.809711 1.477638 -3.127946