4 -38.48236083984375 17.00967216491699 -1.342758178710938 0.700335 0.392847 0.939941 3.13988
5 -9.528839111328125 -10.46069622039795 -1.365598082542419 0.107115 0.146992 0.504192 -2.739202
6 33.22274398803711 48.21140670776367 -2.840912342071533 0.62765 1.332861 0.417412 1.613683
4 27.09992218017578 22.81966018676758 -1.797057747840881 0.935461 0.305353 1.458695 -0.05678136
5 -12.99507331848145 -11.84328937530518 -1.427331447601318 0.17385 0.098435 0.500982 -2.787781
3 -47.63557434082031 -20.99290466308594 -0.565639078617096 0.382631 0.334627 1.411851 -0.6951705
1 -21.0212459564209 -3.195937871932983 -0.9839945435523987 4.852065 1.916324 1.72241 0.003038984
5 -17.63470840454102 -15.01424407958984 -1.328648805618286 0.156324 0.144333 0.30932 -2.642766
2 20.62308120727539 -5.030784606933594 -0.3238634765148163 13.765551 2.894623 2.900657 0.006040851
3 48.03011703491211 18.96022987365723 -1.373946189880371 0.789163 0.543419 1.369732 -3.085681
1 -46.9692268371582 -1.750943660736084 -1.440106630325317 1.238933 1.759383 0.844827 0.03751314
1 -12.54935550689697 9.078011512756348 -1.347485899925232 3.60499 1.820764 1.402716 -3.108537
4 23.08090972900391 25.10325622558594 -1.799635887145996 1.177751 0.624112 1.546093 -1.218192
1 30.28925132751465 48.32908248901367 -2.527788400650024 3.543198 1.672894 0.771293 1.669009
1 -18.75918388366699 0.1444486379623413 -1.10503613948822 3.759597 1.791512 1.505198 0.03318183
3 38.73988342285156 23.13276672363281 -1.485790967941284 0.437078 0.496217 1.070941 -2.641505
5 -16.2528018951416 -13.84812068939209 -1.361433982849121 0.37001 0.126421 0.381543 -2.680532
1 -39.24954605102539 -20.80942535400391 -0.9250789880752563 4.522202 1.173535 1.145439 -0.9826806
4 -48.74723815917969 -10.40632724761963 -1.104699730873108 1.455277 0.438342 1.35924 2.671389
5 -14.54841423034668 -12.73307991027832 -1.402326941490173 0.072418 0.11837 0.47857 -2.537741
4 12.15671348571777 -9.418118476867676 -0.8459510803222656 1.784342 0.742319 1.606525 -3.095975
4 24.23102951049805 21.27141380310059 -1.670108675956726 1.769638 0.964635 1.414826 -0.6004909
3 -6.603893280029297 20.47262763977051 -1.330180764198303 0.651365 0.818268 1.899715 -3.036482
1 -20.49367713928223 -15.96070098876953 -0.9575678706169128 5.430105 2.053587 1.481983 0.9223134
6 56.27920532226563 14.58387756347656 -1.794238567352295 1.317416 1.717148 0.446472 -2.975103
3 -18.61840438842773 -19.17145156860352 -0.575663149356842 0.498073 0.593087 1.543764 1.00572