2 6.985652923583984 3.250194549560547 -0.5565270781517029 9.362892 2.721316 2.492472 0.03473629
3 28.56481552124023 -16.2562427520752 -0.5457914471626282 0.202181 0.350026 1.158692 2.47595
2 -6.134497165679932 -0.08910360932350159 -0.5397889018058777 6.090995 2.340117 2.007573 0.0252324
2 52.77397155761719 -22.63714599609375 0.5788583159446716 11.244033 2.792593 3.153736 1.656839
4 17.00429153442383 -7.647819042205811 -0.9518743753433228 0.91371 0.92482 1.051039 -0.2637666
6 -19.79959678649902 -3.617799282073975 -0.4847391545772553 1.202437 0.587596 0.333126 -0.0018866
2 31.31349945068359 5.418598175048828 -0.01362579874694347 4.531461 1.732741 2.234189 0.4641901
1 7.366903781890869 0.2306660562753677 -0.8048464059829712 3.270208 2.009844 1.870538 -0.03384781
1 18.14448928833008 -1.70308244228363 -0.9416314363479614 3.777067 0.495326 1.406556 -0.0173585
6 20.72657585144043 0.6669614911079407 -0.003120681270956993 1.231973 1.308182 0.162733 0.04187113
1 4.91412878036499 -2.474829196929932 -1.018892526626587 4.111385 1.891599 1.490154 -7.901341e-05
1 21.25729179382324 3.985231161117554 -1.045593500137329 3.652484 1.40549 1.263868 0.06862823
6 21.56072807312012 -6.238428115844727 -0.5726147890090942 0.07101 0.118573 0.391297 -0.04894459
1 46.05324554443359 -19.7767333984375 -0.6285504102706909 4.215074 1.731773 1.597915 1.660989
2 -21.65207290649414 3.162393093109131 -0.3477987349033356 11.89539 2.783447 2.663961 0.007144528
4 -17.51449584960938 21.46510124206543 -1.573978781700134 1.566876 0.560008 1.298269 2.925664
4 29.20064353942871 -21.91179275512695 -0.5406312346458435 1.129635 0.486669 1.469144 1.358534
1 -54.80771255493164 16.7008228302002 -0.3864858746528626 3.131555 1.70803 1.085467 -0.06775169
1 -13.78683567047119 -3.214343309402466 -0.7197964787483215 2.680328 1.05161 0.5266 -0.0018866
1 -6.979252338409424 -2.67719841003418 -1.119285225868225 4.34496 2.02229 1.439778 -0.0314326
1 48.73493194580078 -17.88931846618652 -0.6675022840499878 2.542892 1.553211 1.146078 1.658873
1 -5.409195423126221 2.379627704620361 -0.8656728863716125 4.183021 1.975907 1.976856 0.1432342
6 -1.899905681610107 -4.677576065063477 -0.6611849665641785 0.069234 0.140705 0.058552 0.07960392
1 24.52043724060059 -2.65084171295166 -0.3603666424751282 2.29611 0.820906 0.555837 -0.03861408
3 11.16738033294678 -11.04191303253174 -0.5482617616653442 0.379751 0.44252 1.561769 2.461207
1 -1.14182460308075 -3.11152195930481 -0.9113928079605103 5.127557 2.01936 1.75529 0.03956221
4 -11.32654762268066 19.30109024047852 -1.468372344970703 1.989182 0.740323 1.545304 2.950639
6 49.01141738891602 -31.43953132629395 -0.9775881171226501 3.451966 0.887245 0.923907 1.620615
1 12.37006950378418 -2.255447626113892 -0.7332701683044434 4.549818 1.691812 1.944595 -0.0173585