1 6.635204315185547 16.98579406738281 -1.09959614276886 2.806921 1.856052 1.214756 1.600787
3 -9.78443431854248 -11.75588703155518 -0.360662966966629 0.280894 0.478752 0.600388 0.01027675
5 -13.2607536315918 -7.117129325866699 -1.58003842830658 0.236587 0.42085 0.24027 1.539804
1 -8.84085464477539 -0.04440679028630257 -1.095657587051392 3.595247 2.034256 1.467498 0.006105985
1 -0.7652990221977234 32.62194061279297 -1.430334687232971 1.313517 1.789018 1.669437 1.54377
1 -36.62285614013672 4.40112829208374 -1.57759165763855 3.780709 1.658679 1.374582 -3.133054
1 8.708648681640625 49.58823013305664 -1.763469219207764 3.610225 1.660225 1.015235 1.59125
5 -10.56376457214356 -7.111059188842773 -1.546943545341492 0.248439 0.471541 0.235562 1.557242
1 -30.61366271972656 -5.428375244140625 -1.346338629722595 4.011354 1.37888 1.496819 -0.00711327
1 -56.42583084106445 4.62094259262085 -1.903317451477051 0.396732 1.298616 0.689025 3.132778
4 43.65645980834961 7.588441371917725 -0.8856926560401917 0.610558 0.457083 1.155479 -2.638668
1 -11.82800006866455 -3.470993280410767 -1.086702704429627 4.211534 1.964425 1.607459 -0.01947512
1 -7.799124240875244 33.14548110961914 -1.485097646713257 3.014557 1.504429 1.700719 1.54377
1 24.58444213867188 17.82364845275879 -0.8358555436134338 3.44453 0.298067 0.599911 1.54377
1 -5.467941761016846 33.57078170776367 -1.418727278709412 4.061963 2.021923 1.604087 1.549408
1 -3.074386358261108 38.64858245849609 -1.815738320350647 0.505283 1.394902 0.837054 1.54377
1 -43.90010452270508 16.05320739746094 -1.518949031829834 0.474092 0.883269 0.597908 1.632091
1 -17.54367446899414 18.71833038330078 -1.529152631759644 2.193372 1.540928 1.001952 1.587972
1 -38.00429534912109 -3.275929927825928 -1.372945308685303 1.978499 1.619118 1.157441 -0.003158841
1 13.50578117370606 16.58398628234863 -1.264469385147095 2.475273 1.843772 1.421747 1.54377
1 -20.05402374267578 17.10933494567871 -1.375352144241333 2.950567 1.738123 1.18089 1.54377
2 -3.915621042251587 -5.929086208343506 -0.6229812502861023 5.760752 2.599015 2.284606 0.01027675
1 37.26321411132813 -1.645954370498657 -0.834334135055542 1.395776 1.63607 1.701632 -0.02318359
1 -5.576832294464111 17.3271541595459 -1.001371502876282 3.378034 1.762516 1.243982 1.556499
1 44.25237274169922 3.840386629104614 -1.127140879631043 1.772893 1.056701 1.170076 0.9402604
3 -17.36062431335449 12.89226055145264 -1.086107015609741 0.705824 0.297426 0.847432 -1.914927
1 -36.24436569213867 17.14358901977539 -1.543421030044556 1.994004 0.486437 0.943548 1.54377
3 -23.90410804748535 -11.85765075683594 -0.8065410852432251 0.18948 0.548498 0.689736 -0.004641014
1 -24.81946563720703 32.33369445800781 -1.8297438621521 1.340416 1.586494 1.110126 1.591246
1 -20.95622634887695 -5.514305591583252 -0.4874743521213532 3.294675 1.062384 0.83976 0.01027675
1 39.94158172607422 5.340159416198731 -1.034278512001038 2.280637 1.782053 1.532977 -3.137359
1 -21.89006614685059 32.33964157104492 -1.541887640953064 1.339143 0.916601 1.505365 1.611454
1 3.988842725753784 17.06491661071777 -1.014477610588074 3.363671 1.836363 1.320249 1.54788
2 27.38247871398926 0.3028579950332642 -0.4619981050491333 0.420584 1.712669 1.098709 0.01027675
1 -26.93964004516602 17.11790657043457 -1.573198795318604 3.186261 1.396431 1.269959 1.594883
1 18.23081207275391 16.66355514526367 -0.8948418498039246 1.880473 1.511588 1.431839 1.54377
6 40.70654678344727 8.224372863769531 -1.200624704360962 1.376696 0.941528 0.731341 0.2353191
4 29.57725143432617 8.339694023132324 -1.159497976303101 1.049003 0.609854 1.157872 -3.108427
1 -26.04414367675781 -5.618707656860352 -1.302742123603821 2.920681 1.44953 1.428144 0.007679514
1 30.21438598632813 -3.044201374053955 -0.975386917591095 3.795886 1.77577 1.39724 -0.02529073
1 9.27071475982666 0.1377566307783127 -0.9958183169364929 2.874428 2.099641 1.625854 0.01027675
1 -32.06719207763672 16.5103759765625 -1.282639026641846 1.011138 1.207771 1.049084 1.630783
1 1.076916933059692 -5.664565563201904 -1.011549115180969 3.387879 2.045524 1.546542 -0.1172691
5 -11.86287212371826 -7.158033847808838 -1.626029253005981 0.248305 0.269592 0.302148 1.539804
3 -3.608859777450562 -12.26882362365723 -0.5389307737350464 0.325431 0.636933 0.907569 0.646376
1 10.9660530090332 17.56809234619141 -1.106957793235779 4.035181 1.7082 1.703522 1.541694
1 -8.07618522644043 16.82658195495606 -1.111413836479187 2.547018 1.839868 1.600792 1.54377
1 8.768953323364258 27.42080879211426 -1.010499715805054 2.671332 1.566369 1.04516 1.54377
1 -24.6359748840332 28.71766471862793 -1.684544563293457 3.552745 1.56837 1.045904 1.595085
1 -34.25953674316406 27.04839897155762 -1.972744584083557 1.905507 1.643896 1.072107 1.598672
3 -2.031839847564697 34.03098297119141 -1.461941599845886 0.321543 0.699006 1.313631 1.629884
1 15.97428417205811 17.53156471252441 -0.9691287875175476 2.516291 1.53013 1.24186 1.54377
4 44.6861457824707 7.751707553863525 -1.216724514961243 0.748479 0.529789 0.575483 -1.58169
1 1.630773901939392 17.07816696166992 -1.000008702278137 3.21775 1.821346 1.436007 1.556369
1 -18.97282028198242 -0.5237717628479004 -0.7098777890205383 2.130213 1.937459 0.734243 0.01027675
3 49.21958541870117 15.10947418212891 -0.2601592838764191 0.396547 0.188054 0.935273 1.573015
1 19.85608863830566 42.40509414672852 -1.805790662765503 3.279974 0.336747 0.646977 -0.07826215
2 -14.85138511657715 -5.849228858947754 -0.747692883014679 5.408463 2.03127 2.144632 0.006082939
1 41.12686920166016 17.31537818908691 -0.07964722812175751 2.021141 1.3659 1.104422 1.54377