1 1.886530876159668 10.02122783660889 -0.7380580306053162 1.692198 0.832986 0.550828 -3.12131
2 -3.893392086029053 15.46328639984131 -1.244253158569336 4.986958 2.315165 2.108819 -3.135943
2 33.06060791015625 2.582978963851929 -0.1209892183542252 11.293542 2.685704 2.853723 -0.03014458
6 53.04399108886719 0.2719972431659699 0.5613190531730652 0.809599 2.185592 0.339482 0.01420715
1 -0.01846975274384022 6.787280082702637 -1.065767645835877 4.264037 1.85376 1.579381 -3.136591
6 56.82681655883789 2.606346368789673 0.05021551996469498 0.208355 0.226429 1.418283 -0.01144478
2 -18.97117233276367 -4.841122150421143 -0.517513632774353 11.626203 3.053867 2.98384 -0.01287914
1 -29.92599678039551 2.653929233551025 -1.427530527114868 3.642036 1.772881 1.43361 0.03603322
2 21.39468193054199 14.63347339630127 -0.3929604887962341 12.208648 3.209618 3.243925 -3.138939
1 15.12238025665283 10.34747791290283 -1.14478063583374 4.439035 1.816265 1.521569 -3.091685
1 -17.41781044006348 6.776545524597168 -1.271098136901856 2.323718 1.555693 1.39246 3.131308
2 51.40476989746094 13.35270309448242 -0.05636097490787506 11.687625 3.15721 2.788423 3.093336
1 -47.77571487426758 2.193824052810669 -1.593856573104858 2.528727 1.968926 1.133532 0.0527481
2 44.09708786010742 19.6618595123291 -0.6271905303001404 6.044018 1.954087 2.097336 3.099331
6 -53.31608200073242 10.348708152771 -1.675711631774902 1.53455 0.477777 0.330567 -3.12461
4 -47.73933792114258 15.38961124420166 -2.001946449279785 1.408337 0.578164 1.282884 -3.061917
2 5.671714305877686 13.63925457000732 -0.6234449744224548 12.536682 3.038181 2.871387 -3.042124
2 -35.41431045532227 -4.330066204071045 -0.5901588797569275 11.677579 1.483364 3.251392 0.001683079
1 -15.75418663024902 10.00725078582764 -1.466650009155273 3.902071 1.785996 1.460137 3.120491
2 12.19852066040039 -0.1023842990398407 -0.7336234450340271 1.087699 1.654704 1.936715 0.01469818
2 35.63982772827148 -3.399117946624756 -0.09809593111276627 1.776286 2.129199 2.768477 0.03128302
4 -5.803452491760254 12.49234199523926 -1.310820698738098 1.609717 0.700886 1.742715 2.855472
2 -1.486718773841858 -4.324570655822754 -0.5371857285499573 12.147634 2.994851 2.528941 0.05128391
1 26.82740020751953 9.954910278320312 -0.681651771068573 3.559991 1.74388 1.438912 3.098027
3 -0.7867706418037415 18.89888191223145 -0.9746829867362976 0.425605 0.276211 1.193833 -0.8976515