1 -21.09188842773438 -5.958088874816895 -1.362331986427307 4.055967 1.335745 1.526571 -0.0002098009
1 6.406722068786621 16.71346282958984 -1.009286046028137 2.268168 1.756234 1.348306 1.587436
1 -15.3755350112915 16.73654747009277 -1.540944337844849 2.630299 1.949946 1.312471 -1.525539
1 -22.16360092163086 17.5454273223877 -1.674007415771484 4.310769 1.481004 1.482798 -1.556844
1 -39.96221160888672 1.235956192016602 -2.263550758361816 0.999414 1.949765 0.54123 0.06075206
5 -8.125061988830566 -7.210390090942383 -1.669504404067993 0.114557 0.24733 0.30166 0.0
5 -6.911053657531738 -7.158752918243408 -1.577075242996216 0.306568 0.435372 0.219662 1.500485
1 -3.290951013565064 17.10495758056641 -0.9243114590644836 3.319932 1.685016 1.245499 1.57247
1 33.96504974365234 -2.68304181098938 -0.9585569500923157 1.314902 1.73869 1.440265 0.06425795
1 20.74501800537109 17.6732063293457 -0.9757494330406189 2.855634 1.578847 1.391482 1.587436
1 -33.5776481628418 -3.596283912658691 -1.690841317176819 3.379192 1.739694 1.187904 2.232681e-17
1 44.66237640380859 5.883658409118652 -1.096812009811401 2.096476 1.933992 1.391677 0.04355559
1 -12.80223560333252 17.56505012512207 -1.363707423210144 2.562747 1.541638 0.903045 -1.550652
1 14.212965965271 0.03269621357321739 -0.6972057223320007 2.385031 2.003048 0.706793 0.0
1 -0.8747054934501648 17.09057235717773 -1.05111837387085 2.980917 1.850134 1.350254 1.604982
5 -5.570687770843506 -7.10126543045044 -1.553960204124451 0.258079 0.448326 0.261142 1.500485
1 8.47846508026123 44.53038024902344 -1.637938737869263 4.031302 1.892653 1.372346 1.625643
5 -2.862008094787598 -7.125382423400879 -1.562964916229248 0.288749 0.474999 0.311864 1.500485
1 3.786754608154297 32.81917190551758 -1.346078753471375 1.469999 1.939528 1.398825 1.427108
5 -4.21644401550293 -7.110239028930664 -1.561317443847656 0.238909 0.470587 0.293133 1.500485
1 -25.03380584716797 -0.7190784811973572 -1.35231876373291 3.579479 1.911516 1.591263 1.111578e-17
4 46.13336563110352 8.522696495056152 -1.036916375160217 2.913346 0.94814 0.781646 3.088667
3 -13.7017068862915 -11.27191829681397 -0.649135947227478 0.596499 0.666019 0.87203 0.04813468
1 -27.21299362182617 16.26866722106934 -1.445151567459106 1.058791 1.268614 1.339167 1.645113
1 -17.76986312866211 32.36651229858398 -1.913579702377319 1.942498 1.937997 1.286239 1.584658
1 -3.402198553085327 32.28316497802734 -1.37585437297821 1.246677 1.026711 1.504041 1.556777
1 42.09099197387695 -1.563834190368652 -0.8674290180206299 1.045396 1.316905 1.603217 -2.160632e-17
1 -15.90609455108643 -5.808372497558594 -1.040254831314087 4.208986 1.388916 1.95437 0.05253242
1 6.666205406188965 0.2082854956388474 -0.9650292992591858 3.149176 2.109217 1.680316 -0.0002098009
1 -31.81464004516602 16.73323440551758 -1.669217586517334 2.965344 1.205866 1.114441 1.541535
1 -43.68293762207031 15.86553764343262 -1.679775595664978 1.015762 1.040074 1.352236 1.587902
1 18.43350982666016 16.79639625549316 -0.9434667229652405 2.063817 1.206861 0.716796 1.587436
1 -16.84238815307617 4.67794132232666 -1.46000862121582 4.542529 2.176991 1.32098 3.141592
2 -9.853080749511719 -5.845583438873291 -0.7812042832374573 5.302121 1.859475 2.099016 0.008571732
1 40.81170654296875 2.641924142837524 -0.9411471486091614 1.670951 0.599592 1.248587 -0.01712109
1 59.12464904785156 -3.149641513824463 -0.5709012746810913 0.811958 1.260677 0.752257 0.0
1 -6.570441722869873 -0.100836843252182 -1.114734411239624 3.792319 1.950659 1.414402 -0.001020304
1 29.75422477722168 17.53020095825195 -0.5731122493743896 2.893479 1.086286 0.68824 1.614976
1 37.60604095458984 -2.857075452804565 -1.314031004905701 0.831155 3.046504 0.763315 -2.660224e-16
2 23.06420135498047 0.4350667893886566 -0.4625503122806549 2.034057 1.793123 1.61317 0.0
1 -34.60652542114258 16.29399681091309 -1.679987072944641 1.82145 1.525973 1.023445 1.590643
1 -24.57709503173828 15.74788951873779 -1.386088013648987 0.935022 1.118575 1.083477 1.593407
3 2.790082693099976 34.19132995605469 -1.310482978820801 0.410978 0.589231 1.293474 1.875073
2 0.9623317122459412 -5.754481792449951 -0.6859654784202576 5.734763 2.401131 2.230263 -0.0002098009
1 -29.55717086791992 28.30699729919434 -1.925562500953674 2.933935 1.540287 1.315097 1.618814
1 1.429539680480957 43.44077301025391 -1.909255623817444 1.553601 1.680545 1.122592 1.607502
1 -39.16924285888672 15.88557147979736 -1.365229606628418 0.691129 0.874119 0.575882 1.625208
1 1.704574823379517 4.421027183532715 -1.173010468482971 4.48923 1.819286 1.473916 -3.139611
3 -5.597565650939941 -16.54268264770508 -0.8895030617713928 0.670632 0.373049 1.64822 0.4441258
1 23.01898956298828 17.18805694580078 -0.6967272758483887 2.474503 1.463146 1.101027 1.587436
1 -0.6957865953445435 33.24149322509766 -1.121187090873718 2.676091 1.407105 0.961636 1.584319
1 15.68550300598145 17.72416877746582 -0.9448230862617493 3.977896 1.706483 1.514315 1.580295
1 -34.64377975463867 4.314659118652344 -1.950669646263123 3.841265 1.770473 1.125758 -3.129471
3 2.339147090911865 34.79954147338867 -1.535447835922241 0.314351 0.332379 1.379341 -1.266519
1 -6.944494724273682 -3.488922595977783 -1.049252271652222 4.343112 1.922867 1.491211 -0.01339711
1 -20.04351425170898 32.43796539306641 -1.869254946708679 1.918613 1.318314 1.386006 1.584658
1 11.37649059295654 16.91015625 -1.09546172618866 2.282468 1.660296 1.128823 1.587436
1 8.797820091247559 17.02563285827637 -1.038182497024536 2.794543 1.670641 1.366385 1.587436
1 7.72785758972168 28.39929962158203 -1.445532083511353 4.192342 1.697687 1.561871 -1.543359
3 29.06423187255859 -10.88985538482666 -0.2482030689716339 0.504601 0.506572 0.880823 0.0987546
1 -25.5833854675293 -5.662793159484863 -1.439455986022949 4.116003 1.570891 1.398874 1.097604e-16
1 5.990297794342041 -5.409684181213379 -1.016652345657349 3.300379 1.748762 1.566477 -0.08475516