1 -38.4864501953125 0.04054524749517441 -1.722317695617676 1.000191 1.693268 1.009174 -0.003708293
2 8.45448112487793 -0.2532332241535187 -0.7341110110282898 4.508374 1.639558 1.958982 0.07350513
1 16.53779983520508 2.380512952804565 -0.9287240505218506 3.48691 1.959207 1.499975 0.00223059
1 32.34063720703125 2.362870693206787 -0.8848851919174194 4.602207 1.961731 1.441792 -0.1225672
2 4.629221439361572 2.981672286987305 -0.6342412233352661 6.129465 2.567868 2.271113 0.00223059
1 -14.41569232940674 3.584249019622803 -1.029488801956177 4.60056 2.147253 1.775436 -0.04329412
2 30.94513511657715 -0.7195186018943787 0.6026228666305542 11.916379 2.645936 1.003162 0.00223059
2 -58.41252136230469 -2.536880731582642 -0.8041197657585144 7.970757 2.759129 3.191853 -0.003708665
1 -25.23239326477051 4.245657444000244 -1.495660781860352 3.433817 0.809711 1.27411 -0.003708293
1 -48.59777069091797 0.7640970945358276 -1.015385389328003 2.420138 1.766971 1.814583 -0.003708293
1 42.98213577270508 2.372052192687988 -0.7466776371002197 3.210608 1.300425 1.432851 -0.02572928
1 -4.78644323348999 4.436958312988281 -1.100465059280396 4.678665 2.211451 1.495398 0.1176836
2 31.74508285522461 5.386659145355225 -0.2153086215257645 4.936741 2.486044 2.649178 -0.007436635
6 -34.11837387084961 3.235125541687012 -1.698890328407288 0.489711 1.687991 0.431821 -0.003708293
6 53.57261657714844 2.039562702178955 -0.6583769917488098 0.149601 0.71906 0.310378 0.00223059