1 45.21516799926758 -2.111661195755005 -0.9667325615882874 1.339125 1.831734 1.224963 -0.07493433
1 -19.09174919128418 10.5642728805542 -1.239983320236206 4.124015 1.873684 1.687332 -3.125235
1 58.26667022705078 -5.082666397094727 -1.143642663955689 0.611185 1.570259 0.639636 -0.06677296
5 -0.8148220777511597 -12.02191734313965 -1.410892724990845 0.202448 0.185691 0.451403 0.004222556
1 -42.1142578125 10.0155143737793 -1.553328514099121 3.91509 1.805397 0.974973 -3.125235
1 20.64365959167481 13.92479991912842 -1.270823121070862 4.664346 1.973669 1.70417 -3.135845
2 -7.367688179016113 -3.437047958374023 -0.7456063032150269 5.357196 2.075696 1.967368 0.02885838
1 -15.03586387634277 -38.26183319091797 -0.4965301156044006 3.50683 1.590238 0.935689 1.523386
1 -41.72808456420898 -3.677696228027344 -1.23563539981842 2.794862 1.748106 1.363876 0.0
1 42.44684600830078 13.13813877105713 -1.593400478363037 3.684613 1.549696 0.908235 -3.138204
1 45.48353958129883 0.4356904625892639 -1.070541262626648 3.780013 2.044439 1.481242 0.1957523
1 -57.29296112060547 -3.396982908248901 -1.269829154014587 2.477754 0.998167 0.84721 0.0
3 -9.870321273803711 -31.34203720092773 -0.4541131854057312 0.59152 0.469479 0.967458 -0.1692862
3 5.86199426651001 -11.03314590454102 -0.6860986948013306 0.444771 0.673436 1.717585 1.370655
1 -7.908879280090332 10.16464900970459 -1.270380020141602 4.199323 1.861029 1.502335 -3.135845
4 -21.51426506042481 -32.91693878173828 -0.7534725666046143 1.432202 0.623146 1.467793 -1.629565
4 12.77827548980713 -11.02457714080811 -0.954230010509491 1.068734 0.632171 0.972514 -1.601278
5 -2.415113687515259 -12.957688331604 -1.472691178321838 0.219468 0.268062 0.478799 0.004222556
5 0.9043431878089905 -11.30034160614014 -1.395283341407776 0.213667 0.211356 0.564436 -2.672494
3 -3.491861581802368 -33.4482536315918 -0.2866541147232056 0.674242 0.71221 1.356242 -0.2961316
3 -6.07323694229126 -34.35539627075195 -0.3142191171646118 0.545616 0.633364 1.019321 -0.1692862
1 -19.59176063537598 -0.0831729844212532 -1.16885244846344 2.769063 1.85374 1.353216 -0.01523386