4 -16.78763961791992 33.32678985595703 -1.767203330993652 1.300624 0.654915 0.793066 1.351773
3 32.83789825439453 -9.673849105834961 -0.7879632115364075 0.543899 0.345262 1.626934 -0.06033171
4 46.67505264282227 -8.501407623291016 -0.8451712131500244 0.661302 0.600563 1.561362 -0.06609637
6 -2.205539703369141 21.84234809875488 -0.8121621608734131 0.618745 0.727423 0.184006 1.567974
4 -4.271803379058838 23.43937683105469 -1.303134441375732 0.609148 0.591905 0.761971 0.3796814
1 -2.108578205108643 17.9468936920166 -1.467299461364746 3.892374 1.746132 1.566633 2.612713
6 15.05980968475342 -4.289684295654297 0.1804322898387909 0.126075 0.258015 0.19931 -1.757131
3 34.22149276733398 -9.612163543701172 -0.8936300277709961 0.404186 0.534974 1.347432 -0.04504735
4 27.9057502746582 2.396520137786865 -0.7865598201751709 0.574265 0.937178 1.70855 3.126539
5 3.48421573638916 22.91429710388184 -2.189840793609619 0.248275 0.122966 0.309616 2.204392
2 7.894443988800049 -5.350281238555908 -0.4999229609966278 12.408515 2.909504 2.476062 -0.0006972142
6 -6.705656051635742 47.83380889892578 -2.442585706710815 0.240158 0.872143 0.020548 1.629441
1 -30.48774147033691 -3.14989447593689 -1.36564576625824 3.716323 1.901111 1.338248 0.001247541
5 -26.07573890686035 19.98157119750977 -2.176027536392212 0.066662 0.237712 0.396607 1.88929
4 -27.55344581604004 -9.708148002624512 -1.024490594863892 1.176874 0.875937 1.452205 3.134773
6 34.38436126708984 -2.048824071884155 -0.4296810925006867 1.285769 0.385254 0.035145 0.08717953
1 -13.70670700073242 46.07389450073242 -2.452524185180664 2.682088 1.701686 1.20995 -1.473395
4 16.66866874694824 17.2580680847168 -1.282948851585388 1.193451 0.677468 1.547432 -3.114158
1 -40.8809700012207 0.0191631019115448 -1.369181632995606 1.596682 2.032897 0.988563 -0.0009993671
5 -21.35023880004883 23.6442928314209 -2.298172950744629 0.163126 0.243493 0.342118 -1.168853
4 -8.831677436828613 23.01495552062988 -1.610919237136841 1.616237 0.615856 1.637292 0.1273223
1 -15.39520263671875 0.3540574014186859 -1.299273490905762 3.900239 1.864554 1.202632 -0.004548138
3 4.157991886138916 20.92185974121094 -1.490817427635193 1.581197 0.760339 1.685331 2.571017