5 29.03130149841309 -17.78178977966309 -1.165613412857056 0.202557 0.309039 0.297411 -1.454629
3 28.35831069946289 24.06671905517578 -1.155977964401245 0.316664 0.536103 1.452376 0.4286681
2 23.20132827758789 15.43368434906006 -0.3082882761955261 12.23449 3.155324 3.023798 -2.686624
5 32.90618133544922 37.19401550292969 -1.537345886230469 0.383977 0.382938 0.437912 3.141354
6 -13.75105094909668 -3.242357015609741 -0.7038235068321228 2.720643 1.031129 0.494815 0.07660259
1 24.75800704956055 -2.626057863235474 -0.4342744648456574 2.72851 1.020567 0.731247 -0.04721019
1 46.08734130859375 -19.76847457885742 -0.622739315032959 4.228481 1.80636 1.586849 1.664063
6 20.7379093170166 0.6513027548789978 0.006544601637870073 1.233434 1.40922 0.19611 0.08095755
1 -1.183381080627441 -3.136799812316895 -0.876896321773529 5.174299 1.969975 1.687624 0.02972401
1 -4.795602798461914 3.289158821105957 -0.9218805432319641 5.057323 1.98816 1.778204 -0.0006026915
5 18.77319717407227 19.15293502807617 -1.674227833747864 0.147666 0.074099 0.479385 2.127835
2 46.71376037597656 -27.40011978149414 0.4995132684707642 6.04647 2.166763 2.660709 1.635113
2 -26.92742729187012 4.167183876037598 -0.05982086807489395 2.936896 1.340794 2.131771 0.02077642
5 24.31285667419434 -12.55931663513184 -1.424154162406921 0.213858 0.162536 0.371974 0.698867
2 12.41190814971924 -2.24604606628418 -0.7208548784255981 4.612204 1.639753 1.920365 -0.003458002
4 1.806980609893799 -6.499093532562256 -0.9915887713432312 1.73691 0.679749 1.514949 0.06202079
4 -10.77703094482422 -9.261399269104004 -0.4969707131385803 0.791182 0.654806 0.919208 0.09150955
1 4.95073938369751 -2.390121936798096 -1.020693421363831 4.178494 1.721222 1.446155 0.01000758
6 3.172250509262085 -2.498699188232422 0.0230051726102829 0.526136 0.941015 0.154676 -0.0155368
5 22.81050872802734 20.83790969848633 -1.676923990249634 0.108247 0.124654 0.393848 2.202991
1 14.84974575042725 3.319804906845093 -0.780886709690094 2.803843 1.628371 1.685664 0.016567
6 -19.81672668457031 -3.631797313690186 -0.462281197309494 1.294956 0.571105 0.355637 0.04475074
3 32.90686798095703 35.41060638427734 -1.051653027534485 0.339156 0.456651 1.319114 3.141354
1 -15.01262664794922 3.402717590332031 -1.174232244491577 4.091851 2.031627 1.494258 0.02091295
1 48.68131256103516 -17.88633728027344 -0.6502479910850525 2.81293 1.450793 1.112219 1.704714
6 -5.276458263397217 -2.995031595230103 -0.05415139719843864 0.381891 0.86551 0.083525 0.023552
2 -54.2640380859375 16.90778350830078 -0.7421629428863525 2.138005 2.196472 1.801767 3.058356
3 -42.74160766601563 27.36682510375977 -1.206344127655029 0.311922 0.693551 1.565726 -0.249773
2 -6.161837100982666 -0.06884899735450745 -0.6246228218078613 6.008438 2.364083 2.175981 0.009898847
5 20.82453155517578 -9.705587387084961 -1.341962814331055 0.237013 0.262874 0.367469 2.028572
1 18.17469787597656 -1.661337494850159 -0.9390056729316711 3.856029 0.447952 1.411245 0.02891349
1 2.81151294708252 3.55917239189148 -0.9321759343147278 4.201599 1.888626 1.619777 0.02437634
1 35.82529830932617 34.9261360168457 -1.511009454727173 4.54687 1.348081 0.745326 -1.647434
1 -7.002898693084717 -2.677310466766357 -1.097801208496094 4.363352 2.010578 1.44045 -0.01884962
2 52.67929458618164 -21.48723983764648 0.6694008111953735 8.95128 2.810841 3.124051 1.658478
6 -32.08261489868164 18.65068054199219 -1.285711646080017 1.942442 1.281902 0.311259 3.081012
5 17.25545501708984 18.77938461303711 -1.584976553916931 0.144634 0.087413 0.453898 -0.4287129
4 27.60301399230957 22.22575759887695 -1.088342070579529 1.419317 0.500685 1.3851 -2.314087
5 20.2015323638916 19.53385543823242 -1.696205258369446 0.080943 0.138999 0.362237 -2.742505
1 9.213475227355957 3.405341386795044 -0.9887219667434692 4.435867 1.9103 1.439664 0.009784339
1 7.378043651580811 0.2099108099937439 -0.7897144556045532 3.287521 2.049113 1.841157 -0.04496882
6 53.95761489868164 -3.40651273727417 -0.4794347584247589 0.571085 0.481611 0.650784 -0.152714
1 19.88084983825684 3.174875497817993 -0.7120016813278198 1.89797 0.469714 0.799073 0.08453494
2 40.41753387451172 20.29670524597168 0.1204984039068222 8.51355 3.233111 3.597342 2.715815