1 -6.270014762878418 -0.07572584599256516 -0.5608260035514832 5.782699 2.301567 2.048502 0.0237153
1 18.13718032836914 -1.660976886749268 -0.9342488050460815 3.795122 0.490229 1.392612 0.05949096
4 17.0415096282959 -7.505118370056152 -1.003763437271118 0.951161 0.645977 1.15778 -0.03698258
6 20.75202560424805 0.6624638438224792 0.008531917817890644 1.206882 1.333434 0.206107 0.03363066
6 -19.83942031860352 -3.618680953979492 -0.4909036159515381 1.212528 0.608962 0.330101 -0.03153224
4 9.463261604309082 -6.018030643463135 -0.593756377696991 1.473404 0.701664 0.799484 -0.05188962
1 12.38607501983643 -2.257120847702026 -0.7202562093734741 4.587861 1.675365 1.9185 -0.02366185
1 -7.105225563049316 -2.672773122787476 -1.091874003410339 4.543235 1.957306 1.442915 -0.01556643
6 -1.883628726005554 -4.65082597732544 -0.6574936509132385 0.111641 0.196411 0.114689 0.05242958
1 -5.973877906799316 2.300247192382813 -0.8971388936042786 4.190306 1.898811 1.90385 0.1277906
1 -1.08934760093689 -3.092377901077271 -0.8586430549621582 5.02118 2.05261 1.649469 0.07168593
6 1.46436607837677 2.943975210189819 -1.199281454086304 0.806621 0.470611 0.506371 -1.663416
1 4.9365234375 -2.397946834564209 -1.02669894695282 4.06096 1.671598 1.437949 1.983996e-05
2 -21.65685844421387 3.161661624908447 -0.1438884139060974 11.882745 2.799661 2.280731 0.01043318
6 -14.14032554626465 -3.372852087020874 -0.7158388495445251 1.984569 0.609491 0.455381 3.062651
1 46.06014633178711 -19.76839637756348 -0.6206039786338806 4.183274 1.742403 1.581928 1.670854
1 48.83052062988281 -17.9271411895752 -0.668179452419281 2.617113 1.739139 1.082412 1.596944
1 13.56828784942627 3.033225059509277 -0.9167528748512268 4.022268 1.037623 1.591763 0.03218746
2 5.485260486602783 2.589822769165039 -0.6026778221130371 6.643262 1.526095 2.29483 0.007458806
6 45.60377883911133 -33.02772903442383 -0.834453821182251 1.960689 0.057251 0.026962 1.625658
2 52.74275588989258 -22.69075202941895 0.6161032319068909 11.369831 2.753765 3.095753 1.648005
1 35.19191360473633 -22.43460083007813 -0.6207466721534729 4.334097 1.694065 1.585213 -1.259403
2 22.50527954101563 3.649504899978638 -0.1750097423791885 4.963041 2.021328 2.214045 0.05600619
1 -48.66958236694336 20.65967178344727 -1.092068314552307 3.200094 1.754801 0.793651 3.016188
1 7.36555814743042 0.2000394463539124 -0.8164522647857666 3.251857 2.038918 1.89393 -0.01212565
6 -3.193335294723511 -0.008879652246832848 -1.134613275527954 0.148253 1.08838 0.076342 -0.02219282
6 24.5350227355957 -2.655008554458618 -0.371689647436142 2.278452 0.859246 0.555402 -0.03823216
4 41.336669921875 9.451898574829102 -0.7473666667938232 1.071634 0.570168 0.854269 0.5112032
1 -56.38034439086914 16.52124214172363 -0.1210529059171677 8.033867 3.219203 1.207276 3.032533