1 5.250106334686279 11.34618282318115 -1.1272292137146 3.995358 1.998395 1.522419 -2.232418
4 -7.991431713104248 -19.96714973449707 -0.9222257137298584 0.920494 0.696787 1.202682 0.2682325
1 22.89711761474609 -21.63864135742188 -0.4882925152778626 4.063292 1.309935 1.730262 2.459412
4 9.534464836120605 7.532756328582764 -1.066434860229492 1.470092 0.636832 1.604695 0.9650792
1 -9.374324798583984 -3.527112007141113 -1.140969753265381 4.285745 1.853892 1.55124 -2.255247
1 28.72647666931152 12.49423217773438 -0.7060033679008484 3.785702 1.297583 1.161409 2.485435
1 7.141810417175293 -15.96450996398926 -0.7228121757507324 4.306046 1.981908 1.477948 2.448647
1 -16.48676872253418 -40.23355102539063 -0.01161101087927818 1.217788 0.619533 0.855194 -2.226307
1 16.92838287353516 18.65407562255859 -1.14150869846344 3.631773 1.791796 1.556261 0.9302155
1 10.07090568542481 -11.88255405426025 -0.6097155213356018 4.228737 1.866054 1.538515 2.466737
1 17.58453750610352 -28.23286437988281 0.2570196390151978 1.120657 0.648767 1.094374 -3.141592
2 15.83183574676514 34.10545349121094 -1.006412625312805 5.121985 1.685473 1.618499 -2.216012
1 19.75313186645508 -15.81037712097168 -0.6888975501060486 2.429112 1.600057 1.538406 2.527098
3 -1.047564744949341 21.68117332458496 -0.8538068532943726 0.237357 0.46421 1.082493 -2.245856
1 17.05496788024902 -2.329406023025513 -0.6901002526283264 3.829832 1.81311 1.238385 2.515929
3 -8.304071426391602 -19.48814392089844 -0.6920246481895447 0.281697 0.4767 1.098481 1.644232
1 14.19923496246338 -24.53581047058106 -0.6301969885826111 3.867296 1.758514 1.666205 2.435152
1 -15.02453136444092 -42.33406448364258 -0.1139347031712532 2.49436 0.81731 1.072191 -2.237192
1 1.894855737686157 -21.20128631591797 -0.5747246742248535 2.475076 1.707527 1.084855 2.401662
1 15.76275634765625 -4.622959613800049 -0.4784367680549622 3.08712 1.706311 1.054076 2.488323
1 6.238095760345459 21.19474792480469 -1.312313675880432 3.184805 1.759717 1.497372 -2.2663
1 -9.371651649475098 -20.19755935668945 -0.841695249080658 1.205137 0.593204 0.507215 0.2682325
1 21.12913703918457 3.052410125732422 -0.8632233738899231 3.303313 1.633944 1.489244 2.538577
2 9.286605834960938 25.57433700561523 -0.8817106485366821 5.360818 2.360695 2.235681 -2.2663
1 32.00946807861328 -8.363273620605469 -0.3073541522026062 2.502093 1.261993 0.712113 2.412882
1 18.19537544250488 -18.38933181762695 -0.7237749695777893 3.760035 1.543727 1.605965 2.495195
1 13.55186367034912 -5.909800052642822 -0.4377909004688263 2.102357 1.860828 1.343912 2.515929
1 0.1459933519363403 -24.11952590942383 0.0543166883289814 1.696286 2.766852 1.929748 0.9889722
1 -6.861732959747315 -58.03986740112305 0.9530958533287048 1.113899 1.484232 0.528185 2.498676
4 -17.17145156860352 -11.66502094268799 -1.36820662021637 1.364137 0.397465 0.967127 2.442548
1 -12.84193897247315 -21.72511100769043 -1.08867347240448 4.622622 1.351413 1.345282 0.3314189
3 -1.339488863945007 19.9356861114502 -0.875029444694519 0.360511 0.547552 1.026733 -2.245856
1 23.17415618896484 7.584837913513184 -0.5326021313667297 1.100124 1.359802 0.968661 2.515929
1 22.36445426940918 5.141754150390625 -0.6763263940811157 2.900076 1.360692 1.298865 2.515929
3 6.428835391998291 -35.00791549682617 0.1334184408187866 0.250391 0.412971 0.444734 2.478133
6 -13.84326076507568 -28.50473022460938 -0.8373653292655945 0.311284 0.966558 0.638439 -2.319381
1 -11.79744911193848 -36.38932800292969 -0.4047629833221436 2.541194 0.425513 1.121726 2.58595
1 28.35700416564941 -5.154593944549561 -0.2016270458698273 3.488203 1.50439 0.845041 2.424694
1 15.74383544921875 30.27451896667481 -1.147024869918823 3.449754 1.588983 1.00978 -2.2663
3 -15.06825351715088 2.358343362808228 -0.7499095797538757 0.260516 0.220892 0.867971 -2.186396
3 -3.370816230773926 -23.58547401428223 -0.3100327253341675 0.280501 0.446383 0.793875 0.9817593
1 20.66646194458008 -23.17528915405273 0.2303285449743271 1.494924 1.403564 0.607247 2.517766
6 -24.90925598144531 -23.23000717163086 -0.9579448103904724 0.377866 0.439095 0.594302 -2.267622
1 16.11880683898926 25.86993217468262 -1.320089101791382 3.046589 1.657857 1.284042 -2.266826
1 -12.28515243530273 -40.39866256713867 -0.006618373095989227 1.791027 0.879239 0.836898 2.543907
1 -13.11826610565186 -11.00223731994629 -1.011612772941589 4.146008 1.926514 1.702234 -2.245278
1 33.80749130249023 -22.85160827636719 -0.6005479097366333 3.676164 1.585701 0.754065 0.8236663
1 1.171594977378845 5.637331008911133 -1.114677667617798 4.825332 2.063577 1.443046 -2.2663
1 41.37469482421875 29.45272636413574 -0.8922111392021179 1.597668 0.417393 0.516457 2.465358
3 40.08990859985352 -22.82257652282715 -0.437272310256958 0.574171 0.482856 1.247443 2.862884
4 -19.23240280151367 -13.7937126159668 -1.286731600761414 0.601942 1.573212 1.000561 2.486457
3 -8.622350692749023 -25.17814826965332 -0.46094810962677 0.26778 0.439951 1.053702 1.713047
3 -14.12160873413086 4.899758338928223 -0.7211318612098694 0.83419 0.397346 0.842513 -2.186396
1 18.42970657348633 -0.4247182905673981 -0.7526883482933044 3.351391 1.719184 1.796482 2.443182
1 -4.733837604522705 -31.18403625488281 -0.5244940519332886 1.887919 1.190948 1.117224 -0.6776305
1 15.28085422515869 -22.32607078552246 -0.54441899061203 3.568921 1.911762 1.822716 2.517766
4 -6.275962352752686 -18.22842597961426 -1.208098888397217 2.60366 1.225465 1.096445 1.02294
3 -4.50553560256958 -16.18606948852539 -1.20712411403656 1.241674 0.350128 1.062207 1.447813
1 46.41426849365234 38.07399368286133 -1.251700162887573 1.428846 0.765045 0.912206 2.232837
1 -2.28783106803894 -45.62351226806641 -0.1225242167711258 2.128529 1.5324 1.095724 2.521586
3 -8.508260726928711 -27.71417808532715 -0.4459785521030426 0.344733 0.580767 0.991885 0.7325597
4 -9.637043952941895 -25.74815177917481 -0.7253113985061646 1.617719 0.54037 1.213413 2.379728
1 9.568696022033691 16.26142883300781 -1.221859812736511 4.382266 1.690343 1.367014 -2.233535
3 24.20851898193359 -21.22207641601563 -0.4006772637367249 0.473863 0.540809 1.575856 -0.6855419
4 -6.84874439239502 -20.97676658630371 -0.3225446343421936 0.604166 0.645237 0.844299 1.106299
1 -3.199728965759277 -6.57846212387085 -0.9704175591468811 4.187057 1.848469 1.608886 0.8743961
1 3.032554864883423 -39.8129768371582 0.1537296324968338 1.634876 1.087299 0.503068 2.508998
1 41.09959030151367 3.172673225402832 -0.5659530162811279 2.704825 1.745308 1.555887 2.473044
1 4.408012866973877 -19.63589096069336 -0.7557833194732666 4.473122 1.572146 1.481211 2.533553
3 -2.427396059036255 20.43254089355469 -0.9102246761322021 0.414938 0.603297 1.055694 -2.245856
3 -4.324864864349365 -23.09646034240723 -0.3052766919136047 0.439161 0.620829 1.026184 0.9817593
1 -37.35761642456055 -40.2586669921875 -1.057284712791443 0.202916 1.431532 0.501997 -2.23483
3 39.37926483154297 -24.54132461547852 -0.007374297827482224 0.844807 0.848541 1.005665 2.862884