2 14.4589900970459 5.487533569335938 -0.4545412063598633 12.612317 2.839891 2.787293 0.4948252
6 18.27182769775391 -47.88582992553711 -0.3135934472084045 0.282315 0.779824 0.428466 -1.452525
5 -8.14236831665039 23.2480411529541 -1.867424607276917 0.191733 0.270561 0.410302 1.32898
4 7.558720111846924 31.69085311889648 -1.505573749542236 2.849745 1.095882 1.709564 -1.831715
4 -2.479509592056274 17.58228302001953 -1.186442255973816 1.292585 0.746342 1.754905 -1.313068
3 5.213079452514648 -20.44108963012695 -0.4029772579669952 0.683673 0.682745 1.483167 -1.431834
1 50.01579284667969 1.993642091751099 -1.157413482666016 3.612857 0.794247 1.441552 2.945986
1 -5.550069808959961 3.449862718582153 -1.116599917411804 4.564507 1.971234 1.498027 -0.08352184
1 -16.64422988891602 5.315124988555908 -1.032662510871887 4.102786 2.026467 1.684 -0.1563252
4 4.688860893249512 27.9986572265625 -1.533483982086182 1.032561 0.684144 1.440714 -1.86854
1 31.17600631713867 -24.67029762268066 -0.5746952295303345 3.060602 1.485054 1.505546 1.613522
1 -38.44572830200195 6.021616458892822 -1.334852695465088 2.461922 1.644485 1.113798 -0.2081988
1 43.78761291503906 3.423538208007813 -0.9147435426712036 4.453722 1.534844 1.730785 2.983872
1 15.71081638336182 28.42115211486816 -1.56579577922821 4.276208 1.799104 1.557816 -1.595072
4 5.479596614837647 -19.33736419677734 -0.420721709728241 1.236119 0.571801 1.509274 -1.431834
1 26.65943336486816 -7.735808372497559 -0.815729558467865 4.429938 1.761545 1.383954 -2.819352
1 24.23751449584961 -13.00007057189941 -0.6688056588172913 4.644647 1.783295 1.460724 -2.587885
1 49.15023803710938 -5.311163902282715 -0.8988373875617981 2.176487 1.709999 1.597147 2.919052
5 -9.929255485534668 23.0899829864502 -1.843447804450989 0.180375 0.138031 0.533274 0.06150763
3 33.32025146484375 26.76800155639648 -0.7543843388557434 0.311873 0.569617 0.856868 3.075622
4 5.114282608032227 19.077392578125 -1.335677027702332 3.294331 1.276675 1.486396 -1.690685
1 -17.18943595886231 14.68931579589844 -1.310455918312073 3.941599 1.674952 1.520012 2.686846
1 31.88870429992676 -32.72659683227539 0.2706716954708099 5.298166 1.707338 1.51512 1.655304
5 -6.288544654846191 23.49501419067383 -1.901628494262695 0.167433 0.150325 0.521717 0.03622651
1 17.94084167480469 -29.39363670349121 -0.3928065299987793 4.216187 1.674893 1.564093 -1.684799
1 18.01997375488281 13.72810363769531 -1.19107711315155 4.036815 1.879911 1.481625 0.9218279
5 4.629715442657471 30.46905517578125 -1.877836108207703 0.142317 0.198173 0.463687 -2.134714
4 -13.14637088775635 -7.667991161346436 -0.8190596103668213 1.355644 0.596596 1.592722 2.979657
6 29.5977954864502 20.61194610595703 -0.9918832182884216 0.343743 0.287574 0.533688 1.560902
1 58.48480606079102 0.8528757691383362 -1.273660778999329 1.915406 1.195185 0.829566 2.945986
1 23.56002426147461 -19.4664363861084 -0.4992096722126007 2.342932 1.653899 1.387121 1.733414
2 19.3466854095459 31.28318786621094 -0.8214913010597229 6.213757 2.385157 2.838191 -1.554025
5 0.3854216039180756 26.48710632324219 -1.883831977844238 0.226094 0.174746 0.379278 -0.01382874
4 5.608169555664063 30.80492782592773 -1.550996541976929 1.065463 0.386083 1.279825 -2.017096
1 18.77037811279297 -19.41267776489258 -0.637800931930542 4.41567 1.760228 1.416651 -1.803625
2 24.46997261047363 32.31533050537109 -1.090237617492676 2.932272 1.965015 2.648979 1.542755
5 -1.315159797668457 25.47643852233887 -1.885727167129517 0.182785 0.227608 0.532294 0.0004536604
1 39.72962951660156 -1.52825927734375 -1.044648885726929 3.737669 1.664178 1.505475 -3.049404
1 17.13464546203613 -39.64809417724609 -0.6623454689979553 4.078507 1.650972 0.714925 -1.452525
4 2.537631273269653 22.32270240783691 -1.412722826004028 1.484855 0.654152 1.623166 -1.909639
1 -34.1832389831543 8.025842666625977 -1.166730046272278 2.215779 2.136568 1.57122 -0.1977255