1 6.52647590637207 11.28539085388184 -1.287194728851318 4.598231 1.782104 1.449454 3.111682
3 19.34495162963867 20.99990081787109 -1.418513655662537 0.494518 0.315385 1.525214 -3.028621
1 -21.47972679138184 -2.950742244720459 -0.7258325219154358 4.782116 1.984444 1.925123 0.01679349
3 -20.52665710449219 -11.02841281890869 -0.2648351788520813 0.262483 0.575713 0.776074 3.062754
2 -18.83811950683594 -6.010228157043457 -0.4359433948993683 11.877143 3.014002 2.347886 -0.01609742
4 -12.82529640197754 -9.328606605529785 -0.9249842166900635 1.697381 0.625493 1.583699 -3.088955
3 20.18658447265625 18.29693984985352 -1.375381946563721 0.472338 0.316826 1.526812 -2.919282
1 -44.36861419677734 13.70259475708008 -0.8243415355682373 3.014285 1.281779 1.031226 -3.137269
4 -20.73063468933106 2.166614532470703 -0.8438542485237122 0.593737 1.069344 1.692416 -0.204084
6 -12.63556575775147 -7.499020099639893 0.4881172180175781 0.262786 0.24152 0.486632 1.663718e-15
6 39.10843658447266 -8.799623489379883 -1.020835041999817 0.647142 0.389725 1.057845 -0.06138147
1 -43.61710357666016 -1.848737835884094 -0.8586069941520691 2.151416 1.661258 1.122743 -0.003289525
3 -11.95603179931641 -10.4414758682251 -0.6949899792671204 0.453339 0.350259 1.72358 -3.131499
6 37.6777458190918 -8.038772583007812 -0.8677433729171753 0.363864 0.619623 0.816538 -0.1407781
1 -15.46825885772705 -0.2283175885677338 -0.9764803051948547 3.776675 1.870896 1.490987 0.01821025
3 -14.46432590484619 -8.280216217041016 -0.9448404908180237 0.404823 0.525199 1.573705 3.014876
3 3.027368783950806 3.142337799072266 -0.90134596824646 0.404323 0.626161 1.457816 -0.04661091
1 -28.80600357055664 0.05304571613669395 -0.5565751194953918 0.949257 1.702611 0.622382 0.04374385
1 -26.12309837341309 8.525606155395508 -0.911359965801239 3.78268 1.675656 0.951993 -3.119156