1 -3.254197835922241 17.12495613098145 -1.036647439002991 3.338758 1.611419 1.526968 1.547673
1 -12.83194541931152 17.09408760070801 -1.357363104820252 3.185734 1.683773 0.867729 -1.472247
1 -39.15900039672852 16.52021217346191 -1.162656307220459 1.808397 0.673942 0.536598 1.587689
3 45.88701248168945 7.301208972930908 -0.833993136882782 0.265128 0.245678 0.942279 1.615757
1 -15.38678932189941 17.0266284942627 -1.427306056022644 3.058529 1.863969 1.314822 -1.243267
1 -20.19670867919922 -0.6983976364135742 -0.9771278500556946 3.391288 1.940213 1.149628 0.0
6 -57.2364616394043 -3.938655376434326 -2.103622674942017 0.848584 1.5587 0.393011 0.02369
5 -5.543457508087158 -7.115064144134522 -1.555577039718628 0.27502 0.425566 0.266639 1.587695
1 7.779776573181152 28.41815567016602 -1.41254460811615 4.214577 1.628863 1.498465 1.583144
1 6.404832363128662 16.75214195251465 -1.061301946640015 2.270917 1.800071 1.52255 1.60413
1 6.619816303253174 0.2225195914506912 -0.9812368750572205 3.074215 2.096813 1.580282 0.0
1 -0.6907109022140503 33.19171524047852 -1.130405426025391 2.574099 1.361053 1.033242 1.566405
2 23.92907333374023 0.4867038428783417 -0.611534595489502 0.45717 1.807376 1.425978 0.0
4 45.29960250854492 10.70944404602051 -0.5859272480010986 1.866486 1.569308 1.552149 -1.9385
1 15.68651676177979 17.75248336791992 -1.043114304542542 4.089234 1.657833 1.416952 1.584544
1 3.788932085037231 33.76325225830078 -1.410442590713501 3.43307 1.956419 1.589967 1.593097
5 -6.910844326019287 -7.167760372161865 -1.592663526535034 0.308145 0.44503 0.278494 1.587695
1 -27.22651672363281 16.86208152770996 -1.393927812576294 2.322714 1.258207 1.258594 1.581918
3 2.632128715515137 34.14087295532227 -1.289652943611145 0.568378 0.711968 1.300012 1.763353
1 -3.201987266540527 32.08466720581055 -1.346820116043091 0.919457 0.750235 1.453789 1.566405
1 -38.97838592529297 32.41473007202148 -1.450554370880127 1.131823 0.805419 0.59473 1.605705
1 43.89620590209961 5.72498369216919 -1.26756763458252 0.62815 1.717527 0.700684 -3.125853
1 -0.8439062237739563 16.48844146728516 -1.050699710845947 1.936192 1.893839 1.381865 1.610266
1 -34.33604049682617 15.83475303649902 -1.604881048202515 0.848508 1.109784 0.522015 1.584384
1 20.78810119628906 17.74394798278809 -1.036706686019898 2.93003 1.621515 1.189577 1.562528
1 12.43235778808594 50.53542709350586 -1.82385778427124 5.122925 0.657898 1.463003 1.656072
3 2.308899641036987 34.77972793579102 -1.292903304100037 0.298874 0.212949 0.889279 0.2861135
3 13.06396675109863 -18.26429176330566 0.3782811164855957 0.257221 0.32201 1.224749 1.820157
1 1.520858407020569 43.40177917480469 -1.822778582572937 1.281327 1.664952 0.946214 1.581857
1 -3.466915607452393 4.529811382293701 -1.181528449058533 4.691435 1.98173 1.418133 3.13954
1 -5.773455619812012 -0.08285441994667053 -1.087355613708496 3.805728 2.115869 1.434363 0.0
4 45.15043258666992 8.645848274230957 -1.238177418708801 0.549536 0.883385 0.562379 -0.01435772
3 -12.3247594833374 -11.18206977844238 -0.993520975112915 0.788227 0.572721 1.612478 0.4317761
1 41.99340438842773 -1.395957469940186 -0.8316792249679565 0.875089 1.321509 1.579224 0.0
1 -21.14902114868164 -5.942808151245117 -1.278765559196472 4.122278 1.54778 1.427504 0.01446695
1 -33.70918655395508 -3.612947463989258 -1.625036120414734 3.644008 1.662506 1.180431 0.01446695
5 -4.251463890075684 -7.165677547454834 -1.562631845474243 0.340849 0.532506 0.31695 1.587695
1 11.35140991210938 16.78931045532227 -1.081071257591248 2.08139 1.625552 1.180411 1.613963
1 -22.71837997436523 4.4128098487854 -1.563459873199463 4.037028 1.73841 1.352706 -3.123983
1 -43.59568405151367 15.81142520904541 -1.69460928440094 1.132509 0.879454 1.397962 1.587689
1 22.93776321411133 17.65699005126953 -0.9856314659118652 3.485974 1.318229 1.464164 1.575557
4 -51.7558479309082 8.003164291381836 -2.089410543441773 1.158735 0.677738 0.738274 3.116966
6 59.20551300048828 -3.358548402786255 -0.3749364912509918 0.614871 1.391856 0.427311 -0.7279924
1 -19.94807052612305 32.4199333190918 -1.821431756019592 1.709845 1.107354 1.26757 1.56713
1 41.96913909912109 2.719546794891357 -0.962196409702301 1.674475 0.709183 1.314813 -0.004645975
1 -15.86021423339844 -5.797236919403076 -0.9871828556060791 3.72076 1.474851 1.88129 0.02358828
2 -9.858243942260742 -5.881386280059815 -0.6227535009384155 5.396699 1.992029 1.986707 0.001581235
1 -38.8159294128418 4.241980075836182 -1.966543912887573 1.785242 1.709365 1.163271 -3.129404
5 -2.842369794845581 -7.120741844177246 -1.555052995681763 0.265725 0.424897 0.303614 1.587695
1 -29.66951370239258 28.36386108398438 -1.951871037483215 3.538343 1.742213 0.880803 -1.564348
1 -17.73831748962402 32.25434112548828 -1.577610611915588 1.718 1.950646 1.68878 1.56713
1 -25.61483001708984 -5.749178409576416 -1.328372359275818 4.04528 1.68671 1.462808 0.01446695
1 34.23528289794922 -2.63201904296875 -0.9575639963150024 1.863836 1.705968 1.508462 5.418181e-17
2 0.9553031921386719 -5.743141651153565 -0.6522151231765747 5.695436 2.36956 2.171887 -0.008218192
1 18.15103721618652 16.84890747070313 -1.130171656608582 2.118977 1.548455 1.176234 -1.539714
3 30.67073631286621 -10.82285499572754 -0.2503706216812134 0.486001 0.471947 0.91712 -0.03673483
1 8.766292572021484 16.98965835571289 -1.047456979751587 2.814875 1.658795 1.444389 1.60978
1 -24.29864883422852 15.7087345123291 -1.425336480140686 0.814986 0.526064 1.166459 1.584616
1 -22.16463661193848 17.48389434814453 -1.635011911392212 4.232196 1.372956 1.408834 1.571028
1 8.56152629852295 44.41694641113281 -1.635029435157776 4.056338 1.898382 1.371488 1.611198
1 5.973587989807129 -5.523004531860352 -0.9858644604682922 3.234861 1.915763 1.5006 -0.1027029
1 29.87162971496582 17.62249946594238 -0.6776489615440369 3.187217 1.406044 0.959573 1.578248
1 -31.44955635070801 16.99136543273926 -1.677424073219299 1.98472 0.51681 1.168172 1.581918
1 -6.959774017333984 -3.510191679000855 -1.041431427001953 4.38846 1.995278 1.568864 -0.003717381