1 -6.471934795379639 3.472865104675293 -1.064298033714294 4.235084 1.8244 1.592032 -0.002636065
1 8.087915420532227 3.420162677764893 -0.7768102884292603 4.054088 1.84537 1.915431 0.07157406
4 -40.45066833496094 23.5891227722168 -1.820002794265747 1.276027 0.571061 1.148567 3.022218
2 52.7202262878418 -22.52283477783203 0.6522600054740906 11.62085 2.9225 3.143618 1.649133
1 -7.010268211364746 -2.668331623077393 -1.082550525665283 4.405894 2.009654 1.455248 -0.01620485
6 -1.894681096076965 -4.664849281311035 -0.6624647378921509 0.154695 0.057568 0.06003 -1.505559
5 20.80528831481934 -9.675463676452637 -1.319005012512207 0.281797 0.26966 0.34431 1.406022
3 28.08275985717773 25.30154418945313 -1.099816799163818 0.563318 0.930577 1.326664 0.890636
6 20.91177749633789 0.721460223197937 0.01105409674346447 0.842181 1.291508 0.168822 0.07403222
5 12.71355056762695 18.38128089904785 -1.746067762374878 0.206826 0.348098 0.493895 3.087329
2 42.85489654541016 39.98838806152344 -1.134363055229187 5.244131 1.89116 2.000334 -1.592885
1 24.53869247436523 -2.622915744781494 -0.3432483375072479 2.280118 0.950472 0.544159 -0.0772513
2 20.27110290527344 4.559779644012451 -0.2963644862174988 3.125996 2.678868 2.526023 0.2111481
5 25.38738441467285 22.49840927124023 -1.659224987030029 0.116672 0.233356 0.479139 3.087329
6 -54.76385498046875 17.26534652709961 -0.7422478795051575 3.354594 1.966802 1.764387 2.924279
1 12.40977382659912 -2.237153053283691 -0.7532259225845337 4.602055 1.719976 1.943914 -0.02815851
5 11.43804931640625 18.28134155273438 -1.67957615852356 0.182076 0.161223 0.479073 3.087329
5 14.14193344116211 18.30071830749512 -1.678620457649231 0.144963 0.209839 0.457175 3.087329
5 21.48130989074707 20.09625625610352 -1.577919125556946 0.165539 0.141671 0.403697 3.087329
3 28.56159973144531 -16.2528247833252 -0.6145256757736206 0.200931 0.339985 1.329952 0.01104887
6 -5.258163928985596 -2.95636773109436 -0.05432092025876045 0.368773 1.165949 0.091894 0.001914245
6 49.88155746459961 -35.18821334838867 -0.7424177527427673 2.157949 1.488742 0.43881 1.754531
4 29.16135215759277 -21.85772895812988 -0.4163979589939117 0.360212 1.036332 1.254208 3.120673
1 46.06701278686523 -19.77596664428711 -0.6091126203536987 4.323352 1.770517 1.612252 1.702337
4 -47.74494552612305 25.60738182067871 -1.992378234863281 1.070263 0.438924 1.207962 3.129843
3 -26.85316467285156 24.4901123046875 -1.818803548812866 0.493077 0.767209 1.01604 1.47165
6 -19.80928993225098 -3.677836179733276 -0.4870674312114716 1.273744 0.510079 0.308663 0.04157053
2 -6.066452980041504 -0.1462813913822174 -0.5561012625694275 6.13589 2.276412 1.988189 0.06650145
1 4.940867424011231 -2.43520450592041 -1.020853161811829 4.146701 1.762695 1.451193 0.002087051
1 7.333499908447266 0.203278198838234 -0.8042338490486145 3.162685 2.037668 1.835447 -0.01524026
1 48.59089660644531 -17.24100875854492 -0.7285214066505432 4.554024 2.39702 1.413764 1.545469
6 -14.07205390930176 -3.338618755340576 -0.7209881544113159 2.015893 0.818512 0.433082 0.06234814
2 -19.88078308105469 3.112997531890869 -0.4947798252105713 12.324654 2.873378 2.93414 0.01177095
1 18.19698715209961 -1.692258715629578 -0.9465616345405579 3.910966 0.540203 1.482761 -0.005577292
5 18.83369827270508 19.16561698913574 -1.669516205787659 0.362987 0.196392 0.54618 3.087329
1 43.8336181640625 26.92963790893555 -0.6074358224868774 5.632946 2.39978 2.638114 1.297952
1 -1.104927659034729 -3.099257469177246 -0.8779172897338867 5.172944 2.006744 1.792911 0.02553582
5 17.26273918151856 18.80259895324707 -1.641065835952759 0.158802 0.274925 0.648836 3.087329
4 27.59488296508789 21.94919967651367 -1.119855403900147 1.910352 0.81353 1.448605 1.218977
4 17.04123306274414 -7.449300765991211 -0.9215154647827148 1.003737 0.441399 1.015742 -0.007432643