2 45.6165657043457 9.728489875793457 0.1724274903535843 12.36659 2.507908 3.328707 0.9460582
5 20.82020568847656 -9.690587997436523 -1.348065853118897 0.176974 0.232704 0.309253 2.659876
6 -1.899728775024414 -4.663333415985107 -0.6626850366592407 0.056953 0.126293 0.060268 -0.008538797
5 18.73993110656738 19.15224647521973 -1.674026489257813 0.120002 0.077453 0.480109 0.3958048
1 -3.848385810852051 3.373820304870606 -1.094537854194641 4.885973 2.038724 1.420867 -0.009678691
2 -56.78470230102539 17.28975486755371 -0.7625754475593567 7.232037 2.582869 1.837244 2.983694
5 12.72297477722168 18.3370532989502 -1.759261012077332 0.12131 0.046024 0.439173 -0.2674801
1 -7.131614208221436 -2.666760444641113 -1.101712942123413 4.634514 1.974621 1.558309 -0.02982355
1 -13.750319480896 -3.20651650428772 -0.7227160930633545 2.666308 1.073792 0.540031 -0.02276095
1 24.55139350891113 -2.638669967651367 -0.3640425801277161 2.280474 0.819239 0.547367 -0.02276095
5 11.42999076843262 18.30093383789063 -1.694669723510742 0.106681 0.145889 0.43315 0.1300876
6 -19.82174873352051 -3.617486715316773 -0.4786567687988281 1.150745 0.599784 0.324737 -0.02276095
1 30.26979637145996 19.82466316223145 -1.112867951393127 4.156365 1.875341 1.408242 -2.203397
5 14.18611145019531 18.36887931823731 -1.698260188102722 0.127339 0.220444 0.428522 0.1648382
1 19.50323486328125 3.610416173934937 -0.9651054739952087 2.774698 1.598611 1.392596 -0.02276095
4 28.59560394287109 13.91886329650879 -0.8915308117866516 1.586152 0.695783 1.437162 -1.832418
6 19.3248291015625 -6.130409240722656 -0.4915371239185333 0.573208 1.279345 0.893709 -0.614071
1 10.16606521606445 3.376311302185059 -0.8741421103477478 3.499571 1.709783 1.734739 -0.02579812
5 17.24687004089356 18.81120109558106 -1.65325403213501 0.025425 0.170962 0.31518 0.1606045
2 -6.131035804748535 -0.08317138999700546 -0.5600584149360657 6.047678 2.342668 2.047264 0.02370808
4 27.45043182373047 22.0024528503418 -1.095901608467102 1.808996 0.69263 1.387999 -1.688384
4 16.10895347595215 -5.203284740447998 -0.9183263778686523 2.155245 0.696898 1.461438 0.1596658
1 4.950360298156738 -2.400506258010864 -1.00660502910614 4.11017 1.723988 1.494873 -0.004525215
3 27.89328765869141 25.41246795654297 -1.190850496292114 0.558781 0.640863 1.506767 -0.1405302
2 46.75274658203125 -27.38492012023926 0.2691701948642731 6.019296 2.255087 3.179192 1.65923
1 7.350242614746094 0.2116438299417496 -0.7891440987586975 3.147309 2.020396 1.839275 -0.02276095
4 1.808517456054688 -6.54719877243042 -1.011731266975403 1.694391 0.800047 1.492659 0.0007194483
6 20.74177742004395 0.6768296957015991 -0.009825017303228378 1.157497 1.29311 0.173159 -0.009731753
1 48.59531784057617 -17.97112464904785 -0.6650502681732178 2.376735 1.226925 1.141685 1.686713
2 52.8518180847168 -22.59830474853516 0.8159902691841125 11.370129 2.984769 2.898001 1.677857
2 41.04011917114258 22.64789962768555 0.0197446309030056 12.03746 3.033137 3.565088 2.68656
1 -1.133737444877625 -3.165448427200317 -0.8574569225311279 5.042884 1.955721 1.648384 -0.003495467
1 12.38617420196533 -2.240752458572388 -0.7242679595947266 4.562605 1.750296 1.926635 -0.03058762
1 42.80998611450195 39.91979217529297 -1.094988346099854 5.065056 1.734548 1.975813 -1.588553
1 46.07857131958008 -19.80514526367188 -0.5361018180847168 4.30659 1.816447 1.412985 1.664401
1 18.17559432983398 -1.749930620193481 -0.9501791596412659 3.913414 0.532755 1.413543 0.01681215
1 -17.94728088378906 3.74675989151001 -1.147220849990845 2.467799 1.869469 1.580619 -0.04405208