3 -7.50674295425415 -19.63644409179688 -1.240073204040527 0.478593 0.932577 0.911477 -2.375585
3 6.180671691894531 -25.77153968811035 -1.134250998497009 0.528539 0.769753 1.367442 -2.178777
3 14.78224277496338 54.06399154663086 -1.499011754989624 0.733575 0.499027 1.420153 -1.74503
4 5.392836570739746 -17.84390258789063 -1.058772802352905 2.219228 0.681977 1.603176 1.413806
3 27.78732872009277 -30.83397483825684 -0.1013401970267296 0.208988 0.357999 0.578796 -1.627489
1 1.302146434783936 14.19558525085449 -0.6671211123466492 1.934688 1.963476 0.792303 -1.740173
1 24.87823867797852 -15.72134304046631 -0.9085148572921753 2.43328 1.438479 1.530768 -0.07349616
3 -7.98367977142334 25.18237686157227 -0.4576840400695801 0.343182 0.548091 0.715468 1.41743
4 1.650960803031921 -4.721607685089111 -0.9649714827537537 2.014801 0.970599 1.599644 1.227812
1 10.4703893661499 -42.65245056152344 -0.2318822145462036 1.765074 1.504539 0.830031 -0.2157052
1 -4.145601272583008 -6.35547399520874 -1.011852025985718 4.235855 1.808438 1.465041 -1.726199
6 4.052101612091065 -30.45851135253906 -0.907504677772522 0.558873 0.567263 0.524763 -1.662813
3 -11.29987239837647 4.694782257080078 -0.5201212167739868 0.372502 0.55052 1.222458 1.623252
4 -6.445364475250244 12.8923807144165 -1.097205638885498 0.792401 0.796232 1.122675 -1.711392
1 11.46689796447754 -40.36368560791016 -0.3687878251075745 2.437843 1.567049 1.10764 -0.09499744
3 6.378244876861572 -15.61977958679199 -1.563800573348999 0.640688 0.287047 0.823032 1.464784
1 0.4196882843971252 6.419200897216797 -1.07805609703064 3.687886 2.019772 1.449085 -1.740173
3 5.551934242248535 -34.36478805541992 -0.3808755278587341 0.255789 0.442574 1.556431 -1.419912
1 -10.55308341979981 -52.14254379272461 -0.9941323399543762 0.221193 1.453884 0.522644 -1.737679
1 18.13222694396973 4.901312351226807 -0.8827594518661499 2.894185 1.592685 1.302898 -0.1686897
3 -11.57223224639893 1.258191347122192 -0.5289532542228699 0.712053 0.643991 0.955915 -0.8711628
1 4.125813007354736 -0.5202987194061279 -0.9560652375221252 4.322865 2.225442 1.661944 1.389938
1 19.20542716979981 14.24168300628662 -1.036553263664246 3.397615 1.665027 1.322685 -0.05816766
6 4.407767772674561 -20.78545188903809 -1.226083397865295 1.371249 1.898476 1.156605 -1.572826
3 8.487969398498535 -26.60555648803711 -0.851587176322937 0.664422 0.772969 1.471521 -1.278344
1 7.078815460205078 51.53479766845703 -1.475303888320923 1.588426 2.007465 0.627114 -1.708204
1 27.0768985748291 -3.20935845375061 -1.240783095359802 2.878236 1.913328 1.501752 -0.1223659
1 16.5146369934082 -4.116899490356445 -0.7253573536872864 3.275187 1.844998 1.13043 -0.1302196
1 19.40834617614746 19.23583602905273 -0.775010347366333 2.648454 1.036867 1.07599 -0.2247241
1 14.42828273773193 -13.55947494506836 -0.8669806718826294 2.622744 1.475029 1.159595 -0.2178499
1 19.22270774841309 16.60744285583496 -0.8492985367774963 3.003102 1.088502 1.285559 -0.09102413
1 18.35592269897461 9.944640159606934 -0.8662102222442627 3.251896 1.978057 1.498929 -0.1833051
3 -9.230542182922363 23.19930839538574 -0.7047674059867859 0.397223 0.672596 0.995814 1.62371
1 17.82559204101563 2.587759256362915 -0.7458273768424988 3.79867 1.858095 1.370456 -0.1989686
1 -3.798848867416382 -14.6302375793457 -0.9825831651687622 3.919667 1.900562 1.749283 -1.726199
4 -6.778607368469238 -17.39043998718262 -1.207507252693176 2.103099 0.585732 1.348186 2.874828
1 42.33513259887695 -1.865727663040161 -1.294657230377197 3.560167 0.34329 0.84749 1.360909
1 11.60356616973877 -32.86970138549805 -0.36734938621521 1.068512 1.012571 0.780298 -0.09952009
1 1.34535014629364 -11.95333766937256 -0.9985012412071228 4.149673 1.905588 1.584719 1.294927
1 14.52929401397705 -28.31619644165039 -0.8302749991416931 3.017912 1.083349 1.336846 -0.1572837
1 1.12501859664917 35.2905158996582 -1.086167812347412 3.695158 1.787055 1.351164 -1.741644
1 33.93056106567383 9.753347396850586 -0.7569665312767029 1.64059 1.263609 0.722916 3.030777
1 29.00338172912598 10.72503852844238 -0.6566821932792664 2.178889 1.327482 0.721493 -0.3092009
1 22.1312313079834 -39.47620010375977 -0.702396035194397 2.779742 1.520162 1.313445 -0.08062745
3 6.167245864868164 -14.72374820709229 -1.38639497756958 0.565025 0.39441 1.127763 -1.142725
1 14.18670463562012 -16.47180938720703 -1.097486257553101 2.373512 1.970224 1.558231 -0.2740006
3 7.993187427520752 -22.18978881835938 -0.795333981513977 0.461783 0.674614 1.240139 -0.7016135
1 -0.6917096972465515 38.75680541992188 -0.9847177267074585 5.718012 1.678206 2.338759 -1.693948
1 7.65049409866333 -42.35650253295898 -0.2395347058773041 0.930642 0.412662 0.847164 -0.1321391
3 4.28973388671875 -19.98571395874023 -1.101824998855591 0.546312 0.629045 1.439443 2.084128
3 -17.19221878051758 -38.42346954345703 -0.3138047754764557 0.304756 0.277056 0.567367 -1.73754
2 -2.227892398834229 28.17378997802734 -0.7972279191017151 5.577168 2.213426 2.342955 -1.696252
1 21.11919403076172 26.08061981201172 -0.921964168548584 3.733864 1.221773 1.148306 -0.1240877
3 28.02894973754883 -29.75433349609375 -0.195080429315567 0.443622 0.416588 0.768442 -1.66802
1 36.49894714355469 24.22496223449707 -1.050440788269043 2.809405 1.823776 1.452294 -0.2021119
1 16.39211273193359 -9.139923095703125 -0.9287652373313904 4.245416 1.947879 1.341389 2.96024
3 -12.94233226776123 52.63334274291992 -0.1880320459604263 0.463274 0.72167 1.30909 2.029215
4 14.58197116851807 4.585538387298584 -0.7106563448905945 0.539616 0.899431 0.614991 0.0181316
4 5.629091739654541 -18.59061622619629 -0.6675655245780945 0.630733 0.569423 0.820762 1.413806
1 18.39026641845703 7.594268798828125 -0.9833845496177673 4.06796 1.842964 1.204395 3.026165
3 51.47763824462891 5.837453842163086 -0.4450624585151672 0.363363 0.64791 0.711615 2.968871
1 27.80554962158203 -5.496088981628418 -0.940156877040863 2.262749 0.787319 0.914546 0.0181316
1 44.77446746826172 2.787873983383179 -1.488517284393311 3.869198 0.965529 0.751336 -0.1802618
3 -8.243847846984863 24.19318389892578 -0.6564738154411316 0.319059 0.609612 0.878647 1.543312
1 20.5686092376709 29.09312438964844 -0.8021456599235535 2.018192 1.38274 1.167162 -0.02855662
1 25.53889465332031 -8.412313461303711 -1.105282664299011 1.055035 1.418178 1.005651 -0.04705678
1 26.38163375854492 -10.7893238067627 -1.023875236511231 3.368727 2.056684 1.774858 3.012568
1 26.28710174560547 -13.08322906494141 -1.138705492019653 3.819806 1.643967 1.68397 2.945926
3 30.36406707763672 -5.293710231781006 -0.9669583439826965 0.443339 0.574622 1.627984 -0.4127675
1 2.935778617858887 19.6426887512207 -0.8843715786933899 2.726841 0.976822 0.946145 -1.582158
1 -2.75029444694519 22.90256881713867 -1.177478909492493 3.356801 1.856677 1.403816 -1.836096
1 1.114919543266296 -24.58951759338379 -1.090132117271423 2.950087 1.167607 1.402081 0.8477084