1 20.6444091796875 -1.944829106330872 -0.7061687707901001 2.587631 1.24338 1.381458 -0.887539
1 19.03066062927246 -3.902372360229492 -0.8053427338600159 3.802976 1.580055 1.427881 -0.8990641
4 -22.00460815429688 -5.805136680603027 -1.177725195884705 1.039665 0.380944 1.168966 2.1347
3 14.88421726226807 -28.37572860717773 0.2639464437961578 0.257021 0.453909 0.583824 2.178772
4 -13.40474510192871 -15.334716796875 -1.14638102054596 2.069974 1.271686 1.091926 -2.556091
1 9.400955200195312 -10.53435611724854 -0.5333127975463867 3.65194 1.787076 1.544994 -1.009076
1 5.927187919616699 -32.51360321044922 0.5454736351966858 1.135556 0.962007 0.867458 2.792756
1 10.32753276824951 18.16911315917969 -1.387306809425354 3.170376 1.598741 1.441094 -2.62649
1 3.751492261886597 -14.25607013702393 -0.5167918801307678 3.415516 1.808676 1.512482 -0.9867157
3 -17.34083938598633 -16.31221961975098 -1.017140030860901 0.261695 0.19736 0.530052 1.613679
1 -0.0124408220872283 4.523601055145264 -1.086556196212769 4.641029 1.973681 1.527263 -2.609735
1 -9.147258758544922 -23.3620777130127 0.0729798823595047 1.541451 2.380777 1.992083 0.6146553
1 -17.44077110290527 -26.24696159362793 -0.1176373735070229 1.128406 0.822709 1.817287 0.6493054
3 -32.85442733764648 -14.54297637939453 -1.234406352043152 0.469727 0.632629 1.061361 -2.556283
1 13.33728504180908 -27.55277442932129 -0.2874224781990051 4.300022 0.906399 1.686562 -0.9710314
3 0.9043323397636414 19.46255493164063 -0.927330493927002 0.49912 0.632188 0.860441 -2.525284
4 -15.37314891815186 -19.13784408569336 -0.3590714037418366 0.336653 0.501916 1.157676 1.297411
4 -19.36002159118652 -21.56651115417481 -0.6972748041152954 1.663683 0.499401 0.862237 -1.031474
1 3.633815050125122 -27.57989311218262 -0.5363792181015015 3.657184 1.920236 1.514789 2.118357
1 10.75517463684082 -28.60162544250488 0.08275219798088074 2.87385 1.181709 0.931102 -0.9446882
6 -23.90524482727051 -29.28965950012207 -0.06649991869926453 0.648868 0.37057 0.153072 0.5764014
1 11.46580791473389 -9.445293426513672 -0.5636151432991028 3.323219 1.676582 1.455647 -1.009701
1 9.473731994628906 -23.17140007019043 -0.590287446975708 3.916065 1.746083 1.628197 2.189035
1 23.59501266479492 -13.84248352050781 -0.2619551420211792 4.423091 1.635909 0.958958 -0.9947972
1 -29.62005615234375 -33.02746963500977 0.1461527943611145 3.135645 1.175135 0.598751 0.5694104
1 30.53478050231934 4.93464469909668 -0.5467569231987 1.911493 0.806966 1.164399 -0.9420362
1 -5.915772438049316 -4.644570350646973 -0.9437920451164246 3.538964 1.941003 1.590142 0.5828467
3 -11.17874240875244 -13.84056186676025 -1.229988932609558 0.448294 0.201399 0.769976 1.076494
1 -7.131080150604248 -20.63115119934082 -0.3210739493370056 1.58799 1.751076 0.873186 -1.003839
1 15.78933143615723 -26.24365615844727 -0.5650671124458313 2.71591 0.634283 1.253826 2.208724
1 -20.92954254150391 -17.05306434631348 -0.9983786940574646 5.024875 1.578257 1.104604 -0.003499328
1 -16.15497207641602 -16.43008232116699 -0.8770337700843811 1.510143 0.933811 1.44959 0.1289643
1 6.224279880523682 9.000699043273926 -1.136115789413452 4.211609 1.946023 1.515439 -2.559015
3 -16.68080902099609 6.024192810058594 -0.749418318271637 0.542415 0.799564 0.902503 -2.530781
4 0.07344752550125122 -12.94874858856201 -0.8073720932006836 1.155634 0.68817 1.039174 0.6154597
2 14.51533603668213 21.48232460021973 -0.7172319889068604 5.425636 2.431678 1.806373 -2.539535
1 11.94401168823242 -21.57867431640625 -0.5299580097198486 3.797058 1.589913 1.507239 2.220156
1 29.14291954040527 3.016034364700317 -0.6239176392555237 3.859002 1.590857 1.350482 -0.9675279
6 -26.51626777648926 -34.18755340576172 0.2404664009809494 0.328166 0.470351 0.397985 0.5715675
1 25.83827018737793 -17.92994689941406 -0.2893227338790894 2.758996 1.354249 1.00052 -0.830951
3 2.418818712234497 20.02187538146973 -0.8792109489440918 0.410542 0.584366 1.13457 -2.525284
1 11.99872589111328 12.53076362609863 -1.247796893119812 4.75159 1.859457 1.463258 -2.519475
2 23.42902374267578 27.57586479187012 -1.319877505302429 5.096169 1.795734 2.137436 -2.519969
1 13.51862812042236 -7.753921508789063 -0.7650489211082458 4.286911 1.847909 1.461638 -0.9273456
3 -12.06368541717529 -20.19512748718262 -0.1145319417119026 0.273863 0.667885 0.674206 0.5902524
1 22.36840629577637 24.11990165710449 -1.058194398880005 2.575602 1.808951 0.78756 -2.500271
1 -50.25078582763672 -27.23894309997559 -1.053601145744324 1.733588 1.332649 1.109244 -2.505559
4 14.65806388854981 7.916543006896973 -1.1369708776474 1.887964 0.812132 1.512932 0.5943289
1 -0.04365408793091774 -17.57859230041504 -0.5965085029602051 4.358149 1.837197 1.477433 2.136241
1 38.29370880126953 -10.14310836791992 -0.4887606501579285 3.941375 1.815762 1.357994 -0.9745
1 22.95258712768555 -31.80916404724121 -0.2226400077342987 3.614553 0.860309 1.305042 0.5622583
1 -12.06879997253418 -0.638302743434906 -1.106309294700623 4.207261 1.818984 1.482446 -2.565138
3 -14.97444343566895 8.161676406860352 -0.7260790467262268 0.820363 0.476375 1.047573 -2.556422
1 20.22497367858887 18.99287796020508 -1.343285441398621 3.176259 1.582312 1.38184 -2.633647
1 -29.30098342895508 -36.03234481811523 0.2666763961315155 2.325147 0.900925 0.820441 0.552803
1 22.6127986907959 -0.3885840475559235 -0.496023952960968 2.243372 1.440235 1.18954 -0.9532862
1 15.33871173858643 -6.217151165008545 -0.6524779200553894 3.559892 1.78959 1.76715 -0.9505133
1 25.76966094970703 16.53878593444824 -1.13349711894989 1.670797 1.895603 1.589446 0.6048892
1 -17.95838165283203 -6.572831153869629 -0.9345564842224121 4.183429 1.935424 1.719337 -2.588314
3 1.729555249214172 18.50557899475098 -0.8837335705757141 0.51519 0.615637 0.847578 -2.525284
3 -10.01491069793701 -19.91039085388184 -0.4536683261394501 0.236722 0.378327 0.612869 -2.370165
3 34.6195068359375 -33.10017013549805 0.5932043194770813 0.255224 0.840977 0.949846 -0.9747871
3 -18.58232116699219 -20.6634693145752 -0.4673360884189606 0.507291 0.719894 1.084033 0.7943301
1 -18.69204711914063 -41.6636962890625 0.1172607094049454 1.039298 1.178283 1.129667 -2.457516
3 26.65258026123047 -35.53737258911133 0.3790149688720703 0.480857 0.954652 0.584475 0.5920964