3 28.12296676635742 25.35323715209961 -1.179782032966614 0.719247 0.889946 1.483089 0.7059276
2 44.59909820556641 22.89767646789551 0.1119088679552078 12.082087 2.733092 3.606799 -2.01968
1 14.97690582275391 4.124355316162109 -0.9082189798355103 3.894649 1.772272 1.534572 0.1245164
6 -21.20520401000977 -6.339869022369385 -0.9510795474052429 0.82505 0.721435 1.002997 0.03865885
6 -14.53650569915772 -3.341305494308472 -0.7761901021003723 1.159141 0.7291 0.64622 -0.03421301
1 45.85797119140625 -19.78560447692871 -0.617961049079895 4.178658 1.300206 1.508703 1.680426
6 -30.76517868041992 -6.525673866271973 -0.8908893465995789 0.50855 0.623715 0.562283 -0.09012883
3 10.27757358551025 15.82163524627686 -0.7794632315635681 0.182524 0.053606 0.385478 -0.255098
5 20.21526145935059 19.54377365112305 -1.701197743415833 0.103884 0.117917 0.396794 0.182277
5 20.85572624206543 -9.685844421386719 -1.358098149299622 0.249166 0.256644 0.346605 2.555924
1 1.932373642921448 2.788387060165405 -0.4433476328849793 1.134344 1.425397 1.653154 0.0104102
1 -1.140204191207886 -3.138242483139038 -0.9104843735694885 5.052155 1.945565 1.752752 0.01035878
1 18.24119186401367 -1.691123962402344 -0.9349767565727234 3.964691 0.503111 1.423947 0.0
2 47.25235748291016 -34.84994888305664 0.5048091411590576 5.507382 2.226377 2.887206 1.630489
1 -7.002985000610352 -2.674673080444336 -1.092754721641541 4.384183 2.021293 1.489475 -0.02045629
2 52.71929168701172 -22.70752906799316 0.5673189163208008 11.392649 2.796784 3.164434 1.649847
1 -20.89922904968262 3.712851285934448 -1.289300918579102 2.821023 0.876008 1.430552 -0.06359995
1 48.71205902099609 -17.87958145141602 -0.6747152209281921 2.596716 1.528017 1.094247 1.675425
1 12.39407539367676 -2.252358198165894 -0.7223297953605652 4.524983 1.601457 1.915057 -0.007639166
1 32.01002883911133 10.3692569732666 -0.7468093037605286 3.812482 1.621256 1.873381 0.5785113
1 42.8353385925293 39.97569274902344 -1.142478942871094 5.127429 1.748304 2.011501 -1.56536
5 21.47525215148926 20.10762596130371 -1.583560585975647 0.113509 0.100156 0.389889 0.182277
6 24.67581939697266 -2.602332353591919 -0.4460258483886719 2.610549 0.874546 0.73603 -0.005972612
5 18.78343391418457 19.14445686340332 -1.680106401443481 0.102709 0.11871 0.497286 0.1427661
2 -6.154296875 -0.02136626280844212 -0.6061728596687317 6.022636 2.339786 2.142736 -0.006447135
2 -5.231991291046143 2.894705057144165 -0.6364768743515015 8.826725 1.989559 2.419426 0.00765193
6 -1.898165941238403 -4.661174297332764 -0.6622549891471863 0.071122 0.14962 0.076183 3.141592
4 27.50331878662109 21.97031974792481 -1.239873290061951 1.543277 1.144642 1.101021 0.4097601
6 -19.97606658935547 -3.631574630737305 -0.3860059380531311 0.992805 0.482043 0.135806 0.0
1 7.329316139221191 0.2250497341156006 -0.8030227422714233 3.15108 2.087558 1.86176 0.0
6 20.93414115905762 0.551361620426178 -0.002858167514204979 0.877905 1.033422 0.197871 0.0
1 4.974679470062256 -2.430383443832398 -1.017485857009888 4.22572 1.799359 1.457001 0.0
5 27.51072502136231 -15.74327182769775 -1.265433311462402 0.280738 0.304717 0.305871 2.566803