1 6.526360034942627 -39.53363037109375 -0.3729499876499176 1.323399 0.931556 1.067369 -1.58001
1 24.84639930725098 -23.96005630493164 0.05488282442092896 2.432814 1.180479 1.01987 -1.588738
2 15.68544673919678 -2.412068843841553 -0.3727863132953644 12.602126 2.769581 2.713876 -0.004905656
1 3.394686698913574 -39.68989562988281 0.1003985106945038 0.688203 1.186936 0.98011 -1.58001
1 -5.509253978729248 -5.40436601638794 -1.071284174919128 5.015914 1.847199 1.527005 0.08512225
1 -51.81026077270508 1.556069016456604 -1.24489438533783 2.706408 1.941537 1.268189 0.04007623
1 -4.012240409851074 -40.59350204467773 -0.1580994129180908 3.151934 1.859079 1.520175 -1.58001
1 -4.278018951416016 -24.85832977294922 0.0253240093588829 3.29205 1.842197 1.2643 -1.5714
1 -10.07242107391357 -41.19057464599609 -0.1674797087907791 3.256426 1.978852 1.56735 -1.58001
1 0.8823692798614502 -40.30718994140625 -0.008334659971296787 2.096433 0.298081 1.217636 -1.58001
1 -31.5308780670166 1.873571515083313 -1.328919053077698 3.591382 1.767902 1.206753 0.06653752
1 10.59999179840088 -23.59674072265625 -0.1669732332229614 0.804326 1.304239 0.726112 -1.618274
1 -14.70279788970947 -25.53311538696289 -0.01495390199124813 3.129256 1.276056 0.768049 -1.612634
1 -19.26194763183594 -25.51126861572266 0.04797665402293205 3.312309 1.552565 0.981699 -1.606297
1 40.18179321289063 11.35124015808106 -0.8416397571563721 4.335263 1.586193 1.275822 -3.141121
1 27.77692604064941 -23.80411148071289 0.04772087559103966 1.515427 0.298583 0.712014 -1.588738
1 -1.011862754821777 -24.95136642456055 -0.01141669601202011 2.856623 1.756668 0.937288 -1.588738
1 17.63416862487793 -24.4626407623291 -0.136630117893219 2.253042 1.582669 1.008714 -1.588738
1 14.03831958770752 2.607055902481079 -1.019664883613586 4.080087 1.815518 1.483827 -0.001900052
1 14.31892585754395 7.344217300415039 -1.043851256370544 4.102242 1.767249 1.608487 -3.132349
1 -15.95895290374756 -41.82074356079102 -0.1394930183887482 2.155278 0.286636 0.568216 -1.58001
1 13.65649795532227 -23.8105411529541 -0.07800708711147308 1.105293 0.773333 0.548118 -1.588738
1 6.649168014526367 -24.69659996032715 0.05930805951356888 3.380399 1.587914 1.201736 -1.618274
1 -11.31365966796875 -24.20358848571777 0.0119595555588603 2.599689 1.5323 0.68764 -1.607306
1 21.00174522399902 -23.82991790771484 -0.02719827741384506 0.969326 1.255086 0.811212 -1.588738
1 8.327150344848633 -39.9927864074707 -0.3290120959281921 1.104747 1.138396 0.565684 -1.58001