1 -36.09394073486328 2.843090295791626 -0.7255396842956543 1.738082 1.480872 0.564726 0.01350745
6 42.13800811767578 11.30898094177246 -1.189254403114319 1.389506 0.448858 0.459409 3.12959
2 13.57994365692139 -4.370203018188477 -0.448161393404007 12.727474 2.718278 2.695553 -0.03249172
1 3.436489820480347 11.02019882202148 -1.196093320846558 4.449714 1.803948 1.471276 -3.126391
1 7.094461917877197 7.148810386657715 -1.001152992248535 4.429061 1.849341 1.696143 -3.123372
1 -14.64476203918457 10.67829132080078 -1.282142519950867 4.044993 1.597662 1.378605 -3.134152
2 48.12194442749023 0.3123371601104736 -0.864325225353241 0.872297 1.734634 1.564165 -0.000418965
1 -41.75575637817383 -2.844144105911255 -1.15051257610321 2.706841 1.699186 1.611099 0.02640405
1 -54.95428085327148 2.36011552810669 -1.058269381523132 2.530467 1.888093 1.004409 -0.04508863
1 -15.93991661071777 1.204192519187927 -1.085350513458252 3.876501 2.004337 1.507021 -0.02759298
1 6.517049312591553 -8.97704029083252 -0.8691000938415527 4.576969 1.929857 1.45675 0.7046286
2 40.74358367919922 -4.159971237182617 -0.1265751123428345 11.361048 2.962967 3.231184 -0.04539995