1 45.08822250366211 1.785082936286926 -1.017084717750549 2.867773 0.596345 0.929169 0.01805132
2 29.19018745422363 5.202150344848633 -0.0745779499411583 4.975727 2.136911 2.593091 -0.03716187
1 -5.210070133209229 -19.19515419006348 0.3814981579780579 3.273054 2.328438 1.062704 -1.46276
1 -0.258696436882019 -19.39205551147461 0.4712700247764587 2.723728 1.648641 0.820076 -1.462764
1 -9.304473876953125 -18.73513603210449 0.1630005687475205 1.750574 2.10423 1.497453 -1.462759
2 35.67930603027344 -0.9472293853759766 0.6119064688682556 9.471071 2.677433 1.041954 0.009615013
1 57.50823593139648 1.642555236816406 -0.7501021027565002 2.845689 0.974596 1.237375 0.01805132
1 -3.274716377258301 3.98892879486084 -1.044443845748901 4.797664 1.835461 1.518435 0.117071
1 33.61710357666016 2.234407901763916 -0.8985078930854797 4.196647 1.744341 1.421728 0.03247365
1 18.47627830505371 2.331500768661499 -0.9972367286682129 3.346316 1.975475 1.524841 -0.01336405
1 -50.22503662109375 1.383606672286987 -0.4462145864963532 0.68694 1.716803 0.699138 -0.00159152
1 -36.70245361328125 4.072649002075195 -1.700242042541504 0.685561 1.662007 0.779676 -0.00159152
1 -13.28469848632813 3.87818169593811 -0.9360408782958984 4.555065 2.012979 1.84028 -0.01762921
1 -17.06368637084961 -19.03829383850098 0.446236789226532 2.178714 2.103741 1.316676 -1.462759
2 6.79075813293457 2.845889568328857 -0.6344958543777466 6.261288 2.498287 2.315963 0.006313113
1 10.62565135955811 -0.4159991145133972 -0.7624496221542358 4.115278 1.693802 2.008123 0.01805132
1 -39.0233154296875 0.7574468851089478 -1.508437395095825 0.491191 1.710215 0.586934 -0.00159152
1 -24.99619102478027 4.712728977203369 -1.196481585502625 3.898759 1.38814 1.525018 0.0004884108
2 -39.67739105224609 -10.05362892150879 -0.006891775876283646 9.162153 2.623874 3.310364 -1.188126
2 -57.71212387084961 -1.846278548240662 -0.6131206154823303 7.438123 2.662262 2.751872 0.0004505336