4 34.4266242980957 33.06253433227539 -1.244672775268555 1.866155 0.813937 1.241253 -1.733402
6 -21.29946136474609 -5.159011363983154 -0.6634137630462646 1.107128 0.588177 0.443145 -0.007491142
1 16.69197273254395 54.07421112060547 1.259320974349976 6.837487 2.606669 1.834895 -1.320142
1 7.390692710876465 0.2310440987348557 -0.8056169152259827 3.281798 1.977686 1.864683 -0.04296353
6 -6.534152030944824 -6.157245635986328 -0.4177258014678955 0.101363 0.246253 0.103351 0.04994747
1 48.76571273803711 -17.86795425415039 -0.6770714521408081 2.562163 1.56495 1.126844 1.634859
1 -7.126048088073731 -2.684109926223755 -1.110271811485291 4.632526 2.027659 1.461051 -0.01588018
1 6.205062389373779 3.457472324371338 -1.028073906898499 3.801806 1.719383 1.418095 -0.01152007
2 52.77143096923828 -22.57936096191406 0.6290692687034607 11.210857 2.851727 3.168107 1.657941
1 -6.109156131744385 -0.1094284653663635 -0.6305881142616272 6.051691 2.353185 2.190148 0.03794833
5 20.84533500671387 -9.68142318725586 -1.344477415084839 0.261301 0.269731 0.353025 0.0
4 -14.68613815307617 -6.370123386383057 -0.6627729535102844 0.551524 0.689165 0.83088 0.04270577
1 41.85546875 20.86148262023926 -1.0202397108078 3.105247 1.698267 1.31147 0.9572229
1 4.935728549957275 -2.425963640213013 -1.023560166358948 4.143282 1.828475 1.464531 -0.01007057
6 -14.10240840911865 -3.333926916122437 -0.725723385810852 2.079125 0.703938 0.49665 -0.009394892
6 24.65827560424805 -2.612943410873413 -0.4374144673347473 2.609468 0.777861 0.71655 0.0521112
4 27.61777114868164 21.94872283935547 -1.090125203132629 1.84643 0.615483 1.38894 -2.123641
5 12.72023582458496 18.33890151977539 -1.706960678100586 0.174976 0.244596 0.412751 0.1966177
6 20.89374732971191 0.6986299157142639 -0.0148596502840519 0.917427 1.322798 0.191494 0.03011286
2 46.67238998413086 -27.39731025695801 0.2223219573497772 6.025686 2.177258 3.077284 1.63549
1 42.90625381469727 40.0042724609375 -1.080218434333801 5.205165 1.890582 1.886653 -1.561108
5 14.1431360244751 18.32136344909668 -1.682180762290955 0.116086 0.18589 0.461238 -2.923131
1 46.09967041015625 -19.77742958068848 -0.6171211004257202 4.19471 1.786927 1.539139 1.655078
4 24.4431324005127 17.33487129211426 -1.166827917098999 1.813068 0.872249 1.225617 -2.672609
3 28.1232852935791 25.41552925109863 -1.164793610572815 0.830727 0.856811 1.451763 0.5821298
6 -15.72216892242432 -5.281598091125488 -0.7210050225257874 0.621994 0.705528 0.723475 0.01367598
6 2.935392618179321 -2.518587112426758 0.04667048156261444 0.992897 0.929878 0.205461 -0.008050621
6 -19.79160690307617 -3.659285545349121 -0.4788129031658173 1.309857 0.608991 0.322599 -0.02487732
2 -15.23762607574463 3.283106327056885 -0.4617382884025574 9.682592 2.984663 2.915679 0.02576459
2 23.94004631042481 3.948626756668091 -0.08615802228450775 12.54248 2.568213 3.097843 0.01183667
1 -1.059978723526001 -3.42698073387146 -0.8531515598297119 5.124444 2.557712 1.638339 0.003535146
2 14.99503993988037 -2.12970495223999 -0.7122761607170105 9.7698 1.770719 1.893171 0.008270576