1 13.27582931518555 17.47954368591309 -1.01214337348938 2.829682 1.743702 1.367826 1.48338
1 43.1126708984375 -3.259591579437256 -0.8795837759971619 1.011911 0.521744 0.706116 -0.004060098
3 -6.461250305175781 42.9572639465332 -1.845472574234009 0.288367 0.428615 0.901123 0.2059716
1 -8.255228996276855 33.53499221801758 -1.45790445804596 3.982395 2.029187 1.598638 1.591151
1 8.300154685974121 17.6385383605957 -1.090439796447754 4.158389 1.868545 1.69925 1.53599
1 -29.29069137573242 -5.58905553817749 -1.320162892341614 3.344322 1.264238 1.572042 0.01700841
2 -17.45588874816895 -5.884021759033203 -0.7268510460853577 5.265676 2.037113 2.128038 -0.03146321
1 -27.44305038452148 28.07870292663574 -1.850166082382202 4.200155 1.643597 1.659888 1.555914
1 -10.79022598266602 16.62616348266602 -1.012980937957764 2.311048 1.747375 1.303995 1.546282
3 -25.55059623718262 -12.22778034210205 -1.032994508743286 0.605893 0.698264 1.539469 0.02291771
1 3.795550107955933 17.50456809997559 -1.291725754737854 3.850907 1.688967 1.596461 1.660373
1 -1.465433955192566 -5.524613857269287 -0.9840908646583557 3.462439 1.743429 1.500748 -0.116727
1 -38.95831298828125 16.88876342773438 -1.637428164482117 2.505969 0.498 1.094362 1.637172
3 -21.03766250610352 -31.08715057373047 -0.4063393175601959 0.249031 0.671987 0.822188 -2.000892
6 39.1098747253418 -3.218344688415527 -0.6672872304916382 0.216519 0.394899 0.412676 -0.1152648
5 -15.93810176849365 -7.199422836303711 -1.610754489898682 0.385123 0.175346 0.249427 -0.07695333
1 9.123071670532227 0.2057806551456451 -0.9774124026298523 3.08885 2.145932 1.55738 0.006542356
1 -50.81282806396484 16.38705444335938 -1.649220705032349 0.921461 0.379713 0.942917 1.614404
1 -21.65534400939941 -0.5634222030639648 -0.7211503982543945 2.000579 2.028728 0.803278 -0.04077653
3 -4.801577568054199 34.08750534057617 -1.415706634521484 0.362922 0.588393 1.457917 1.618998
6 0.3352810442447662 -7.151528835296631 -1.548272609710693 0.378052 0.178193 0.224281 -0.07979389
1 25.11707496643066 32.65302276611328 -0.7365027070045471 1.201212 1.095604 0.513195 1.591397
1 34.51761245727539 -1.717312693595886 -1.002093195915222 1.201383 2.093401 1.606495 -0.08789898
3 32.92007064819336 -11.1168851852417 -0.3801682591438294 0.457379 0.634499 0.821474 -0.02684284
1 1.149990439414978 16.91797065734863 -1.077263832092285 3.117977 1.426284 1.436613 1.568605
1 -25.03243446350098 32.01338577270508 -1.670282363891602 0.954011 1.654577 0.805613 -1.585893
1 -46.7843132019043 15.8998327255249 -1.507960081100464 0.656728 0.853656 0.891922 1.548375
1 29.84894752502441 27.44225311279297 -1.219422459602356 1.556988 0.907951 0.742095 1.571401
1 -29.73236465454102 17.60540771484375 -1.595080852508545 4.400004 1.515161 1.150926 1.602899
1 -34.64809036254883 17.04339408874512 -1.281336903572083 2.272304 0.763336 0.98529 1.498156
3 40.67555236816406 7.547187328338623 -0.9473995566368103 0.72577 0.393951 0.884475 -2.067289
1 41.69348526000977 4.340603351593018 -1.27724552154541 0.890278 1.044478 0.844874 1.279312
6 -39.93843078613281 -3.513318061828613 -1.75890052318573 0.819667 1.55916 0.581771 0.006154709
1 37.87247085571289 5.407302379608154 -1.090815186500549 3.666313 1.802569 1.670428 3.114783
1 10.32847213745117 31.73969459533691 -1.893104314804077 1.710613 1.912355 0.792475 2.088885
5 -14.50397968292236 -7.194497585296631 -1.625892758369446 0.26132 0.265185 0.340245 1.665486
1 -8.911134719848633 -0.1245923414826393 -1.092699527740479 3.536721 2.039027 1.461935 -0.02266943
1 0.3488524556159973 27.59028434753418 -1.549301385879517 3.227214 1.536242 1.533033 1.557924
1 27.60010719299316 -2.941413879394531 -0.9634014964103699 3.942529 1.825688 1.445127 -0.01412043
1 -0.9746764302253723 17.04412651062012 -1.016722083091736 3.533082 1.817221 1.322622 1.576507
1 -3.691911458969116 32.46652221679688 -1.384750127792358 1.082604 1.423346 1.504663 1.659255
3 -9.365713119506836 -14.97054862976074 -1.264572620391846 0.576949 0.673 0.885008 -1.270588e-15
1 16.51835250854492 42.59142684936523 -1.907704472541809 3.058238 0.501269 0.89183 -0.117333
3 -8.8160400390625 -15.58691596984863 -1.186801433563232 0.555461 0.560908 0.940589 -1.55396e-15
6 47.6898307800293 -3.27845311164856 -0.7306393980979919 0.349872 0.248913 0.715701 0.02086247
1 -20.27746391296387 17.57373809814453 -1.439018487930298 4.023056 1.442896 1.105918 1.609076
1 -27.49367141723633 32.24942016601563 -1.766097068786621 1.254642 1.346444 0.820415 -1.623506
6 37.74821090698242 8.369791984558105 -1.369597792625427 2.473425 1.178033 0.861608 3.12533
1 -7.191604614257813 38.65940093994141 -1.669988393783569 0.441259 1.694581 1.305841 1.619332
1 5.915072441101074 27.88181114196777 -1.044394731521606 3.034636 1.654599 1.081321 1.595666
1 5.620771408081055 33.32427215576172 -1.394401550292969 2.262987 0.513519 1.182456 1.822386
1 -14.45996856689453 -3.519933462142944 -1.074839591979981 4.299349 1.958613 1.526488 -0.02119933
4 45.68896865844727 9.983242988586426 -0.856947660446167 1.049314 0.485947 0.987703 -1.533449
1 15.58215808868408 17.08290863037109 -0.9281702041625977 2.622487 1.71829 1.491484 1.574362
1 -23.53575897216797 -5.585021495819092 -0.3764393031597138 2.590696 0.592303 0.559352 -0.008225746
1 22.49003601074219 17.49591827392578 -0.9732217192649841 3.66064 1.58324 1.43592 1.544256
1 -22.86282920837402 17.09006881713867 -1.411515712738037 3.296354 1.606879 1.149157 -1.444936
1 10.81133556365967 17.22945785522461 -1.064190983772278 3.570048 1.635532 1.059637 -1.807757
1 -8.271556854248047 17.58562850952148 -1.214188933372498 3.983943 1.897305 1.744506 1.61023
1 -42.98154830932617 4.187678337097168 -1.699185609817505 0.561937 1.641989 0.68426 3.132823
4 23.48691177368164 8.418539047241211 -1.122777700424194 0.996413 0.651995 1.399856 -3.129714
1 19.57995986938477 29.32112503051758 -0.9529723525047302 0.961746 0.327353 0.512 1.652309
3 -5.015507221221924 -12.00767040252686 -0.8730133771896362 0.603165 0.742483 1.578237 1.138211
1 -10.66857528686523 33.09659194946289 -1.609236478805542 2.961019 1.587501 1.180795 1.588281
2 -6.665449619293213 -5.877827644348145 -0.5744065642356873 6.038321 2.373155 2.335314 0.01673623
2 27.92270088195801 0.4748652875423431 -0.4123374223709106 0.833508 1.78542 1.252314 0.01080009
1 -33.23663711547852 -5.504964351654053 -1.403558254241943 3.938283 1.361263 1.504747 -0.009696237