1 -21.53072738647461 -2.918337821960449 -0.8428781032562256 4.558425 1.988469 1.668393 0.0
1 -14.74685859680176 -0.2316176444292069 -0.9733721613883972 3.819476 1.787591 1.524124 0.0
3 -7.377750873565674 -10.81110572814941 -0.7033110857009888 0.443754 0.591155 1.765618 1.546443
1 -35.81017684936523 8.257816314697266 -1.047247290611267 0.208597 0.822988 0.686963 -3.141592
1 17.35513687133789 11.31607151031494 -1.509149312973023 4.618679 1.78545 1.063032 3.141592
1 -44.37882232666016 -1.75898003578186 -0.7547581195831299 2.035257 0.948649 0.866051 0.0
6 -10.18758773803711 -8.350181579589844 -0.4265173077583313 0.483411 0.331686 0.444713 3.141592
3 24.59820556640625 18.27862167358398 -1.238399624824524 0.287057 0.448665 1.332964 0.8597838
3 7.598411083221436 3.536458969116211 -0.6454847455024719 0.676788 0.816926 1.081535 -0.9654956
3 -12.38824081420898 -9.963913917541504 -0.401654988527298 0.233625 0.316918 0.507717 0.0
1 -14.03684616088867 8.685673713684082 -1.150826573371887 4.071134 1.828965 1.472242 -3.141592
3 -38.67176818847656 21.7491626739502 -1.348193287849426 0.952193 0.574094 0.876021 9.640897e-16
1 -36.03816223144531 13.86640739440918 -1.083518624305725 2.981302 1.305588 1.724708 3.141592
4 -7.085361480712891 -9.302112579345703 -0.9227129817008972 1.820687 0.719984 1.670568 -3.141592
1 -27.41767501831055 -0.1947982460260391 -0.7039639949798584 1.682403 2.187333 0.936659 0.0
3 -42.74429702758789 21.00979804992676 -1.402241468429565 0.555938 0.91434 1.607959 3.141592
4 -23.18069839477539 16.84800338745117 -0.93440842628479 1.255184 0.58918 0.863031 3.141592
2 -14.10347747802734 -5.931149482727051 -0.3934450447559357 12.370221 3.073823 2.638061 -0.01774758
3 23.5947322845459 21.06748390197754 -1.394527673721314 0.288501 0.3381 1.281194 3.141592
6 6.23563289642334 21.55700302124023 -1.417671203613281 2.47648 1.060679 1.171997 -3.141592
6 11.76003456115723 19.09662437438965 -1.561682939529419 0.310965 0.348905 1.166535 -1.749641e-15
3 39.40435409545898 -8.094148635864258 -0.9138103127479553 0.429926 0.667269 0.85094 0.0
4 -16.31059265136719 2.300110101699829 -0.8495683073997498 1.342387 0.736946 1.803489 -1.609179