4 -1.151995301246643 26.20488548278809 -1.743294477462769 1.338533 0.67459 1.441971 1.196457
5 -9.4949951171875 20.01385307312012 -1.847106099128723 0.19285 0.152176 0.442789 -2.26908
6 9.760462760925293 48.58817291259766 -2.571415662765503 1.631015 1.652292 0.812155 1.632268
4 52.22473526000977 -7.956735134124756 -0.9839068651199341 1.071395 0.501664 1.072735 0.005262493
1 -43.34463882446289 -15.66034889221191 -1.121331334114075 3.569249 1.774028 1.454725 1.058459
1 -44.48176574707031 -0.5235840678215027 -1.182456016540527 2.036779 1.7013 1.158999 -0.05177448
6 1.865731239318848 54.11708831787109 -2.456648111343384 2.609647 1.46716 0.698144 1.604761
5 -3.208184003829956 26.37524795532227 -2.204822063446045 0.189244 0.219008 0.447946 0.9597881
3 21.94854164123535 20.01611709594727 -0.9986097812652588 0.644468 0.752971 0.926625 -0.1224513
5 -7.492991924285889 21.3846378326416 -1.970699787139893 0.181982 0.164967 0.327902 -2.26908
1 -16.63294410705566 0.2301401346921921 -1.128907918930054 3.77712 1.902996 1.36119 0.01139537
1 19.62432670593262 15.93214321136475 -1.322415471076965 4.035688 1.641074 1.549345 2.907088
2 13.88951778411865 -5.18275785446167 -0.4513429999351502 13.828423 2.665936 2.531912 0.01331487
3 8.464191436767578 23.57316970825195 -1.566316246986389 1.728192 0.585399 1.509343 0.2176937
5 -4.790759563446045 23.71606636047363 -2.128199577331543 0.219645 0.183924 0.332125 -2.26908
1 -27.22539901733398 -3.211398124694824 -1.155580878257752 4.637192 1.881018 1.399351 -0.05519141
4 3.657964706420898 22.45768356323242 -1.523416042327881 1.699886 0.663859 1.617549 0.1558377
1 -54.79506301879883 8.327281951904297 -1.596795797348023 0.762353 1.482094 0.707022 -0.01250395
3 14.63355159759522 22.23724555969238 -1.443349361419678 0.675415 0.86278 1.721745 0.04158329
4 -10.87799739837647 -9.633977890014648 -0.9549968838691711 1.958705 0.824155 1.656886 3.13072
4 39.04910278320313 17.38896179199219 -1.009209632873535 1.091141 0.648228 0.894579 -3.108322
5 -5.94240665435791 22.47997665405273 -2.017245054244995 0.237935 0.202793 0.369115 -2.26908
3 50.98405456542969 -9.247632026672363 -0.9337337613105774 0.540397 0.514653 1.678675 0.1746816
4 -42.35366439819336 -19.36592483520508 -0.7464684844017029 2.285154 0.926918 1.320791 0.3958249