1 -2.336884498596191 2.698687076568604 -0.9925479292869568 3.963589 1.883125 1.43794 0.03348647
1 8.550225257873535 -0.1839692443609238 -0.9349249601364136 1.304707 1.634449 1.952906 -0.003322519
1 33.20935821533203 3.06931734085083 -1.499966621398926 4.259872 1.795161 1.445592 0.01883643
1 8.151533126831055 24.0144100189209 -1.439656376838684 4.674913 1.722905 1.247373 -3.095419
1 -9.683636665344238 27.04993438720703 -1.391073703765869 4.071825 1.713636 1.190039 -3.131575
1 -10.6537446975708 3.265360593795776 -0.8014212250709534 4.543109 2.041626 1.821115 -0.01674501
2 -18.49204444885254 30.66095161437988 -0.4113790392875671 8.73115 2.774293 3.061625 3.132439
1 52.12890625 3.052931070327759 -1.744889855384827 0.370264 0.818387 0.68095 0.01217113
1 -29.87061309814453 2.211960554122925 -0.792927622795105 3.270511 1.696605 1.698645 -0.01745322
2 -9.332903861999512 -1.368031620979309 -0.563096284866333 9.848285 2.922037 2.447933 0.007313862
1 -20.4191837310791 3.464664697647095 -0.8558927774429321 4.053187 1.670327 1.466398 0.01066293
1 20.07431983947754 2.528877258300781 -1.503685712814331 2.978965 0.327956 1.062281 -0.01127313
1 -4.957079410552979 -17.77142143249512 0.3559817969799042 0.587341 0.951815 1.016243 1.556273
6 -39.88575744628906 0.2778050601482391 -0.2939144372940064 0.589226 0.712311 0.156032 0.0210745
2 10.92002773284912 2.860275983810425 -0.6417273879051208 6.111572 2.442196 2.596247 -0.03464867
1 -20.2780818939209 22.44396591186523 -0.7703433632850647 4.012994 1.640196 0.975807 -3.113006
1 -23.17557334899902 0.4156314730644226 -0.9557089805603027 4.133902 1.416067 1.192619 -0.01133485
2 6.648265361785889 5.318396091461182 -0.6529039144515991 5.696165 2.262635 2.415675 0.06598578
2 42.49488067626953 -0.6116198897361755 0.001635534223169088 11.670899 2.553695 1.161723 -0.01518325