5 -14.05068969726563 -12.1427526473999 -1.471566319465637 0.102506 0.11282 0.38425 -2.857892
1 -35.38814544677734 10.03557586669922 -1.624978184700012 1.259962 1.687478 1.095394 3.13048
1 -18.7517032623291 0.1748537123203278 -1.095754861831665 3.731435 1.773518 1.50594 0.007315308
3 -16.92868423461914 -33.38956069946289 -0.2957951426506043 0.455511 0.514693 1.426718 -1.693042
3 -19.47397041320801 -34.52737808227539 -0.3209010660648346 0.584984 0.368998 1.497482 -2.269152
1 57.25639343261719 10.56204605102539 -1.427934288978577 2.632893 0.48887 1.148106 3.129402
1 51.74655532836914 -1.970012068748474 -0.9474619626998901 0.94396 1.28193 1.695481 0.009964746
1 33.17209625244141 -2.323180437088013 -1.038575410842896 3.714581 2.008336 1.700347 -0.008989371
2 -7.133112907409668 -3.245414257049561 -0.7751638293266296 5.332472 1.951504 2.038512 0.0047612
1 45.0668830871582 -5.390961647033691 -1.197234034538269 1.06252 1.635267 1.209733 -0.03085534
1 -38.2650146484375 -3.425209522247315 -1.318717241287231 1.796512 2.051674 1.095374 0.01358376
5 -12.3391056060791 -11.39105892181397 -1.445395112037659 0.093689 0.104103 0.441051 0.2178739
1 -45.28630065917969 10.03583240509033 -1.513703346252441 2.109981 1.138184 1.135977 -3.133671
3 -7.380858898162842 -11.12020397186279 -0.5859122276306152 0.594768 0.68006 1.914198 1.305822
1 -28.47934722900391 -33.19353866577148 -0.4867701530456543 3.790626 1.648524 0.92647 1.546079
1 -55.53780364990234 -3.216125726699829 -1.301450371742249 2.512521 0.813162 1.069507 0.02192438
4 33.27840423583984 15.04644966125488 -1.487522602081299 1.886471 0.847215 1.511651 -3.086588
6 43.03527069091797 17.67116928100586 -1.290173649787903 0.469683 0.39722 0.569658 -3.109684
1 -5.558463096618652 13.46737384796143 -1.285168647766113 4.718669 1.761665 1.719215 -3.126696
5 -15.66249847412109 -13.04724884033203 -1.483445405960083 0.108484 0.088603 0.556704 1.394982
3 -23.38302040100098 -31.5886344909668 -0.4566057920455933 0.681507 0.385176 0.922312 -0.1068961
1 13.66348266601563 12.54142951965332 -1.336021423339844 4.368752 1.659652 1.560183 -3.09999
1 37.51482391357422 0.4771487712860107 -1.101593136787415 1.22651 1.874079 1.700616 0.04414099