2 18.11745834350586 -3.066138505935669 -0.3701854050159454 12.649689 2.694781 2.812001 -0.03441403
1 -32.74141693115234 -2.44524359703064 -1.094216823577881 2.850789 1.934644 1.481609 -0.01904478
2 47.38769149780273 -3.295450448989868 -0.1871984004974365 3.268658 1.723709 2.960383 -0.04186132
1 -34.79288482666016 3.504208564758301 -1.269963383674622 3.826507 1.787973 1.191916 -0.01857464
4 -31.32979393005371 15.15204620361328 -1.438054919242859 2.031146 0.594023 1.16158 3.137785
1 -4.714357376098633 2.582038164138794 -1.034297466278076 4.499509 1.962458 1.552686 -0.03360189
6 53.12807464599609 11.20315361022949 -1.375402808189392 2.918554 1.625665 0.379367 0.003951686
1 -54.65104293823242 3.341624975204468 -1.152440309524536 1.917907 1.528084 1.290903 -0.04023694
1 -29.40232658386231 8.30190372467041 -0.8980513215065002 2.824683 1.184673 0.627609 0.01799469
6 34.81440353393555 10.76225566864014 -1.164611101150513 3.097179 1.225949 0.338608 -0.0252957
2 53.86361694335938 0.3777104616165161 -0.5829467177391052 0.325035 1.723393 1.41873 -0.01091989