4 -6.345182418823242 -7.654983043670654 -0.7925010323524475 2.08665 0.824162 1.568137 0.0194842
2 -14.69234848022461 -0.02619452774524689 -0.2141840010881424 5.375355 2.263172 1.396498 0.0
1 -5.869300842285156 -21.49361610412598 0.1146790832281113 3.318709 1.738238 1.245396 1.597145
6 17.23276519775391 -4.116430282592773 -0.09213308990001678 0.44109 2.289201 1.842479 -0.06756936
1 18.84416961669922 2.935401201248169 -0.8956169486045837 4.036926 1.753646 1.847476 8.480047e-17
2 46.00843811035156 20.8051815032959 -0.6154899001121521 6.143629 2.03137 1.589117 3.045733
1 -6.909798622131348 -0.1139644682407379 -1.062409400939941 4.212472 2.188166 1.534668 0.03200888
6 53.05799865722656 20.0276050567627 -1.056465268135071 0.232094 0.761351 0.550058 -1.221596e-15
2 23.1419734954834 -0.6553875207901001 0.3816266357898712 12.032201 2.639199 0.925996 -0.00800252
1 5.054105281829834 -0.1969846785068512 -0.8109217882156372 1.155996 1.677419 1.965755 0.02671891
1 -16.18585395812988 -20.61174201965332 0.1923850178718567 2.118664 0.828685 1.00031 1.616313
2 26.01400566101074 2.780346155166626 -0.3768527507781982 4.376742 2.311908 2.854327 0.003793571
2 20.46584892272949 -2.6008460521698 0.415233850479126 2.542974 0.576988 1.107328 -0.03117663
1 -23.67962265014648 5.109214782714844 -1.163102388381958 3.955554 1.582755 1.52765 -0.002525568
6 -19.32460403442383 1.514023780822754 -1.386145949363709 0.203376 0.236558 0.361135 0.0
2 0.4523153901100159 4.823241233825684 -0.6645321846008301 11.033706 2.950684 2.32311 0.0
1 -9.021122932434082 3.316246509552002 -0.8984259366989136 4.172638 1.929115 1.955644 -0.02342313
1 -3.239941120147705 -21.52875900268555 0.3708719313144684 3.142962 1.343324 1.279187 1.654792
6 23.99505233764648 4.870926856994629 -1.063849449157715 0.510506 0.304316 0.177078 -0.0006236042
1 -0.9642094969749451 -20.9724063873291 0.3078369200229645 1.082949 1.056195 0.613799 1.753472
2 10.65449237823486 -3.415471792221069 -0.5567906498908997 11.825048 2.872174 2.4997 -0.008774848
1 11.59893989562988 2.602150201797485 -0.9192529320716858 4.651715 2.127547 1.666064 4.193204e-17