1 -21.02121734619141 3.375823020935059 -0.8421379923820496 3.888927 1.366304 1.619499 0.05325856
1 -37.31931304931641 22.1977653503418 -0.8949457406997681 0.313194 1.239767 0.680862 -3.126057
1 -9.623085975646973 23.33053779602051 -1.293647408485413 4.039453 1.78803 1.244789 -3.084504
2 -20.93739318847656 30.37955284118652 -0.3796754479408264 8.939575 2.540643 2.942394 -3.135493
1 10.23439311981201 -0.1597799509763718 -0.9492518305778503 1.589462 1.647176 1.897843 -0.0526073
1 36.47961807250977 3.239176988601685 -1.623679041862488 4.301433 1.503425 1.495329 0.003030888
1 -24.61870002746582 0.08288532495498657 -0.8944070935249329 4.225641 1.67626 1.384872 -0.009939611
1 -20.35317611694336 26.97945976257324 -1.158722996711731 2.937384 2.009355 1.026014 -3.136108
1 -12.00421333312988 3.316304683685303 -0.769881546497345 4.655999 2.400434 1.8681 -0.007938327
2 6.768054008483887 5.466232299804688 -0.6546223163604736 5.839347 2.290137 2.427883 -0.01677385
2 45.9761848449707 -0.3403615653514862 -0.03452522680163384 10.530354 2.598108 1.381579 -0.03230685
1 -38.97038650512695 -0.2554497718811035 0.1342492699623108 1.880649 1.299535 0.944254 0.08398067
1 58.1156120300293 3.355977296829224 -1.978991627693176 0.436506 1.203525 0.782815 0.04133176
1 -2.048503875732422 2.834519386291504 -0.9713408350944519 3.928678 2.126623 1.324424 0.005140718
1 -29.38718223571777 1.980608344078064 -1.136146545410156 1.438183 1.929564 0.623664 0.008386851
2 11.46038627624512 2.810500621795654 -0.625372588634491 6.360727 2.448066 2.592047 -0.03060417
2 -10.0940752029419 -1.413717746734619 -0.5662047266960144 9.596008 2.940011 2.366591 0.001228271
1 21.8158130645752 2.634976863861084 -1.557993769645691 3.06139 0.202194 1.044663 0.02062234