1 55.30996322631836 -1.752988576889038 -0.9899334907531738 1.557368 0.990987 1.099628 -0.01461439
1 -44.46167755126953 17.44991111755371 -1.472586631774902 3.515507 1.628758 0.840581 -1.599586
1 48.85868072509766 4.122174739837647 -1.904833316802979 0.943496 1.414687 0.725398 3.0892
1 12.47529411315918 17.79185676574707 -1.411517858505249 4.616836 1.714265 1.496354 -1.434559
1 -6.375338554382324 17.5282039642334 -1.388460755348206 3.910401 1.678314 1.52454 1.576773
1 -3.885842323303223 28.16366004943848 -1.582253217697144 4.336698 1.241778 1.560342 -1.573059
1 27.46347999572754 4.34091854095459 -1.679277658462524 4.017351 1.752999 0.661397 3.11072
3 -15.52563762664795 -11.56146812438965 -0.4455420672893524 0.483629 0.741377 1.133077 0.03872762
1 41.49388122558594 0.01864990219473839 -0.5852088928222656 0.38709 1.400084 0.63816 -0.08193112
1 24.26208114624023 16.25218391418457 -1.29535698890686 1.548381 0.932479 0.98897 1.621741
1 -8.892870903015137 17.06267929077148 -1.195292472839356 3.165514 1.901052 1.685755 1.571976
1 14.95970344543457 17.11088752746582 -1.564815759658814 3.256672 1.079368 1.267793 -1.879689
1 0.5300765037536621 17.56729507446289 -1.289513349533081 3.310646 1.665446 1.670956 1.576195
1 -31.03958511352539 -3.148739099502564 -1.441056132316589 3.818935 1.826606 1.108739 -0.03145359
1 -13.70706939697266 -0.04151617735624313 -1.147810697555542 3.704257 2.044825 1.390419 -0.0001498088
1 27.12888145446777 16.15624809265137 -0.8326480984687805 1.058887 1.405945 0.55544 1.42066
2 17.51485061645508 -5.928393363952637 -0.6781718134880066 4.875846 2.065983 2.206374 -0.01718465
4 -8.611014366149902 5.67677116394043 -1.181650876998901 2.337892 0.76254 1.564329 3.120331
1 -18.47369766235352 16.60919952392578 -1.171823501586914 2.132854 1.63592 1.001296 -1.496614
1 5.620413780212402 17.25133895874023 -1.370793342590332 3.508124 1.796342 1.471721 1.588089
1 -33.09768295288086 16.94133949279785 -1.318515300750732 1.789755 1.346621 1.049499 1.661265
4 -29.22774124145508 8.53283405303955 -1.390563249588013 1.737544 0.5516 0.993211 0.003267763
1 -1.761750817298889 32.66461944580078 -0.8963574767112732 1.250099 1.441861 0.559005 -1.555216
3 1.293893575668335 15.34710311889648 -0.9480372071266174 0.392067 0.570606 1.107414 0.8990897
4 -31.60874366760254 8.522138595581055 -1.453437805175781 1.780461 0.427458 0.916534 0.02693946
1 -11.44358158111572 29.20679664611816 -1.124416351318359 1.916748 1.618499 0.507665 -1.536505
1 -25.42043685913086 32.31311416625977 -1.20426070690155 1.684332 1.231399 0.679464 -1.550201
1 -23.22578048706055 17.7973690032959 -1.199359059333801 4.17441 2.105199 1.346228 -1.541409
4 -36.70882415771484 7.93309211730957 -1.410982966423035 0.850287 0.541913 0.969918 2.198413
1 -3.980803966522217 17.65356063842773 -1.325246214866638 4.474482 1.768661 1.443571 1.540206
4 -38.97865676879883 -5.815829277038574 -1.279141664505005 1.846947 2.447415 0.928362 -1.570419
1 11.8071813583374 -6.024764537811279 -0.8352890610694885 3.969058 1.779323 1.878417 0.0367668
3 4.845951080322266 -11.40382385253906 -0.5886371731758118 0.621021 0.738174 1.359302 -0.7232681
1 34.05224990844727 17.09240531921387 -1.076374292373657 3.306201 0.958899 0.715268 1.576228
1 20.35208511352539 -3.531606912612915 -1.070391058921814 4.101519 1.760989 1.559595 -0.04025417
3 17.54313087463379 -22.5230827331543 -0.4189399182796478 0.352618 0.525851 0.97428 -1.386139
6 9.661890983581543 9.559874534606934 -1.708886623382568 0.312071 0.306456 0.202592 0.03348152
1 7.874573230743408 27.90165901184082 -1.376453399658203 1.735544 1.424671 1.102529 -1.625199
1 -11.03337001800537 33.01993560791016 -0.9672045111656189 1.625452 1.103306 0.593288 -1.563165
1 -37.66160583496094 26.91416931152344 -1.428794741630554 1.875208 1.516042 0.833359 -1.446688
1 1.807868480682373 -5.69531774520874 -1.016591787338257 4.507617 2.203965 1.481453 0.007384155
1 3.029641389846802 16.4511775970459 -1.276388645172119 2.242934 1.829121 1.616885 1.606924
1 50.84150314331055 16.69601058959961 -1.071017861366272 2.324272 0.930564 0.780178 -1.629823
1 -30.53750801086426 18.15370750427246 -1.463475704193115 3.533383 1.465786 1.219757 1.572457
1 -38.34011077880859 0.09119933843612671 -0.9680242538452148 2.470183 1.740702 0.983374 -0.05857191
1 -15.85000896453857 17.70960235595703 -1.320932388305664 4.373782 1.794298 1.729303 1.562943
1 -52.09515762329102 28.70344543457031 -1.02992570400238 3.765801 0.446649 0.851642 -1.512744
1 43.49691390991211 16.1987361907959 -0.9098134636878967 0.816197 0.895476 0.667086 1.70791
4 -44.58333206176758 8.715417861938477 -1.39851725101471 1.14151 0.76238 0.896279 -1.300805
1 15.02345085144043 0.1874672025442123 -1.029747009277344 1.670182 1.849911 1.620974 -0.005910203
1 -1.526227355003357 27.94137954711914 -1.624644637107849 4.128668 1.945142 1.386894 -1.596386
6 38.0881233215332 -5.078983783721924 -1.190270781517029 0.192066 0.502696 0.875003 0.1282907
1 -6.358734607696533 -3.3053879737854 -1.06389057636261 4.550939 1.880896 1.544975 -0.006249814
1 -8.647695541381836 29.33487319946289 -1.429039478302002 1.280869 1.5739 1.161794 -1.585759
4 -34.11887359619141 8.207534790039062 -1.406635165214539 0.97455 0.631535 0.695841 0.5100538
3 -16.40798950195313 12.93704986572266 -0.9094741344451904 0.360059 0.704649 1.014666 -0.3398432
4 -6.039043426513672 14.07085132598877 -1.397288799285889 1.809591 0.697888 1.419286 3.109343
1 6.422002792358398 -5.896572113037109 -1.033828616142273 3.963658 1.762599 1.497781 -0.02161714
3 -6.18804407119751 -11.68423843383789 -0.4308766424655914 0.437088 0.705273 1.018736 -2.993301
2 28.20024490356445 -6.000833511352539 -0.6546750068664551 4.563917 2.028434 2.355136 -0.0104481
1 -11.36653137207031 17.23214530944824 -1.255906581878662 3.087238 1.779289 1.788429 1.543311
4 -26.3339729309082 8.598432540893555 -1.526840448379517 1.698262 0.50214 0.898094 0.05884407
4 -23.6378345489502 8.584027290344238 -1.491257190704346 1.627775 0.674556 0.980028 0.1059787