1 24.39741897583008 3.075559616088867 -1.021700978279114 1.629612 1.385759 1.206117 0.03509229
6 -48.30931091308594 22.89365005493164 1.832803845405579 0.846051 1.081273 0.342347 0.0
1 -25.73692321777344 0.2759961485862732 -1.198251008987427 4.157341 1.387617 1.263343 0.0
2 33.29400253295898 -0.5426234602928162 0.4358188807964325 11.81282 2.796443 1.705382 0.03315345
1 -22.34937286376953 3.484588146209717 -1.139444231987 4.092045 1.654593 1.557849 0.001842344
1 16.94816017150879 2.49536395072937 -1.292531132698059 2.169306 0.213558 0.93383 0.01718445
2 -17.66193962097168 30.55803108215332 -0.4936290085315704 8.845917 2.726677 2.996739 -3.136751
2 -9.316645622253418 -1.385278701782227 -0.5625357627868652 8.738512 3.066693 2.452086 0.0
1 8.609643936157227 27.28167152404785 -1.542427659034729 3.572192 1.704116 1.466367 -3.1025
2 4.956357955932617 5.105273246765137 -0.6411246061325073 5.620852 2.261391 2.314959 0.1739393
1 40.22597503662109 25.01324462890625 -1.475912690162659 3.589531 0.846024 0.842689 -3.113015
1 -32.99145126342773 2.050963878631592 -1.035266518592835 3.371955 1.819238 1.6589 0.0
2 9.897605895996094 2.958983421325684 -0.601020336151123 6.064101 2.447953 2.444927 -0.02887324
1 -11.85447597503662 3.287377595901489 -0.8834022879600525 4.507622 2.088146 1.812326 -0.01366222
1 -3.763415336608887 2.562364101409912 -1.040441632270813 4.822093 1.861973 1.523214 0.03169977
1 4.477989196777344 -0.1665022224187851 -0.7987084984779358 1.004607 1.656212 1.958047 0.01184756
1 -3.977035522460938 -18.41557693481445 -0.02285695448517799 1.900535 1.302552 0.930367 -1.740513
1 0.8365330696105957 -18.64580726623535 0.3909943401813507 3.428952 2.116278 0.922687 -1.686153