6 -43.97736740112305 4.61176872253418 -1.978012084960938 0.209772 0.700361 0.046398 -0.01638219
6 -3.685137510299683 26.9041805267334 -2.248739957809448 0.338157 0.082888 0.047 -3.083328
1 5.293581962585449 -0.2602104246616364 -0.7957519292831421 3.64389 1.951775 1.908042 0.01120508
1 24.10819053649902 3.448307752609253 -1.162680506706238 3.946063 1.171483 1.562066 0.2926799
6 -24.91786193847656 28.09832954406738 -1.089083075523377 0.708632 0.405631 0.674713 -3.101295
1 -12.55264186859131 3.391892433166504 -0.8824475407600403 4.409842 2.19578 1.793724 -0.03563048
1 -26.98273277282715 0.1914628595113754 -1.198552966117859 4.124529 1.186374 1.447372 0.0006955432
2 31.45508003234863 -0.4725615680217743 0.4488873481750488 11.823668 2.825614 1.554621 0.03532652
6 -48.42847061157227 22.82403373718262 1.845317006111145 0.752279 0.988378 0.316832 2.373928
1 -22.61302947998047 3.324970722198486 -1.225971102714539 3.787123 1.43467 1.217837 -0.05163319
6 -25.80598449707031 26.39837455749512 -1.171972036361694 0.444605 0.424598 0.067714 -3.11946
1 -34.52169036865234 1.989027976989746 -1.092448949813843 3.16535 1.82716 1.735179 0.001750967
2 -17.58678245544434 30.56558609008789 -0.4754067361354828 8.920291 2.72675 3.205581 -3.136354
1 -4.222178459167481 2.544289588928223 -1.028226613998413 4.424301 1.876202 1.49214 -0.001439608
1 16.71700859069824 2.547796726226807 -1.367816805839539 1.991239 0.25328 0.978199 0.02108539
1 -4.00943660736084 -18.4001350402832 0.2044049650430679 1.952408 1.204412 1.295087 -1.825866
2 9.901275634765625 2.961310863494873 -0.5762119293212891 6.418885 2.49933 2.394043 -0.02545663
2 4.472190856933594 5.106369972229004 -0.6373136639595032 5.713134 2.292786 2.279987 0.1864132
2 -9.508092880249023 -1.377741575241089 -0.6304765343666077 8.753634 2.942966 2.603042 0.002045048