2 -21.79729270935059 -4.843595027923584 -0.5165497064590454 11.669518 2.964292 3.067866 -0.02179441
2 30.8122501373291 -3.443787813186646 -0.07914759963750839 1.89833 2.008732 2.889658 0.01357894
2 8.972250938415527 -0.1351746767759323 -0.7351107597351074 1.301107 1.641655 1.954572 0.00204082
6 54.11219024658203 11.49826240539551 -0.8221598863601685 0.285413 1.060822 0.116181 0.2678242
2 27.88639640808106 2.689740657806397 -0.1934025883674622 11.231367 2.702961 3.049943 -0.01316881
1 15.55238342285156 9.781185150146484 -0.9726763367652893 4.869813 1.817662 1.768351 -3.129597
2 -0.100700743496418 13.48066997528076 -0.7298771739006042 11.999149 2.945132 2.900832 -3.02012
1 -26.16295623779297 2.546526670455933 -1.422629117965698 3.808197 1.924031 1.381937 -0.002782363
1 -11.79913997650147 9.92025375366211 -1.374062180519104 3.953616 1.797305 1.462076 -3.097148
2 -38.31404876708984 -4.387172698974609 -0.578571081161499 11.484629 1.495911 3.256414 -0.0005105965
1 4.338870525360107 9.810070037841797 -1.217980146408081 4.607005 1.8522 1.481256 -3.042911
1 -13.18936538696289 6.7940673828125 -1.215864062309265 3.73289 1.768468 1.539126 -3.136013
1 -29.58111190795898 10.17526721954346 -1.406300067901611 1.527427 1.432311 0.605407 -3.135603
6 48.87276077270508 0.2913717031478882 0.5319787263870239 0.752659 2.226414 0.339673 -0.009106904
2 15.1735782623291 14.7829704284668 -0.4666443467140198 12.31247 3.254069 3.104037 -3.135985
1 -44.09755706787109 1.901854515075684 -1.492296695709229 2.566295 1.947822 1.09471 0.01849111
4 -54.01042938232422 15.13711833953857 -2.11225175857544 0.948537 0.495783 1.137226 3.107954
2 -2.524165630340576 -4.188515663146973 -0.6427031755447388 12.448339 2.968322 2.354118 0.05068198
2 42.54809188842773 13.53426837921143 -0.03221404179930687 11.808544 2.971716 3.148533 3.074536
2 -9.19920539855957 15.38710021972656 -1.283512592315674 4.437966 2.315821 2.016871 3.106571
2 39.13883209228516 19.69064903259277 -0.8428035378456116 5.983796 1.872612 2.056753 3.064962
6 -31.47223854064941 7.145658493041992 -1.02326226234436 1.337137 0.335487 0.458552 -3.119191