6 -42.62890243530273 9.476174354553223 -1.314230799674988 0.185003 1.202433 0.27339 -3.126141
1 -12.5215311050415 0.4130154848098755 -1.121259093284607 3.718337 1.964561 1.423279 0.02924672
2 29.54308319091797 -2.953567028045654 0.3553778827190399 4.695034 2.00569 1.370363 0.01812946
3 -21.29562759399414 -7.096090793609619 -1.049577832221985 0.22125 0.353145 1.350395 0.01777469
2 2.522351026535034 -3.799896240234375 -0.6015194654464722 12.337066 2.942172 2.332768 0.05230973
2 -13.36728382110596 12.67747116088867 -0.5936400294303894 11.949556 3.001863 3.035188 -3.012565
6 33.35445404052734 10.63553142547607 -0.4937615990638733 1.029756 1.604515 0.490567 -3.074504
1 -22.38761329650879 8.411518096923828 -1.367790699005127 2.472083 1.667867 1.419591 -3.140011
2 7.954616069793701 14.78890514373779 -0.62095046043396 12.37061 3.109124 2.965357 -3.122644
2 25.93362808227539 14.58045101165772 -0.3969883024692535 11.904546 2.834465 3.356127 3.07362
1 45.40860748291016 -2.780405044555664 -0.1035427898168564 9.513491 1.976262 0.607896 -0.001201097
1 -7.227269172668457 8.671549797058105 -1.09521746635437 4.632432 1.751415 1.751518 -3.001997
2 20.73996543884277 2.923911333084106 -0.3248239159584045 11.237285 2.997913 2.800085 0.0427174
6 4.664995670318604 -5.525596141815186 -0.5468569993972778 0.103861 0.247424 1.229172 0.02142014
3 -34.46039581298828 14.27458477020264 -1.097713232040405 0.28009 0.546525 0.643042 -3.087264
2 -40.43035888671875 -4.489462375640869 -0.3822911679744721 11.267424 0.941449 3.053438 0.001000936
1 50.06535339355469 1.231978416442871 0.0843314677476883 0.808828 2.275343 1.250923 0.01057957
2 -26.21145439147949 -5.248368263244629 -0.3683965802192688 11.54371 3.011942 2.942002 0.004665449
4 -20.11285972595215 -8.576622009277344 -1.075278520584106 1.473856 0.666642 1.009826 -1.494053
3 -21.97397994995117 -6.931790351867676 -1.009119033813477 0.370334 0.428595 1.249338 -1.541556
3 -19.94265937805176 -9.719003677368164 -0.7110863327980042 0.576414 0.567118 1.619311 -3.089781
6 -45.94421005249023 6.496284484863281 -0.8501652479171753 1.035075 1.224942 0.409286 -3.115937
1 22.92863464355469 7.469950675964356 -1.107137084007263 3.466713 1.477318 1.391732 3.095099
1 6.01755428314209 0.07514553517103195 -0.7825474143028259 3.755396 1.881198 1.917797 0.09031078
2 54.06222152709961 4.036070346832275 0.2906633019447327 8.883226 1.862262 1.888225 0.05201108
1 -28.6337776184082 1.392486572265625 -0.7145201563835144 3.888288 2.094754 0.880962 0.03072917
6 12.41754913330078 -3.857955455780029 -0.8102496862411499 0.153157 0.670596 0.195182 -0.01120545