1 8.084288597106934 -48.23427581787109 0.1760077327489853 4.538366 1.766279 0.667303 1.484261
1 -16.52547073364258 2.919289588928223 -1.082598209381104 4.541862 2.078708 1.767429 -0.008739511
1 44.2176628112793 2.993162155151367 -0.9266416430473328 1.05196 1.209831 1.184026 -0.02287181
4 2.087590217590332 -8.087706565856934 -0.7786207795143127 1.941767 0.835439 1.56065 3.141425
1 31.33632850646973 2.465441942214966 -1.145947694778442 3.111258 0.271463 1.072813 -0.01505454
2 57.55661010742188 0.1257097572088242 0.783174455165863 4.232701 2.464516 1.527131 0.04027289
1 11.5196590423584 -0.1885915398597717 -0.7298161387443542 4.103627 1.728466 1.942623 0.01755832
1 13.61887836456299 -19.50003814697266 0.3982112109661102 2.442372 1.456341 1.395851 -1.608052
1 -45.1921272277832 1.901007652282715 -1.807401657104492 0.585198 1.729652 0.646609 0.02869735
1 7.573948860168457 2.276185035705566 -0.962435781955719 5.353609 2.040071 1.57212 0.008642335
2 19.42379570007324 2.742427587509155 -0.3946256339550018 6.061635 2.254383 2.66527 -0.004020824
1 16.49354362487793 5.644994735717773 0.08608615398406982 0.180427 0.921485 0.930963 0.04337179
6 -37.66617965698242 -2.131659269332886 -1.664910674095154 0.230334 0.641167 0.302089 0.137083
2 -18.06208992004395 -2.219526767730713 -0.4022800624370575 12.217007 3.005808 2.791054 0.01829504
1 9.999283790588379 -48.24940872192383 0.2928622961044312 3.344618 0.31229 0.929923 -1.682579
1 -32.81838607788086 -17.32038688659668 0.903667151927948 2.847539 2.309549 1.041077 -1.529476
1 -38.80461120605469 -0.4031775593757629 -1.566048860549927 2.341321 1.891369 1.406799 0.04155595
2 12.78519248962402 5.07171106338501 -0.3180607557296753 5.491129 2.440314 2.117503 0.08720883
1 -33.03680419921875 3.308203458786011 -1.621640801429749 3.842546 1.334387 1.140247 -0.03527345
1 5.461752891540527 -47.98112487792969 0.03160220384597778 3.249555 1.660655 0.939257 1.59694
1 -46.62765121459961 -1.103532791137695 -0.9839332103729248 2.437872 1.954882 1.705652 0.03609473