2 -6.155729293823242 0.0004192963242530823 -0.6342973709106445 6.010913 2.339988 2.194594 -0.02162879
1 -5.975189685821533 2.301283597946167 -0.8856935501098633 4.170326 1.867712 1.881501 0.1045622
1 48.77253341674805 -17.88021469116211 -0.685013473033905 2.354949 1.711919 1.180338 1.56966
1 -7.018732070922852 -2.670448303222656 -1.095982193946838 4.415587 1.995781 1.440202 0.01277352
1 7.339581489562988 0.2030005156993866 -0.7764292359352112 3.189995 2.022011 1.812877 -0.02609085
1 -1.15111231803894 -3.144562005996704 -0.8502700328826904 5.061896 1.908429 1.631572 0.01319347
2 52.77236557006836 -22.55760383605957 0.6199186444282532 11.25273 2.845448 3.087054 1.659846
2 -56.34152221679688 16.97858428955078 -0.590855598449707 6.252045 1.778749 1.493554 3.033777
1 -17.1431884765625 -5.72392463684082 -0.6932644844055176 3.944553 2.094808 0.912915 0.02873767
1 13.17751502990723 2.960189342498779 -0.9367032647132874 5.243695 1.106833 1.349758 0.004337337
1 49.00048065185547 -31.43326950073242 -0.954436182975769 3.420359 0.747739 0.877323 1.580705
1 -23.06462669372559 16.6773624420166 -1.63896906375885 3.536109 1.874522 1.398005 3.010265
6 23.901123046875 -2.822810649871826 -0.1670188009738922 1.071661 0.466721 0.194917 -0.05310411
1 46.0575065612793 -19.76967811584473 -0.6081346869468689 4.162861 1.754202 1.556144 1.659109
2 19.32264518737793 3.496044397354126 -0.3861000835895538 4.7478 1.995764 2.648476 0.0236774
2 3.193469047546387 3.164801120758057 -0.5936070084571838 11.116235 2.833689 2.271174 0.009128484
1 4.927840709686279 -2.433507204055786 -1.011617064476013 4.124888 1.774529 1.449834 -0.009016612
6 20.36697196960449 0.6343385577201843 -0.02007335796952248 1.887822 1.372797 0.225768 -0.02055562
1 12.36839103698731 -2.248836755752564 -0.7544043660163879 4.498575 1.701075 1.985868 -0.01990468
1 18.16323661804199 -1.69419264793396 -0.9325987696647644 3.839056 0.562367 1.431645 -0.01356824
1 -14.91761493682861 -3.173545122146606 -0.7899531126022339 1.634224 1.215496 0.521031 0.006617449
2 -21.73007202148438 3.134472370147705 -0.1721598207950592 12.094847 2.856776 2.32534 0.001197456
6 32.35571670532227 3.848686695098877 0.4214234948158264 0.35071 0.386697 0.743937 -3.08621