2 -18.89524841308594 -3.184722423553467 -0.5744869709014893 13.950269 3.041369 2.603052 0.003987181
2 23.14066696166992 -0.7307137846946716 0.3582778573036194 12.010318 2.564665 0.966718 -0.01962308
6 23.87828636169434 5.467833042144775 -1.144884467124939 1.148001 0.299211 0.431008 0.6133308
1 5.076489925384522 -0.2050161063671112 -0.7947285175323486 1.250691 1.661088 1.931431 -0.009350629
1 -6.909646511077881 -0.1114715784788132 -1.030484914779663 4.196337 2.17622 1.491792 0.05936132
2 45.79626846313477 20.57087898254395 -0.6540765166282654 5.903122 1.440595 1.627769 3.023978
1 -16.18038177490234 -20.61432456970215 0.1876846998929977 2.145503 0.796405 1.01922 1.634199
6 -19.32242965698242 1.546979308128357 -1.359829902648926 0.267094 0.373019 0.380034 -0.01468586
1 -25.06104469299316 4.135060787200928 -0.9702060222625732 4.123243 1.841982 1.792051 0.001257723
1 -14.70293140411377 -0.0202053040266037 -0.2135892808437347 5.367793 2.218189 1.403831 0.008026936
2 53.02577972412109 20.25616645812988 -1.081843495368958 0.220353 1.223266 0.518335 3.094294
1 -3.398170471191406 -21.38086891174316 0.3988403677940369 2.966153 1.384977 1.209564 1.573494
1 -46.14487838745117 5.021542072296143 -1.399670481681824 1.40117 1.244091 0.811243 -0.03672654
1 10.30857372283936 2.611923456192017 -0.9414466619491577 4.755432 1.924978 1.685317 0.001618732
2 -4.590253829956055 4.969995498657227 -0.5983614921569824 11.043099 3.187069 2.400329 0.008367362
2 9.154833793640137 -3.405824422836304 -0.507896900177002 12.126484 2.91969 2.498427 -0.01961572
6 17.17967414855957 -3.971436262130737 -0.179273933172226 0.328974 1.998057 2.010849 -0.0521154
1 18.78357887268066 2.971718072891235 -0.8887721300125122 4.029991 1.658041 1.829751 -0.02245331
2 25.94537353515625 2.795022964477539 -0.4252949953079224 5.864028 2.299969 2.893637 -0.01999363
1 -5.797884941101074 -21.80492210388184 0.1259238421916962 3.857908 1.52216 1.238829 1.585078