6 7.374126434326172 -19.2901496887207 -1.088422536849976 0.391043 0.740648 0.916172 -1.079798
1 -25.73558807373047 25.38030433654785 -1.512317538261414 3.554437 1.566094 1.545854 -0.9755233
6 6.327774524688721 -17.21897697448731 -1.049065232276917 1.787638 0.653539 1.238275 -2.607264
3 40.54826736450195 0.9502882361412048 -0.1509447693824768 0.611334 0.50883 0.763543 -2.120912
1 35.59536361694336 -20.28215980529785 -0.05362461507320404 2.233808 1.523446 1.022926 0.6182348
1 26.93230056762695 33.45476150512695 -1.347371339797974 1.77326 1.789103 1.012473 0.6213411
1 11.5339527130127 28.22303009033203 -0.6099773645401001 2.482977 1.620359 0.710537 0.6583577
1 9.476276397705078 14.47474575042725 -1.000736832618713 4.107357 1.92098 1.709685 0.6256244
3 -47.98731994628906 27.41535568237305 -0.4732389450073242 0.525182 0.909716 1.794209 -0.862463
1 28.80620002746582 -44.39871597290039 -0.8779203295707703 0.947332 1.260625 0.846638 -0.9325724
2 -22.85228157043457 18.01303672790527 -0.9643986225128174 5.287876 2.361742 2.3094 -0.925656
1 24.86805534362793 11.18178558349609 -0.9025570154190063 3.489842 2.039445 1.645959 -2.504287
4 11.9801721572876 -19.94987678527832 -0.8510151505470276 1.88844 0.790013 1.583952 1.655308
1 -19.55033493041992 13.90063095092773 -1.392942309379578 3.322749 1.866368 1.478676 -1.022426
1 17.55618476867676 23.17299842834473 -1.18497371673584 1.658192 1.142578 1.448192 0.6947525
1 12.77013969421387 8.418488502502441 -0.9507871866226196 2.271012 1.916273 1.671424 0.6322525
1 19.98163032531738 -27.05229377746582 -0.7485402226448059 0.774342 1.837885 1.54597 -0.9314219
3 28.00579261779785 -17.2070198059082 -0.3986316323280335 0.26434 0.529025 0.888965 2.23545
1 0.4031067490577698 -7.596408367156982 -1.004895091056824 4.307224 1.953991 1.48284 -0.9428332
1 19.33905220031738 1.391770839691162 -1.087967991828919 4.665793 1.350368 1.284555 0.7107177
1 36.23745727539063 -22.4691276550293 0.04055941477417946 1.519894 1.187172 0.809096 0.6594782
1 20.28205871582031 -1.540228009223938 -0.9191758036613464 2.104944 1.718626 1.307462 0.5827511
4 -21.48775291442871 6.855329990386963 -0.8232967853546143 0.804847 0.405807 0.956086 -1.583308
4 15.24333667755127 -8.37229061126709 -1.270529270172119 2.682454 1.265898 1.139539 -0.8678913
3 23.02464294433594 17.51263236999512 -0.7324354648590088 0.398808 0.55352 1.294699 0.4902563
3 41.13444137573242 0.5493455529212952 -0.1225048005580902 0.278235 0.595239 1.57829 -2.373275
1 0.2581675350666046 25.1544303894043 -1.045940160751343 2.964264 1.17166 1.338377 0.6682144
1 -6.022511959075928 5.523082256317139 -1.155271530151367 4.04748 2.092622 1.441655 -0.9085252
3 -42.55576324462891 29.89742088317871 -0.2778119444847107 0.365765 0.436468 0.809781 -0.9518454
1 5.949934959411621 18.07983016967773 -0.9869747757911682 3.449649 1.777497 1.079991 0.7115723
1 6.136249542236328 42.88784027099609 -1.192109704017639 1.614038 2.821632 1.429497 0.6614915
1 16.70320892333984 5.090274333953857 -0.8751375079154968 4.275196 1.923764 1.337233 -2.525635
1 2.011972904205322 23.49288368225098 -1.092894196510315 3.344333 1.500883 1.264248 0.6652358
1 -5.152957439422607 33.23641586303711 -1.128381252288818 3.757875 1.144642 1.064797 0.6605858
4 -14.00794696807861 29.51997184753418 -1.44641649723053 1.084105 0.642008 1.36019 2.230983
1 14.46396636962891 -16.20015144348145 -0.9003607034683228 3.642011 1.912603 1.488236 2.234967
1 34.39881134033203 -24.45323371887207 -0.06967253237962723 2.31241 1.018073 1.013243 2.179298
1 30.41844940185547 -14.84265613555908 -0.02238180115818977 0.969259 0.625262 0.502461 -0.7252393
1 4.515332221984863 19.93219757080078 -0.9485833048820496 3.008472 1.870131 1.410848 0.6094602
1 31.36093521118164 12.07205677032471 -0.1229057013988495 1.288805 0.727749 1.126598 1.19751
1 22.87655639648438 12.46125602722168 -0.8779239058494568 1.658066 1.737653 0.92614 0.6441094
4 13.86929988861084 -6.307659149169922 -1.268679141998291 1.165308 0.427885 1.014314 2.483638
1 30.81256866455078 40.79984283447266 -0.5707376003265381 0.791961 0.834789 1.134319 0.5932814
4 16.62254905700684 -11.07889747619629 -1.090481877326965 0.784763 1.806231 1.439365 3.054586
3 -33.0024528503418 18.91268539428711 -1.536397457122803 0.75853 0.465313 1.476288 -0.9805762
3 39.12348175048828 6.720273971557617 -0.5267856121063232 0.424445 0.543117 1.529554 0.617992
3 19.21950912475586 -9.775552749633789 -0.3980379700660706 0.390978 0.490734 0.754981 -3.086703
2 -29.35137939453125 26.55935287475586 -1.268773078918457 5.163168 1.691678 1.98382 -0.9395059
4 -20.76778984069824 33.55015563964844 -1.533992528915405 1.330777 0.604447 1.464485 2.216581
3 -34.15262222290039 23.34508323669434 -1.137457013130188 0.25404 0.730415 0.511307 -0.9537598
1 29.73913764953613 28.84365653991699 -1.122511744499207 3.433018 0.564295 1.365367 2.126043
1 -16.61407852172852 19.72275352478027 -1.302608132362366 2.896901 1.234416 1.388311 -0.9417409
1 27.24971580505371 9.971366882324219 -0.9859288930892944 2.919861 1.502522 1.50854 0.5979439
1 6.58717155456543 -13.16129207611084 -0.8463577032089233 4.129523 1.8933 1.699652 -0.9384615
1 -18.18720436096191 49.97561645507813 -1.457232594490051 1.887422 0.47127 0.634276 0.677002
1 27.91818618774414 7.090309143066406 -0.8231831192970276 3.89354 2.073622 1.837541 0.6050052
4 -2.294161081314087 13.4185152053833 -1.082402467727661 1.779968 0.640817 1.538634 2.208231
3 -18.11101150512695 2.836531400680542 -0.7038163542747498 0.559297 0.803639 0.945832 -0.935822
1 28.92319679260254 -9.902356147766113 -0.8258923292160034 3.105551 1.199472 1.405297 0.6380959
1 23.82309341430664 -28.54408645629883 -0.8521451354026794 1.694726 0.363038 0.815686 -0.8986529
3 26.07025146484375 -13.9534158706665 -0.7193073630332947 0.749141 0.702482 1.577077 2.121784
6 8.283356666564941 -20.38333892822266 -0.7498100996017456 0.272629 0.199546 0.300647 -0.9591043
1 42.97035598754883 -11.72677326202393 -0.4006478488445282 4.022094 1.65692 1.228436 0.6302804
1 -1.915802001953125 26.64346504211426 -0.9273245334625244 1.061286 1.28545 1.005672 0.6655918
1 20.44758796691895 17.32708358764648 -1.273514628410339 4.212858 1.677731 1.407377 0.562252
1 12.58444595336914 -10.22961235046387 -0.8918401598930359 4.156627 2.177646 1.687556 2.364809
1 7.76082181930542 16.09502601623535 -0.8834460377693176 2.368426 1.588355 1.371819 0.60969
3 5.287897109985352 -28.27432250976563 -0.44682577252388 0.384269 0.39823 0.989935 -0.9307328
3 14.38231468200684 -9.378946304321289 -0.8654411435127258 0.390099 0.632979 1.623106 -2.912842
1 -11.04415321350098 11.52181816101074 -1.234936952590942 3.219061 1.914535 1.590194 -0.9469383
1 24.99898338317871 17.84646415710449 -0.7998682260513306 0.730387 1.194359 1.379422 0.689576