6 -45.21261978149414 7.863476753234863 -1.904502749443054 0.597782 0.368428 0.421159 1.550312
1 -39.38247680664063 -0.8221165537834167 -1.797493934631348 1.429227 1.986548 0.705522 0.0
1 5.905045509338379 16.98259353637695 -1.10389256477356 2.511938 1.764217 1.499305 1.610343
3 -17.52885055541992 22.8267993927002 -1.387729406356812 0.445293 0.268693 0.776142 1.941797
3 -48.83982849121094 -10.49878120422363 -0.8117146492004395 0.328686 0.712266 0.824054 0.0613216
1 17.46420097351074 28.25813102722168 -1.577417492866516 3.146257 1.729266 1.420982 1.566669
1 -22.83667373657227 27.98474502563477 -1.725298762321472 1.127124 1.673655 0.802885 -1.610872
1 26.97096252441406 0.4734825491905212 -0.2764174044132233 2.138126 1.75807 1.234022 0.0
1 10.37722778320313 4.48284912109375 -1.187566637992859 4.113758 1.846264 1.440802 3.141592
1 27.36075592041016 17.2214527130127 -0.8330251574516296 1.561744 1.011422 0.854066 1.571712
1 9.145216941833496 0.2664445638656616 -0.9610342383384705 2.790335 2.089325 1.625637 0.0
1 48.75740051269531 -1.225164413452148 -1.068890929222107 1.261089 1.175471 1.24678 0.0
1 -9.280885696411133 4.773779392242432 -1.269270777702332 4.74704 1.905803 1.457051 -3.128108
1 -20.62032699584961 32.25759506225586 -2.219346284866333 1.99768 1.655269 1.045905 1.500883
1 -30.09536361694336 16.4748592376709 -1.416391611099243 2.052144 1.943654 0.871421 1.545741
1 1.410459637641907 43.42483520507813 -1.814907550811768 0.859457 1.049169 1.60419 1.641217
1 -22.73422241210938 32.66250610351563 -1.929589033126831 2.051911 1.122187 1.746451 1.582455
1 -15.44072532653809 -0.2351775169372559 -1.263859152793884 3.773558 2.046114 1.409306 0.0
6 10.59864807128906 32.57720565795898 -0.8194735050201416 1.298623 0.174396 0.161463 0.06484059
6 -0.2153834998607636 -4.90578031539917 -0.9712697863578796 0.222025 0.140282 0.046188 -0.3052888
1 -18.70003318786621 -5.832967758178711 -1.298317670822144 4.091184 1.851767 1.444496 0.01964271
1 51.62496185302734 6.119253635406494 -0.9576762914657593 2.797265 1.975019 1.8528 -3.111092
3 -19.42559051513672 15.50350570678711 -1.440940260887146 0.413771 0.492628 1.278679 2.18604
1 22.41846084594727 17.43247413635254 -0.9058497548103333 3.128044 1.343473 1.179864 1.59677
6 -39.66839218139648 31.71860694885254 -1.863347291946411 1.24436 1.27621 0.411229 0.06175729
1 -27.04397201538086 -3.697975635528565 -1.453162908554077 4.158287 1.777762 1.389578 -4.42256e-17
1 -8.635482788085938 17.67561721801758 -1.627203464508057 4.42477 1.981324 1.564569 -1.369252
1 2.679236173629761 27.82543182373047 -1.823351979255676 3.939706 1.839704 1.015334 -1.480813
3 -1.523444294929504 -19.46166229248047 -0.7461382150650024 0.760021 0.594297 1.517201 0.9355981
1 -36.94826507568359 16.09266090393066 -1.758951902389526 1.959523 1.303636 1.518516 1.579147
3 -13.13777828216553 10.30563354492188 -1.172220349311829 1.41898 1.436633 1.963004 -0.0220355
1 -13.98632621765137 -6.119412899017334 -1.219420075416565 3.977885 1.889682 1.451746 -0.01138856
3 30.61238670349121 -10.6323356628418 -0.2678045332431793 0.537404 0.560219 0.907207 0.0221407
1 -27.64420509338379 16.43838882446289 -1.617973208427429 2.363706 1.685668 1.054395 1.545741
6 47.10822296142578 7.615769386291504 1.5808424949646 0.575951 1.1377 0.379975 0.06175729
6 -32.23568725585938 32.89167785644531 -1.528855443000794 1.913305 1.137365 0.599548 -1.486933
1 -15.64435958862305 27.18296813964844 -1.889218926429749 1.821888 1.692575 1.50129 1.561958
1 -25.0938835144043 16.82247352600098 -1.768616318702698 3.164249 1.458074 1.507201 1.545741
1 -17.72296142578125 16.37366676330566 -1.463150262832642 2.387191 1.085345 1.370362 1.564445
1 29.70770454406738 17.29981994628906 -0.7101802229881287 2.330495 1.203021 0.888928 1.55479
1 -5.064170837402344 -18.20414352416992 -1.172861695289612 0.916031 1.347075 0.594081 0.05765126
2 7.882355213165283 -5.709619045257568 -0.5347759127616882 5.678217 2.461985 2.269982 -0.0002407655
6 12.53751182556152 49.4336051940918 -1.30522632598877 0.618293 0.32642 0.15263 0.06175729
3 22.06830406188965 50.67269897460938 -1.482131242752075 0.851229 0.600804 1.733852 1.467378
1 -5.894214153289795 17.5520191192627 -1.404094219207764 4.327296 1.627686 1.097663 1.551423
1 13.20138931274414 17.80929946899414 -1.075232267379761 4.155922 1.776315 1.435099 1.605107
1 5.653019428253174 33.79813766479492 -1.244303941726685 3.613424 1.646581 1.06951 1.586828
1 -43.65308380126953 17.75602531433106 -1.557973623275757 2.621626 0.473289 0.696504 1.558837
1 -32.37690353393555 16.47498321533203 -1.445644378662109 2.350082 1.038973 1.157332 1.545741
3 -32.23835372924805 -12.05067253112793 -0.8267913460731506 0.548589 0.655498 0.92139 0.01573226
1 -10.79736614227295 33.57738876342773 -1.515346169471741 4.239828 1.696219 1.303833 1.6153
1 40.84865570068359 -2.469298362731934 -1.010535836219788 1.253782 1.712331 1.345822 3.059155e-17
1 18.10908126831055 0.0643993616104126 -0.7120647430419922 1.094914 0.575654 0.706114 0.0
1 3.341232299804688 17.64722633361816 -1.025789380073547 4.284172 1.489908 1.420527 1.578983
6 17.14550399780273 -4.617884159088135 -0.4204891920089722 0.454761 0.635852 2.511139 0.06175729
1 28.39954376220703 4.595136642456055 -1.224137783050537 3.714416 1.77962 1.309394 3.141592
1 15.53094291687012 16.86297988891602 -1.013290286064148 2.086441 1.662444 1.231108 1.573836
1 52.72446060180664 18.03140258789063 -0.1501487046480179 2.031149 1.394138 1.095145 1.549911
2 -3.135624647140503 -5.835017204284668 -0.6506810784339905 4.942065 1.928396 2.24901 0.02843221
1 -20.39693260192871 16.41337966918945 -1.543268084526062 1.514645 1.530978 1.620682 1.538013
1 18.25318336486816 16.55665397644043 -1.046167254447937 1.23491 1.383196 0.943726 1.563278
3 -34.64828109741211 12.60955619812012 -1.383366465568543 0.36116 0.677722 0.525749 -3.084765
1 12.94931983947754 -5.290756225585938 -0.9438742399215698 3.300678 1.57358 1.526741 -0.1142198
1 -12.96372222900391 32.57929229736328 -1.855470418930054 2.083064 0.748557 1.10314 1.556983
1 -0.262062668800354 -3.402084112167358 -0.8031574487686157 4.397471 1.930648 1.32005 0.03549941
3 -23.50767326354981 -12.00827789306641 -0.6863617897033691 0.292703 0.500581 0.937301 0.002166625
1 14.60468864440918 28.41345977783203 -1.495415091514587 4.399335 1.631032 1.372832 1.583175
1 -8.774503707885742 -5.933281898498535 -0.8992946147918701 4.229574 1.816082 1.930264 0.05669047
1 -15.47409629821777 17.27295303344727 -1.667798161506653 3.741456 1.660533 1.530172 1.583467