4 24.35647010803223 15.19834041595459 -1.229602694511414 2.181491 0.656859 1.410702 -3.12221
1 -44.04593658447266 -25.81588745117188 -0.3242326080799103 1.202488 0.471342 0.504687 1.602406
2 17.62721061706543 -2.479933023452759 -0.4413981139659882 12.008153 2.700403 2.711499 0.02884684
1 -27.62396812438965 10.67932224273682 -0.9313477277755737 4.243822 1.647455 1.246501 -3.127524
1 -18.71889495849609 -25.35815238952637 -0.1477639228105545 3.009503 1.141601 1.062031 -1.558956
1 -19.3446216583252 13.67723274230957 -1.648538589477539 4.4156 1.8434 0.895186 -3.077824
1 -22.53450393676758 -25.2988338470459 0.0289088785648346 3.078749 1.303087 1.053056 -1.558956
2 55.68826293945313 -1.554746866226196 -0.1974528133869171 3.228972 2.114031 2.858667 -0.04441822
1 -33.83986282348633 -25.46306800842285 0.07803291082382202 2.430992 1.404868 0.663045 -1.587077
1 -53.873046875 0.8513076305389404 -1.166730999946594 2.010321 1.844221 1.33473 0.0188779
1 -11.81389617919922 -24.77717208862305 -0.177881121635437 2.586294 1.53107 1.090738 1.615284
1 21.50564384460449 8.298616409301758 -0.9661199450492859 4.368313 1.499485 1.160496 3.136856
1 -22.63878440856934 -4.582146644592285 -1.111018657684326 4.172616 1.871847 1.505931 0.03625346
1 -30.14801216125488 -25.81620597839356 -0.08624095469713211 2.691905 1.151076 0.975438 1.601128
1 4.829629898071289 2.579597473144531 -1.036069393157959 4.235225 1.819644 1.466991 0.002302173
1 -33.49645233154297 1.400193452835083 -1.314234375953674 3.606118 1.811646 0.984931 0.01894176