6 24.78261375427246 -2.6505446434021 -0.4251722693443298 2.799569 0.922317 0.734595 -0.003957989
1 4.925652503967285 3.529675245285034 -0.9655783772468567 4.056904 1.863662 1.584934 0.003669052
6 -1.90503740310669 -4.666899681091309 -0.66066974401474 0.085712 0.147612 0.080328 0.03349129
5 12.71223163604736 18.31252670288086 -1.740118145942688 0.182095 0.217918 0.481949 -0.06282266
1 48.72151184082031 -17.87955665588379 -0.6636634469032288 2.613356 1.540533 1.180804 1.683196
1 45.85836410522461 -19.75375366210938 -0.5930784344673157 4.105708 1.341354 1.566462 1.683196
1 49.00023651123047 -31.35194778442383 -0.9928669929504395 3.135814 0.980894 0.996724 1.616609
1 18.06185531616211 -1.661452651023865 -0.920385479927063 3.647411 0.536633 1.385354 -0.003957989
6 -19.79819107055664 -3.629382848739624 -0.4944875240325928 1.318393 0.536985 0.413376 -0.004697895
1 -1.096789002418518 -3.111283540725708 -0.8429314494132996 5.042879 1.986939 1.616542 0.02665997
1 12.40129947662354 -2.252885103225708 -0.7021781802177429 4.597126 1.640172 1.892261 -0.003957989
3 28.15487480163574 25.39563941955566 -1.188401103019714 0.844359 0.930568 1.503564 -2.538731
5 20.22787094116211 19.54557800292969 -1.629177570343018 0.139749 0.217914 0.30468 -0.09410689
4 27.65290832519531 21.90561676025391 -1.044928789138794 1.834602 0.827121 1.660818 -2.283093
5 18.86821174621582 19.25985336303711 -1.679245829582214 0.30254 0.309694 0.565052 0.1158319
5 14.18960666656494 18.26885795593262 -1.68433427810669 0.176906 0.175714 0.469851 -0.09410689
6 20.73147201538086 0.6838274598121643 -0.0276680551469326 1.264381 1.354164 0.282588 -0.0007446778
1 45.74251937866211 32.82839202880859 -1.245953679084778 3.69135 1.4532 0.925141 1.370962
2 36.91282653808594 12.16232681274414 0.1205714792013168 11.151959 2.698986 3.282866 0.6920469
2 -12.39846611022949 3.118749380111694 -0.509233832359314 12.122298 2.969818 2.734149 0.01966825
5 20.85435485839844 -9.711468696594238 -1.356721639633179 0.332421 0.234768 0.414935 -0.1960569
6 -29.07243347167969 -6.401801586151123 -0.8395975828170776 0.20779 0.453681 0.535281 3.101638
1 -6.990549087524414 -2.675312280654907 -1.111328482627869 4.363633 1.979466 1.424732 -0.05150202
2 -6.128590106964111 -0.0970204547047615 -0.528887152671814 6.086173 2.335724 1.982358 0.03645409
5 17.23387908935547 18.7877311706543 -1.59697151184082 0.250091 0.143648 0.562452 -0.09410689
5 11.43121337890625 18.27472114562988 -1.69011378288269 0.197715 0.174246 0.50069 -0.1659464
1 42.90182113647461 40.02425765991211 -0.9443895220756531 5.227252 1.891556 1.621802 -1.597769
1 7.386227607727051 0.2213544398546219 -0.8065844178199768 3.191648 2.094708 1.874361 0.0002719369
6 -14.09774875640869 -3.376404762268066 -0.7188987731933594 1.963855 0.685383 0.518409 -0.004697895
6 11.77641201019287 5.368114948272705 -1.555889368057251 0.520921 0.450873 0.214717 0.004158534
2 52.79738616943359 -22.72262191772461 0.5594215989112854 11.458815 3.08442 3.201351 1.683196
1 20.59891700744629 5.31205940246582 -0.7144935727119446 2.385785 1.706779 1.872549 0.3036247
1 5.123251438140869 -2.430376768112183 -1.002585530281067 4.53068 1.837421 1.49298 0.0002719369