1 52.98112869262695 22.81382560729981 -1.24385416507721 1.67494 1.003221 0.869503 -2.262767
1 -50.95328521728516 -2.949560403823853 -1.380925178527832 3.598583 1.684071 1.429206 0.2350375
1 -27.31314659118652 -3.618046998977661 -1.32373058795929 4.161116 1.979982 1.409067 -0.07114577
6 -6.043334007263184 -9.369958877563477 -0.327119767665863 0.334245 0.504698 0.469222 -0.009403612
6 28.2344970703125 -5.572962284088135 -0.3770750761032105 1.431418 0.9498 0.401568 0.07082307
1 -43.59302520751953 10.44002151489258 -1.775456309318543 3.953781 1.639966 1.178077 -3.128459
1 -36.66914749145508 -6.007087230682373 -1.462224364280701 3.282887 1.711669 1.349644 0.007707453
2 -8.048503875732422 -6.2093825340271 -0.7153412103652954 3.798387 1.738539 2.025496 -0.04259998
1 6.812861919403076 10.62044906616211 -1.217864036560059 4.059525 1.665869 1.350143 3.135504
1 7.998562812805176 -0.03826277703046799 -0.8131436109542847 3.374277 1.863136 1.836398 0.06495998
1 16.94422721862793 -2.766547441482544 -1.017120242118835 4.03724 1.05077 1.446002 0.01936476
1 9.89549446105957 -5.93751335144043 -0.9588057994842529 3.996906 1.538145 1.532574 -0.07122897
6 25.42037200927734 -0.1304902583360672 -0.04291003569960594 1.841506 1.457319 0.449591 -0.00214411
4 -48.0902214050293 13.62459850311279 -1.826567649841309 0.799297 0.663673 0.972318 -2.98208
1 -1.832605600357056 -3.495836734771729 -0.9363780617713928 5.093974 1.953396 1.683661 0.03711728
1 14.26573181152344 -6.36134147644043 -1.001366972923279 2.235928 1.209953 1.541574 -0.03718765
1 10.53854274749756 -2.974455833435059 -0.8166969418525696 4.134816 1.720028 1.862694 0.006662342
6 29.69802284240723 -2.844519853591919 -0.1712615638971329 0.348371 1.314376 0.360866 0.0149792
6 34.1937370300293 -5.327320098876953 -0.4900918006896973 1.247163 0.504417 0.468339 0.02887031
3 37.40860748291016 21.00859832763672 -0.9976117610931396 0.291227 0.321331 0.924415 0.0
4 54.99564361572266 16.02261924743652 -1.087526321411133 1.084469 0.531561 1.121405 2.059697
1 21.02617645263672 -5.544157028198242 -0.4589853584766388 2.12328 1.087645 0.795933 0.05221019
6 44.36009979248047 -2.054384708404541 0.01791161671280861 0.123469 1.01777 0.235752 0.01725246
1 2.880403280258179 -6.281527519226074 -1.023520946502686 1.875873 1.898163 1.427533 -0.001705899
1 -13.31620693206787 -0.1897771954536438 -1.341537356376648 3.83148 1.721228 1.148641 0.01365756
1 -8.575111389160156 -3.129309177398682 -1.001496315002441 4.591784 2.164992 1.744609 -0.02836213
1 22.83880615234375 -2.775595426559448 -0.8212619423866272 2.208293 1.122368 1.253451 0.01575518
1 4.083722591400147 -3.358023405075073 -0.9304258227348328 4.294116 2.070931 1.62046 0.04663791