1 16.86870956420898 3.20795202255249 -0.8051068782806396 3.075423 1.05889 1.476175 0.05167505
1 4.947787761688232 -2.399154663085938 -1.022323369979858 4.156215 1.667661 1.452889 0.004391632
2 -21.69710731506348 3.152700662612915 -0.1858657151460648 11.909066 2.92325 2.334694 -0.00592343
4 29.21347808837891 -21.97964668273926 -0.5316905975341797 0.554556 0.918355 1.468981 0.4537306
2 -6.101365089416504 -0.05745194852352142 -0.5358110666275024 6.049541 2.305614 1.972961 0.017108
1 49.81852722167969 -35.77080917358398 -0.5291813015937805 3.399309 1.220223 0.769596 1.69828
1 -1.152093052864075 -3.105270624160767 -0.8816733360290527 5.163632 2.002289 1.695305 0.04779387
1 -6.937088012695313 -2.665997505187988 -1.125423073768616 4.462483 2.00111 1.419633 -0.01785541
6 20.91095733642578 0.6699478030204773 0.006050920113921166 0.943644 1.303117 0.197471 0.0
1 18.16591262817383 -1.676190853118897 -0.9323750138282776 3.896619 0.443899 1.44408 0.0509747
3 11.18035697937012 -11.1129264831543 -0.5727714896202087 0.445571 0.515596 1.549618 2.501306
1 7.343281745910645 0.2076069563627243 -0.789675772190094 3.162753 2.008193 1.846398 -0.02415321
1 48.99019622802734 -31.47432708740234 -0.9493040442466736 3.462739 0.977974 0.897798 1.667199
6 13.14071655273438 3.420786380767822 -1.02013111114502 1.257176 0.821032 0.649588 0.119658
6 -19.84261131286621 -3.659486293792725 -0.4976786673069 1.163011 0.671387 0.330543 0.06833272
4 17.51796913146973 -6.049285411834717 -0.8452780842781067 1.907805 0.594519 1.533187 0.09657382
2 27.43439483642578 4.347238063812256 -0.0978260263800621 4.885679 2.089899 2.403364 0.1983566
2 6.146760940551758 2.39682936668396 -0.5448375940322876 8.025783 1.155939 2.273295 0.01971857
4 -10.22667026519775 20.00723457336426 -1.416406035423279 1.651728 0.556418 1.431684 2.833635
1 46.05703735351563 -19.74751663208008 -0.5850392580032349 4.119321 1.79947 1.538937 1.696099
4 17.06236267089844 -7.463967800140381 -0.9269868731498718 0.959605 0.440662 1.013567 -0.06685676
4 39.58404159545898 8.717382431030273 0.1461516916751862 1.905903 1.674896 0.967813 0.3337192
2 52.7800178527832 -22.63164901733398 0.6235973834991455 11.597752 2.910196 3.139119 1.664192
1 12.32713031768799 -2.260963201522827 -0.7193228006362915 4.463584 1.80554 1.924262 -0.04496711
1 -5.977793693542481 2.291318893432617 -0.8901306390762329 4.171946 1.876986 1.915725 0.129508
3 28.55457305908203 -16.229736328125 -0.5316435694694519 0.18419 0.300106 1.148326 -3.068098
1 48.71961212158203 -18.0221118927002 -0.637525737285614 2.183511 1.512163 1.116443 1.712488
6 -13.75313377380371 -3.241612672805786 -0.7118704915046692 2.67748 1.095199 0.514896 0.04750993
1 24.55889701843262 -2.688993692398071 -0.3587030172348023 2.420537 0.614196 0.521952 0.1106642