3 28.97288513183594 -16.242919921875 -0.6661847233772278 0.289203 0.400676 0.976117 2.577449e-15
6 -11.20740127563477 2.789032459259033 -0.9164848923683167 1.436866 0.20857 0.263257 0.0593867
1 49.278076171875 -30.5289363861084 -0.9358081221580505 2.866679 0.932756 0.878641 1.617119
2 4.704859733581543 3.168578863143921 -0.5762278437614441 8.728022 2.903606 2.264845 0.02107762
5 29.39503479003906 -17.77817916870117 -1.169547915458679 0.166404 0.182311 0.300554 0.1451728
1 5.279101848602295 -2.400705337524414 -1.019924759864807 4.056697 1.702096 1.464569 0.02301562
1 -9.451241493225098 -2.5749351978302 -1.162996530532837 3.693473 2.022035 1.423041 -0.005276998
1 -5.594923973083496 2.300248861312866 -0.8574405908584595 4.205211 1.942211 1.957027 0.1138984
1 50.23232269287109 -35.34247207641602 -0.5555697083473206 2.612868 1.331229 0.830907 1.687989
2 53.18955230712891 -22.4510555267334 0.3570220470428467 10.898902 3.23928 3.664001 1.674366
6 20.51793670654297 0.6702582836151123 -0.0030410410836339 1.462927 1.310099 0.24338 0.008741742
1 12.96968078613281 2.920025587081909 -0.9197507500648499 3.848541 1.099895 1.405774 0.02107762
1 25.10598945617676 -2.581144094467163 -0.3526290059089661 2.371687 0.561529 0.578054 0.1031458
5 21.17127418518066 -9.740076065063477 -1.368178725242615 0.223854 0.29822 0.381486 -0.2761843
5 27.90200614929199 -15.80109977722168 -1.252819538116455 0.210832 0.231682 0.302039 -0.504759
1 7.745675563812256 0.1706300228834152 -0.7830634117126465 3.213283 2.180979 1.827473 0.02107762
5 22.52542877197266 -10.58392333984375 -1.292789101600647 0.185497 0.165417 0.38967 -0.2761843
1 12.75373935699463 -2.287306547164917 -0.6895669102668762 4.497456 1.632477 1.858922 -0.001705618
1 46.4036865234375 -19.82668495178223 -0.5866975784301758 4.150693 1.906981 1.541847 1.684574
1 -29.36655807495117 17.66032981872559 -1.273499488830566 2.210631 1.424557 0.820474 3.023162
3 15.86663627624512 -17.68900680541992 0.2568930685520172 0.28119 0.451536 1.557719 -3.141592
1 49.17123794555664 -18.37978172302246 -0.5162242650985718 3.355447 1.56376 1.392367 1.658999
1 19.73544120788574 3.460137128829956 -0.2337803095579147 4.816312 1.965029 2.376533 0.02107762
6 27.79731941223145 -14.10337829589844 -0.173336535692215 0.814642 0.421766 1.439008 -3.141592
2 -7.450586795806885 -0.1228458508849144 -0.663251519203186 5.9907 2.236246 2.280533 0.02485033
1 -28.05062866210938 -5.93137788772583 -0.9925892949104309 3.917071 1.901536 1.01395 0.009914419
5 24.66848754882813 -12.56006813049316 -1.316456079483032 0.195004 0.251527 0.4153 -0.5548732
1 18.74507904052734 -1.905298233032227 -0.8350000381469727 4.051 1.005252 1.497164 0.0
1 34.4774055480957 4.939624309539795 0.3616580367088318 4.116878 2.129473 0.891255 0.1349626
6 -18.85588645935059 -3.348222017288208 -0.6727741956710815 0.654802 0.597438 0.148092 0.007362166
2 -21.41045188903809 3.132124900817871 -0.4362190663814545 12.174895 2.995176 2.794936 -0.002146999
1 -0.760648787021637 -3.129730463027954 -0.8327620029449463 5.005681 1.984406 1.571697 0.0186913