4 -31.41239738464356 -6.330468654632568 -1.044955134391785 1.277539 0.532146 1.476928 0.03180816
1 -5.811253070831299 10.59729671478272 -1.187187433242798 4.148303 1.668617 1.507131 -3.123591
4 -12.36166286468506 -4.708085536956787 -0.9547401070594788 1.761123 0.633227 1.628543 -0.02863777
6 -45.42377090454102 6.244258403778076 -0.6082358956336975 0.519097 0.204315 0.187757 -1.460353
1 -20.8123779296875 2.82269811630249 -1.079698204994202 3.8952 1.935495 1.430036 0.05443377
4 -12.32910346984863 -5.698916435241699 -0.9342252612113953 1.790895 0.678556 1.693347 -0.00154256
1 35.14065170288086 -25.55825042724609 -0.1350231170654297 2.0742 0.871537 0.595988 1.295505
4 -1.807104587554932 16.64616394042969 -1.329343318939209 3.633759 1.410108 1.541923 3.119196
1 -34.64178848266602 2.474164962768555 -0.8717854022979736 3.777901 2.019866 1.392349 0.05771861
1 31.29781532287598 1.427506804466248 -1.247157335281372 3.606226 1.932946 1.325937 -0.01093503
2 19.66521644592285 -2.121343851089478 -0.4082136154174805 12.631389 2.769339 2.864969 -0.01153887
4 36.00921249389648 14.30108070373535 -1.417741775512695 1.125662 0.721621 1.217478 3.123071