6 29.0433406829834 0.3161463141441345 -0.8984982967376709 1.478088 0.348232 0.731315 -1.52836
1 -33.80343627929688 42.07457733154297 -1.5289705991745 1.626816 0.847754 0.676826 1.631502
1 -7.874855518341065 18.41776466369629 -1.30092465877533 4.170681 1.498485 1.379569 -1.528006
1 -13.51883602142334 27.91529083251953 -1.027164340019226 2.944931 1.361015 0.911663 1.661095
1 16.18749809265137 19.54062461853027 -0.9148542284965515 1.876101 1.580645 0.929283 1.646688
1 -17.86745071411133 -5.973376750946045 -1.178172826766968 3.288696 1.856198 1.455383 -0.02352768
1 8.179169654846191 29.55645179748535 -1.440291404724121 2.082794 1.538234 1.667319 1.542117
1 28.00189018249512 22.35532379150391 -1.044121384620667 2.620237 1.183601 0.682588 1.688443
1 3.839394569396973 18.61904525756836 -0.9701354503631592 2.208978 1.879001 1.275272 1.602929
1 10.6625337600708 36.04915618896484 -0.4761202931404114 0.907766 0.865922 0.9104 0.2090603
6 25.89974403381348 0.1579678654670715 -1.170793533325195 1.62292 0.401912 1.199146 -1.502596
3 -33.80435180664063 -14.97333812713623 -1.131006121635437 0.638056 0.638932 1.422402 -3.120002
1 20.45351409912109 8.980522155761719 -1.048187732696533 4.379942 2.011255 1.739111 -3.039909
6 26.55709075927734 0.115416593849659 -1.05611002445221 1.36096 0.359648 1.17603 -1.502596
6 30.73148918151856 0.547485888004303 -1.085860013961792 1.385315 0.398093 1.01126 -1.528359
1 12.63558197021484 20.96989440917969 -1.341482639312744 3.432238 0.236345 1.056617 1.674999
1 10.35092639923096 30.98334693908691 -1.133847594261169 3.33988 1.766181 0.96085 1.562583
6 24.68194389343262 -0.3014317750930786 -0.8027295470237732 0.864951 0.507693 0.252521 -1.48327
3 -38.97292709350586 -14.33366012573242 -0.9377986788749695 0.263811 0.398269 0.867274 3.082047
3 -18.26939964294434 -12.10976791381836 -0.5261895060539246 0.298136 0.620528 1.27602 0.1353486
6 56.86300277709961 4.082812786102295 -0.5761178731918335 0.142465 0.980485 0.095516 0.1236721
1 43.76787185668945 9.626952171325684 -1.474759340286255 0.761132 1.567755 0.591716 -3.06095
1 18.39705657958984 1.706797599792481 -0.8746746182441711 3.177794 2.044949 1.599256 0.0828506
1 -8.346871376037598 0.4528703689575195 -1.115039587020874 4.15329 1.987112 1.425152 0.1152826
3 20.45134544372559 34.59319686889648 -0.966378927230835 0.611613 0.383383 1.320061 1.901264
4 22.04385757446289 11.7719612121582 -1.162741184234619 0.930792 0.77522 1.207927 -3.129905
6 22.20871162414551 0.3352790176868439 -0.771003007888794 0.520657 0.17747 0.555452 -1.553987
1 39.91127014160156 22.51998710632324 -0.5685732960700989 1.985869 0.67958 0.978088 1.697016
1 -15.29502868652344 49.4703369140625 -1.597466707229614 3.78403 1.447231 1.72601 -2.111098
1 -20.71356964111328 -1.189823627471924 -1.108285665512085 3.644172 1.991268 1.584437 0.06952091
1 -57.30694961547852 12.47137069702148 -1.685115933418274 1.158011 0.437399 0.683696 -1.451609
1 -19.49640083312988 16.10710334777832 -1.054810643196106 1.863478 1.560732 1.264863 1.708967
1 8.769305229187012 20.79042816162109 -1.306808710098267 3.272337 2.019407 1.462638 1.620279
1 -14.64840888977051 17.35202217102051 -1.188181400299072 3.377984 1.592381 1.193731 1.73931
1 -23.69009017944336 31.52360916137695 -1.180291891098023 0.574364 1.518882 0.757116 1.629011
3 -12.73007583618164 -11.07404708862305 -0.5894774794578552 0.642356 0.657178 1.080585 0.07326957
4 19.57144927978516 11.66989707946777 -1.458164930343628 2.426558 1.055045 1.123921 -2.969008
4 27.74790573120117 -0.1188009977340698 -1.025341868400574 2.233696 0.424815 1.05819 -1.52836
4 34.47672653198242 1.51721727848053 -0.9796844124794006 1.199569 0.632734 1.518946 -1.623016
2 -33.9603271484375 -7.512445449829102 -0.9385398626327515 5.162474 1.356634 2.276863 0.09390826
1 -2.97360634803772 18.62926292419434 -0.8604574203491211 3.58563 1.686617 1.092969 1.60331
1 37.02383804321289 32.27214050292969 -0.9098160266876221 1.705949 1.591588 0.951184 1.767982
3 20.34685134887695 10.17788505554199 -0.6779728531837463 0.444069 0.58707 0.998681 -1.459626
2 -23.19972991943359 -6.699611663818359 -0.7227815389633179 5.403769 2.307233 2.409375 0.09142459
1 31.87597274780273 5.38151741027832 -1.128217577934265 3.881879 1.959982 0.94634 -0.02517345
1 -39.17432022094727 -7.608464241027832 -1.159637331962585 1.032854 0.28345 0.722286 0.1433253
1 33.17902755737305 21.31011199951172 -0.6751810908317566 1.594059 1.448778 1.276977 1.663774
1 3.011390447616577 29.73947906494141 -1.460386991500855 3.389027 1.681559 1.464126 -1.533105
3 30.04589080810547 18.18452072143555 -1.025514483451843 0.940733 0.493522 1.217535 1.595476
1 -47.88075256347656 14.89433002471924 -1.437223196029663 2.670661 0.444701 0.711051 1.571076
1 -26.91995620727539 16.63698768615723 -1.441574335098267 4.233334 1.665565 1.783401 1.661125
1 13.34107494354248 3.707174777984619 -0.9812541604042053 3.929392 1.940771 1.60532 0.1600927
1 10.80423545837402 -0.4531551599502564 -1.000564813613892 4.035478 1.81071 1.431793 0.0945076
3 25.76355361938477 -7.779951095581055 -0.3901014626026154 0.439819 0.492385 0.913746 0.1167133
1 -17.2490177154541 16.85770797729492 -1.12283730506897 2.930713 1.752803 1.29722 1.695967
4 7.087986469268799 10.22839736938477 -1.144589304924011 1.820342 0.705206 1.715782 -3.035757
1 -3.77799916267395 43.67084503173828 -1.830237150192261 2.525399 0.447716 0.851744 3.14082
1 -28.39909362792969 32.56024551391602 -1.17498505115509 3.991103 1.671758 0.624906 1.689626
1 -10.34165763854981 17.87016677856445 -1.043728232383728 3.641677 1.769352 1.358961 1.680362
1 -5.428101539611816 18.61870765686035 -0.9745168685913086 3.276947 1.742225 1.049654 1.61089
1 -29.16906356811523 14.35922145843506 -1.37797474861145 0.416497 1.160072 0.857975 1.678242
1 -18.99309539794922 26.90259170532227 -1.409791350364685 2.322735 1.638407 1.198193 1.675397
1 -0.218662217259407 29.19052124023438 -1.369273662567139 2.891726 1.174441 1.284834 1.622175
6 49.72987747192383 7.106637001037598 -0.4762925505638123 0.335285 1.735685 0.738274 0.09309452
4 -15.79310894012451 8.061870574951172 -1.376328587532044 1.167212 0.520572 1.528419 -2.899519
3 1.707937955856323 28.91072845458984 -1.399821400642395 0.569287 0.558974 1.726248 1.654724
1 -31.03479766845703 -5.191229820251465 -1.256005048751831 4.185232 1.9265 1.338641 0.05666213
4 2.210127353668213 7.118122100830078 -1.12997829914093 2.319879 0.787709 1.542191 -3.018732
4 35.82939529418945 0.9001330733299255 -0.7108862996101379 1.729747 0.29683 0.577688 -1.526109