1 52.13998031616211 8.441241264343262 -0.3567147850990295 3.120271 0.733973 1.046867 -0.1935384
1 28.32477188110352 12.30680465698242 -0.4902962446212769 2.334141 1.423977 0.627302 -0.1304163
3 39.96215438842773 -23.17624855041504 -0.7172353267669678 0.196566 0.238568 0.71558 -0.1008157
3 -11.59337997436523 3.406466960906982 -0.856362521648407 0.563466 0.632621 1.569671 -1.669668
6 12.52558135986328 58.11471557617188 -1.297656059265137 0.424599 0.369787 0.8387 1.482099
6 -6.897150993347168 -21.61615180969238 -1.118865609169006 0.962849 0.161499 0.475172 -1.638873
1 15.61622047424316 -27.47540473937988 -0.9507859349250793 2.630725 1.280067 1.280427 3.060926
1 18.49765777587891 30.07462501525879 -0.5779703855514526 1.627628 1.224256 1.179409 -0.03246746
1 17.48056793212891 8.634689331054688 -0.8354499936103821 3.670191 1.866696 1.094398 -3.128096
3 30.51882362365723 -26.6702766418457 -0.3699095547199249 0.237557 0.435703 1.061521 -0.6881814
3 6.866783142089844 -19.18271064758301 -0.7322617769241333 0.43629 0.634108 0.628491 -1.38288
1 17.44482612609863 5.980784416198731 -0.776228666305542 2.577247 1.571086 1.126432 -0.1071727
1 13.46984195709229 -32.41228103637695 -0.3658240735530853 1.491995 1.185551 0.721621 2.902087
4 -6.08978796005249 -17.68095779418945 -1.271517872810364 1.891313 0.540456 1.173657 2.975395
2 -2.970188617706299 38.66477966308594 -0.773910403251648 5.060845 1.596293 1.915913 -1.666623
1 -4.336859703063965 22.68938255310059 -1.095289587974548 3.224118 1.707119 1.419144 -1.743933
1 25.48113632202148 -14.29299354553223 -0.9640074968338013 2.526135 1.376739 1.606359 -3.104226
3 -11.59584712982178 7.579101085662842 -0.5507956743240356 0.439843 0.837411 1.032448 -1.072283
1 18.09453010559082 15.31298446655273 -0.971584141254425 3.358698 1.668757 1.23512 -0.02463548
1 25.44664001464844 -7.001502990722656 -1.165385007858276 0.522261 1.299225 0.826216 -0.01077097
1 19.45861053466797 27.32576942443848 -0.7207565903663635 3.859885 1.159179 1.032624 -0.06216971
3 -15.21854686737061 -35.87401580810547 -0.5751960277557373 0.317954 0.309747 0.538753 1.493331
1 13.38232803344727 -39.56152725219727 -0.5776276588439941 2.792631 1.370519 1.071379 3.081312
1 3.224009275436401 -23.09574508666992 -1.191946744918823 3.361637 1.134275 1.33828 0.9767632
1 1.185167670249939 -14.30892753601074 -1.083478927612305 4.153645 1.830859 1.583128 1.400553
1 27.41594123840332 -11.74120426177979 -0.8985209465026855 3.292189 1.620125 1.147469 3.015449
1 17.46342849731445 3.640845775604248 -0.6365866661071777 3.990646 1.89039 1.136085 -0.1216507
3 -10.21338176727295 27.00251579284668 -0.6908519864082336 0.235954 0.454952 0.753802 1.464756
3 39.86415481567383 -23.99539947509766 -0.563281238079071 0.226197 0.584582 1.425 -0.2563512
1 0.1600684374570847 14.29522514343262 -0.5792005062103271 1.992775 1.926408 0.699838 -1.611891
3 -10.30864906311035 25.66985511779785 -0.5727221965789795 0.319519 0.412601 0.843823 1.64223
6 10.7590970993042 45.13918685913086 -0.9827343821525574 0.428183 0.352996 1.187172 1.532794
1 17.86027908325195 17.73993492126465 -0.7222908139228821 2.684864 1.158977 1.240466 0.03691259
2 -4.00168514251709 27.92825508117676 -0.6240575909614563 5.41097 2.201793 2.291401 -1.66199
3 5.41832447052002 -30.03197860717773 -1.032288908958435 0.309527 0.564038 0.583613 -1.660714
1 34.86391448974609 26.20208358764648 -0.8839103579521179 2.762333 1.709051 1.092801 -0.1177526
6 -7.976263046264648 -52.52731323242188 -1.34948992729187 0.209345 1.32338 0.278145 -1.621522
4 -6.659403324127197 -19.90798759460449 -1.308372497558594 1.088253 0.423905 0.777341 2.799632
1 26.68781089782715 -9.180743217468262 -0.9169229865074158 3.349832 1.921599 1.523532 3.089125
3 15.66933631896973 -26.22133636474609 -0.649080216884613 0.596113 0.253182 0.609181 -0.06836778
1 15.79522323608398 -12.76491260528565 -1.045167684555054 4.001715 1.557042 1.48729 -0.06332261
1 27.27344512939453 -3.838604927062988 -0.9089123606681824 1.369311 0.454438 0.810175 -0.1833864
1 -1.073184847831726 35.26544189453125 -0.9833639860153198 3.653178 1.692848 1.50113 -1.705056
1 43.79881286621094 5.228775978088379 -1.413113474845886 2.777206 0.640535 0.548224 -0.1865664
3 7.362092971801758 -25.3395881652832 -1.182479500770569 0.621536 0.590499 1.47655 1.53635
1 27.24839973449707 -1.769041776657105 -1.198176980018616 3.597132 1.727259 1.102193 3.03784
3 10.2451868057251 -25.61756706237793 -0.7319951057434082 0.45271 0.65227 0.968 -1.436686
1 17.91659927368164 20.32423973083496 -0.6405308246612549 2.324586 1.439112 1.011395 -0.06892706
1 -0.1826555877923966 6.639938354492188 -1.055844068527222 3.976253 2.017848 1.430986 -1.703077
1 16.39911270141602 -3.186384201049805 -0.9421787858009338 3.143883 1.83659 1.580968 -0.118634
4 5.295557975769043 -20.18942451477051 -1.176266551017761 2.378905 0.955845 1.580705 0.8571519
1 14.58389091491699 -15.3656063079834 -1.032649397850037 2.173823 1.535019 1.40099 -0.181479
1 24.54504776000977 -38.23636627197266 -0.8094018697738647 3.817043 1.510021 0.886862 -0.1146764
1 3.013105154037476 -5.767843246459961 -1.004233479499817 4.252623 2.134955 1.676315 1.474308
1 42.33111190795898 -0.04418333992362022 -0.8579967617988586 2.698165 0.951443 1.651567 1.415884
3 29.73727226257324 -26.47784996032715 -0.5554396510124207 0.335085 0.537618 1.041886 -0.5451588
1 -4.04164981842041 -6.524081230163574 -1.078376889228821 4.218852 1.899992 1.505456 -1.677714
1 31.1450309753418 -4.397401809692383 -0.8690300583839417 0.71147 1.031411 1.352754 -0.08409157
1 16.39141845703125 -8.194416999816895 -0.9864447116851807 4.218843 1.95214 1.26892 3.022182
1 -3.221967697143555 -14.77389907836914 -1.013108730316162 3.947887 1.935337 1.697075 -1.666739
3 30.20689964294434 -3.361539602279663 -0.9304157495498657 0.205361 0.556107 1.510643 -0.4184445
4 0.8462117314338684 -7.070408344268799 -1.005923867225647 2.173327 0.85765 1.59981 1.254647
3 59.77387237548828 3.584723472595215 -1.108648300170898 0.372618 0.330729 1.122821 2.858715
1 1.434529423713684 19.98503303527832 -1.057066082954407 3.302581 1.211605 1.433475 -1.598088
3 -9.093690872192383 27.4145565032959 -0.5998277068138123 0.205077 0.581501 0.898832 1.578186
1 17.59960174560547 10.95396995544434 -0.7629724740982056 3.203223 1.686187 1.497449 -0.1103228
1 12.73998546600342 -34.79234313964844 -0.8000010251998901 0.759227 1.469492 0.76366 -0.1104753
3 6.047195911407471 -18.55901908874512 -0.649236798286438 0.362762 0.538769 0.727194 1.671353
1 12.40259552001953 -41.97671890258789 -0.3406586945056915 1.275418 1.525726 0.559502 3.084756
6 -6.976500511169434 -23.92586898803711 -0.9042952656745911 1.71364 0.692075 0.34081 -1.676412
4 14.01126003265381 5.422266006469727 -0.6896814107894897 1.124335 0.626774 0.749513 1.209774