6 20.83517265319824 0.7466904520988464 -0.006813259329646826 1.032051 1.31594 0.212279 0.1730948
5 12.7130241394043 18.3117618560791 -1.743888378143311 0.18177 0.215364 0.487095 -2.946075e-15
5 11.44109439849854 18.28913497924805 -1.675917863845825 0.177843 0.206299 0.469039 0.01236397
5 14.15710544586182 18.28428077697754 -1.680232763290405 0.14256 0.12444 0.457503 0.1706376
6 -53.25313949584961 17.6528491973877 -1.203373074531555 0.362931 0.729013 0.805077 2.963547
1 -4.640234470367432 3.580465793609619 -1.039661884307861 4.459838 2.213242 1.536324 -0.01303717
4 -44.14705657958984 24.08962821960449 -1.844278216362 1.083175 0.671337 0.989883 2.918092
5 21.47054862976074 20.08648109436035 -1.561636686325073 0.12984 0.112223 0.417239 0.1607474
1 42.94565582275391 39.98018646240234 -1.062284350395203 5.211155 1.969573 1.852896 1.579884
3 32.15509033203125 35.84549713134766 -1.263885974884033 0.3418 0.287532 1.258322 1.452138
2 52.91322326660156 -22.53425025939941 0.6016804575920105 11.550153 3.296636 3.322907 1.677484
1 46.08395385742188 -19.73802947998047 -0.6367363333702087 4.161052 1.718271 1.613153 1.664282
5 20.25979042053223 19.57972145080566 -1.698003768920898 0.305861 0.125325 0.440937 0.9701932
2 -6.168548583984375 -0.06270550191402435 -0.5475744009017944 5.981063 2.343071 2.021473 0.0147609
6 -1.895703315734863 -4.644972324371338 -0.6594595909118652 0.065934 0.193494 0.066754 0.0
2 -18.93244552612305 3.069749355316162 -0.49730584025383 12.079847 2.926371 2.908585 0.02039223
1 4.964523792266846 -2.415935516357422 -1.001725196838379 4.112889 1.679377 1.419145 0.01155579
4 27.65411376953125 22.05611419677734 -1.086058259010315 1.500461 0.928908 1.383381 0.8264323
1 7.315330028533936 0.2198596149682999 -0.7918110489845276 3.144205 2.078475 1.843934 0.01366677
6 23.9133415222168 -2.801409721374512 -0.1680594682693481 1.069852 0.481013 0.137203 -0.004090402
4 -51.72297286987305 25.89123725891113 -1.957490921020508 1.453822 0.481952 0.707118 3.063356
1 -7.030564308166504 -2.686963558197022 -1.083340644836426 4.462125 1.980201 1.412763 -0.02434311
3 28.55741500854492 -16.24937438964844 -0.593831479549408 0.31962 0.238999 1.253994 0.6132107
1 48.31565856933594 -17.78027725219727 -0.6496862769126892 2.289466 0.772254 1.109528 1.645643
2 44.70461273193359 30.16827011108398 -0.4868824481964111 5.531089 2.200314 2.626872 1.347314
5 17.24946594238281 18.81534004211426 -1.572774767875671 0.129601 0.251004 0.513523 0.1790359
5 20.87983703613281 -9.698124885559082 -1.363460779190064 0.322914 0.247872 0.408739 -0.0785805
1 41.78916168212891 20.14092063903809 -0.8294919729232788 4.018385 1.323434 1.488402 1.134596
2 8.848834037780762 3.173666954040527 -0.6827171444892883 0.497886 1.019056 1.380409 0.1606679
6 -14.07596015930176 -3.366966962814331 -0.7758204936981201 2.085804 0.750727 0.643978 0.0
1 18.04971122741699 -1.689480900764465 -0.905161440372467 3.643795 0.482547 1.376449 0.0147609
6 -19.84171485900879 -3.652565956115723 -0.4703552424907684 1.234681 0.640553 0.357657 7.359717e-17
1 -1.107657909393311 -3.125072956085205 -0.8400768041610718 5.036453 1.947799 1.611624 0.03578502
2 26.80500984191895 6.426116466522217 -0.1187097802758217 11.92549 2.647295 2.758168 0.3137625
3 28.07494163513184 25.30805206298828 -1.173399567604065 0.643168 0.88557 1.470885 -2.47816
2 12.33101177215576 -2.228970050811768 -0.7341479659080505 4.432967 1.639405 1.945133 -0.003878647
1 10.87179851531982 3.641876935958862 -0.7788405418395996 3.704073 1.785024 1.935163 0.09191856
5 18.76522827148438 19.17049789428711 -1.657857894897461 0.23611 0.158439 0.521178 0.0