1 46.04278945922852 -19.77364349365234 -0.5349554419517517 4.207763 1.743418 1.439895 1.649176
1 18.15043830871582 -1.677165627479553 -0.9219160079956055 3.864805 0.534348 1.423331 -0.01453837
2 41.8143424987793 19.42448997497559 0.1291144043207169 9.897981 2.688013 3.592522 2.439493
4 -15.27591037750244 -9.354958534240723 -0.8806779384613037 1.799556 0.595329 1.623568 0.05873962
1 4.963545322418213 -2.482589960098267 -1.024283409118652 4.19072 1.781561 1.434709 -0.001916337
1 47.08685302734375 -3.52918004989624 -0.5787719488143921 0.907068 0.592776 1.05698 0.0256487
2 12.36887550354004 -2.246861934661865 -0.7069283127784729 4.540039 1.813212 1.899664 -0.02609459
1 2.786434650421143 3.491955280303955 -0.9382181167602539 4.157156 1.706311 1.635007 0.005523876
1 -18.85697364807129 3.541378736495972 -1.206812381744385 3.819841 1.57566 1.447481 0.02517971
1 -7.031712055206299 -2.677958011627197 -1.073378801345825 4.437578 2.012503 1.427267 -0.01890193
1 44.03753662109375 34.34810256958008 -1.041909217834473 4.950377 1.688889 1.880912 -1.340177
3 32.93500137329102 35.41776275634766 -1.172025680541992 0.256509 0.36878 1.069088 1.854512e-15
6 -14.09734153747559 -3.400384902954102 -0.7004132866859436 2.06152 0.792744 0.489867 0.04751959
1 19.61123847961426 3.128781318664551 -0.6969696283340454 1.4022 0.521768 0.82406 -4.88916e-17
2 52.72513961791992 -22.50540161132813 0.6687256097793579 11.193289 2.854161 3.207103 1.649176
6 49.88283920288086 -35.20870208740234 -0.7365700602531433 2.26171 1.267021 0.40176 1.649176
3 28.36356925964356 24.12610816955566 -1.145686984062195 0.339914 0.487104 1.438394 0.4029637
1 24.53165245056152 -2.677865743637085 -0.336508572101593 2.329252 0.777002 0.552457 0.0
6 -19.82640647888184 -3.692262649536133 -0.4735905528068543 1.249247 0.688924 0.360138 0.04751959
1 9.25500202178955 3.352420806884766 -0.9796099662780762 4.563629 1.788413 1.426234 0.007663168
2 26.93367195129395 17.12059593200684 -0.2749422192573547 11.950885 3.162812 2.933692 -2.632
1 -20.91226959228516 16.97014427185059 -1.486963510513306 3.284403 1.752411 1.445271 2.976329
6 20.87899589538574 0.6846016645431519 0.005464479792863131 0.972292 1.35464 0.231907 0.0
1 48.73626327514648 -17.83309364318848 -0.6691750884056091 2.472977 1.604355 1.180835 1.649176
2 46.71480178833008 -27.37245178222656 0.5326269268989563 5.976543 2.482629 2.662255 1.649176
6 20.81208419799805 -9.681096076965332 -1.291516542434692 0.271484 0.26889 0.275707 -9.21386e-16
1 14.94429683685303 3.346627235412598 -0.7846423387527466 2.99633 1.582642 1.703988 0.01066082
1 -1.125755190849304 -3.146993398666382 -0.8043121099472046 5.051827 1.964919 1.543418 -0.003596842
1 -6.120011806488037 3.342166662216187 -0.946373462677002 5.010996 2.03288 1.747673 0.005322293
4 27.42695617675781 21.97971725463867 -1.092119574546814 1.790152 0.656864 1.39143 -1.875332
4 1.803351044654846 -6.482147216796875 -0.985416829586029 1.740941 0.728513 1.500195 -0.01890193
2 -6.142786502838135 -0.02750240638852119 -0.6329200863838196 6.055281 2.271236 2.190768 -0.005398151
1 7.354207038879395 0.1950344145298004 -0.781082034111023 3.134014 2.080787 1.828787 0.0
2 -56.71814727783203 17.26372146606445 -0.7488681674003601 7.05554 2.521747 1.798001 2.992877
4 33.18906784057617 24.69838523864746 -1.171384215354919 1.156869 0.644421 1.335226 -2.80908