1 -33.30362701416016 -3.544978857040405 -1.546353220939636 2.84616 1.540148 0.97968 -0.05306388
6 -8.119091987609863 -7.210079193115234 -1.670574069023132 0.118253 0.122227 0.273257 0.0
1 -0.8028166890144348 4.517491340637207 -1.118019700050354 4.383572 1.965242 1.444427 -3.137076
1 45.91353988647461 17.72125244140625 0.157400906085968 4.024009 1.49088 1.817199 1.563143
1 -15.99321746826172 -5.853966236114502 -0.9874715209007263 3.964419 1.366142 1.883443 0.05905909
1 -17.67374992370606 32.26852416992188 -1.555490136146545 1.690339 1.887823 1.65849 1.616715
1 18.22236633300781 16.8614673614502 -1.144119620323181 2.152062 1.282253 1.150316 1.333574
1 -0.660778820514679 33.17851638793945 -1.111521482467651 2.576575 1.333657 0.992496 1.593495
3 -52.15419769287109 8.070047378540039 -2.089683294296265 0.383464 0.507869 0.701208 -3.140271
1 -27.14675903320313 16.8149528503418 -1.353286862373352 2.166416 1.42258 1.201434 1.672287
1 -24.64889335632324 15.70661067962647 -1.40324854850769 0.68057 1.246029 1.113135 1.595065
1 -31.36239624023438 -5.213390350341797 -1.813437938690186 4.107208 1.222223 0.683667 0.05673827
1 7.774452686309815 28.41274261474609 -1.427624106407166 4.188309 1.640061 1.518144 1.590144
1 8.770078659057617 16.99411582946777 -1.042563199996948 2.831904 1.623221 1.424079 1.641907
1 6.004123210906982 -5.513895988464356 -1.010091662406921 3.253983 1.917807 1.541643 -0.1230655
6 -57.23296737670898 -3.939124822616577 -2.09091854095459 0.751142 1.485101 0.299645 0.009096554
2 0.9604797959327698 -5.752919673919678 -0.6397786140441895 5.71397 2.402438 2.212372 0.001745419
1 -22.36027526855469 -0.6872574090957642 -1.053788304328919 3.459554 1.820361 1.07915 0.02038334
1 41.4024658203125 2.652506828308106 -1.092151284217835 1.735469 0.741426 1.141695 -0.01280767
1 20.73909378051758 17.7747974395752 -1.032982587814331 2.999478 1.569442 1.165669 1.516761
1 -21.04549217224121 -5.990638256072998 -1.260084867477417 3.92887 1.381405 1.394184 0.02211756
1 -6.951778888702393 -3.515078544616699 -1.025864720344544 4.385283 1.969319 1.558734 -0.01145178
1 11.35443019866943 16.82185363769531 -1.085133075714111 2.097854 1.553861 1.121511 1.714209
3 -12.92827796936035 -11.18724250793457 -0.9935704469680786 0.732152 0.720677 1.586586 0.6164595
6 -26.61372947692871 4.887588977813721 -1.93363881111145 0.277304 0.524552 0.291364 -3.110584
1 1.523702383041382 43.38067626953125 -1.809999465942383 1.192803 1.626415 0.837156 1.579189
1 -6.034183502197266 -0.05448755249381065 -1.066458940505981 3.785991 2.080677 1.335045 -0.004487095
1 -31.82371520996094 16.65565490722656 -1.667901515960693 2.789598 1.187906 1.16477 1.535574
1 -0.8349671363830566 16.55277633666992 -1.036574602127075 1.807212 1.911382 1.351121 1.608651
1 -37.39986038208008 4.208349227905273 -1.71099066734314 3.847126 1.627525 1.502912 -3.084388
1 12.61786365509033 50.05107498168945 -1.623501539230347 4.141962 0.438363 1.001833 1.639418
1 3.747792720794678 33.81337738037109 -1.418569326400757 3.625832 2.479015 1.598899 1.858272
1 -15.37441635131836 17.0001106262207 -1.411495566368103 3.101394 1.798229 1.298491 -1.248917
5 -4.210912704467773 -7.123591899871826 -1.55423903465271 0.255886 0.455643 0.303516 1.498878
5 -5.553605556488037 -7.091282367706299 -1.554312944412231 0.229887 0.422174 0.263316 1.498878
2 23.06142044067383 0.4517268836498261 -0.5892844796180725 0.529627 1.763662 1.329137 0.02930017
1 -38.97288131713867 16.46076583862305 -1.132137894630432 1.338272 0.255928 0.512789 -1.55064
1 8.579941749572754 44.21004867553711 -1.612876653671265 3.651291 1.81456 1.241487 1.620822
5 -2.850519895553589 -7.071876525878906 -1.551679372787476 0.168074 0.428008 0.296009 1.498878
1 -3.253513336181641 32.1093635559082 -1.303674697875977 0.921965 0.703792 1.366027 1.722479
1 -36.13054275512695 -5.106038570404053 -1.907117366790772 3.945458 0.278347 0.730888 0.002075594
1 -19.68346977233887 4.451028347015381 -1.393054485321045 3.988313 1.669246 1.411986 -3.05937
1 44.62633514404297 5.594038486480713 -1.048504590988159 2.202671 1.3954 1.354536 -3.133922
1 -22.20979309082031 17.49754142761231 -1.596512913703919 4.243319 1.467249 1.350409 1.57913
1 -12.82250118255615 17.08141136169434 -1.355552196502686 3.250663 1.596889 0.873698 1.661732
1 15.71500492095947 17.76883506774902 -1.02046537399292 4.057746 1.657524 1.357201 1.551364
3 29.86816215515137 -10.85080146789551 -0.3303980529308319 0.525405 0.607599 1.031645 -0.1008126
3 45.84723663330078 7.201491832733154 -0.8354994654655457 0.202546 0.402081 0.902952 -3.114535
1 6.622326850891113 0.1642740964889526 -1.005081653594971 3.081415 2.037495 1.5792 0.03639317
1 -19.86452674865723 32.42900848388672 -1.778328537940979 1.68487 0.99696 1.177169 1.614585
1 -29.0291748046875 28.15059852600098 -2.084396839141846 3.732451 0.314391 0.609445 1.559095
5 -6.8878493309021 -7.155563354492188 -1.592080354690552 0.293349 0.416047 0.279478 1.500485
6 -41.67433929443359 6.083068370819092 -2.119538545608521 0.258684 0.876856 0.618589 1.398569
4 44.8807373046875 8.630583763122559 -1.286410689353943 1.189559 0.967672 0.659423 -3.098787
1 -25.62582015991211 -5.749166965484619 -1.3370201587677 4.051531 1.671716 1.48193 0.00466586
2 -9.861113548278809 -5.926768779754639 -0.5983737111091614 5.395417 2.044441 1.938154 0.02611479
3 13.06357669830322 -18.29682731628418 0.3801342844963074 0.340587 0.318058 1.213553 -0.2030505
1 -3.238285064697266 17.13579940795898 -1.040207862854004 3.37032 1.487024 1.532566 1.469706
1 34.21238708496094 -2.717333316802979 -1.037150025367737 1.817335 1.770422 1.312556 0.02984683
1 42.0654411315918 -1.316538572311401 -0.848090410232544 1.004181 1.392198 1.630584 0.04577386
1 6.383769512176514 16.76340866088867 -1.03568172454834 2.32238 1.760308 1.441151 1.644035
1 -34.40609359741211 15.83024406433106 -1.667370319366455 0.837135 1.254796 0.934798 1.623677
1 22.84064674377441 17.6624870300293 -0.8971268534660339 3.528979 1.317845 1.267565 1.618291
1 -43.84671401977539 15.81496047973633 -1.676470637321472 1.291687 1.31179 1.372003 -1.575797