4 -53.83553314208984 -5.421395778656006 -1.176053524017334 1.552635 0.765767 1.409804 -0.1261627
2 0.7589712142944336 -3.29742693901062 -0.6271724104881287 12.709879 2.953881 2.259271 -0.007602223
6 4.857837200164795 6.839907646179199 -0.6839145421981812 0.551717 0.296316 1.16872 0.01117668
6 10.61277008056641 -4.189942359924316 -1.179779648780823 0.438026 0.897111 0.494671 -0.02256838
6 24.01053237915039 4.894365310668945 -1.093913555145264 0.474874 0.375045 0.297486 -0.004957817
3 44.84836959838867 35.37562942504883 -1.383317470550537 0.419131 0.370332 1.171535 -1.602789
4 41.00652694702148 31.04107093811035 -1.547791242599487 0.901306 0.560228 1.012424 2.971573
1 -33.1811637878418 5.463484287261963 -1.16155743598938 3.980165 1.950317 1.590609 -0.0177749
1 -12.09643936157227 3.481354475021362 -0.8804545402526855 4.116784 1.928782 1.929437 -0.0967625
1 -6.845027446746826 -0.1004630625247955 -1.006744623184204 4.090355 2.207143 1.531254 0.07485604
1 11.59542560577393 2.627674341201782 -0.9271910190582275 4.625 2.164335 1.678524 -0.004727467
2 23.16023063659668 -0.6799817681312561 0.3520062863826752 12.020256 2.565212 0.980069 -0.01468447
2 45.80306243896484 20.58782577514648 -0.6442093253135681 5.96451 1.676695 1.650488 3.027455
1 6.382870674133301 -0.2049349546432495 -0.7969291806221008 3.88906 1.822499 1.935956 0.07231814
2 21.85248374938965 -3.635930776596069 -0.366211324930191 11.27795 2.727087 2.666245 0.003223734
2 -1.449437379837036 4.768613338470459 -0.6692600846290588 11.168171 2.797192 2.353339 0.01023628
2 25.81908226013184 2.797255992889404 -0.4002227783203125 4.872255 2.22689 2.895045 -0.0165719
3 34.89987564086914 35.7506217956543 -1.042926549911499 0.534404 0.270891 0.735092 3.076404
1 18.85122489929199 2.968956232070923 -0.8477985858917236 4.04542 1.688982 1.747391 -0.004727467
1 -14.6796817779541 -0.04243224859237671 -0.2107930928468704 5.392305 2.213278 1.401037 0.00633682
2 53.07747268676758 20.34286880493164 -1.079272747039795 0.25869 1.266662 0.580282 2.96515
6 -19.50885772705078 1.569239735603333 -1.519746661186218 0.408848 0.646944 0.671233 -1.561153