1 -1.090752959251404 -3.09955620765686 -0.8417583703994751 5.044902 2.081487 1.617405 0.07039682
5 18.74237632751465 19.16486167907715 -1.635337829589844 0.197034 0.13172 0.478609 -0.1064205
1 4.936460494995117 -2.442362308502197 -1.014781951904297 4.1547 1.785554 1.491835 0.008871763
1 48.75302124023438 -17.86053466796875 -0.6973465085029602 2.5451 1.657169 1.180211 1.647492
5 14.18936443328857 18.33664894104004 -1.647269129753113 0.160769 0.258016 0.392263 -0.1064205
1 7.373011589050293 0.2540609836578369 -0.7826830148696899 3.197402 2.095165 1.82049 -0.0002865791
2 33.62831878662109 20.84185409545898 -0.06946609914302826 11.65264 3.120308 3.380597 -2.825608
1 1.957578778266907 3.539008855819702 -0.9729604721069336 4.24917 1.804262 1.556458 0.01632475
4 1.773058652877808 -6.596724510192871 -0.9128249287605286 1.639462 0.809703 1.325231 0.06759702
6 -5.270401000976563 -2.967289447784424 -0.05787966027855873 0.508469 0.354551 0.114057 -1.475844
6 21.17229270935059 0.6958180665969849 0.0716647207736969 0.312851 0.780592 0.102385 0.0
4 49.85223007202148 26.53891181945801 -1.083151936531067 1.147217 0.485519 1.126092 3.140088
6 -19.76850700378418 -3.635400056838989 -0.4699837267398834 1.33114 0.55881 0.342215 3.121227
1 45.84706497192383 -19.76002311706543 -0.598060131072998 4.087905 1.344265 1.51285 1.682104
2 46.80745315551758 -27.34656715393066 0.5423387885093689 5.97576 2.335111 2.784951 1.660354
1 49.86518859863281 -35.1793098449707 -0.5864738821983337 2.289532 1.297862 0.828271 1.65694
1 -6.97977876663208 -2.671881914138794 -1.090471744537354 4.337182 2.047171 1.463206 0.02672629
1 17.99161529541016 -1.656337976455689 -0.9089095592498779 3.490783 0.519616 1.335148 0.0
6 24.22375869750977 -2.880775928497315 -0.1290548741817474 0.088203 0.397668 0.016311 -0.4508162
2 52.75833129882813 -22.60158348083496 0.5987885594367981 11.016555 2.783487 3.146646 1.664825
1 9.24390697479248 3.385038375854492 -0.9986578822135925 4.38193 1.984044 1.455092 0.06325585
6 29.27244567871094 5.388680458068848 -0.2765499353408814 0.495221 0.176242 0.197285 -1.658649
3 28.27796936035156 25.18491554260254 -0.8747202157974243 0.967512 0.680044 1.242266 0.4437295
6 3.137739896774292 -2.559284448623657 0.04785774648189545 0.883292 0.568959 0.176993 -1.439045
1 7.003560543060303 13.4344425201416 -0.8992958664894104 3.460866 1.850298 0.870506 -0.02526064
1 19.97243881225586 3.184508085250855 -0.7094748020172119 1.893899 0.497883 0.829996 0.09760896
2 -53.48505783081055 16.85291290283203 -0.754899263381958 0.5966 2.387562 1.838726 2.975942
3 27.44064521789551 21.88491821289063 -1.037124991416931 0.674708 0.832549 1.283407 0.1008805
2 12.46764087677002 -2.242499113082886 -0.7124909162521362 4.716459 1.651643 1.886306 0.008962657
2 -6.151386737823486 -0.05835225805640221 -0.6348534226417542 6.011094 2.337484 2.19773 0.01592731
3 -29.85602188110352 -9.564958572387695 -0.9797170162200928 0.597378 0.466435 1.667982 3.049868
1 42.81646347045898 39.96814346313477 -1.136088490486145 5.139581 1.727215 2.000263 -1.570537
6 -1.895247220993042 -4.646557807922363 -0.660025417804718 0.070622 0.16284 0.06776 -2.998003
5 17.23486328125 18.78275871276856 -1.547290444374085 0.215341 0.179225 0.459553 -0.1064205
1 -16.86481475830078 3.582908630371094 -1.013068079948425 2.7414 1.987736 1.638555 0.03138795
6 20.85134124755859 -9.678762435913086 -1.304337739944458 0.263126 0.275545 0.281152 -1.844333e-15
1 14.9311056137085 3.315694332122803 -0.7837792634963989 2.931308 1.618013 1.67734 0.03397775
2 44.82990646362305 16.76933288574219 0.07873927801847458 12.228724 2.88086 3.776947 1.826313
1 -13.75129413604736 -3.248343944549561 -0.7848891019821167 2.759232 1.097249 0.661468 0.044893