1 -19.66316604614258 -0.2073194086551666 -1.140383362770081 3.742698 1.850387 1.381485 0.0
6 18.55800819396973 -20.72269630432129 0.05080217495560646 0.200868 0.1839 0.306595 0.0
3 2.426359415054321 -14.0715913772583 -0.5806172490119934 1.064349 0.646695 1.610516 2.1272
1 -52.72927856445313 7.192894458770752 -1.113764882087708 1.224313 1.456875 0.84569 3.141592
3 38.51437377929688 -18.51415824890137 -0.2819135189056397 0.395885 0.250821 0.826753 1.043708
2 -49.88105392456055 22.17979049682617 -1.078336358070374 2.291073 0.470399 1.990178 1.637414
1 26.20901489257813 11.50907516479492 -1.594480872154236 1.954204 1.09668 1.155359 3.141592
2 35.73829650878906 -3.787854909896851 -0.1305596828460693 11.840178 2.832188 3.218379 -0.01877544
5 10.43049621582031 -14.53301525115967 -1.230811357498169 0.178696 0.13572 0.456654 0.0
1 15.03374099731445 -17.2320499420166 -0.8246517777442932 4.366889 2.285204 1.505771 -0.9951661
5 7.364393711090088 -12.57213687896729 -1.29483437538147 0.122099 0.127869 0.528108 -2.637815e-15
5 40.48283767700195 -13.96121120452881 -1.271821618080139 0.303899 0.313992 0.598748 0.0
3 -20.33262252807617 5.681459903717041 -0.6805709600448608 0.409114 0.585689 0.79755 1.594401
4 -8.769659042358398 -11.17176628112793 -0.9996575713157654 1.869366 0.725382 1.006288 1.748456e-07
5 4.097522258758545 -10.83987522125244 -1.337743997573853 0.144951 0.192883 0.566226 -3.18744e-15
1 -44.73978424072266 -3.439095258712769 -1.3337322473526 1.031263 1.846177 0.843973 0.0
3 5.37734842300415 -15.86084842681885 -0.4745029509067535 0.823702 0.679 1.74361 1.986157
3 36.2901611328125 17.92901229858398 -1.357467532157898 0.556706 0.515957 1.049021 3.141592
2 -4.72567081451416 -3.101255893707275 -0.7645412087440491 5.261076 2.313455 2.030807 0.0
5 8.90449333190918 -13.5052661895752 -1.230870604515076 0.169358 0.117071 0.471049 -3.163034e-15
1 36.155517578125 -15.13977432250977 -0.9843830466270447 4.738316 1.777567 1.294768 0.9305847
5 5.801830768585205 -11.66443729400635 -1.368505954742432 0.183202 0.135034 0.597801 1.897833e-15