4 -31.55515861511231 7.614523410797119 -1.528903961181641 1.450796 0.542449 0.858578 -3.106341
1 8.527186393737793 17.19543266296387 -0.863985002040863 4.063941 1.822437 1.711819 1.601852
1 0.2799381911754608 -3.499964714050293 -0.9091218113899231 4.53726 1.770725 1.488761 0.04093318
1 20.57146263122559 28.99727439880371 -0.7039112448692322 2.882167 1.927171 1.389322 1.624717
1 -43.84908294677734 15.57810211181641 -1.653092861175537 2.487137 1.279922 0.893616 -1.642309
1 39.42367553710938 17.86167144775391 -0.9434817433357239 3.158948 0.25785 1.150931 -1.515195
4 15.84545707702637 7.977119445800781 -1.25922966003418 0.958762 0.676551 1.249096 0.2562005
1 36.66577911376953 0.5526283383369446 -0.5660136342048645 0.905694 1.712 1.905511 0.03442355
4 23.06047439575195 7.916088104248047 -1.031026601791382 0.353657 0.718039 0.977999 0.3621452
1 10.85315132141113 28.50070571899414 -0.8215884566307068 4.158023 1.733786 1.701956 1.538609
1 -51.90339279174805 -17.4285945892334 -1.153552412986755 0.871136 0.401313 0.768996 -1.253276
4 29.75544357299805 10.18368625640869 -0.606501579284668 0.624332 0.54237 0.501508 1.456666
6 35.46133041381836 -5.363574981689453 -0.8231108784675598 0.402094 0.118643 1.107261 -1.793354
3 -21.50825309753418 -12.03478240966797 -0.6792410612106323 0.388088 0.538555 0.975801 0.0437707
1 -55.49041748046875 -10.2611780166626 -1.887141108512878 1.7074 0.114452 0.677729 -0.9194074
4 44.16596603393555 7.099467277526856 -0.3971585929393768 0.690911 0.593654 0.568242 0.09373728
1 37.67311859130859 33.55099105834961 -0.8215078115463257 2.101975 2.042513 1.372876 -2.344216
1 -44.24143600463867 -17.05643844604492 -1.438682913780212 2.994396 1.651681 0.903842 -1.792092
3 -21.74965667724609 -12.5774564743042 -0.6876885294914246 0.306178 0.459875 0.978373 0.0437707
1 40.43320465087891 -2.60083532333374 -0.9663033485412598 0.857604 0.247575 0.85933 0.07230704
3 10.5355281829834 33.20024108886719 -0.5127722024917603 0.283559 0.637145 1.36508 -1.065744
1 -36.97552871704102 -8.385512351989746 -1.556936383247376 1.496959 1.605097 1.264561 -2.640027
1 9.398265838623047 -3.69001841545105 -0.8770939111709595 4.101933 1.92688 1.71225 -0.06023649
4 33.24079513549805 -5.170166015625 -0.8520902991294861 0.625725 0.344563 0.934664 -1.806629
3 27.15679550170898 2.382011651992798 -0.7400142550468445 0.739597 0.702306 1.585911 -2.416711
1 26.57095909118652 0.08884289860725403 -1.057464599609375 3.084946 1.84808 1.073111 0.03724896
1 -3.460209131240845 17.02008247375488 -0.9656116962432861 4.141716 1.884325 1.59115 1.584306
3 30.00136947631836 24.02081108093262 -0.316940575838089 0.215441 0.488356 0.501337 1.358963
1 31.57146835327148 6.571331977844238 -0.8897665143013 4.152825 1.427011 1.385808 -1.571242
4 27.65245246887207 8.484041213989258 -0.8121231198310852 1.58003 0.612172 0.551919 1.508177
4 21.16351318359375 7.866447925567627 -1.092743635177612 0.871876 0.605044 0.972796 0.3621452
3 29.51186561584473 23.1400260925293 -0.4536097347736359 0.335195 0.410277 0.846959 1.305861
6 -55.92622756958008 -4.667594909667969 -2.037420988082886 0.996494 1.364676 0.360275 -0.07038533
1 49.41876983642578 16.88672256469727 -0.3540573716163635 1.828441 0.370256 0.935344 1.541741
1 31.00572013854981 -3.132726192474365 -0.8408535718917847 4.287101 1.897967 1.341184 -0.01618407
3 29.81865692138672 21.18589973449707 -0.6275752782821655 0.401705 0.470712 1.584966 1.305861
3 -7.493337154388428 -12.48554134368897 -0.6693314909934998 1.084192 1.047292 1.809538 0.7929839
6 -41.48373413085938 9.999702453613281 -1.385858654975891 0.649977 0.748017 0.10814 -1.601682
4 13.26045322418213 8.11984634399414 -1.211802124977112 1.82287 0.63709 1.363762 3.019943
4 31.84998321533203 -5.300486564636231 -0.8068234920501709 0.652741 0.488316 0.833043 -1.784429
1 -36.28786087036133 20.45526504516602 -1.395057916641235 2.501874 1.42869 1.084611 -0.1111541
1 1.382427334785461 27.94234085083008 -0.9215355515480042 4.06277 1.72814 1.602776 1.631712
1 -41.94916152954102 -12.63911247253418 -1.282078146934509 3.985018 1.589766 1.484594 -2.283728
4 11.25496768951416 8.174763679504395 -1.371138691902161 2.180487 0.602622 1.089981 3.071147
6 27.94331741333008 -5.668468952178955 -0.5074577927589417 2.00057 1.407098 0.47384 -0.0242642
1 -10.33846569061279 17.76502990722656 -1.109639525413513 4.860318 1.987079 1.449787 -1.491799
3 41.52886199951172 -11.68068885803223 -0.2548098564147949 0.245455 0.560816 0.778321 -0.03540973
1 -18.06094360351563 -0.4770908951759338 -1.278257369995117 2.556304 2.063486 1.457726 0.04454811
4 25.40957641601563 7.770867347717285 -1.212525486946106 1.457478 0.507737 0.891903 1.798217
3 36.95850372314453 41.08626937866211 -0.6369085311889648 0.468476 0.708929 1.507387 0.7350684
6 28.23446273803711 8.481395721435547 -0.9263577461242676 0.780956 0.107947 0.423955 1.375182
1 13.23390102386475 17.16346740722656 -1.000143051147461 4.271212 1.542795 1.327751 1.574347
1 -35.32283401489258 22.98719787597656 -1.837298631668091 1.138929 1.14752 0.568275 3.141592
4 -23.48763084411621 14.23061275482178 -0.9484562873840332 0.87474 0.207397 0.967883 -1.154246
4 26.96451187133789 7.398350715637207 -1.046233177185059 1.426486 0.612926 1.059471 1.524285
3 0.4072454273700714 -11.29675388336182 -0.6751406192779541 0.680775 0.83959 1.713812 -3.096621
4 17.20518684387207 7.862263202667236 -1.092588901519775 0.780381 0.869822 1.045056 0.3621452
3 -21.24470329284668 -12.90507793426514 -0.6878734827041626 0.440487 0.522156 0.989075 0.0437707
6 31.01260566711426 -5.312883853912354 -0.7023756504058838 0.383228 0.273801 0.640171 -1.599962
1 16.32113838195801 -3.661343812942505 -0.9470183849334717 3.786346 1.630523 1.494873 0.0