1 22.41689491271973 -39.48531341552734 -0.8235993981361389 3.26693 1.636158 0.944792 -0.1137102
1 18.47859382629395 9.987563133239746 -0.8800572156906128 3.308904 2.023325 1.511871 -0.2332731
3 -44.40594863891602 -23.13780784606934 1.120009183883667 0.324291 0.71689 1.083617 -3.12995
4 5.649811267852783 -17.45269775390625 -1.338506102561951 1.899812 0.976102 0.896443 1.256504
3 -8.829414367675781 24.89417266845703 -0.6106476783752441 0.494772 0.604038 1.04941 1.479924
1 1.072829008102417 35.23545455932617 -1.072428464889526 3.592392 1.945109 1.345499 -1.75409
3 28.10391616821289 -29.08966636657715 -0.4736857712268829 0.32244 0.613385 0.888807 2.26285
1 25.78703117370606 -8.388113021850586 -1.089891314506531 1.458858 1.401277 1.192647 -0.1304068
1 16.47148895263672 -4.158489227294922 -1.017283916473389 3.313481 2.029349 1.696142 -0.1766669
6 -7.257193565368652 -21.36723327636719 -0.8756003379821777 1.23415 0.973161 0.550946 1.066698e-15
3 -7.341213226318359 26.64378547668457 -0.733534038066864 0.127728 0.354461 0.487489 1.922829
1 44.67995452880859 2.907225608825684 -1.413616418838501 3.487897 1.399277 0.92979 -0.1257385
4 -6.572873115539551 12.94150829315186 -1.031294703483582 1.042513 0.575102 1.016443 -1.707219
3 6.725351810455322 -20.51324081420898 -0.7409305572509766 0.277433 0.610746 0.835707 -1.200355
1 21.31405448913574 26.35016059875488 -0.7898516058921814 4.100068 1.689419 1.19489 -0.1291609
1 19.82263946533203 28.94314384460449 -0.5924562811851501 0.650987 0.920841 0.749673 0.08321406
1 -2.81751012802124 22.85138702392578 -1.115134119987488 3.282329 1.845188 1.476974 -1.860364
1 27.54098892211914 -3.252296924591065 -1.35459578037262 3.973615 1.977144 1.378049 -0.1024
1 -0.6446008086204529 38.78180313110352 -0.8398879170417786 5.001046 1.481418 2.081008 -1.704787
4 4.448784828186035 -20.48031997680664 -1.151433825492859 2.50728 1.144155 1.517981 0.8157889
4 14.55047798156738 4.528030872344971 -0.7168019413948059 0.444316 1.95701 0.614903 -0.5449335
3 -8.136141777038574 26.11018180847168 -0.6056281924247742 0.369572 0.591105 0.739829 1.452199
3 -11.33149242401123 2.77779221534729 -0.5141558051109314 0.599999 0.628999 0.944717 -0.5703698
3 30.24302291870117 -5.071322917938232 -0.8755242228507996 0.336742 0.613264 1.421069 2.797957
1 42.98862075805664 -2.141863107681274 -1.244269728660584 3.947964 1.775582 1.40545 1.407408
1 18.81165885925293 16.96642112731934 -0.9909394979476929 2.151788 1.682911 1.557396 -0.04249131
1 18.32549667358398 7.596311569213867 -0.9453935027122498 4.169307 1.800326 1.113898 3.017612
2 -2.277191638946533 28.1025390625 -0.6477022767066956 5.469695 2.071429 2.337493 -1.704787
1 25.66560173034668 -10.52121925354004 -1.319387078285217 1.926566 1.961438 1.340792 -0.2202754
3 9.416974067687988 -25.47614669799805 -0.8720980286598206 0.164876 0.345114 1.248721 1.17843
1 18.75473976135254 19.41754531860352 -0.7826611995697021 1.217371 1.331693 1.075834 -0.05873394
1 15.42431259155273 -13.504469871521 -1.115899562835693 4.110408 1.407369 1.639454 -0.1097577
1 27.04117393493652 -12.50973796844482 -1.05277144908905 2.755722 0.443516 1.023705 -0.1528909
1 18.15348434448242 4.9317946434021 -0.8566948175430298 2.822726 1.542633 1.233477 -0.1154098
3 12.0827693939209 -24.54694747924805 -0.7725821137428284 0.386141 0.621374 1.317582 1.529413
3 5.572655200958252 -18.7647590637207 -0.7414293885231018 0.38747 0.669747 0.952001 2.252487
1 -4.110761165618897 -6.387080669403076 -1.037824153900147 4.24178 1.971906 1.478564 -1.740834
1 0.4193645119667053 -25.06636047363281 -0.9769383072853088 1.011154 0.549211 0.599964 3.141592
1 29.308349609375 10.59886837005615 -0.6817494034767151 2.934057 1.306619 0.747925 -0.2186163
4 15.88177585601807 -27.03035354614258 -0.9374685287475586 0.774379 0.513278 1.220299 -0.1976124
4 0.9272098541259766 -6.517490863800049 -0.9917638897895813 2.14624 0.95355 1.614846 1.175428
1 19.22164535522461 14.21786022186279 -1.023179292678833 3.459592 1.673509 1.295867 -0.1118977
1 16.42943000793457 -8.996368408203125 -1.08697235584259 4.621923 2.228015 1.483644 2.97992
1 33.82426834106445 9.803269386291504 -0.7949142456054688 1.572007 1.203616 0.768587 -0.05468823
3 -11.05026245117188 6.813520431518555 -0.4724156856536865 0.759103 0.462326 1.001801 -2.277434
1 23.88497352600098 47.22784423828125 -1.122421264648438 3.227301 0.491685 0.800129 -0.03000156
1 2.494985580444336 19.47304725646973 -0.7928178906440735 2.716908 1.430807 0.803016 -1.614858
3 8.960103988647461 -25.07408332824707 -0.6198669672012329 0.383319 0.498893 1.02942 1.416368
1 -3.730440855026245 -14.70023727416992 -0.9715006947517395 4.084491 1.8867 1.712766 -1.700827
1 27.31946182250977 -5.33521318435669 -1.058362722396851 2.744985 0.77508 0.867482 0.0
1 14.91194820404053 -28.0164794921875 -1.002381443977356 2.203661 0.474129 1.352348 -0.1581571
1 0.8758988976478577 -13.58117198944092 -1.045068502426148 3.942407 1.665944 1.568417 1.345852
3 28.72880172729492 -28.72994995117188 -0.5834421515464783 0.506804 0.531941 1.106996 2.223681
1 0.4138627350330353 6.525238513946533 -1.071452140808106 3.894324 2.075104 1.440238 -1.733219
1 2.334882020950317 -23.61752510070801 -1.216384768486023 3.614946 1.541957 1.592073 0.7968059
4 -7.485785961151123 -19.54726028442383 -1.252428412437439 0.891586 0.35547 0.943822 2.835514
1 11.42489051818848 -39.96514129638672 -0.5155459046363831 1.910862 0.730212 0.972266 -0.09020715
3 4.19264554977417 -30.13554191589356 -0.07502241432666779 1.018734 1.059253 1.936471 1.39152
1 -10.61135101318359 -53.41928100585938 -1.266754627227783 3.201952 1.481909 1.077977 -1.658314
4 14.03353691101074 48.39098358154297 -1.327609658241272 0.681511 0.412145 1.320282 -1.649528
1 7.769237518310547 -42.24088287353516 -0.5305922031402588 1.407045 0.962241 0.988752 1.400079
1 3.062992334365845 -5.032309055328369 -0.9913466572761536 4.624444 1.958941 1.689956 1.410092
1 52.46514129638672 5.322501182556152 -0.4882332384586334 2.820714 0.948024 0.75332 -0.4523284
4 -6.694246292114258 -17.43303871154785 -1.204811215400696 1.952511 0.59803 1.350477 2.85899
1 17.88580131530762 2.610071659088135 -0.7249979376792908 3.976003 1.79308 1.307709 -0.1940296
3 -28.15006828308106 -24.60108184814453 0.2777797877788544 0.465694 0.330426 1.192128 -0.4734903
1 36.38586044311523 24.25971412658691 -1.030027508735657 2.635182 1.95386 1.392078 -0.1799209
3 6.197939872741699 -25.76774787902832 -1.175817012786865 0.472503 0.705191 1.444228 0.7725921
1 14.12002372741699 -16.17069435119629 -1.027171492576599 2.095019 1.615984 1.394079 -0.1762132
1 25.60478782653809 -15.75569534301758 -1.028179883956909 3.779043 1.401321 1.740918 -0.09564984
1 1.244535803794861 14.1889705657959 -0.6114729046821594 1.971479 2.009636 0.688966 -1.689668