3 46.85610198974609 35.24736404418945 -0.9693816900253296 0.38242 0.212907 0.878579 -1.799532
6 47.41426467895508 30.22738265991211 -1.055314540863037 0.494079 0.330223 0.541322 -3.095774
2 -2.40637731552124 5.039546966552734 -0.6299364566802979 11.054795 3.255273 2.330781 -0.004456136
1 -14.91710376739502 -3.350001335144043 -0.3912218511104584 4.02162 0.761548 1.2417 -0.006783511
1 18.8419189453125 2.940704107284546 -0.8687585592269897 3.923701 1.612127 1.789222 -0.01362037
1 11.68335723876953 2.57978081703186 -0.9228070974349976 4.795357 1.98661 1.668682 -0.02097976
1 -6.856275081634522 -0.124706506729126 -1.015398979187012 4.142735 2.171399 1.507435 0.04582789
1 -14.69379138946533 0.02291857823729515 -0.1693963706493378 5.35596 2.222082 1.316654 -0.02226559
2 53.11093902587891 20.30045127868652 -1.065609216690064 0.404914 1.331005 0.553414 2.878401
6 24.01143264770508 4.870947360992432 -1.045490503311157 0.650131 0.372371 0.240347 0.0
1 -38.23421096801758 5.423105239868164 -1.166434049606323 3.850178 1.805009 1.42465 -0.02226559
3 34.90327453613281 35.76230621337891 -1.039901852607727 0.50493 0.135816 0.748014 3.114309
6 -19.42478561401367 1.60782265663147 -1.491894721984863 0.478665 0.38492 0.648469 0.01218829
2 23.15496826171875 -0.7614907026290894 0.3382746279239655 12.039557 2.603854 1.00665 -0.02574419
2 17.53232383728027 -3.628905534744263 -0.3887653350830078 10.150039 2.795871 2.724586 -0.02466102
1 4.953397274017334 -0.2368832975625992 -0.8038740158081055 1.070442 1.677743 1.949763 0.009677711
2 -6.220124244689941 -3.261185646057129 -0.5734129548072815 12.830882 2.932819 2.442595 -0.02927022
2 45.99539947509766 20.67814826965332 -0.7229973673820496 6.060387 1.831985 1.952753 3.047136
2 26.01284790039063 2.820700407028198 -0.2835597693920136 4.34844 2.217242 2.665962 -0.01362031
1 -14.24545669555664 3.603054523468018 -0.871559202671051 4.129797 1.97279 1.866199 -0.02226559