5 12.72034358978272 18.3162784576416 -1.747065305709839 0.227757 0.236498 0.493665 0.821804
5 20.1738395690918 19.51685905456543 -1.687089204788208 0.160308 0.230702 0.421416 0.821804
5 22.82190704345703 20.85197067260742 -1.667583107948303 0.28558 0.236571 0.473492 0.4068049
1 11.79725933074951 3.367954254150391 -0.9800220131874084 4.158986 1.737587 1.440808 0.01416249
1 -54.70850372314453 17.10115623474121 -0.9199720621109009 3.17123 2.222951 1.589611 2.986044
1 18.06408309936523 -1.680403828620911 -0.9072484374046326 3.651179 0.547375 1.359223 -0.02196557
6 20.7547779083252 0.6261090040206909 0.001338327769190073 1.232111 0.958366 0.226103 0.03340169
1 34.96737670898438 28.60752296447754 -1.212138533592224 4.068677 1.643035 1.17852 1.35859
4 11.95374488830566 -5.892732620239258 -0.5216137766838074 1.070426 0.535769 1.065664 0.003598668
2 43.48918151855469 40.54009246826172 -0.627860963344574 3.94088 3.070439 2.261505 1.530401
1 23.57698440551758 4.23069429397583 -0.7878182530403137 2.060655 1.693363 1.426727 -0.02052181
6 -1.902562856674194 -4.674084663391113 -0.6643421053886414 0.13413 0.201207 0.120545 -0.01925649
2 -6.13953447341919 -0.08055879175662994 -0.5489094257354736 6.056077 2.333424 1.967914 0.03394658
2 12.40435791015625 -2.243501663208008 -0.727820873260498 4.573462 1.620022 1.934975 -0.000509942
3 27.91607284545898 25.40629386901856 -1.162397980690002 0.542252 0.562054 1.447774 0.5144484
2 46.76096725463867 -27.60188865661621 0.44805908203125 6.428667 2.317127 2.672524 1.664491
1 -1.11254608631134 -3.079137325286865 -0.8180890083312988 5.087966 2.051921 1.570951 0.05501119
1 -16.79823684692383 3.49197244644165 -1.23612368106842 2.912016 1.48376 1.418042 0.0
4 1.790860891342163 -6.47719144821167 -1.020630836486816 1.70172 0.60698 1.47305 0.005463321
2 39.26709747314453 4.208213329315186 0.4314931035041809 12.232409 2.561365 1.807668 0.1420196
4 29.29863548278809 16.95938682556152 -0.9530475735664368 1.696217 0.703277 1.511137 -1.937227
4 7.527827739715576 -5.08206844329834 -0.5439367294311523 0.850413 0.553562 0.647377 0.06564335
4 27.53486824035645 21.93899536132813 -1.093023538589478 1.838215 0.646302 1.396029 -2.142583
6 -14.11006259918213 -3.50520920753479 -0.7793664932250977 2.182101 0.345413 0.650146 -0.3261913
2 46.23160171508789 19.5028133392334 0.09540402889251709 12.358177 2.74484 3.692708 2.01468
1 -3.46599555015564 3.624503612518311 -0.9332364201545715 3.684016 2.267107 1.755295 0.001841919
1 6.746353626251221 0.2753107845783234 -0.7989979982376099 1.966085 1.923562 1.860018 0.06682879
1 48.52733993530273 -16.98242378234863 -0.7840129733085632 5.421058 2.142381 1.380209 1.581681
4 12.9285478591919 -5.034753799438477 -0.669065535068512 1.4578 0.605168 1.121569 0.01160457
6 -19.85491371154785 -3.709866285324097 -0.5045443773269653 1.199782 0.615898 0.324809 0.09538758
1 46.07997131347656 -19.84119415283203 -0.6328416466712952 4.051003 1.754416 1.607656 1.68646
1 -6.986628532409668 -2.665455102920532 -1.068816304206848 4.350855 1.971291 1.506019 0.01620048
1 4.902298450469971 -2.422858476638794 -1.020503044128418 4.049274 1.739473 1.469085 0.01878962
2 52.76592636108398 -22.55296897888184 0.6031200885772705 11.406462 2.842553 3.11303 1.659633
1 24.75148963928223 -2.64436411857605 -0.4428677558898926 2.757026 0.83189 0.749164 0.03340169