4 -16.31316947937012 -6.432413101196289 -0.7234636545181274 0.596628 0.658014 0.78147 0.05729764
6 -8.047555923461914 -6.248276233673096 -0.7272154688835144 0.843872 0.437217 0.674843 0.08611274
4 17.05955123901367 -7.941445350646973 -0.9876516461372375 2.120408 1.433754 1.145322 -0.01620926
2 46.65420913696289 -27.58996772766113 0.2432843297719955 6.079195 1.934847 3.057654 1.632226
1 4.971377372741699 -2.509167671203613 -1.009794473648071 4.186481 1.869677 1.473924 0.005945318
1 34.52706146240234 34.11482238769531 -1.161652088165283 1.432953 0.336789 0.956011 1.528702
2 20.77353286743164 3.91471004486084 -0.2503285706043243 12.545095 2.716 2.740802 0.05415359
1 -7.094845294952393 -2.672610282897949 -1.100098013877869 4.60229 2.020639 1.449436 0.0196858
3 27.90388298034668 25.38655662536621 -1.163967967033386 0.414056 0.587946 1.45532 0.0002248908
6 -24.72950553894043 -5.107383251190186 -0.737553596496582 0.194899 0.31891 0.292794 0.06686157
6 -1.901577830314636 -4.669027805328369 -0.657922625541687 0.19724 0.074065 0.078004 -1.462279
4 27.50166511535645 21.96344375610352 -1.094690799713135 1.551367 1.105184 1.40125 0.4390905
1 -1.09790825843811 -3.09521746635437 -0.8795168995857239 5.065507 2.143276 1.691105 0.09307045
1 40.01862335205078 18.48489761352539 -0.9631828665733337 4.368408 1.823331 1.284202 0.8392416
1 48.65268325805664 -17.90088081359863 -0.6206461787223816 2.589218 1.342012 1.104358 1.682818
1 47.78912734985352 35.97278213500977 -0.9885559678077698 2.428757 1.444439 0.817346 1.233872
6 -14.96458911895752 -3.212287425994873 -0.9255073666572571 0.268914 0.443947 0.025377 3.13003
2 52.69590759277344 -22.54201889038086 0.6606813073158264 11.386889 2.923045 3.184058 1.649121
2 -19.25325584411621 3.20013689994812 -0.3977769911289215 12.540606 2.981098 2.525715 0.02687175
1 12.39570045471191 -2.257914304733276 -0.7026792168617249 4.567269 1.73496 1.894518 -0.01674507
1 18.13302612304688 -1.691974401473999 -0.9278321862220764 3.86183 0.581943 1.404301 -0.04733283
1 3.54669451713562 3.419477224349976 -1.037914156913757 4.047559 1.792911 1.386317 -0.006553237
1 -6.115918636322022 -0.1357515901327133 -0.6527652144432068 5.983695 2.328715 2.228783 0.05809483
4 27.43378448486328 18.95554542541504 -1.009999513626099 1.302608 0.860127 1.281278 0.5886459
6 -17.36631393432617 -5.30482816696167 -0.7641533613204956 0.881595 0.691096 0.815827 0.08416285
1 46.08622360229492 -19.77796363830566 -0.5991611480712891 4.323614 1.812698 1.587234 1.668532
6 -13.78039264678955 -3.537442207336426 -0.6876401305198669 0.704734 0.357063 0.386436 -3.080849
5 11.38884353637695 18.25033378601074 -1.695661067962647 0.130061 0.109708 0.441663 -0.4921438
1 7.299479961395264 0.3221869170665741 -0.7865564227104187 3.090207 1.966287 1.841885 0.06751404
1 42.86395645141602 39.97959899902344 -1.073876619338989 5.218266 1.781209 1.878604 1.554773
6 20.74089241027832 0.639921247959137 0.001676195068284869 1.215594 1.291368 0.167479 3.101508
6 23.90422439575195 -2.807655096054077 -0.1622186601161957 1.007838 0.485142 0.131469 0.09116149
6 -19.87473487854004 -3.642503499984741 -0.4363071322441101 1.086512 0.453332 0.221282 -3.10753