1 -30.21454811096191 -2.796751737594605 -0.9549906253814697 4.310831 1.851187 1.628635 -0.03657009
1 12.2735185623169 10.51843070983887 -1.136211752891541 4.878941 2.048072 1.920285 2.873069
1 30.50536346435547 -5.893412113189697 -1.008340954780579 4.733131 1.469073 1.395433 0.02562754
1 33.33317565917969 -3.346626281738281 -1.031842350959778 2.404909 1.577211 1.308932 0.02314715
1 8.846094131469727 -6.727515697479248 -0.9401909112930298 4.183869 1.810875 1.534248 0.007847547
1 -26.15379524230957 -6.409117698669434 -0.7721647024154663 3.054886 1.881856 1.976629 0.0166866
1 23.24730491638184 1.909349083900452 -1.097452044487 3.94943 0.736899 1.4676 0.2687269
1 10.83335494995117 -3.246259212493897 -0.8368197083473206 4.775819 1.987724 1.814968 0.01399687
1 -10.05954170227051 -6.33729362487793 -1.041484951972961 2.58732 1.828282 1.437108 -0.02179227
1 -57.4693489074707 11.46724605560303 -1.647891879081726 3.885099 1.652892 0.80642 -3.135228
1 -7.918437957763672 10.64537143707275 -1.364245176315308 4.082152 1.795415 1.404376 3.126664
1 -20.29506874084473 -3.464655160903931 -0.9489838480949402 4.755534 2.099771 1.664573 -0.01506672
1 -29.70202255249023 0.06770354509353638 -0.597580075263977 0.671256 1.324856 0.596272 -0.05882592
1 -16.87511825561523 -0.0510832741856575 -1.042069792747498 3.897323 1.903063 1.529459 -0.03210803
1 -36.53878021240234 11.05817031860352 -1.387312293052673 4.976104 1.900447 1.398812 -3.141513
3 21.23969078063965 -37.2844352722168 -0.006992612034082413 0.322043 0.510259 1.248995 1.632669
1 9.87230110168457 -0.08836934715509415 -0.8352182507514954 3.589481 2.144323 1.843214 -0.01940781
2 -61.14689636230469 -5.299689769744873 0.4843980967998505 7.7044 2.761904 1.600457 0.00464324
1 42.37572860717773 -5.094447612762451 -0.7519143223762512 1.709116 1.297483 1.425899 0.2021842
1 -2.583122730255127 -3.27269458770752 -0.9383379817008972 4.325969 1.757522 1.648924 0.01692053