3 24.58890533447266 14.67306137084961 -1.238225340843201 0.373603 0.419762 1.448099 -3.118819
2 16.1840934753418 -4.694209098815918 -0.5271434783935547 12.972519 2.809762 2.533508 0.04431909
4 9.777584075927734 15.84462928771973 -1.404164791107178 1.534144 0.614864 1.437426 3.122002
1 23.07293128967285 15.88212871551514 -1.338232278823853 4.180469 1.753308 1.725124 -3.125751
3 35.00199890136719 12.13264274597168 -0.913346529006958 0.459349 0.565675 0.97393 -3.083105
1 -45.71451187133789 -8.146808624267578 -1.291269183158875 0.655412 1.160357 1.104599 0.9456237
1 -44.98031234741211 -2.452004432678223 -1.265132308006287 3.913012 1.7847 1.313292 -0.1255145
1 -52.81356811523438 1.798640966415405 -1.165170073509216 2.714352 2.072569 1.32209 -0.004213354
2 35.57407379150391 14.41380023956299 -0.2996198534965515 11.783207 2.983164 2.824353 -3.07292
2 58.59952163696289 -2.868649482727051 -0.487633228302002 1.398194 1.862081 2.575045 0.02608747
6 -20.51439666748047 1.992410182952881 -0.1823094785213471 0.919972 0.295905 0.027499 -0.03835507
1 7.622007846832275 7.534235000610352 -1.209361076354981 4.235124 1.801514 1.360744 -3.115004
4 3.242807388305664 14.25936698913574 -1.307399034500122 1.981426 0.844196 1.509396 3.051534
1 12.97912120819092 10.48981761932373 -0.897911787033081 2.266436 1.354411 0.664568 -3.06494
1 -35.95142364501953 2.553937435150147 -1.268370270729065 2.845387 1.762272 1.013335 -0.01394174
2 51.99711608886719 15.32307815551758 -0.4957562386989594 5.017104 2.846224 2.587743 -3.063828
2 57.01433563232422 3.312098503112793 -0.07156360894441605 3.994508 2.703781 3.206169 0.006634139
2 -18.63986206054688 13.25524520874023 -0.5277281403541565 11.999359 2.775633 3.146396 -3.116156
1 -4.869257926940918 7.651732444763184 -1.132319092750549 3.825113 1.75949 1.52668 -3.113342
2 28.13875198364258 0.2337029725313187 -0.8262624740600586 0.80002 1.6983 1.805658 0.02098526
2 2.033639430999756 -4.79006814956665 -0.6043381094932556 11.558234 3.352618 2.350252 -0.01343008
2 -15.61188888549805 -5.241385936737061 -0.5360478162765503 12.157037 3.01659 2.533734 0.01113972