1 -32.73280334472656 0.08790910243988037 -0.9454172253608704 1.654536 1.619919 0.537689 -0.004598443
4 10.55984306335449 2.536194086074829 -0.911917507648468 1.492159 0.74802 1.752211 -1.687212
2 3.309937953948975 -5.485864162445068 -0.5835528373718262 13.475924 2.981143 2.330136 0.003378355
4 -7.80155611038208 17.81381225585938 -1.516540288925171 1.740821 0.724113 1.634138 3.00573
6 29.60487747192383 -7.841361522674561 -0.6458812952041626 1.307144 0.570751 0.981282 -3.114116
5 -12.43315410614014 21.44042778015137 -2.178756237030029 0.141201 0.05907 0.338141 -0.335247
5 -10.79272747039795 20.45311546325684 -2.176562786102295 0.122625 0.066937 0.301061 -0.5254197
4 -16.74042510986328 23.49969482421875 -1.714279770851135 1.730881 0.606045 1.477485 0.007917693
4 -20.60445594787598 23.18480491638184 -1.686096549034119 1.52043 0.641642 1.548945 0.1009898
4 17.1770133972168 14.46570682525635 -1.211171269416809 3.128046 1.26481 1.759778 3.129041
1 -27.44807052612305 -3.166345596313477 -1.217911005020142 1.467479 1.93127 1.406424 0.02915036
1 -11.99509143829346 0.21147421002388 -1.178130745887756 3.850138 1.952538 1.394102 0.03578131
4 44.35415267944336 -8.224114418029785 -0.5465813279151917 0.477892 0.541681 0.997697 -0.01845397
1 -29.80002403259277 36.42282867431641 -2.351376056671143 3.652804 0.690691 1.141536 1.617976
3 -14.28126811981201 21.96306610107422 -1.588336110115051 1.586234 0.710269 1.713632 2.624355
4 54.30895233154297 -8.356184005737305 -0.4850893318653107 0.578046 0.529377 0.685034 0.01072979
1 39.00265502929688 10.06607818603516 -1.336093902587891 1.626525 1.164819 0.98206 -3.114706
3 -20.0513916015625 21.35475158691406 -1.819136142730713 0.71675 0.325131 1.361463 3.054597
3 -44.78780746459961 -9.744917869567871 -1.109658598899841 0.454632 0.466176 0.970859 -3.135253