3 4.835210800170898 20.98657608032227 -1.294384360313416 0.427029 0.672597 1.493855 -1.404799
4 -30.57482528686523 -9.440397262573242 -0.9598705768585205 1.605005 0.511744 1.573593 2.944507
3 -3.376469135284424 19.94623184204102 -1.179722785949707 0.524776 0.488033 1.797273 -1.286952
3 -33.73213958740234 -9.728555679321289 -0.9636483192443848 0.235487 0.655213 1.496947 3.038462
3 -27.16168212890625 -10.26533222198486 -0.8688375353813171 0.524958 0.518547 1.820563 3.066178
3 5.813817977905273 18.20670700073242 -1.284685492515564 0.345842 0.603907 1.653536 -1.521084
1 -33.05502319335938 -0.2857753038406372 -0.6620759963989258 0.618503 1.521441 0.548423 -0.008512891
4 32.37263488769531 -7.748526573181152 -0.8144597411155701 0.379817 0.707598 0.910613 0.06413291
1 56.93274307250977 11.01834869384766 -1.254406094551086 1.88319 1.427598 1.464261 -3.12286
1 -43.94715118408203 -2.558877229690552 -1.058692455291748 3.124674 1.770724 1.430967 -0.001711281
1 -25.03775787353516 11.60635185241699 -1.522730588912964 4.444818 1.816346 1.04626 3.127009
3 -34.74386978149414 -11.22710037231445 -0.7271101474761963 0.457187 0.462404 1.824827 0.8998169
3 20.68090629577637 21.8139591217041 -1.476284503936768 0.396271 0.216862 1.154368 -3.109025
3 -4.660285949707031 19.8886775970459 -1.211472868919373 0.634622 0.435388 1.655745 0.573002
1 -20.88028335571289 -3.055061340332031 -0.8658357262611389 4.788676 1.925228 1.712943 -0.0427829
4 31.11047744750977 -8.701943397521973 -0.8950905203819275 0.751697 0.646474 1.065265 0.04245738
1 -17.05515861511231 0.01192228775471449 -1.071586608886719 3.710951 1.724551 1.405009 -0.0326216
2 -32.60355758666992 -6.285300731658936 -0.1561910659074783 11.781369 2.918902 3.073483 -0.007129676
3 -11.09011554718018 3.105313777923584 -0.412849485874176 0.414727 0.606638 0.64782 -0.9092053