3 7.271572113037109 20.66035652160645 -1.462189316749573 0.799765 0.474019 1.55071 -2.917524
3 51.77952575683594 23.75237083435059 -1.982560515403748 0.436874 0.495704 1.39857 -3.057695
4 -22.36126327514648 17.19877052307129 -1.404327034950256 1.045214 0.57256 1.545396 3.034901
3 -46.46876525878906 -12.78653240203857 -0.692838191986084 0.225149 0.45397 1.235911 2.928798
2 -17.67595481872559 -3.14633059501648 -0.7829700708389282 4.818389 1.886721 2.020814 0.01008987
2 24.40366744995117 -4.853970050811768 -0.32669997215271 12.843326 2.764497 2.867291 0.001158708
1 -15.71298408508301 36.69427108764648 -1.78323769569397 4.234067 0.399409 0.676802 -3.09086
1 -19.71353149414063 0.1337832063436508 -1.153141856193543 3.759022 1.895643 1.378851 0.02809208
1 -8.118109703063965 -15.38406372070313 -0.9091876745223999 4.246944 1.919207 1.410632 0.9189751
6 43.38984680175781 39.8668212890625 -2.175832271575928 0.766612 1.152864 0.345483 1.331185
3 -36.37577438354492 -19.72645568847656 -0.6140567064285278 0.633377 0.485538 1.631073 -0.5273013
3 36.90414810180664 23.43234634399414 -1.846410155296326 1.571187 0.399277 1.410018 -0.571952
5 -0.8505949974060059 -11.71691513061523 -1.338818669319153 0.099279 0.120279 0.459581 -2.52898
5 -2.44617486000061 -12.62077140808106 -1.397582054138184 0.104323 0.08784 0.498858 -2.52898
1 -47.32526779174805 -2.374199151992798 -1.42175829410553 0.914856 1.793531 0.844994 0.02809191
5 -5.54472541809082 -14.87316608428955 -1.234464764595032 0.096631 0.107626 0.311991 -1.752061
3 -6.335468769073486 -18.94711303710938 -0.1551379561424255 0.368583 0.584062 1.012199 0.9693551
4 38.80862426757813 20.11117744445801 -1.84279727935791 1.303403 0.678337 1.322212 3.013932
4 24.23295211791992 -9.356090545654297 -0.7861520051956177 1.673973 0.647579 1.328546 -3.02252
4 34.78126525878906 27.41813278198242 -1.882701992988586 1.138981 0.518236 1.439686 -1.239571
1 7.923858642578125 9.666114807128906 -1.348650217056274 4.341828 1.638425 1.455762 -3.014827
1 -27.42717361450195 -20.69517326354981 -0.8162181973457336 4.435249 1.639039 1.290536 -1.003419
5 -35.69335174560547 -13.85036849975586 -1.419931292533875 0.194106 0.089697 0.470392 2.638021
5 -38.78802490234375 -12.01676750183106 -1.527884364128113 0.140701 0.080836 0.506229 2.638021
4 -33.27106857299805 -11.97154808044434 -0.9676252007484436 1.703083 0.567057 1.542238 2.572172
5 -4.028739929199219 -13.67600059509277 -1.3520747423172 0.168529 0.140182 0.442442 -2.565694
5 2.584434509277344 -10.3737211227417 -1.334022283554077 0.116725 0.130914 0.484671 -2.52898