2 32.39425277709961 -2.844580173492432 0.3141627609729767 0.372348 1.787503 1.285987 0.002937443
1 -37.02135848999023 9.106904029846191 -1.22692596912384 1.097909 1.424366 0.906442 3.137743
2 -19.40543556213379 12.04982566833496 -0.5320764183998108 11.77211 2.859924 3.1425 -3.058775
2 -27.1459846496582 -5.100019454956055 -0.2949637174606323 11.498721 2.772311 3.016035 0.0003671667
1 22.27496337890625 10.08427810668945 -1.081834673881531 4.043411 1.83437 1.377695 3.112288
1 23.19251441955566 7.337619304656982 -1.059890151023865 3.288138 1.633832 1.286453 -3.122241
1 -37.26065826416016 2.108740329742432 -1.228481292724609 2.576275 2.266974 1.580987 -0.003438874
1 8.078444480895996 6.964264869689941 -1.12173867225647 4.430866 1.815455 1.447407 -3.129343
1 54.77690887451172 5.217078685760498 -0.1930245906114578 0.596944 1.137937 0.70973 -0.03513295
3 -20.7188777923584 -9.738393783569336 -0.6682586073875427 0.436696 0.671414 1.773449 0.9894458
2 20.13000297546387 2.928691864013672 -0.3832671642303467 11.372446 2.824183 2.706738 0.02779944
6 42.42720794677734 0.7796288132667542 -0.3609820008277893 0.06714 0.631995 0.040203 -0.0002824237
6 4.814373970031738 -5.566889762878418 -0.6619563698768616 0.251789 0.193364 1.219409 -1.422218
3 -41.54999923706055 14.4773473739624 -1.01616358757019 0.343083 0.218708 0.918764 3.117281
2 7.219852447509766 14.76459407806397 -0.6275565028190613 12.289599 3.165239 3.004322 -3.126718
3 -22.35874557495117 -6.902602195739746 -0.9450633525848389 0.691456 0.459973 1.541107 1.534915
1 4.958414077758789 -0.02395438216626644 -0.7956323027610779 1.143609 1.667341 1.936997 -0.01645314
1 -7.696020603179932 0.2625540196895599 -1.040553450584412 3.58529 2.062569 1.470327 -0.009546975
2 22.55140686035156 14.79096126556397 -0.4749868214130402 11.920778 2.895292 3.31305 3.078508
1 -18.25275611877441 7.871789932250977 -1.112414360046387 3.616105 1.61984 1.750172 -3.064644
3 -13.5173864364624 18.75651931762695 -1.224370002746582 0.6649 0.614322 1.729597 3.020914
2 -40.44124603271484 -4.750263214111328 -0.1100818067789078 11.226565 1.599033 3.023634 0.01517384
1 -19.72132110595703 1.605083346366882 -0.9757238030433655 4.59209 2.109314 1.722276 0.03074492
2 7.728731632232666 -3.639057636260986 -0.529763400554657 12.930766 3.131623 2.450447 0.01162434
1 -15.08940505981445 15.54276180267334 -1.249641060829163 1.014539 1.67748 1.886746 -3.06899
1 55.02087783813477 1.561683177947998 -0.05731337144970894 1.160425 2.247666 1.067617 0.03195354
6 -32.87297058105469 15.40997695922852 1.315297722816467 2.258285 1.583411 0.311608 0.06239219