1 14.45894622802734 17.03355026245117 -1.069785594940186 2.83411 1.755552 1.400351 1.543995
5 -5.620053768157959 -7.118014812469482 -1.522422313690186 0.2617 0.429507 0.301411 1.602913
1 9.498445510864258 0.2050991207361221 -1.051563501358032 3.286061 2.061908 1.559292 0.002975108
1 46.75505447387695 3.231446027755737 -1.24919855594635 2.402132 1.030026 1.277196 0.3075168
1 40.57376861572266 -1.481080770492554 -1.066847443580627 0.841227 1.544413 1.570359 0.002975108
1 -25.05293083190918 4.268428802490234 -1.379327535629273 4.047245 1.719373 1.385572 3.137891
1 -23.60971641540527 17.61209678649902 -1.513051390647888 4.299163 1.643316 1.319746 1.570907
1 -32.77119064331055 17.18835830688477 -1.530241370201111 1.676074 0.446025 1.173041 1.556037
1 -22.32058715820313 -5.881241798400879 -1.19624674320221 3.653248 1.42179 1.399063 0.01408404
5 -8.346867561340332 -7.19049596786499 -1.5346519947052 0.317465 0.40873 0.28003 1.602913
1 -33.79535293579102 -3.510422229766846 -1.460243463516235 0.722302 1.513439 0.531124 -0.02800409
4 37.89391326904297 8.126358985900879 -1.275207161903381 0.86113 0.704653 0.970963 -3.123528
1 -17.38040924072266 -5.75673770904541 -0.9495525360107422 3.824201 1.33892 1.943298 0.03876555
1 33.86444473266602 -2.852172136306763 -1.113971948623657 3.920818 1.825716 1.506381 -0.007552495
1 44.63737106323242 18.02000999450684 -0.4615426659584045 3.084438 1.621913 1.276669 1.570947
2 28.24339485168457 0.4221889972686768 -0.4833561480045319 0.408363 1.781593 1.105474 0.002975108
3 49.66352081298828 14.95649719238281 -1.110140562057495 0.577771 0.464866 1.329535 1.649994
1 -16.74767303466797 17.26249122619629 -1.34158205986023 3.498218 1.640705 1.028029 1.75532
1 0.3474667370319367 43.0193977355957 -1.78882908821106 0.46618 1.341215 0.808924 1.557375
1 16.8863525390625 16.73329734802246 -1.221854090690613 2.219476 1.653425 1.049111 1.537683
4 47.4271240234375 9.25840950012207 -1.003853559494019 1.133262 0.661142 0.704576 -1.370601
1 6.224719047546387 28.3508472442627 -1.56040096282959 4.030685 1.047163 1.493781 1.581202
6 43.85064315795898 8.355416297912598 -1.451678991317749 1.037137 0.506326 0.54745 -1.384993
1 -30.91278076171875 28.07168388366699 -1.767172336578369 3.775315 1.618538 1.255964 1.520658
3 -14.18057632446289 12.58999061584473 -1.044362783432007 0.574803 0.541349 0.689235 2.597249
4 47.2481689453125 7.804410934448242 -1.127686619758606 0.415635 0.786182 1.005172 -3.050957
1 -28.52003288269043 16.80366897583008 -1.258314728736877 1.929626 1.154581 1.222201 1.556037
1 21.61040306091309 17.17971801757813 -1.042248606681824 2.677144 1.126767 1.150477 1.50818
1 4.690341472625732 -5.600244998931885 -1.040635585784912 3.411447 1.916671 1.574588 -0.1131745
1 -15.23086261749268 -0.5555539131164551 -0.7441030740737915 3.062127 1.955563 0.959587 -0.01425606
3 35.60309600830078 -10.93759727478027 -0.4029507339000702 0.598816 0.459933 0.829594 0.06651246
1 10.05701446533203 17.03352928161621 -1.158369660377502 2.584666 1.609791 1.173425 1.655173
1 -6.866030693054199 -0.05434133112430573 -1.063989043235779 3.842882 1.996266 1.421636 0.002975108
1 -4.542134761810303 17.63942527770996 -1.193015217781067 4.464406 1.883887 1.777468 1.501112
1 -35.67145919799805 16.16176605224609 -1.483739852905273 1.339575 1.176171 0.917613 1.556037
1 5.647193431854248 44.34438705444336 -1.858775615692139 4.316109 2.192444 1.35565 1.612934
1 -14.10152721405029 16.61016082763672 -1.373160600662231 2.40177 1.621754 0.739349 1.555587
1 -26.95406723022461 -5.633654594421387 -1.249047994613648 3.958718 1.640515 1.438734 0.03895738
1 19.44986343383789 17.65873146057129 -1.062455654144287 3.000243 1.525072 1.249503 1.520636
2 -11.27727222442627 -5.888432025909424 -0.6921595335006714 5.37291 1.984322 2.102741 0.03008454
5 -6.982944011688232 -7.142910480499268 -1.527312159538269 0.293505 0.472213 0.300107 1.602913
3 1.377269506454468 34.139404296875 -1.484451055526733 0.419105 0.632298 1.288133 1.506378
1 -18.95755195617676 32.34441757202148 -1.788692355155945 1.575757 1.826897 1.251454 1.556037
1 43.27764129638672 5.567733287811279 -1.28108286857605 2.04179 1.865272 1.434662 3.127337
1 28.45915031433106 17.62352180480957 -0.9734880328178406 3.717337 1.060277 0.704078 1.547711
1 7.143358707427979 38.74637222290039 -1.63094425201416 3.326726 1.320733 1.242529 0.1288148
2 -0.372759073972702 -5.75800895690918 -0.6639543771743774 5.595013 2.359215 2.214825 0.002975108
1 -1.97528874874115 33.36737823486328 -1.493611097335815 3.513901 1.641437 1.686768 1.521792
1 -44.80138397216797 4.364992141723633 -1.459830284118652 0.388998 1.386286 0.580156 3.127337
1 -21.25737190246582 32.42325210571289 -1.838374495506287 1.501633 1.266347 1.235884 1.556037
1 7.519272804260254 17.11649703979492 -1.062955737113953 3.165694 1.765119 1.212333 1.615705
1 5.07174015045166 17.61050605773926 -1.246923446655273 4.10313 1.770079 1.724565 1.587058
1 2.559022188186646 33.62649536132813 -1.543374419212341 3.22109 1.829528 1.601383 1.557375
1 -2.133222818374634 17.39898300170898 -1.072208404541016 3.539766 1.814661 1.359513 1.555587
3 -8.291854858398438 -11.64050197601318 -0.8499898910522461 0.659579 0.551684 1.693359 0.002975108
1 -8.3186674118042 -3.471097707748413 -1.006973385810852 4.403598 2.005193 1.611545 -0.009329126