6 20.7338809967041 0.799238383769989 0.002369368216022849 1.196465 0.940406 0.174344 -0.02785227
1 48.7032356262207 -17.85971832275391 -0.7666671276092529 2.633822 1.517952 1.34355 1.685212
1 18.30154991149902 -1.670622944831848 -0.9420280456542969 4.098739 0.532775 1.413033 -0.01888972
6 -27.02832221984863 -6.407677173614502 -0.8757176995277405 0.248686 0.573269 0.607543 -0.06229634
1 7.619004726409912 3.609088659286499 -0.9471815824508667 4.178403 1.891299 1.609672 0.007727576
1 12.41028213500977 -2.259490728378296 -0.7247788906097412 4.609312 1.684232 1.926746 -0.02728889
1 46.56911468505859 37.01571273803711 -1.318820118904114 4.025249 1.621091 0.954511 1.37057
5 20.8297004699707 -9.67101001739502 -1.344944715499878 0.129186 0.218059 0.371314 -0.6551636
1 -7.1232008934021 -2.672674179077148 -1.109889149665833 4.622892 2.006088 1.414828 -0.007757535
5 18.78049278259277 19.15862083435059 -1.681144237518311 0.193084 0.128209 0.506101 -2.917687
6 -13.78363704681397 -3.198938846588135 -0.7257460951805115 2.749097 1.071804 0.544814 -0.01905897
2 -6.125213146209717 -0.02061423286795616 -0.5428633689880371 6.049133 2.341732 2.012332 -0.01033476
6 -1.899795413017273 -4.657168388366699 -0.6604070663452148 0.168551 0.093097 0.07773 -1.585167
3 27.88061141967773 25.40385437011719 -1.15846312046051 0.589976 0.461674 1.453878 1.494162
6 -19.81454849243164 -3.612342119216919 -0.5681726932525635 1.23235 0.625952 0.518129 0.007665451
1 23.99726104736328 6.286495208740234 -0.6973743438720703 3.459399 1.653144 1.827292 0.3237901
2 39.12292861938477 14.45151805877686 0.03377136588096619 11.223995 2.897675 3.208171 0.7878123
5 17.22265625 18.78591346740723 -1.573026180267334 0.160099 0.154529 0.513295 -2.974022
1 42.89978408813477 39.94930648803711 -1.071472644805908 5.121048 1.904317 1.927356 1.541422
5 14.20087337493897 18.28695106506348 -1.68648111820221 0.16419 0.156668 0.472389 -3.013674
2 52.65705871582031 -22.70443344116211 0.7027301788330078 11.306581 2.861281 3.415594 1.65349
1 4.908272743225098 -2.456549406051636 -1.020437002182007 4.061862 1.811198 1.443469 0.003542358
6 24.70115470886231 -2.646896362304688 -0.4603876173496246 2.65076 0.92622 0.781546 0.006296332
1 45.85942459106445 -19.75626182556152 -0.6387960314750671 4.105213 1.344625 1.617592 1.675886
4 27.68797111511231 21.91790008544922 -1.03005313873291 1.732875 1.004629 1.626659 1.345371
5 22.81279563903809 20.85636138916016 -1.659669041633606 0.177477 0.245469 0.453815 -2.738292
2 -9.973559379577637 3.212309837341309 -0.5261306166648865 12.462106 2.911697 2.614588 0.01027055
5 20.25531387329102 19.54597473144531 -1.684880256652832 0.219642 0.222907 0.415935 -2.761816
1 7.384578227996826 0.2460379898548126 -0.8099172115325928 3.23916 2.108255 1.880612 -0.0117486
5 11.44549560546875 18.29703140258789 -1.701286554336548 0.139213 0.141567 0.436192 -3.073324
1 -1.144805550575256 -3.162553310394287 -0.9067544341087341 5.09568 1.933477 1.744622 -0.03034364