1 -4.32318639755249 43.40872955322266 -1.705898523330689 2.101097 1.401792 1.608423 1.472469
1 -7.639224052429199 -0.2859958112239838 -1.074100375175476 3.705031 2.054168 1.44275 -0.0002721047
1 -6.201955795288086 -5.653041839599609 -1.009727835655212 3.341806 1.682608 1.520298 -0.08674574
1 -55.91996383666992 15.36527252197266 -1.646515727043152 0.363868 1.04013 0.689915 -0.01442751
1 -34.88544464111328 26.62169075012207 -1.625176191329956 1.255643 0.905571 0.586399 1.606552
1 -23.19000625610352 -0.9618562459945679 -0.8719571828842163 2.526445 1.990958 0.959876 0.01032482
1 22.78481483459473 -2.581829071044922 -0.9425202012062073 3.922384 1.896264 1.533308 -0.004166719
1 22.47001647949219 18.19028663635254 -0.9262821078300476 2.394746 1.522288 0.832874 1.477484
3 -34.40361022949219 -12.22804260253906 -1.067826151847839 0.756961 0.690878 1.676746 -3.140212
1 3.006817817687988 17.59028244018555 -1.022121906280518 4.040724 1.961391 1.520573 1.589427
1 -39.42812728881836 17.40242576599121 -1.444829106330872 4.068255 1.472145 1.20144 1.569231
1 -8.714301109313965 32.12607192993164 -1.309072256088257 0.58479 1.150493 1.082004 1.547708
1 -13.82160091400147 31.94240760803223 -1.493379712104797 1.119534 1.604864 1.38082 1.425926
3 -27.91263580322266 -12.83220481872559 -0.630957841873169 0.259667 0.531776 0.641674 -3.114268
3 -13.0983190536499 -12.04998207092285 -0.7061590552330017 0.632513 0.560038 1.272045 0.1080058
1 -13.26010131835938 17.47146415710449 -1.290230870246887 4.105708 1.574161 1.815692 1.574617
1 -16.67159271240234 27.8703727722168 -1.852829933166504 4.530218 1.747266 0.863349 1.649448
4 33.13931274414063 7.763880729675293 -0.8630852103233337 0.728446 0.673976 0.954377 3.054775
1 33.13111877441406 5.846556186676025 -1.031064987182617 4.262659 1.757669 1.642193 3.141298
1 -45.3465461730957 -4.234415054321289 -1.661298036575317 1.662691 1.768999 0.906682 0.0
4 37.44341278076172 4.387676239013672 -1.084969758987427 1.896249 0.510732 1.269192 -2.432046
1 20.27469635009766 27.22202491760254 -1.266186952590942 1.368765 1.535264 0.897434 1.593441
2 -11.38901042938232 -6.015015125274658 -0.612352192401886 5.671388 2.399139 2.369305 0.02331924
1 -28.21400451660156 -5.892870903015137 -0.4479697048664093 2.441757 0.61227 0.653266 0.0
4 11.98339653015137 8.414417266845703 -1.149079084396362 1.345608 0.679356 1.538837 -3.12932
1 -16.16627883911133 32.40634155273438 -1.465771794319153 2.070604 1.895883 1.573066 1.570346
1 40.27902984619141 -2.746823787689209 -0.9590950608253479 5.054815 0.63793 1.237083 -2.626467e-17
3 -24.83926200866699 -28.84087181091309 -0.6337225437164307 0.336439 0.623764 1.258705 -2.11481
1 10.5678186416626 17.38874435424805 -0.9710108041763306 2.907258 1.949274 1.425216 1.527016
1 21.81277656555176 27.44571685791016 -1.202735424041748 1.728942 0.434639 0.688619 1.932692
4 32.63571548461914 8.793286323547363 -1.264034748077393 2.018023 1.186524 0.865958 -3.052114
1 57.40024566650391 0.851098895072937 -0.823003351688385 1.393804 0.942741 1.317628 0.0
1 -1.20890474319458 16.95483589172363 -1.249701380729675 2.723489 1.785108 1.418839 1.604346
1 -19.20802116394043 -3.821383953094482 -1.12622880935669 4.107795 1.892022 1.499864 -0.001848746
1 -32.45201873779297 27.48029899597168 -1.802398324012756 3.952716 1.096843 0.647612 1.619825
1 -34.81106567382813 16.73174476623535 -1.652255415916443 3.543135 1.414057 1.010568 1.570855
1 8.11494255065918 17.86944770812988 -0.973084032535553 3.539795 1.560568 1.269519 1.625508
1 -44.06941986083984 16.01062965393066 -1.680604815483093 1.396153 0.459966 0.898404 1.54931
3 -7.195403575897217 -11.74992942810059 -0.3889510631561279 0.725954 0.8422 0.922886 -0.008088314
1 -25.39062690734863 18.05494117736816 -1.600246787071228 1.908274 1.583073 1.09435 1.676351
1 -57.91452407836914 3.356972217559815 -1.942648053169251 0.255561 1.591866 0.718441 -3.131718
6 34.31072235107422 -2.774434089660645 -0.7036245465278625 0.359006 0.381911 0.611634 0.0
6 -33.69598388671875 -6.231372833251953 -0.7354505658149719 0.761816 0.477277 0.166248 1.532248e-16
1 7.921061038970947 0.372010350227356 -0.9663594961166382 2.797775 2.076025 1.612226 0.02484136
1 29.68730735778809 -1.047710537910461 -0.8308768272399902 1.250863 1.760416 1.737828 -0.03859904
1 -6.088776111602783 17.27184867858887 -1.175459265708923 3.682481 1.758621 1.618419 1.57566
1 -4.30529260635376 28.07917785644531 -1.299569249153137 3.830726 1.143753 1.077921 1.569053
1 5.623098850250244 17.34457206726074 -1.105660915374756 3.793971 1.814236 1.141333 -1.557314
2 -22.17100524902344 -6.17918872833252 -0.8045011758804321 5.18067 1.936133 2.047617 0.02041319
3 33.15737152099609 7.003159999847412 -0.6904028654098511 0.935273 0.491465 0.952223 3.136868
1 -15.92126750946045 15.58610439300537 -1.027601003646851 1.566847 0.595305 1.2176 -0.00212489
1 -0.0314147025346756 49.06147003173828 -1.797524929046631 2.313932 1.668504 1.554227 1.523137
3 18.16547012329102 25.36529541015625 -0.9690901637077332 0.499059 0.498678 0.795817 1.138672
1 17.38436126708984 17.84469032287598 -0.8406898975372314 3.892904 1.749132 1.281169 1.54154
1 -3.67155122756958 17.25395774841309 -1.017438530921936 3.682624 1.723981 1.342437 1.571824
1 32.76588439941406 1.620268821716309 -0.4536016583442688 2.060692 1.93147 1.661896 -0.0004828005
6 20.01162910461426 1.482442855834961 -0.5674909949302673 2.467149 1.888001 0.390029 0.01690045
1 0.664756178855896 27.79167556762695 -1.362994074821472 3.55982 2.072362 1.59364 1.588093
1 3.125728368759155 43.0225944519043 -1.783402681350708 0.799536 0.960691 0.921357 1.570796
3 31.06924057006836 -11.00451850891113 -0.2730871140956879 0.587324 0.572139 0.906458 0.05890022