1 18.17546081542969 -1.648978352546692 -0.9151542782783508 3.876902 0.372085 1.460164 0.02339531
2 -21.19573593139648 3.110576868057251 -0.3540544807910919 12.276183 2.87299 2.428051 0.0106602
1 7.369663715362549 0.2133369892835617 -0.7882766723632812 3.293405 1.975034 1.842809 -0.01573964
6 -14.09083461761475 -3.354481220245361 -0.7281056046485901 2.03743 0.746251 0.464118 -0.004526452
4 -40.24477386474609 24.74132347106934 -1.823580861091614 1.549085 0.503205 1.190098 3.009707
1 49.72815704345703 -35.22207260131836 -0.5456904768943787 2.228948 0.902521 0.762511 -1.501508
1 -6.967552661895752 -2.693996667861939 -1.125884771347046 4.407551 2.043231 1.396431 -0.001631201
1 4.925116539001465 -2.457990646362305 -1.000458836555481 4.169017 1.788538 1.449142 0.01195518
6 -56.67610931396484 17.23770332336426 -0.8856562376022339 7.040313 2.275513 1.5064 3.033722
3 11.18333911895752 -11.08854198455811 -0.5448288321495056 0.515689 0.494973 1.556509 -0.6706197
1 48.98603820800781 -31.44063568115234 -0.9586547613143921 3.459687 0.960942 0.919887 1.619869
1 41.69430160522461 20.32896423339844 -0.3268023431301117 6.308231 2.172412 2.693197 1.205299
4 29.20345497131348 -21.92086601257324 -0.5318199992179871 1.143961 0.397139 1.468872 1.52398
4 16.98674201965332 -7.476108551025391 -0.9418897032737732 1.067205 0.501151 1.044 0.03521921
2 42.82218170166016 40.43198013305664 -0.5250289440155029 4.076723 1.579646 0.779276 -1.57072
2 52.77274703979492 -22.70099639892578 0.68355792760849 11.398875 2.899526 3.320177 -1.476955
4 -32.99773406982422 22.52998352050781 -1.537957787513733 0.506577 1.158828 1.023844 1.316633
1 -1.128172516822815 -3.133974313735962 -0.8893319368362427 5.065803 1.983268 1.710795 0.02610516
1 3.897387504577637 3.224910259246826 -0.8151631951332092 4.082137 1.870085 1.905998 0.07206522
1 24.80058097839356 -2.668782234191895 -0.4483353793621063 2.864458 0.619658 0.697998 0.1821419
6 20.77713394165039 0.6336758136749268 0.002493493258953095 1.219865 1.31431 0.203783 3.069034
2 20.05865669250488 4.50053071975708 -0.2304355204105377 11.267993 2.755268 2.693168 0.1415721
6 -19.79885292053223 -3.645808219909668 -0.4862903654575348 1.300014 0.538706 0.400351 0.04512317
1 46.07406234741211 -19.7696475982666 -0.5913108587265015 4.275755 1.743375 1.550084 1.662789
1 12.408127784729 -2.252330780029297 -0.7258362770080566 4.591105 1.655473 1.936389 -0.01003879
3 28.56359481811523 -16.25471305847168 -0.5371220111846924 0.355013 0.205202 1.158624 0.980929
2 -6.172122955322266 0.02734373882412911 -0.5078687071800232 5.894371 2.318837 2.057825 -0.04178717
3 34.39860534667969 -2.164270401000977 -0.7550178170204163 1.451434 0.898907 1.573963 0.4473152
1 36.81203079223633 12.86396312713623 -1.141024708747864 1.229807 0.291166 0.734448 -2.455675
1 48.72045135498047 -17.88631439208984 -0.6493364572525024 2.57007 1.540438 1.13812 1.673065
2 47.58310699462891 25.7822437286377 -0.4088431298732758 2.381047 0.818433 1.791901 1.313046
1 -9.586102485656738 3.561824560165405 -1.072966933250427 4.560377 2.0338 1.531956 -0.006433822