4 22.31200218200684 21.81314849853516 -1.53610110282898 2.180747 1.2725 0.974619 3.053243
4 -27.80630874633789 21.69089889526367 -1.517370104789734 0.938612 0.588776 1.321084 -0.2431435
4 -4.900103092193604 14.29922580718994 -1.200836896896362 3.233072 1.348751 1.853135 -3.11024
1 -11.77227020263672 0.02491897158324719 -1.013223886489868 3.858215 1.846822 1.501303 -0.02528166
4 14.36977386474609 -8.572280883789062 -0.9919933676719666 1.729985 0.677994 1.563333 -2.917935
3 10.14960289001465 -12.12090110778809 -0.5281757712364197 0.386067 0.386569 1.136012 2.785484
4 -24.68847846984863 24.10165786743164 -1.603169202804565 0.760868 0.415267 1.554277 0.537755
1 -27.4510612487793 0.07568520307540894 -0.7608643770217896 1.494108 2.059203 0.564472 0.01219295
4 49.5866584777832 -8.141234397888184 -0.8059730529785156 0.747919 0.474913 0.718557 0.03351559
3 23.44269752502441 4.582104682922363 -0.5236677527427673 0.501291 0.746177 0.917421 -1.219213
1 -36.00291442871094 27.46028900146484 -1.885071635246277 2.931218 1.686342 1.471851 1.786908
3 -26.12847518920898 22.78752517700195 -1.41969907283783 0.615558 0.740619 1.497892 2.412553
4 -0.1941703706979752 3.396221160888672 -1.341587543487549 0.845833 0.142261 0.60322 1.552627
1 -40.6252555847168 28.40608596801758 -2.045662641525269 1.765923 0.719129 0.909313 -1.344551
4 43.3019905090332 -7.932709217071533 -0.688132107257843 0.985321 0.553715 0.66251 0.02105365
6 33.96780395507813 7.833067893981934 -1.239087343215942 3.747205 0.394636 0.777853 3.125262
6 -32.28837203979492 21.00565910339356 -1.585569024085999 0.438349 0.77046 1.639135 -0.3922857
4 6.98258113861084 17.10031318664551 -1.412047743797302 2.016659 0.812961 1.511742 -3.051081
2 -24.07868003845215 -3.022608995437622 -0.821273148059845 4.557596 1.988561 2.068402 0.003979367
4 -55.62438201904297 -9.809773445129395 -1.062196731567383 0.865438 0.711255 1.131448 0.0261517
1 6.967710971832275 9.134988784790039 -1.020431995391846 4.449215 1.66295 1.053301 -3.107551
6 -22.72617721557617 18.71230697631836 -1.473031997680664 0.347792 0.578678 1.604663 2.743912
2 -1.769944548606873 -5.783051490783691 -0.6132432818412781 11.635139 3.018749 2.275695 0.0008661875