1 -20.54082107543945 -3.566116094589233 -0.9362862706184387 4.684608 2.086943 1.634975 0.0134398
1 -20.52791213989258 10.50374507904053 -1.357718467712402 4.015043 1.618001 1.368352 -3.128153
1 38.54231643676758 -2.34446907043457 -1.143402576446533 1.520946 1.625803 1.34888 0.1101017
3 16.95842552185059 -38.67617797851563 -0.1581625938415527 0.332387 0.8137 1.098047 1.613003
1 35.09937286376953 -5.072949886322022 -1.034238457679749 4.467932 1.094369 1.289429 0.1101017
1 -30.26499748229981 -0.1684423238039017 -0.5899683237075806 0.940012 1.632224 0.597703 0.0121737
1 -31.93575096130371 -3.066518545150757 -0.9375044703483582 4.011878 1.788174 1.548623 0.0121737
1 24.55948638916016 3.484098196029663 -1.157134890556335 4.003026 1.633327 1.487433 0.3944757
1 47.37953948974609 -3.66572642326355 -1.01670515537262 0.657307 1.570964 1.268798 0.1101017
2 -59.63308334350586 -5.912478446960449 0.4832116663455963 7.12342 2.597216 1.744102 -0.00333258
1 47.12435913085938 24.73149108886719 -1.823296666145325 1.048695 0.407877 1.317261 -0.02241611
3 22.82175445556641 18.5482234954834 -1.369288802146912 0.706023 0.91267 1.398884 0.3740613
1 13.76265525817871 -2.94559121131897 -0.881609320640564 4.823966 1.97648 1.812754 0.01456896
1 55.30767440795898 18.95994567871094 -1.813564538955689 1.39134 0.698298 0.994269 -0.02241611
1 -6.969398498535156 -6.481968879699707 -1.045865535736084 4.056207 1.8944 1.441147 0.0134398
1 12.33292293548584 -6.530145645141602 -0.977186381816864 4.086297 1.725742 1.538891 0.03864336
3 21.84582328796387 -13.77268409729004 -1.111030340194702 0.510559 0.255495 1.022367 0.02045339
1 -0.4696016311645508 -3.223745346069336 -0.7554512619972229 4.239604 2.196056 1.316396 0.1939787
1 -52.29499053955078 10.87482261657715 -1.220009803771973 4.902071 1.745985 1.627803 -3.097893
1 2.78554630279541 10.95500373840332 -1.134402394294739 4.870423 1.975807 1.897551 3.08462
1 -16.61351585388184 -0.1959265768527985 -1.006359100341797 3.934517 1.858936 1.448695 0.0134398
1 11.09613227844238 0.3055357038974762 -0.91915363073349 4.406208 1.880146 1.841412 0.1386395
1 -28.5614013671875 -6.606343746185303 -0.8658645749092102 1.779324 1.699918 1.464898 0.0121737