2 52.69473266601563 -22.74250030517578 0.6663415431976318 11.503333 2.768137 3.038441 1.650799
6 -13.69173049926758 -3.20759916305542 -0.7182164788246155 2.483405 1.101144 0.520492 0.005308717
1 7.342788696289063 0.2252150774002075 -0.7991757392883301 3.184289 2.089769 1.867107 -0.006324727
1 48.70630645751953 -17.93710517883301 -0.6280499696731567 2.607766 1.549374 1.115835 1.660024
1 -1.064845681190491 -3.142062664031982 -0.8631333112716675 5.061364 2.074415 1.655982 0.06819919
6 1.530371069908142 2.928892612457275 -1.19734799861908 0.544602 0.808086 0.50693 -0.07156982
2 20.28517723083496 3.523568153381348 -0.3403856158256531 4.909979 2.106537 2.630048 -0.007982792
6 49.46943664550781 -33.10350036621094 -0.9478991031646729 7.055849 1.664236 0.873583 1.660024
1 13.27620029449463 3.012301683425903 -0.9317851662635803 5.086574 1.067278 1.44155 0.007913335
2 -21.63170051574707 3.08061957359314 -0.1720327436923981 11.949184 2.819781 2.308806 0.01621472
1 -5.962001800537109 2.303288698196411 -0.8855672478675842 4.196421 1.882781 1.879628 0.1228063
1 -7.07301664352417 -2.683980941772461 -1.084769129753113 4.522296 2.026327 1.456273 -0.01817822
1 -38.04415893554688 19.02037239074707 -1.207590222358704 3.325798 1.807099 1.39038 3.03645
6 32.76448059082031 -2.453905820846558 -1.477590680122376 3.278939 0.390116 0.130247 0.0
1 18.25795936584473 -1.71317994594574 -0.9311787486076355 3.996979 0.491379 1.447148 0.03728841
1 12.3725700378418 -2.263554096221924 -0.7216058373451233 4.521238 1.648322 1.9324 -0.01522052
6 24.66620635986328 -2.659140110015869 -0.4234159588813782 2.61358 0.868529 0.734338 0.03255439
2 5.413569927215576 3.042476177215576 -0.5891174674034119 6.631896 2.580803 2.271464 0.007913335
4 4.234106063842773 -5.940021991729736 -0.998718798160553 2.183209 0.702519 1.632468 -0.094164
6 20.77588844299316 0.62884122133255 0.0007553622126579285 1.143002 1.231066 0.24901 -0.008430361
1 -6.069264888763428 -0.1241576299071312 -0.5914088487625122 6.144273 2.336456 2.105718 0.06191353
6 -54.81245040893555 16.84230613708496 -0.3934942781925201 3.351642 1.812502 1.071849 3.055568
1 45.98206329345703 -18.4196949005127 -0.7448535561561584 1.469014 1.797779 1.362339 1.660024
6 0.2650988101959229 4.045409679412842 0.3241567015647888 1.20329 1.031228 0.120487 0.05964471
6 -19.83182334899902 -3.645517110824585 -0.502932608127594 1.192412 0.584698 0.354532 0.005308717
1 5.108904361724854 -2.440270900726318 -0.9925785064697266 4.421172 1.778903 1.398278 -0.0006537177
1 32.1132698059082 -15.03605461120606 -0.6110031008720398 4.182548 1.88188 1.647976 -1.009422