1 -36.64978790283203 -0.1597811132669449 -1.506531596183777 2.472451 2.07677 1.13859 0.006295001
2 35.47043991088867 5.663250923156738 0.3417751789093018 4.862213 2.542655 2.233737 0.008410922
1 -13.79870891571045 3.375097274780273 -1.02743136882782 4.576576 2.235689 1.809286 -0.02271076
1 41.32890319824219 2.711752891540527 -0.3093537390232086 1.078673 0.851998 0.561405 -0.02808544
1 16.53414726257324 2.490219116210938 -0.9277151226997375 3.957173 1.823637 1.505076 -0.01878668
1 -32.10503005981445 2.694913148880005 -1.583884835243225 2.932084 1.862812 1.17782 0.01576434
1 -4.400749206542969 -20.78183174133301 -0.1269344985485077 0.960897 1.355212 0.929949 -1.56256
1 -25.20881271362305 4.040379047393799 -1.431882381439209 1.626952 0.365005 1.189582 0.02366914
2 4.25665807723999 2.852790594100952 -0.6290858387947083 6.055616 2.405554 2.231064 0.01353155
1 -9.515740394592285 -21.31870460510254 -0.2569394707679749 2.910186 0.859193 0.722598 -1.569049
1 31.06558227539063 2.669813632965088 -0.8755146265029907 1.319714 1.751327 1.412193 0.0111486
1 7.159962177276611 -0.2472121268510819 -0.7407988905906677 4.273963 1.706937 1.976531 0.06069443
2 -48.07241439819336 -13.32942295074463 0.4585232436656952 2.267742 1.502298 2.361498 -1.547184
1 -12.49927425384522 -20.67605781555176 -0.2014949321746826 2.349607 1.454235 0.778708 -1.52779
1 -1.764127254486084 -20.04680824279785 -0.2288868874311447 0.855973 1.335081 0.869901 -1.537669
2 -45.46654891967773 0.3042489886283875 -1.031891822814941 2.440026 2.022806 1.949218 -0.009422672
1 0.7708032727241516 -20.79306221008301 0.1601531356573105 1.934322 1.512581 1.241183 -1.521285
2 -56.92726898193359 -2.910460710525513 -0.5481986403465271 8.149349 2.667669 2.722445 -0.02800856
1 -3.302175998687744 4.941221237182617 -1.075035095214844 4.712028 1.938796 1.502409 0.07365182
1 3.008328676223755 -22.29611587524414 0.1309863775968552 3.969344 1.399971 1.189519 -1.532708
1 0.3334913849830627 27.73104476928711 -1.537957429885864 4.201302 1.209773 1.492955 3.119649
2 27.07769584655762 -0.6874611377716064 0.5313531160354614 11.750458 2.574782 0.861628 -0.0150149