1 11.9014310836792 -25.85604095458984 -1.246619939804077 4.122342 1.703103 1.092252 2.69771
5 -6.945356369018555 27.53353500366211 -1.749370098114014 0.192669 0.109851 0.404551 2.963454
4 -1.200879812240601 16.73995590209961 -1.162554860115051 2.917115 1.473419 1.490755 -2.525883
1 -3.709947109222412 4.015857696533203 -1.075115084648132 4.63245 2.052454 1.464732 -0.1350796
6 -36.3221549987793 -46.1627197265625 -1.523848056793213 0.347555 1.305496 0.343868 -2.112353
1 -30.58866119384766 41.28926086425781 -1.522411942481995 0.381562 1.386209 0.673359 2.236605
5 -5.252615928649902 26.82301139831543 -1.684430241584778 0.157304 0.079836 0.376664 2.916056
6 33.09996032714844 -43.83589172363281 -1.929129362106323 0.601416 0.682846 0.111474 2.308003
1 -27.21550178527832 20.29667854309082 -1.305172204971314 4.103791 1.960504 1.540341 -0.8341756
3 42.10149383544922 25.91495895385742 -0.8749433159828186 0.49018 0.420168 0.989499 0.7209727
1 -25.44645118713379 13.70909023284912 -1.372605323791504 2.728898 1.5825 1.262313 -0.8367848
1 -8.771806716918945 -13.77944278717041 -1.020101428031921 3.83983 1.890754 1.547565 -3.084693
1 -9.553267478942871 -33.69983291625977 -1.092988967895508 4.010125 1.755648 1.358715 0.9413768
1 -35.15682601928711 -34.3375129699707 -1.378237843513489 1.52828 1.547358 0.64325 -2.214485
4 2.77818489074707 22.53412246704102 -1.254597306251526 1.518076 0.68804 1.450527 -2.344614
1 13.03690433502197 17.05084991455078 -1.073441743850708 4.082061 1.868178 1.545309 -2.363853
3 -38.05446243286133 14.13945579528809 -1.31350576877594 0.430673 0.563201 1.189338 2.227835
1 -13.57575511932373 -39.62844085693359 -0.7195352911949158 5.569744 1.749328 1.764897 0.9680635
4 -3.226978540420532 19.35392761230469 -1.196193814277649 1.535612 0.672402 1.559643 -2.40265
3 -24.66622734069824 -14.93208503723145 -1.03905725479126 0.761481 0.927294 1.530406 0.1683795
1 -11.51913642883301 -24.52132034301758 -1.106258869171143 2.241984 1.493692 1.202109 0.8532121
1 -19.91279792785645 -28.08801651000977 -1.032352209091187 3.549973 1.879996 1.30094 -2.179561
1 17.59784698486328 -18.97157859802246 -0.9936593174934387 2.135255 1.752136 1.731313 2.159113
1 20.67803382873535 13.88729858398438 -1.095038771629334 3.861678 1.929851 1.428466 0.7618103
6 22.19820404052734 26.80053520202637 -1.034676432609558 0.643976 0.521698 0.449754 -2.421212
3 -25.31573295593262 -12.74220657348633 -1.005731105804443 0.971102 0.702278 1.47568 0.6022319
1 1.735443115234375 -19.34353065490723 -0.9599608778953552 4.635381 1.998755 1.688893 2.762799
4 -1.186959981918335 -39.96929550170898 -1.074474334716797 1.298158 0.631027 1.513223 -0.6821696
5 -8.536080360412598 28.54721069335938 -1.702162504196167 0.181141 0.204052 0.45802 2.807625
1 23.23526573181152 -35.62966918945313 -1.420688390731812 4.281776 1.753405 0.649615 2.396458
4 8.966313362121582 24.94181442260742 -1.05808413028717 2.864483 1.122434 1.755277 -2.561022
5 2.056599140167236 25.43659400939941 -1.567885518074036 0.184561 0.137661 0.370859 -2.92143
5 5.88807487487793 25.88411903381348 -1.515825748443604 0.220672 0.216286 0.399959 2.063602
2 40.23085021972656 33.79485321044922 -0.3624888360500336 1.383987 0.922037 2.275196 0.7428655
1 -12.08679294586182 -32.28459930419922 -1.113628625869751 4.212823 1.652646 1.426673 0.9413768
2 17.69844627380371 17.03643035888672 -0.3057358264923096 6.350761 2.676075 2.970767 -2.257329
1 -17.42292976379395 -19.43237495422363 -1.145020246505737 4.278348 1.994575 1.434531 -2.614432
4 -7.730774402618408 20.79966926574707 -1.125247001647949 1.623033 0.732814 1.742838 -2.366206
6 -38.00095748901367 -39.44904708862305 -1.410118937492371 0.193943 0.49372 0.304432 -2.204919
1 -12.43863868713379 7.371194362640381 -1.087157130241394 4.543741 2.144406 1.695638 -0.5336729
2 47.75168228149414 36.51529693603516 -0.4232666194438934 2.7906 2.848419 2.61857 0.7737122
1 -27.7068042755127 -36.95079803466797 -1.425327301025391 1.171894 0.605185 0.892355 -2.183801
4 6.551204204559326 25.52848625183106 -1.182762861251831 1.692585 0.684916 1.597147 -2.691195
2 13.7853364944458 3.956393241882324 -0.4811550378799439 12.859165 2.641455 2.59499 0.4662035