5 -22.60869598388672 -10.14085483551025 -1.386198163032532 0.248949 0.189846 0.532095 2.821857
5 -24.79183578491211 -7.852073669433594 -1.36912739276886 0.090591 0.146208 0.36313 2.821857
5 -6.182461261749268 -7.803648948669434 -1.310880422592163 0.189765 0.183505 0.571764 -2.852039
1 -41.27376174926758 -35.85021591186523 -0.04104854539036751 2.942498 1.817304 1.049858 0.05474998
3 -25.79063987731934 -33.53299331665039 0.01833422854542732 0.428157 0.746371 1.234719 0.9726478
4 -24.61746215820313 -7.146827697753906 -1.264464139938355 1.998938 0.672909 1.084903 -0.3063914
5 -8.346237182617188 -10.10896396636963 -1.326132297515869 0.230825 0.210227 0.560994 -2.601506
3 -46.05989837646484 -10.80455303192139 -0.7073066830635071 0.387624 0.57442 1.231782 0.1926219
6 35.29648971557617 3.181411743164063 -0.297864556312561 0.678259 1.2352 0.126643 0.0
4 -12.08270740509033 -6.595395088195801 -0.9479839205741882 1.734086 0.6322 1.67163 -0.0219396
2 53.64241790771484 -0.1607456356287003 -0.4726492464542389 5.979074 2.803044 3.203907 -0.03007356
1 11.03654670715332 -22.12897682189941 0.03568390756845474 2.880807 1.124765 1.256751 -1.561224
1 -15.76444530487061 2.280185699462891 -1.095372676849365 4.130906 2.032651 1.475548 0.02460541
5 -7.065601348876953 -8.340391159057617 -1.22468900680542 0.359824 0.303723 0.683158 -2.638313
5 -40.21200561523438 -7.998382568359375 -1.296801328659058 0.179656 0.29113 0.510272 2.775354
3 10.64695835113525 -8.623560905456543 -1.068170785903931 0.09814 0.2188 0.362745 -0.3013918
1 8.574508666992188 -21.69971656799316 -0.2930362522602081 1.91818 1.224233 0.759337 -1.567126
1 24.60733795166016 2.472050905227661 -1.037815928459168 3.635538 2.084505 1.645183 0.0327363