1 12.41795921325684 -2.243124485015869 -0.7105152010917664 4.599987 1.637952 1.89812 -0.01405572
2 19.31863021850586 3.487175941467285 -0.3645537197589874 4.743092 1.960384 2.581571 0.02163338
1 18.07831764221191 -1.672745585441589 -0.9426745772361755 3.642076 0.474151 1.414994 0.00493394
1 48.43952178955078 -17.8253059387207 -0.8643331527709961 2.748784 2.249647 1.538747 1.621663
1 -7.07774829864502 -2.673943996429443 -1.104940414428711 4.678713 2.034611 1.417984 -0.02275835
5 32.35037994384766 3.857368230819702 0.3806494474411011 0.361318 0.439701 0.825363 -1.453452
1 -1.128050446510315 -3.143945217132568 -0.8763660788536072 5.081722 2.007408 1.685286 0.02539947
2 -21.62311172485352 3.185749053955078 -0.1682198494672775 11.800667 2.797522 2.304043 0.005704197
1 4.917201042175293 -2.474763631820679 -1.01741099357605 4.097651 1.873838 1.47423 0.009577269
1 -1.829869508743286 -5.605005264282227 -0.5208042860031128 4.093054 1.757874 0.923708 0.05131231
2 -6.144600868225098 -0.1308034211397171 -0.603009819984436 5.962435 2.341468 2.132723 0.05639447
5 28.84131240844727 6.700252056121826 -0.2474663704633713 0.678343 0.161733 0.214148 -1.219942
6 23.88837051391602 -2.857645988464356 -0.1636958569288254 0.96388 0.459384 0.175887 0.02348477
6 48.67999267578125 -32.16983413696289 -1.357859015464783 2.764911 0.144012 0.086111 -1.533967
4 17.05745697021484 -7.475607872009277 -0.9654111266136169 0.943668 0.496426 1.078799 -0.09170849
2 4.122567653656006 3.166596651077271 -0.5735185742378235 9.121399 2.813173 2.301538 0.002292421
1 -30.10201072692871 -6.447931289672852 -0.8601562976837158 0.902704 0.658788 0.611555 0.002814955
1 -24.26472091674805 17.32142639160156 -1.610684871673584 3.960384 1.842406 1.535988 2.983357
1 -20.1194019317627 -3.650497436523438 -0.4759995043277741 1.145344 0.464221 0.507996 -0.006735155
2 -56.88445281982422 16.75856781005859 -0.277584582567215 7.503231 2.0216 1.779955 2.998276
2 52.82614898681641 -22.67527961730957 0.537744402885437 11.458241 2.941703 3.426199 1.648842
1 7.452125549316406 0.2137152999639511 -0.8173929452896118 3.425913 2.05032 1.894732 -0.006613102
1 46.06293106079102 -19.757568359375 -0.6048699021339417 4.170187 1.860067 1.549689 1.688645
1 -5.973313331604004 2.296750068664551 -0.8451367616653442 4.178061 1.901833 1.953393 0.1169163
3 28.57012748718262 -16.22477722167969 -0.7172158360481262 0.099085 0.353254 1.500246 -0.6028085
6 20.27814865112305 0.6637188196182251 -0.01282249391078949 1.342132 1.235616 0.245537 0.02416772
1 12.51464462280273 2.994088649749756 -0.9574921727180481 3.895895 1.097008 1.392609 0.01890288
1 -13.98525333404541 -3.161025285720825 -0.7030813694000244 1.96601 1.17984 0.503235 0.008146387