3 5.183004379272461 20.93561172485352 -1.140204787254334 0.538066 0.434982 1.591636 -3.064656
1 26.78040313720703 17.95764541625977 -0.7152429223060608 2.621971 1.121104 1.034707 -1.57641
1 -48.75504684448242 22.60807609558106 -1.777669906616211 1.668632 1.722135 0.628898 -3.09742
4 3.351616382598877 8.125638961791992 -1.382343053817749 1.760294 0.618634 1.193211 0.3281913
1 16.02463340759277 36.60798263549805 -1.067186713218689 4.428194 1.034225 1.501551 -3.075725
4 20.57129096984863 -4.883575916290283 -0.9279540181159973 0.672621 0.482031 1.228959 -1.484582
4 14.58208179473877 -5.92022180557251 -0.9644891023635864 2.159719 0.731798 1.288886 -1.442069
1 7.429020404815674 28.42428588867188 -1.035325527191162 4.180142 2.070706 1.717441 -1.524974
3 17.90471839904785 24.02168846130371 -0.7333906292915344 0.630553 0.625017 1.523057 -1.609717
1 43.52459335327148 18.1800537109375 -0.1536590605974197 2.966948 0.897786 0.621111 1.626052
3 25.4837532043457 43.97830963134766 -0.9602692723274231 0.435598 0.754175 1.65278 -2.447428
4 15.64509868621826 9.76534652709961 -1.067077994346619 1.374578 0.418731 0.985405 0.4748392
4 10.93031406402588 8.42583179473877 -1.219223618507385 2.007985 0.962517 1.365887 0.3612224
4 -44.15921020507813 6.93451738357544 -1.601854562759399 0.921742 0.460447 0.864401 3.130768
4 -1.661861538887024 8.153596878051758 -1.435919046401978 2.071378 0.647225 1.124116 -3.118046
4 16.89554786682129 10.86643409729004 -0.8172212243080139 1.439597 0.572758 0.621208 1.474272
1 28.96977996826172 17.55107307434082 -0.5741389393806458 1.73194 0.251948 0.632911 1.565183
4 16.16602325439453 -5.081864833831787 -0.9605700969696045 0.762619 0.694067 1.359018 -1.442069
3 32.33631134033203 -9.517054557800293 -0.03332137316465378 0.331071 0.431354 0.858914 -3.04861
4 14.6913948059082 8.774224281311035 -1.141398310661316 1.646397 0.598934 1.075892 1.612769
1 24.70730018615723 0.6035107374191284 -0.9828136563301086 3.111182 1.757525 1.072325 0.01208864
1 -22.97015380859375 17.46846199035645 -1.395599484443665 4.72014 1.405034 1.406515 1.579197
3 -17.24671936035156 -12.79551410675049 -0.4511673450469971 0.915535 0.993813 1.349065 -0.0009045439
3 31.41645050048828 -11.36759281158447 -0.1085924804210663 0.209601 0.285177 0.60823 -3.11773
3 17.33348274230957 26.779296875 -0.7247980833053589 0.202251 0.288364 0.636733 1.342381
3 16.57833099365234 26.06870269775391 -0.9727317690849304 0.487641 0.627747 1.574459 1.531876
1 -49.22823333740234 -8.921245574951172 -1.552974343299866 1.240266 1.351315 0.95167 1.043426
1 -2.879024982452393 -3.621849536895752 -0.9482951164245605 4.475886 1.862833 1.694068 -0.0437991
3 27.19487953186035 33.4868278503418 -0.7696943879127502 0.451586 0.800926 1.837783 0.7382244
1 -49.06049728393555 19.90242576599121 -1.667705059051514 2.205249 1.604643 0.962709 0.0683837
4 12.6388521194458 8.080949783325195 -1.244731783866882 1.520621 0.742762 1.274747 1.994503
3 -14.66708946228027 -11.60305213928223 -0.4720976054668427 0.532696 0.596853 1.21014 -3.102523
1 -4.20688533782959 17.10127067565918 -0.9668493866920471 3.862735 1.821851 1.517898 1.561012
6 15.09782409667969 12.00679111480713 -0.8188159465789795 0.244676 0.425309 0.393767 1.512444
3 14.79121685028076 14.12272644042969 -0.7030395865440369 0.401423 0.557945 1.337296 -1.63617
4 8.707836151123047 8.203977584838867 -1.285892128944397 1.90947 0.780942 1.267712 0.4486619
1 54.84738159179688 -2.609484910964966 -0.4609929323196411 5.651177 2.347786 0.811193 0.03613651
4 1.783984661102295 8.244392395019531 -1.476130247116089 1.425352 0.456367 1.070835 2.951753
4 15.3215389251709 10.90051364898682 -0.8730595111846924 1.446805 0.67825 0.652106 0.9237946
1 3.798645496368408 -3.605494976043701 -1.015417575836182 3.9168 1.892501 1.436851 0.02885335
4 22.7628173828125 -5.123820304870606 -0.8721193075180054 0.695545 0.54177 1.389627 -1.484582
4 42.59340667724609 8.153669357299805 -0.6973517537117004 0.643791 0.516167 0.722804 3.115086
3 -32.06875610351563 -12.81804656982422 -0.7514084577560425 0.257872 0.326255 0.697578 0.003825935
1 36.93223190307617 19.12804985046387 -0.4876152873039246 2.741763 1.50858 1.302743 1.565183
3 12.83556175231934 -9.983518600463867 -0.5199419856071472 0.453392 0.415509 1.339092 -2.764076
3 42.34526824951172 -10.90482902526856 -0.1262847930192947 0.247675 0.262583 0.583913 -3.11773
1 -2.235666751861572 28.08690643310547 -1.073199987411499 3.368629 1.898888 1.603004 1.581861
1 34.07945251464844 1.206433534622192 -0.3910244405269623 0.868311 1.699344 1.894128 0.0880276
3 -31.91794586181641 -12.34778118133545 -0.7468181252479553 0.223471 0.430976 0.687877 0.003825935
1 -11.1638822555542 -3.50493049621582 -1.07389497756958 4.139262 1.872746 1.573036 0.09161942
4 18.43316650390625 -5.19342041015625 -1.01065731048584 0.744296 0.61489 1.263741 -1.346766
4 0.3397754430770874 8.12470817565918 -1.339133620262146 1.702378 0.614515 1.323581 2.952268
4 4.856206893920898 8.15003776550293 -1.319944262504578 1.730054 0.793768 1.296275 0.6635302
4 17.65004348754883 -5.296891689300537 -0.9394887685775757 0.580604 0.329084 1.222551 -1.346766
3 11.14251613616943 -9.638187408447266 -0.6378514170646667 0.360878 0.605863 1.18382 -0.5046213
1 -54.19707870483398 -13.57223606109619 -1.053869485855103 3.75406 1.089324 0.722663 0.9322281
3 -31.53137969970703 -13.38962173461914 -0.7440356612205505 0.18982 0.38046 0.704995 0.003825935
4 15.34203433990479 -5.703778266906738 -0.9628947973251343 2.038709 0.572437 1.362537 -1.442069
3 -18.88762474060059 34.16630172729492 -1.034537196159363 0.360384 0.345791 1.469306 2.845281
1 27.84023284912109 -2.382055759429932 -1.058393001556397 1.453708 0.945718 0.880648 0.04458567
4 23.00481986999512 8.52559757232666 -1.114100575447083 1.257358 0.831075 1.088061 -0.4013199
1 22.99455642700195 31.45713996887207 -1.016956686973572 1.792196 1.980244 1.000592 -2.301966
1 -16.48298454284668 16.88826370239258 -1.184840440750122 4.034575 1.869245 1.66177 1.579197
1 0.2716653645038605 16.64982414245606 -1.129300832748413 3.391261 2.044397 1.491715 1.545594
4 13.97963428497315 7.633960247039795 -1.223280668258667 1.50388 0.495206 1.186447 1.571445
3 11.61141967773438 -8.843672752380371 -0.6952200531959534 0.448242 0.682863 1.295506 -0.4524679
3 14.40196037292481 -0.7343863844871521 -0.8446558713912964 0.870647 0.576287 1.633745 -0.9334902
1 35.9953498840332 5.006024837493897 -0.8130377531051636 4.388279 1.984312 1.62536 -3.079286
1 18.4019660949707 -2.750338315963745 -0.9216536283493042 4.505814 1.856636 1.393868 0.045017
1 19.33625984191895 4.727373123168945 -0.9373291730880737 4.356184 1.833945 1.608927 -1.371768
1 41.28382110595703 17.5430793762207 -0.371024489402771 2.321231 0.492221 0.60539 1.564845
1 -15.13908672332764 -0.5647106766700745 -1.185163497924805 3.526567 1.973973 1.454018 0.001076442
1 -11.61762046813965 27.89016723632813 -1.159505724906921 4.262028 1.829075 1.711053 1.57194
4 19.37235260009766 -4.99444055557251 -0.959695041179657 0.689615 0.795462 1.159456 -1.484582