2 16.84994888305664 -4.430052280426025 -0.4798261821269989 11.460536 2.876707 2.930901 -0.01204018
2 36.71104049682617 0.2721914649009705 -1.186598539352417 1.02266 1.719278 1.896604 0.0035707
1 41.89668273925781 15.98666286468506 -1.781643390655518 5.137266 1.967912 1.671114 -3.097319
1 -37.86889266967773 2.699061870574951 -0.929900050163269 3.722029 1.72992 1.372897 0.01084218
2 51.97257995605469 14.27760791778565 -0.7868509888648987 6.346879 2.682007 2.630961 -3.097127
1 -28.27711868286133 -9.089803695678711 -0.7649308443069458 4.156302 1.747509 1.661924 0.6762117
1 -6.235226631164551 8.044574737548828 -1.243191123008728 4.304736 1.907647 1.408635 3.116597
1 -53.78012847900391 1.945531010627747 -0.7974690198898315 2.730191 1.846982 1.396147 -0.01722231
6 -57.33709335327148 -2.255556583404541 -0.3600881099700928 0.600118 1.497863 0.406258 -0.005469338
1 -37.58944320678711 9.851628303527832 -0.8254590034484863 3.375129 0.756622 0.69955 -3.13146
6 31.29415702819824 8.188416481018066 -1.018030405044556 0.79178 1.531611 0.397297 -3.119131
4 34.23587417602539 12.90386295318604 -1.390713810920715 1.444651 0.944393 0.933646 -3.126617
2 -3.512750864028931 -4.906195163726807 -0.5288988947868347 12.14988 2.846598 2.43348 -0.001393047
3 45.60665893554688 15.49813270568848 -1.796305656433106 0.412549 0.547584 1.538851 3.09184
2 17.70567321777344 13.34131622314453 -0.5766615867614746 12.342458 2.988875 3.126658 3.132571
1 -34.32905960083008 -1.009290933609009 -0.9053223729133606 3.81544 1.836494 1.425398 -0.1119618
1 -25.58592414855957 8.043017387390137 -1.066955208778381 2.997839 1.592957 1.310504 -3.108367
2 32.20206069946289 -3.886935472488403 -0.4920624494552612 11.829068 1.400602 3.175758 -3.345064e-05