1 19.49005699157715 -3.803808450698853 -1.080317258834839 3.679362 1.528104 1.438334 -0.08337384
1 8.329965591430664 3.035745620727539 -0.992810070514679 4.045105 1.882227 1.606437 -0.0838977
1 -6.519142627716065 -2.142460107803345 -1.137851715087891 4.728252 2.008151 1.327633 -0.01427913
1 -21.08236885070801 5.425505638122559 -1.116082310676575 2.638836 1.395919 1.299417 -0.08817389
1 40.69783782958984 -9.37558364868164 -0.830758273601532 1.539475 1.414686 1.061391 -0.3130505
1 15.07767772674561 -1.023626208305359 -0.9123861789703369 3.210191 2.198406 1.832928 -0.04024916
1 12.9188117980957 -3.991101026535034 -0.9521951079368591 4.557115 1.862548 1.767626 -0.0903257
1 38.72053909301758 -0.1307700872421265 -0.6503181457519531 2.470541 1.196784 1.717252 -0.07565898
4 49.67360305786133 17.7399787902832 -1.272374749183655 1.574111 0.547026 1.065259 -2.119839
1 -15.4332160949707 -2.42748498916626 -1.022006511688232 4.193165 2.131139 1.689694 -0.02342666
2 -34.20274353027344 0.7276267409324646 0.04833437129855156 2.703474 1.230469 1.029054 -0.08817389
1 -25.52050590515137 -2.01321005821228 -1.062006592750549 3.864919 0.766956 1.665187 -0.08817389
6 -56.22617721557617 8.658530235290527 2.043891668319702 0.708748 0.643206 0.039461 -0.08389796
2 -10.21110057830811 1.185543894767761 -0.6554549932479858 6.036663 2.248692 2.412986 -0.08389796
1 14.10543251037598 1.212707042694092 -0.8490095138549805 3.49307 1.749286 1.87444 -0.01591688
2 26.98678398132324 -4.337069988250732 -0.891025722026825 3.964622 1.573081 1.967472 -0.08180889
2 23.75318145751953 1.289875388145447 -0.475651890039444 11.103392 2.869009 2.734143 -0.08376682
1 -20.46367835998535 -0.08984830975532532 -1.139131784439087 4.156576 1.294513 1.453368 -0.08817389
3 36.71317291259766 -13.81087017059326 -0.5854170322418213 0.312096 0.58103 0.649012 3.123772
2 -29.21631050109863 6.48335075378418 0.1960922032594681 4.393917 2.12087 1.712105 -0.08817389
2 -2.677840232849121 3.576199054718018 -0.6277068853378296 12.085103 2.75457 2.355177 -0.08389793
1 5.34587287902832 -2.428455829620361 -1.055277466773987 4.535526 1.929131 1.465857 -0.0656997
1 -53.31016159057617 0.8103693723678589 -0.2838980853557587 2.324655 1.602525 1.931883 -0.1288096