1 -5.852409839630127 -30.60436058044434 0.03823898360133171 2.028554 0.713762 1.001392 -1.777731
1 26.17549705505371 -19.74190902709961 0.03307732939720154 1.51678 1.548234 0.966912 -1.629096
1 28.67527198791504 -20.39100646972656 -0.007783676497638226 1.646371 0.5035 1.6841 -1.543582
1 -32.19199371337891 4.084690093994141 -1.10034191608429 3.830763 1.308011 1.547209 -0.001122142
1 -5.416821002960205 -19.70234298706055 -0.05330070853233337 3.005864 1.237658 0.98423 -1.474736
2 -15.40831661224365 -1.488474249839783 -0.4098261594772339 11.900572 2.930511 2.715931 -0.009211986
1 12.24475860595703 -0.2643313407897949 -0.856016218662262 3.841573 1.740046 1.940883 0.007116619
1 -21.28809928894043 -18.27817726135254 -0.5106781125068665 1.264736 0.971665 0.812764 -0.05908282
1 8.172403335571289 2.467033386230469 -1.061667323112488 5.601929 2.011622 1.568101 -0.01597928
1 57.14604187011719 -0.5691413283348083 0.2587219178676605 0.19593 2.620176 0.933435 0.007116619
1 -12.77713966369629 -19.00941276550293 -0.2264990210533142 1.471774 0.752077 1.158243 -1.474736
1 -43.74783706665039 2.816622257232666 -1.393941640853882 0.524204 1.642251 0.547866 -0.001122142
1 -34.51431655883789 0.5951768755912781 -1.375670671463013 0.783051 1.721922 0.683433 -0.001122142
2 10.77468681335449 5.001179218292236 -0.5826720595359802 5.071809 2.402399 2.520422 -0.02439738
1 34.36673736572266 2.31809663772583 -1.252037048339844 2.766135 0.132656 0.683404 0.007116619
1 -24.11779594421387 -18.33369064331055 -0.3304626643657684 1.314547 1.494209 0.799958 -1.58935
1 -19.39145851135254 3.799741268157959 -0.9073326587677002 4.519257 2.018286 1.822985 -0.001122142
4 9.387741088867188 32.38898849487305 -1.860660076141357 1.017856 0.444554 1.342202 3.122849
1 50.79587936401367 2.577409505844116 -1.17126202583313 4.211068 1.689177 1.004468 0.007116619
6 -37.6190071105957 31.30922889709473 -1.341034412384033 0.43709 0.338238 0.567693 3.133419
1 -10.73721027374268 -19.35000610351563 -0.325286328792572 3.080127 1.752452 1.09641 -1.606878
2 21.2045955657959 2.590975046157837 -0.4644423127174377 5.807631 2.358541 2.80699 -0.001122142
1 -45.04134368896484 0.07135194540023804 -0.3847661316394806 1.752785 1.401114 1.179366 -0.001122142
4 29.84223937988281 -7.662144660949707 -0.865201473236084 1.329606 0.675772 1.405769 -3.063641