1 -55.68457794189453 17.01709938049316 -0.6198688745498657 5.012378 2.19513 1.563316 3.063148
6 53.11720275878906 -35.65476226806641 -0.4556419551372528 1.323141 0.22424 0.447985 1.709738
1 7.364843845367432 0.2189525961875916 -0.8049923181533813 3.279155 1.977076 1.866922 -0.03203264
5 20.82266235351563 -9.67210578918457 -1.352479457855225 0.194886 0.201827 0.31313 -0.711227
1 -1.115425944328308 -3.128758907318115 -0.816554605960846 5.041287 1.959816 1.564985 0.01167608
6 49.84652709960938 -35.25506210327148 -0.7890614867210388 2.571887 1.18198 0.447523 1.666619
1 43.54800415039063 40.67173385620117 -0.5904505252838135 3.73465 3.140891 2.186836 1.576705
6 34.83072280883789 29.54166603088379 -1.49934720993042 1.900618 0.71834 0.606302 1.611501
2 52.74900817871094 -22.58617210388184 0.6040783524513245 11.186589 2.750372 3.1603 1.656634
2 -6.160512924194336 -0.07102418690919876 -0.646034300327301 6.009509 2.344363 2.219888 0.01799164
6 -19.85301399230957 -3.66661548614502 -0.4802518784999847 1.244185 0.601249 0.330054 0.005215601
1 -14.08138275146484 -3.374817132949829 -0.78122478723526 2.113605 0.651451 0.605575 -0.008487487
2 46.75782012939453 -27.44446182250977 0.4965593814849854 6.069685 2.284877 2.640408 1.655657
4 10.38013172149658 -5.860378265380859 -0.4886092841625214 0.913841 0.44086 0.793022 0.2645248
2 47.23934936523438 18.41415596008301 0.2272296845912933 12.146071 2.728426 3.388157 1.876628
1 20.78952598571777 4.081323146820068 -1.055621266365051 2.690069 1.901989 1.091206 0.08002963
3 -54.89768218994141 12.90814590454102 -1.205230712890625 0.116387 0.548228 0.789779 -2.940608
4 29.55064010620117 17.59102630615234 -1.058776259422302 1.566916 0.695457 1.351393 1.374262
1 9.112586975097656 3.28957724571228 -1.019420266151428 4.154981 1.732662 1.422989 0.0215477
4 27.54826927185059 22.03220939636231 -1.084585070610046 1.819119 0.620841 1.375578 1.153074
4 11.40110492706299 -4.852828502655029 -0.5513558983802795 1.031977 0.533527 0.951613 0.04692113
1 24.76442909240723 -2.607941627502441 -0.4627594649791718 2.713152 1.04633 0.714626 -0.07097738
2 31.00704383850098 3.46746301651001 0.2187147736549377 0.458582 2.630924 2.106442 0.07716198
1 4.901116847991943 -2.418220520019531 -1.012499451637268 4.069639 1.71408 1.459298 0.01138684
6 20.97579383850098 0.6747413873672485 -0.007089147344231606 1.711515 1.33105 0.229569 0.06681844
4 1.790228486061096 -6.571087837219238 -1.002066493034363 1.676582 0.867978 1.469665 -0.06741218
2 12.48680877685547 -2.216793537139893 -0.732770562171936 4.784452 1.78267 1.937458 -0.02153011
1 -6.891849517822266 3.436230182647705 -1.042467594146729 3.668262 1.84276 1.689311 0.01127516
1 -20.18634986877441 3.711858987808228 -1.275078654289246 2.859324 1.196414 1.244593 0.04420504
3 28.14743041992188 25.36691665649414 -1.190075039863586 0.843315 0.775309 1.503558 -3.017327
4 5.739122867584229 -5.060368061065674 -0.9646005034446716 1.507181 0.628256 1.59979 0.1963782
1 -7.014100551605225 -2.668968200683594 -1.100213170051575 4.40145 1.977141 1.433088 -0.02488368
1 18.07418251037598 -1.698455929756165 -0.9103589057922363 3.666824 0.558094 1.338578 -0.03277447
1 45.87766647338867 -19.81433296203613 -0.6286275386810303 4.193511 1.357238 1.573293 1.66586
1 48.70011138916016 -17.9264030456543 -0.6868882179260254 2.561801 1.536175 1.158595 1.705572