4 1.793349623680115 -6.546988964080811 -1.00479793548584 1.713203 0.85985 1.480438 0.0005258849
1 -7.050836086273193 -2.678439140319824 -1.107161402702332 4.477812 2.017324 1.502646 -0.03229052
4 28.7270622253418 14.61801528930664 -0.5412062406539917 1.005026 0.680159 0.708198 -1.613955
4 17.69708251953125 -6.302302837371826 -0.3544776439666748 0.574935 0.718431 0.705413 -0.2526122
1 46.06299591064453 -19.80657005310059 -0.5852814316749573 4.312828 1.759737 1.479497 1.666606
5 21.48226165771484 20.09355545043945 -1.572291374206543 0.167391 0.164241 0.436817 -1.499502e-15
5 18.79184913635254 19.16022491455078 -1.685972809791565 0.257573 0.184843 0.560232 -1.570067e-15
1 31.54484939575195 21.589111328125 -1.143393754959106 4.354883 1.857935 1.357551 -2.109454
2 52.86430740356445 -22.29186820983887 0.7006649374961853 11.803122 3.080625 3.219908 1.676743
1 12.39791393280029 -2.209408521652222 -0.7171229720115662 4.580088 1.647351 1.904104 -0.001006972
1 7.317007541656494 0.1924293339252472 -0.7864772081375122 3.18542 2.131057 1.82798 0.0184551
3 27.87476921081543 25.31350517272949 -1.180134773254395 0.381689 0.640206 1.48293 0.56511
6 -19.83776092529297 -3.652552366256714 -0.4730637669563294 1.222835 0.639043 0.371277 7.130436e-17
1 -1.119913220405579 -3.148720979690552 -0.9027513265609741 5.059081 2.006574 1.739867 0.0184551
1 49.8115119934082 -35.27806091308594 -0.6365359425544739 2.659059 1.233781 0.921817 1.705791
5 12.69690990447998 18.28363037109375 -1.752081274986267 0.154037 0.175525 0.503452 0.0
1 -54.65422439575195 17.11574935913086 -0.9062632322311401 3.062943 2.226069 1.572924 2.94481
4 27.49373054504395 22.04038238525391 -1.118790745735169 1.753383 0.576252 1.44372 1.171056
1 7.795707225799561 3.437403202056885 -0.8837961554527283 3.504748 1.729054 1.712043 0.003254462
4 14.4236307144165 -5.164348602294922 -0.92731112241745 2.040268 0.839644 1.551217 0.0003573459
5 14.20782852172852 18.30857276916504 -1.698693990707398 0.269674 0.262644 0.496578 -1.755994e-15
2 46.7037239074707 -27.39163970947266 0.1893513798713684 5.969531 2.235195 3.185163 1.671777
2 45.15562057495117 8.524578094482422 0.2069826871156693 12.24797 2.677702 3.337579 0.7946479
4 18.29474830627441 -5.416880130767822 -0.7956750392913818 0.555111 0.608832 1.576924 -0.604161
1 42.87987899780273 39.95989990234375 -1.082947134971619 5.112605 1.838766 1.893662 -1.579793
1 -6.307301998138428 3.260767936706543 -1.10468065738678 4.744742 1.891913 1.489657 0.0184551
1 18.70693016052246 3.630626916885376 -0.9346233010292053 2.992142 1.681172 1.360416 0.0184551
2 -6.14355993270874 -0.06802291423082352 -0.5523102879524231 5.997603 2.332531 2.033177 0.0184551
1 5.068870067596436 -2.39207911491394 -0.9915304183959961 4.420238 1.696992 1.526067 0.0184551
5 11.42981147766113 18.28884506225586 -1.68989884853363 0.15416 0.192699 0.497572 2.15251e-15
1 -21.46101570129395 3.942647457122803 -1.168564915657044 2.797262 1.311994 1.627983 0.0
6 32.16639709472656 4.903176784515381 -0.7482158541679382 0.148121 0.559083 0.240554 0.06636276
5 17.21304321289063 18.77019119262695 -1.714256167411804 0.246591 0.16641 0.521761 2.723583e-15
5 20.81779670715332 -9.702038764953613 -1.348106861114502 0.245829 0.295023 0.364556 -0.315116
1 18.12656021118164 -1.688629150390625 -0.9342890381813049 3.837919 0.473469 1.422475 0.0184551
1 -13.76155376434326 -3.204308271408081 -0.7228370904922485 2.683367 1.024428 0.543967 0.0
1 24.53145027160645 -2.641203165054321 -0.3884197771549225 2.336023 0.834746 0.620666 0.0184551
5 22.80374145507813 20.85984230041504 -1.681669592857361 0.17469 0.228876 0.496313 0.0
1 48.45201873779297 -17.87364959716797 -0.701014518737793 2.217572 0.971014 1.179305 1.647013
2 42.08003234863281 22.33684921264648 -0.03881894797086716 12.302415 2.770279 3.867252 2.572601
6 -1.899816036224365 -4.664892673492432 -0.6641689538955688 0.057684 0.138989 0.070709 0.07984716
6 20.740966796875 0.6553764343261719 -0.03636506572365761 1.257065 1.356314 0.283556 0.0184551