6 49.8223762512207 -35.75175476074219 -0.5778902173042297 3.382009 1.091149 0.823843 1.648864
1 4.965617179870606 -2.451337575912476 -1.014359474182129 4.202552 1.822907 1.480361 0.01994141
1 7.37143611907959 0.2123530358076096 -0.7932047843933105 3.157538 2.099751 1.84629 -0.006538881
1 -6.069820880889893 -0.082578644156456 -0.558095395565033 6.161799 2.373227 2.04402 0.02325492
1 12.85326385498047 3.008203983306885 -0.9761798977851868 4.677871 1.170712 1.429293 0.01644509
6 32.98674011230469 4.894831657409668 0.2586990594863892 0.31732 2.102994 0.584915 -3.108817
2 52.83082580566406 -22.59322166442871 0.635887861251831 11.401952 2.966849 3.26018 1.653873
4 1.301530599594116 -6.030583381652832 -0.9852914214134216 2.007301 0.957809 1.469419 -0.1324796
2 19.8353157043457 3.512414455413818 -0.3607837855815888 5.177658 1.981923 2.605243 0.02431147
1 -33.13344192504883 18.25881958007813 -1.292923092842102 4.256454 1.873448 1.186187 2.985349
1 -5.987841129302979 2.272464513778687 -0.8861966729164124 4.197032 1.893318 1.876298 0.1312284
1 18.14812278747559 -1.682209253311157 -0.9431357979774475 3.849302 0.484377 1.451986 0.02889656
2 -21.66278266906738 3.176308870315552 -0.2037052065134049 11.961954 2.892511 2.382509 0.01207876
6 -13.81296539306641 -3.230577707290649 -0.7203492522239685 2.731284 1.086494 0.481341 0.04789169
1 12.3778076171875 -2.24638032913208 -0.7206130623817444 4.60051 1.741969 1.917893 -0.02327681
6 24.51528930664063 -2.626883745193481 -0.3597736358642578 2.265556 0.911694 0.580382 -0.03858558
1 45.42800140380859 -20.78531074523926 -0.6424344778060913 2.234522 0.905629 1.618376 1.676063
6 -19.84448623657227 -3.667784929275513 -0.4936438500881195 1.170061 0.654267 0.343128 0.08116654
6 20.70803451538086 0.6810077428817749 0.008413008414208889 1.209977 1.418077 0.248165 0.01214222
1 30.00841522216797 -12.13563251495361 -0.6614213585853577 4.21164 1.873395 1.742319 -0.7949859
1 -7.0572509765625 -2.662203073501587 -1.104319334030151 4.758711 2.048723 1.419487 -0.0172365
2 5.098229885101318 3.169909954071045 -0.5901756882667542 7.79122 2.913994 2.285406 0.02144128
1 -1.117843389511108 -3.151925802230835 -0.9068248867988586 5.076549 2.016382 1.756261 0.04606317