1 -10.68906497955322 4.57331657409668 -1.229592204093933 4.578328 1.864777 1.426613 3.141256
3 33.12602615356445 -10.63329315185547 -0.3066647052764893 0.383801 0.288618 1.028274 -0.01834852
1 1.503045320510864 43.46340179443359 -1.824588894844055 1.419734 1.693558 0.947212 1.525089
3 19.44810676574707 12.44223117828369 -0.9166569709777832 0.34091 0.359036 0.629635 3.126162
1 -16.02787971496582 -5.785364627838135 -0.9991456866264343 4.045438 1.492133 1.904751 0.0382755
5 -4.215715408325195 -7.109095096588135 -1.553208351135254 0.228346 0.463028 0.305003 1.5504
1 -3.208740472793579 17.15315628051758 -0.951448380947113 3.420458 1.629551 1.359659 1.504854
1 7.785532474517822 28.31256103515625 -1.409309267997742 4.005582 1.641012 1.488803 1.583485
1 -17.7558479309082 32.23001480102539 -1.605998277664185 1.669535 1.917167 1.742236 1.564137
1 -20.89684295654297 -5.922262668609619 -1.277912616729736 3.576595 1.503044 1.427006 0.008276897
1 -0.6870912313461304 33.23128890991211 -1.129123210906982 2.711921 1.367875 1.029513 1.583485
1 -31.81955909729004 16.59562301635742 -1.700005650520325 2.607408 1.217139 1.209535 1.555018
2 26.3901309967041 0.5401848554611206 -0.5498315691947937 0.524629 1.76713 1.541445 0.01832281
1 35.2818489074707 -2.644443035125732 -0.9287318587303162 3.963952 1.764679 1.452789 0.01832281
3 2.613100528717041 34.14020156860352 -1.374930143356323 0.349885 0.669788 1.102363 1.619748
1 41.99250793457031 -1.358170032501221 -1.062578916549683 0.858798 1.347613 1.129491 0.01832281
1 8.789324760437012 16.98884201049805 -1.042379021644592 2.815134 1.687944 1.435325 1.642852
1 -39.53153610229492 16.57785606384277 -1.766504526138306 2.050605 1.618142 1.740079 1.542649
1 -43.60179901123047 16.22935485839844 -1.703146100044251 1.979921 0.859155 1.42495 1.549816
3 -14.49316120147705 -37.38052368164063 -0.2915259599685669 0.218506 0.667109 0.548504 -1.903195
1 20.8045539855957 17.72992324829102 -1.01030957698822 2.88817 1.648328 1.140261 1.556795
1 15.70783519744873 17.75415802001953 -1.032408356666565 4.10047 1.655684 1.397936 1.54395
1 -29.43302154541016 28.67859268188477 -2.129664897918701 2.809354 1.271263 1.165207 -1.567546
1 3.67609977722168 33.90130615234375 -1.368914842605591 3.709815 2.211889 1.505137 1.57914
3 -10.28512477874756 -11.3005256652832 -0.9600701928138733 0.759829 0.566121 1.62036 0.05014896
1 -3.358290433883667 32.18209075927734 -1.342871069908142 1.127809 0.976747 1.4452 1.583485
1 11.3752326965332 16.80699157714844 -1.081954002380371 2.048795 1.552696 1.182772 1.734803
1 22.93306541442871 17.65720367431641 -0.9924921989440918 3.495001 1.332321 1.481001 1.598258
1 -34.39767074584961 15.81945514678955 -1.696071028709412 0.898305 1.27742 1.015169 1.557608
1 6.752298831939697 0.1566918939352036 -0.9701382517814636 3.162266 2.136078 1.574192 0.01832281
1 -30.35173988342285 4.263062953948975 -1.579117059707642 2.089005 1.708956 1.366002 3.141394
1 -5.579330444335938 -0.07289087772369385 -0.9881505370140076 3.774306 2.069138 1.242964 0.009173397
1 38.29487991333008 33.74468231201172 -0.4078626036643982 1.005157 0.195822 0.667765 2.212608
1 8.504788398742676 44.46653366088867 -1.637847781181335 4.101173 1.771386 1.375435 1.652618
6 -57.28044128417969 -3.855200529098511 -2.085119485855103 0.850835 1.717302 0.359692 0.03745454
1 12.59933662414551 49.94425582885742 -1.624137043952942 3.910793 0.51113 1.06196 1.619136
5 -5.559242248535156 -7.104190349578857 -1.54846978187561 0.213958 0.43 0.234784 1.5504
3 47.03684234619141 7.808406829833984 -0.8506107330322266 0.642285 0.493813 0.96926 -3.082561
2 -9.820676803588867 -5.827328205108643 -0.5618300437927246 5.313766 1.856447 1.968232 -0.007103988
1 -33.67144393920898 -3.651864767074585 -1.566985368728638 3.562987 1.638093 1.064513 0.008843417
3 6.156523704528809 12.34230804443359 -0.9337811470031738 0.895687 0.657316 0.675841 -3.127217
1 -6.950405120849609 -3.496561050415039 -1.031755089759827 4.376359 2.032977 1.585752 -0.003572756
3 16.41638374328613 -7.729855537414551 -0.8194483518600464 0.298034 0.484032 0.803735 0.02538823
1 45.64197540283203 5.763753414154053 -1.064257979393005 4.107044 1.889773 1.446139 -3.106836
1 -15.94853973388672 -0.662750780582428 -0.8064274191856384 2.969858 2.02514 0.901895 0.03338309
1 -0.821155309677124 17.10795021057129 -1.044108748435974 2.860491 1.962209 1.369546 1.60504
1 6.408630847930908 16.71822166442871 -1.035566449165344 2.411754 1.783507 1.472951 1.602866
3 -13.31067562103272 12.36514759063721 -1.058939933776856 0.499459 0.623868 0.822502 -0.1003611
1 -24.33137893676758 15.97323226928711 -1.419632792472839 1.186287 0.569653 1.152001 1.573012
1 -22.1629581451416 17.42174530029297 -1.606737971305847 4.161444 1.394116 1.349305 1.559988
1 -25.58233451843262 -5.643843650817871 -1.302378654479981 4.008894 1.391222 1.409369 0.02762995
1 -45.89760589599609 4.196205615997315 -2.170815706253052 1.191674 1.408733 0.929431 -3.127819
1 44.27820587158203 2.807838439941406 -1.040020108222961 1.692972 1.061197 1.415268 0.01832281
1 5.986605644226074 -5.503649234771729 -0.9916899800300598 3.250523 1.932551 1.513503 -0.109377
5 -2.859350204467773 -7.144887924194336 -1.556529402732849 0.308226 0.448019 0.309349 1.5504
1 17.49185371398926 0.1984911412000656 -0.6269741058349609 1.99336 2.014133 0.53344 0.01832281
1 18.18066596984863 16.85315322875977 -1.121025085449219 2.120214 1.573179 1.159208 -1.567797
1 -39.02538299560547 32.46277618408203 -1.44204044342041 0.937092 0.85042 0.608416 1.565636
1 -19.83971214294434 32.41110992431641 -1.815162181854248 1.674247 0.959876 1.251562 1.564137
1 -12.82101917266846 17.0671329498291 -1.317818999290466 3.132004 1.634083 0.690999 -1.578793
1 -27.19748878479004 16.87972068786621 -1.362675189971924 2.264468 1.324835 1.191537 1.555018
1 -15.16775226593018 17.03964424133301 -1.371157884597778 3.157274 1.571554 1.200515 -1.552414
5 -6.88183069229126 -7.166061878204346 -1.591048955917358 0.293821 0.363326 0.277336 1.509862
3 53.18682861328125 10.40484428405762 -0.8584745526313782 0.377441 0.800065 0.898192 -3.115687
4 45.08892059326172 8.621508598327637 -1.27742874622345 1.220418 0.363765 0.642288 1.919516
2 0.9362244606018066 -5.789481639862061 -0.6536551117897034 5.625899 2.417911 2.170779 0.004011505
1 45.93801116943359 17.75706481933594 0.1285830736160278 4.273196 1.586843 1.911697 1.577323