1 -16.68973159790039 15.65196037292481 -1.121594429016113 2.154354 1.792027 1.306722 1.763571
1 36.61448669433594 34.64687347412109 -0.9071198105812073 2.560529 1.464556 1.071399 1.71179
1 11.75527381896973 3.885763168334961 -0.9863765239715576 3.420297 1.78357 1.542356 0.2055227
6 27.90152168273926 1.652096033096314 -0.7026920914649963 1.180358 0.133369 0.452463 1.722373
1 21.22348213195801 10.07480430603027 -1.14747166633606 4.211576 1.933755 1.589819 -3.009694
1 -19.09148788452148 15.6435432434082 -0.9944972395896912 2.800858 1.622725 0.980515 1.77289
1 -2.664783239364624 18.36949348449707 -0.8994550108909607 3.045289 1.954811 1.192259 1.699599
3 -32.17167663574219 -16.57596015930176 -1.135906577110291 0.650472 0.674597 1.348907 0.1574077
3 21.29095077514648 11.32230758666992 -0.719544529914856 0.456763 0.532484 0.696408 1.768761
4 27.203125 1.693349123001099 -0.9815419316291809 1.666656 0.387837 0.790153 -1.335736
1 -9.905974388122559 17.42790985107422 -1.031765937805176 3.666342 1.844836 1.360358 1.732232
4 22.79421997070313 12.934645652771 -1.295774698257446 0.966736 0.87839 1.468313 -3.000165
3 26.91628646850586 -6.397246360778809 -0.4015845060348511 0.640699 0.583516 1.163751 0.1491436
4 35.77656936645508 3.565991878509522 -0.9864023327827454 1.142257 1.137101 1.571363 0.1076744
1 -14.2121171951294 16.68694305419922 -1.23021674156189 3.37029 1.657399 1.179026 1.77651
1 29.07001495361328 6.831268787384033 -1.156132459640503 3.707067 1.706744 1.191162 0.1467851
1 10.44749069213867 36.93209457397461 -0.6090158224105835 1.296217 1.917401 0.774746 1.592757
4 20.20929336547852 12.80428218841553 -1.330370783805847 2.545841 1.121633 0.792171 -2.94744
1 42.36104202270508 24.40428924560547 -0.3828486204147339 1.167148 0.396842 0.615318 1.627293
1 -56.54990386962891 9.66262435913086 -1.643323183059692 1.397342 0.391994 0.705876 1.657616
1 -14.07425689697266 32.09066390991211 -1.104246854782105 1.504579 1.303218 0.500085 1.673355
4 6.981419563293457 7.795085430145264 -1.157926321029663 2.45093 0.73789 1.495972 -3.050107
1 -28.39901542663574 12.98340511322022 -1.328984141349793 0.378498 1.014366 0.847776 1.772251
1 -13.3339729309082 27.53363800048828 -1.189454436302185 2.903305 0.957441 1.029252 1.705623
6 31.99371719360352 2.555490732192993 -0.9169544577598572 0.365701 0.862389 0.668455 0.1604954
6 26.00242042541504 1.059772491455078 -0.8511053323745728 0.891634 0.567632 0.299525 -1.335736
1 27.88695907592773 23.28481101989746 -1.152917504310608 2.695935 0.562419 0.951235 1.711329
1 16.43200302124023 20.77465057373047 -0.9395086765289307 2.435163 1.529993 0.770874 1.71228
1 -8.536091804504395 -0.07348597794771194 -1.1365807056427 4.266709 1.993971 1.388365 0.1652105
2 -21.33286094665527 -7.745585918426514 -0.6873531937599182 5.399268 2.20169 2.275648 0.1441538
1 3.092530012130737 29.39975547790527 -1.473767518997192 2.525117 1.987878 1.238804 1.764574
1 -19.14148139953613 26.70121765136719 -1.662925481796265 3.695872 1.664318 1.415342 1.671446
6 23.6483268737793 1.572437167167664 -0.812599778175354 0.460874 0.584211 0.588115 0.1699642
6 37.1072883605957 2.891227960586548 -1.172956109046936 1.44518 0.393897 0.913578 -1.532162
4 -13.04196262359619 7.875012397766113 -1.246521592140198 1.626664 0.414835 1.259786 0.1434961
1 -38.21586990356445 13.13781356811523 -1.534234762191773 2.098116 0.803026 0.953609 2.260097
1 12.09442710876465 0.2501235008239746 -1.017045617103577 3.97464 1.845046 1.456054 0.1447487
3 -11.40307712554932 -11.76722621917725 -0.5503896474838257 0.679677 0.686633 1.090162 0.1597407
3 -16.9052791595459 -13.07940196990967 -0.7168448567390442 0.351502 0.518379 1.568502 0.1464854
3 20.19023132324219 35.04496765136719 -1.00253427028656 0.730737 0.504317 1.10697 1.872627
6 47.19381332397461 12.81558895111084 -1.333419919013977 0.274114 0.813506 0.157192 -2.975571
1 10.08458614349365 31.01346206665039 -1.38279914855957 2.562898 1.857331 1.23151 -1.481854
1 4.30772590637207 34.49290084838867 -0.9823404550552368 0.935693 0.90861 0.646734 1.749948
1 -28.68912315368652 31.03691291809082 -1.181964993476868 3.208175 1.538652 0.649538 1.691159
1 -4.96088171005249 18.31904602050781 -1.029852747917175 3.071812 1.829605 1.16675 1.696093
1 -16.18400764465332 -6.778163909912109 -1.151835918426514 3.239015 1.781738 1.433346 0.03375289
4 28.93451881408691 1.864551544189453 -0.981984555721283 1.256951 0.35029 0.957831 1.722373
3 1.650970578193665 28.59209251403809 -1.420520186424255 0.570579 0.625148 1.565552 1.734899
1 40.35591506958008 24.93704223632813 -0.5422695279121399 2.230001 1.553251 1.048051 1.683191
1 -23.93558311462402 30.36324691772461 -1.040219068527222 0.521946 1.398193 0.509204 1.651504
1 -37.06199645996094 -9.437004089355469 -1.127780079841614 1.064091 0.182134 0.627645 0.1644461
1 -20.90752029418945 -2.367576360702515 -1.117745757102966 3.642 1.865255 1.530299 0.09041118
1 -48.05267715454102 10.94340324401856 -1.493754863739014 3.888379 2.603425 0.889885 -1.483943
1 19.62743949890137 2.835192441940308 -0.9411598443984985 3.217145 1.964132 1.637951 0.1654074
6 30.38137245178223 1.937200665473938 -0.7793293595314026 1.397694 0.276377 0.478826 1.722373
4 9.569390296936035 10.89933013916016 -0.712635338306427 0.612909 0.619382 0.629544 0.1506134
1 -26.47275733947754 15.34794330596924 -1.382309436798096 4.194776 1.773428 1.662783 1.758927
1 -55.10296249389648 -10.19865036010742 -1.599690079689026 1.786389 1.079354 0.573829 0.1237037
1 4.091334342956543 19.72925758361816 -1.072394967079163 4.415134 1.76435 1.493052 1.701754
1 46.95138168334961 9.273913383483887 -0.5580459833145142 0.450798 1.839492 1.504127 0.1570802
2 -32.03363800048828 -9.076864242553711 -0.8182648420333862 5.121593 1.377477 2.022226 0.1505768
1 -29.16379928588867 -6.648962497711182 -1.20443058013916 3.727374 1.892652 1.292032 0.1196546
1 -7.551231384277344 17.650634765625 -1.211336731910706 3.69817 1.888843 1.212595 1.740008
3 30.42867279052734 19.61832237243652 -0.9806843996047974 0.414892 0.547613 1.194689 -3.019002
1 -0.1368937492370606 29.37723350524902 -1.510776281356812 3.35179 1.477101 1.309734 1.720933
1 1.492101430892944 34.22606658935547 -1.676541805267334 0.318422 1.20143 1.006995 0.2107698
1 9.011876106262207 20.80310821533203 -1.136476516723633 4.356371 1.978392 1.133581 1.693622