6 46.60359191894531 13.88763904571533 -2.207664728164673 0.357878 0.586905 0.031845 -3.106184
2 41.14763641357422 -3.519600868225098 -0.2079708725214005 11.916858 2.809375 3.122528 -0.01402864
6 -0.6934202313423157 10.04484176635742 -1.015190362930298 1.471348 0.548903 0.207457 -3.064939
3 6.365257263183594 5.775518894195557 -0.7014718055725098 0.563864 0.413491 1.258608 1.714123
2 4.221530437469482 -3.099553346633911 -0.7329380512237549 5.978901 2.140325 1.973701 0.01417948
1 37.72585296630859 -13.55026054382324 -1.247182726860046 3.896585 1.801578 0.851505 -1.131629
1 -1.000505089759827 45.53826141357422 -1.390406727790833 3.032463 0.340389 0.748315 0.03249566
4 4.752875328063965 5.56787919998169 -0.9563009142875671 1.634884 0.726512 1.503214 1.635033
1 -18.84868431091309 -0.340500682592392 -1.108598709106445 3.687081 1.806014 1.365601 0.002620627
1 18.56026840209961 31.48959350585938 -1.51132345199585 0.896981 0.336814 0.770455 -3.135252
1 -13.48903274536133 13.32620906829834 -1.52581524848938 4.148659 1.718939 1.27873 -3.08908
3 6.350807666778565 12.1902379989624 -1.253558993339539 0.658706 0.634136 1.644694 -1.487168
4 -57.01860046386719 17.05795288085938 -1.509767770767212 1.140014 0.514121 0.565422 -0.2175687
1 -17.68631553649902 7.984800815582275 -1.207088351249695 4.060925 1.917602 1.608836 -3.107359
1 -44.23003387451172 -3.217256546020508 -1.140194654464722 2.485911 1.826755 1.15633 0.03788169
1 -0.9606322646141052 8.249699592590332 -1.189921259880066 4.427208 1.88754 1.49103 -3.124708
4 -11.51751613616943 16.88270568847656 -1.579040050506592 1.581443 0.700841 1.462593 0.0400109
2 -24.88999748229981 19.49258995056152 -1.006006121635437 7.00894 2.162447 2.431479 1.986431
4 -50.14051055908203 16.40666198730469 -1.264493703842163 2.81488 1.165264 1.149431 0.2578406
6 -56.49671936035156 -0.4775697886943817 -1.278597831726074 0.45636 1.4928 0.030632 -0.009737059