1 18.85275840759277 2.952394485473633 -0.8488264083862305 3.955604 1.631408 1.746231 -0.01254359
1 -6.828804969787598 -0.103110671043396 -1.040745973587036 4.061305 2.203652 1.499662 0.07312316
1 -8.304533958435059 3.327260494232178 -0.8609192371368408 4.149259 1.931353 1.907158 -0.01986987
1 -16.23836517333984 -20.56313705444336 0.1594644039869309 2.132343 0.992996 1.080441 1.535462
2 -14.71861553192139 0.08531751483678818 -0.186453104019165 5.404677 2.30051 1.371785 -0.07197094
1 6.413387775421143 -0.1207052916288376 -0.7949123382568359 3.787835 1.650711 1.930806 0.05314533
6 53.0388069152832 20.21053123474121 -1.091821432113648 0.25312 1.303093 0.509814 3.089177
6 32.75464248657227 -4.026554107666016 0.5623250603675842 3.106221 1.263902 1.75614 -0.1377686
6 17.14555549621582 -2.371332883834839 0.3800480365753174 1.187729 0.446823 0.846598 -0.06225256
6 -3.188779354095459 -20.47855567932129 0.2037228792905808 0.689156 0.488569 0.475942 1.489204
2 45.85011672973633 20.78619003295898 -0.7060413360595703 5.80487 1.871879 1.867651 3.03685
6 23.83627700805664 4.684441566467285 -0.9806162118911743 0.66373 0.347765 0.35362 -3.08482
2 17.11152648925781 -4.040146827697754 -0.09468716382980347 0.88068 2.181471 1.842567 -0.05164611
6 26.50342559814453 -0.7251957654953003 0.4898576438426971 5.301738 2.264605 0.69914 3.137906
2 20.07843017578125 -0.6324025988578796 0.3695581555366516 5.878871 2.567081 0.939739 -0.005215396
2 0.4377833008766174 4.833302974700928 -0.6477535963058472 11.050321 2.983828 2.286066 0.004358653
2 9.202264785766602 -3.528700351715088 -0.5383759140968323 8.416427 2.685374 2.438245 -0.02671801
1 -19.83302688598633 4.928804397583008 -1.088117718696594 3.598101 1.078914 1.5946 0.002656286
6 42.64858627319336 -5.488993167877197 1.101559162139893 6.275159 1.3548 1.195939 -0.1186053
1 -5.893199443817139 -21.04900169372559 0.3277825117111206 3.346279 2.031217 1.229048 1.50004
6 14.83321762084961 -2.59941029548645 0.3369993567466736 0.971096 0.439961 0.687494 3.046195
1 -11.1250057220459 -20.70334815979004 0.1751361340284348 4.098514 2.047283 1.675472 1.628535
6 -19.49381637573242 1.614809155464172 -1.527122855186462 0.718074 0.344903 0.640446 -0.08607176
1 11.88489246368408 2.573039293289185 -0.9340673685073853 4.70121 2.044221 1.680971 -0.01038439
6 -1.052915573120117 -20.9858283996582 0.3981386721134186 1.172933 0.591111 0.424036 1.489204
2 26.04071044921875 2.831717252731323 -0.3897614479064941 4.448539 2.243388 2.873482 -0.01774443