3 34.93608856201172 35.77496337890625 -1.04220175743103 0.542892 0.163699 0.702048 3.016231
1 -16.16384887695313 -20.5943489074707 0.05779482424259186 2.109665 0.814706 1.188807 1.637947
2 -15.51465225219727 -3.191328287124634 -0.494144082069397 12.473722 3.061988 2.41794 0.0006754054
1 -14.70003700256348 0.002665005624294281 -0.1923869997262955 5.36132 2.16162 1.316286 -0.01023784
1 -43.99517059326172 5.22076940536499 -1.595091938972473 1.029188 1.437714 0.825484 -0.01572353
1 -6.821915626525879 -0.1189634874463081 -1.039016842842102 4.05443 2.135067 1.482293 0.1098325
1 -22.44649314880371 4.010936260223389 -0.9463856816291809 4.118118 1.800265 1.799494 0.02118602
1 10.96159362792969 2.578632116317749 -0.9315539002418518 4.802253 2.060729 1.715333 -0.004002106
6 23.95881652832031 5.149956226348877 -1.151849985122681 0.854939 0.417676 0.3737 -0.04832434
1 -5.968776226043701 -21.55765342712402 0.1088264584541321 3.291806 1.90417 1.242789 1.661252
6 17.21774291992188 -3.849727392196655 -0.07807563245296478 0.340742 1.628126 1.813514 0.02569358
2 45.8265380859375 20.97506523132324 -0.6569486260414124 6.172625 2.284684 1.663864 3.027426
1 -3.41062593460083 -21.63632011413574 0.4080893993377686 3.088351 1.461974 1.209662 1.642977
1 6.469764709472656 -0.1298429518938065 -0.7935304641723633 4.076783 1.706509 1.930068 0.03714225
2 25.42979049682617 2.830414295196533 -0.2345680743455887 4.43399 2.233502 2.531611 -0.01463876
1 18.82415771484375 2.968722820281982 -0.8892197012901306 4.012925 1.689011 1.834053 -0.003378655
6 -19.30304718017578 1.53911828994751 -1.380158424377441 0.223156 0.179193 0.344948 -0.005403046
2 -3.737812757492065 4.882291793823242 -0.6039133667945862 11.03175 2.768084 2.334323 -0.00888734
2 11.05995082855225 -3.465376377105713 -0.4587340950965881 11.458021 2.783442 2.574831 -0.0007663512
2 23.15674018859863 -0.5810418128967285 0.3807701468467712 11.974723 2.678265 0.886748 0.02056492
2 52.99889755249023 20.21790885925293 -1.081025958061218 0.23348 1.375004 0.522236 3.036196