4 12.91079235076904 15.08774280548096 -1.384458899497986 1.768227 0.823757 1.469273 3.111387
1 -39.93950653076172 1.87187922000885 -0.9487893581390381 4.067885 1.703746 1.503311 0.04273582
2 17.21569633483887 -2.048923492431641 -0.5974363684654236 12.335148 2.787216 2.457132 -0.003178493
4 -41.96664810180664 -7.005142211914063 -0.8912704586982727 1.252405 0.567222 1.372851 0.01002383
1 19.48602867126465 -41.72259902954102 -0.2616537213325501 1.847058 1.330513 0.82299 1.594859
4 -23.21557235717773 -5.906993389129639 -0.9608346819877625 1.435048 0.674076 1.676875 -0.005255286
1 21.99699592590332 -41.79043960571289 -0.1435414850711823 3.749619 1.467039 1.169497 1.550918
1 -24.24955940246582 2.681535005569458 -1.060654520988464 3.973937 1.892881 1.418126 0.04575603
1 25.16283226013184 -23.92478752136231 -0.2886534631252289 0.365669 0.928387 0.63335 -1.617853
1 -32.66779708862305 9.960254669189453 -1.462323784828186 0.881454 1.559989 1.08051 -3.124069
4 -17.49072074890137 16.37021064758301 -1.350283622741699 3.503559 1.340225 1.495449 -3.109448
4 -23.43039703369141 -5.122528553009033 -1.036781668663025 1.369616 0.588808 1.473934 0.0476799
1 21.26699066162109 -25.7232666015625 0.0443575344979763 1.165825 0.76557 0.673098 -1.594218
1 27.4854907989502 1.863040685653687 -1.204984545707703 3.536447 1.877563 1.34223 -0.001441769
1 9.532329559326172 6.80309009552002 -1.153847932815552 3.96107 1.77544 1.465716 3.11165
1 27.54404449462891 -40.44371795654297 -0.4902982115745544 1.972011 0.772357 0.805944 1.552675