3 44.84877777099609 22.49698829650879 -1.239899516105652 0.947128 0.827015 1.65232 -0.3102138
1 31.87148094177246 -3.705666780471802 -1.360809922218323 1.529896 0.297049 0.91735 0.01562927
1 52.98402786254883 30.33975982666016 -1.784548163414002 4.235107 1.615446 0.845145 -1.792492
1 1.730773687362671 -2.656298398971558 -1.053948283195496 4.098716 2.134389 1.458626 -0.07299229
2 -7.06990385055542 0.3965009450912476 -0.6190276145935059 6.00272 2.217579 2.277139 -0.09430502
1 -17.47701835632324 3.511963129043579 -1.048850417137146 2.505629 0.424644 1.217304 -0.03966603
1 -26.50897979736328 -3.487113952636719 -1.104608058929443 3.895116 1.600631 1.717844 -0.0406839
2 25.25306701660156 -3.888211488723755 -0.7722710371017456 3.902199 1.546795 2.01461 -0.07104784
4 31.49931907653809 -9.55331802368164 -1.109690070152283 0.664626 0.372368 0.978555 -0.09642114
1 -12.78940582275391 -2.801058053970337 -0.9678782224655151 4.214807 2.076699 1.706934 -0.02308862
2 -7.173645973205566 3.504172325134277 -0.562686562538147 10.32063 2.664007 2.441922 -0.0575606
4 43.75605010986328 19.01704025268555 -1.253367185592651 1.078231 0.361913 1.244583 -2.133549
2 -28.73238182067871 5.456182956695557 0.1454255878925324 10.710174 1.092023 1.60368 -0.1762835
6 -1.233276963233948 3.363307237625122 -0.5092700123786926 1.636417 2.398963 1.838028 -0.0575606
3 25.49781227111816 -12.78085136413574 -0.08770794421434402 0.300774 0.361148 1.24532 3.009458
2 18.38660621643066 1.89905047416687 -0.3542635440826416 11.068727 2.727064 2.787187 -0.07277704
1 49.18859100341797 20.43578338623047 -1.302747249603272 4.146437 1.327519 1.170607 -2.126076
1 -5.391114234924316 -2.675805807113648 -1.053344368934631 4.931296 2.050506 1.474401 -0.054335
1 17.4558162689209 -0.8474740386009216 -0.8498513698577881 3.184778 2.214221 1.797997 -0.07708119
1 8.632853507995605 -3.795300483703613 -0.9397833943367004 4.69248 2.031863 1.786157 -0.07538541
1 3.097050428390503 3.202872276306152 -0.9765588641166687 4.202116 1.837784 1.579921 -0.06950296
1 55.89450454711914 -14.41893196105957 -1.067433714866638 3.834587 0.386604 1.17855 -1.86954
1 34.531005859375 0.7584136724472046 -0.8255998492240906 4.611423 1.264723 2.100175 -0.04613652
1 9.324646949768066 1.675825238227844 -0.8449332118034363 4.574298 2.025638 1.921552 0.01865488
1 44.82295608520508 -17.43837547302246 -0.8997421860694885 3.997647 1.102945 1.103053 -1.065814
1 16.73051071166992 -3.575472593307495 -1.083030819892883 4.014754 1.671244 1.457948 -0.06346188