4 1.361523747444153 21.36940574645996 -1.462691068649292 1.712063 0.681158 1.570026 -2.008554
5 0.01312430575489998 26.31492233276367 -1.918196201324463 0.219467 0.161653 0.42373 0.3567012
1 -36.8712043762207 9.353180885314941 -1.222856760025024 3.816997 1.672321 1.40271 -0.3496645
5 -10.70534896850586 24.20689964294434 -1.889785170555115 0.224993 0.145052 0.351476 0.0
2 13.78223896026611 5.140443325042725 -0.5216966867446899 12.702753 2.738627 2.734563 0.4878858
4 40.89169692993164 -27.98700714111328 -0.749322772026062 2.030399 1.475953 1.416312 -0.1069199
1 -5.649611473083496 3.631158828735352 -1.115478157997131 4.529534 1.995443 1.521822 -0.1424935
6 12.80228996276856 -57.28114318847656 -0.02176905050873756 0.301654 0.788422 0.389187 -1.548275
1 24.28857231140137 -27.67841148376465 -0.3909573554992676 1.744311 1.563552 0.835488 1.592846
1 40.24045181274414 -1.798910260200501 -1.171059012413025 4.363218 1.579939 1.858898 2.85661
2 25.14866828918457 31.99385070800781 -1.143987417221069 0.450428 2.04836 2.392254 1.43681
3 31.56439399719238 19.93030738830566 -1.425296306610107 0.3812 0.568001 1.027393 1.830036
4 7.51227617263794 30.1900806427002 -1.618271946907044 1.243786 1.091472 1.728613 -2.017698
1 11.96811008453369 -24.29926681518555 -0.6545406579971313 4.396445 1.694631 1.488327 -1.790492
1 -16.50918579101563 6.523961067199707 -0.9745135307312012 4.517823 2.120603 1.73642 -0.2428544
5 -3.359303951263428 24.90705299377441 -2.005177736282349 0.178155 0.146482 0.526306 0.03048576
2 24.18826293945313 -36.28721237182617 -0.1034994348883629 4.999543 1.858381 2.264644 1.551734
1 3.400448322296143 -43.08760833740234 -0.08154936134815216 1.694708 1.097548 1.047935 -1.692133
1 15.30017375946045 26.4072322845459 -1.733821392059326 4.192186 1.622871 1.376398 -1.664327
1 45.73194885253906 -3.832518815994263 -1.621638774871826 2.449545 0.736968 0.941782 2.761489
1 10.02972507476807 -34.63632965087891 -0.373356431722641 4.07149 1.639645 1.575618 -1.760348
1 8.914222717285156 -44.12692260742188 -0.5362581610679626 0.407984 1.682151 1.00145 -1.560081
5 -7.030148029327393 24.16314888000488 -1.964612245559692 0.200372 0.235732 0.446421 0.01930429
1 53.63690948486328 -5.957876205444336 -1.633074402809143 1.940935 1.093785 0.922365 2.831491
4 4.494526863098145 27.3761043548584 -1.630081176757813 0.906634 0.79849 1.362587 -2.133337
2 19.36209869384766 28.8046989440918 -0.8910061120986938 6.206492 2.363545 2.96977 -1.668877
1 17.40067863464356 -23.04127502441406 -0.631274938583374 4.393376 1.458473 1.419234 1.612832
6 18.71500778198242 51.95744705200195 -2.366678953170776 0.560117 0.956167 0.405747 -1.906732
4 -4.000522613525391 17.98850059509277 -1.253063797950745 1.526884 0.698178 1.818973 -1.736582
1 19.2031364440918 -11.65124034881592 -0.8964136838912964 4.510463 1.789059 1.514206 -2.824462
3 36.79581832885742 -29.55420112609863 -0.573222279548645 0.837171 0.59006 1.594554 -2.895666
5 -8.855146408081055 24.11979103088379 -1.920090913772583 0.216471 0.186877 0.52222 0.01818517
4 5.454161167144775 29.78349685668945 -1.415537714958191 0.672922 0.548123 1.035332 -2.104992
5 -1.832234621047974 25.46830558776856 -1.889588713645935 0.192453 0.183968 0.47839 0.3222556
4 3.764021635055542 18.24467468261719 -1.452845096588135 2.852447 1.396825 1.527185 -1.954948
1 31.09166717529297 -6.153012752532959 -1.243054389953613 3.843417 2.074425 1.355578 -3.136481
3 32.72172164916992 22.63118934631348 -1.391717314720154 0.489011 0.664251 1.190427 3.040501
1 41.25223922729492 -10.4196138381958 -1.109216570854187 2.369537 1.741791 1.639573 2.896403
1 -21.10737991333008 17.73827362060547 -1.467795848846436 4.02999 1.710155 1.328015 2.754926
1 17.03569793701172 -16.99488830566406 -0.7593632340431213 4.660077 1.889782 1.42891 -2.529214
1 -33.8645133972168 11.04274749755859 -1.056505441665649 2.082706 1.708594 1.513407 -0.3981946
4 -18.96594429016113 -5.753793716430664 -0.7837376594543457 1.360888 0.672458 1.548567 2.959779
4 28.85480499267578 18.74905204772949 -1.620392084121704 1.367799 0.669034 1.601299 1.158402
1 17.61649131774902 13.61215877532959 -1.317278265953064 4.085021 1.901821 1.500811 0.9076783
1 8.514644622802734 -54.88684844970703 -0.1946669816970825 0.748094 1.241808 0.739625 -1.554058