3 31.70816612243652 18.6916446685791 -1.323834776878357 0.721902 0.802309 1.192563 -0.1305255
1 6.970980644226074 -6.562153339385986 -0.9114148020744324 4.307192 1.666535 1.587422 0.01625527
1 -4.068131446838379 -3.234549522399902 -0.9065209627151489 4.387754 1.94908 1.762883 0.008829989
1 39.57497406005859 -5.540348052978516 -0.6077014207839966 1.832008 1.639075 1.589431 0.02086388
1 30.13873100280762 -3.431257247924805 -0.9354748129844666 2.132851 1.834622 1.260056 0.01633953
1 27.26576805114746 -5.826508045196533 -0.844874382019043 4.558805 1.41603 1.454333 0.02840418
1 3.691069602966309 10.58414745330811 -1.361687302589417 4.377005 1.775204 1.41721 3.129255
1 -20.96870994567871 10.78657722473145 -1.151975393295288 4.998653 1.978074 1.987972 3.124961
1 -26.7825984954834 -2.658629894256592 -1.065782904624939 4.284782 1.527475 1.675207 -0.03201342
1 9.210834503173828 -3.167943477630615 -0.7894737720489502 4.690714 1.96696 1.846466 -0.01244181
1 -41.86813354492188 11.22507095336914 -1.757859945297241 3.812347 1.870015 1.394981 3.11947
6 -10.51828861236572 -6.366339206695557 -0.4300335049629211 1.898722 1.23727 0.343378 -0.01258716
1 -22.03069877624512 -6.288516998291016 -0.9420341849327087 3.333942 1.868932 1.800386 -0.01742906
1 10.59768581390381 -0.07973466068506241 -0.8035325407981873 3.285432 2.129914 1.859446 0.001637054
2 -62.38015747070313 -5.538689136505127 -0.01526628993451595 10.417322 2.56648 1.760312 0.007327565
1 20.8011360168457 9.24887752532959 -1.028990149497986 4.787064 1.981897 1.961632 2.397122
1 -28.37364006042481 0.008512739092111588 -0.6992437243461609 2.14346 1.344113 0.520572 -0.02126904
1 -18.60256576538086 -3.507405757904053 -1.04062294960022 5.216068 2.137193 1.630685 0.006168245
1 -15.81783580780029 0.00509827584028244 -1.238493919372559 3.78637 1.812967 1.246833 -0.0183901
1 54.02674102783203 -4.153297901153565 -0.6729265451431274 1.240013 1.533134 0.510262 0.03605795