1 7.464451789855957 -6.018949508666992 -1.03143572807312 3.539684 1.776857 1.61573 -0.03111564
1 23.20063591003418 -5.483188629150391 -0.7797970175743103 2.291364 1.458248 1.205106 -1.363661e-16
1 2.019908666610718 -3.248721837997437 -0.9685673117637634 4.315588 1.855292 1.730022 0.02541608
1 -57.4078483581543 10.10896492004395 -1.652765989303589 3.7255 1.607824 0.81085 -3.095542
1 -6.439257621765137 -6.393685817718506 -0.4929797649383545 5.169658 1.715226 1.575673 -0.0460986
6 18.65598678588867 0.1349639892578125 -0.3723826408386231 0.609117 0.156737 0.345998 -1.559614
1 -16.80449867248535 -0.1659147888422012 -0.6338775157928467 2.262504 1.954785 0.740173 -0.004766701
1 34.22647094726563 -5.479794979095459 -0.8702069520950317 3.075303 1.576902 0.970793 0.03309572
1 16.38290786743164 -3.040860891342163 -1.086515665054321 3.200598 1.702069 1.406475 0.02304021
1 -10.65382862091065 -3.188921689987183 -0.9500425457954407 4.505654 2.310719 1.813806 -0.02810704
1 -6.494926452636719 -0.003259822726249695 -0.8233872056007385 3.731625 1.96074 2.019221 0.0
1 -3.882717609405518 -3.397108316421509 -0.9275752902030945 5.136568 2.072163 1.80596 0.0
1 -17.5327033996582 -3.011653184890747 -1.015968084335327 3.207916 0.853573 1.422036 6.592066e-17
1 37.29173278808594 -2.386144638061523 -0.6097161173820496 3.800513 1.548959 0.764927 2.222857e-16
1 26.57793426513672 -2.933665275573731 -0.8644718527793884 2.075926 1.184386 0.801137 0.0
1 28.20851898193359 12.31534481048584 -1.515689253807068 4.191253 1.922556 1.567439 -3.089169
1 8.380836486816406 -3.019568204879761 -0.9061773419380188 4.322026 1.851771 1.937584 0.0
1 0.7221745252609253 -6.340595245361328 -0.9263715744018555 1.791179 1.714516 1.286164 -0.03282589
1 -13.78452682495117 -6.248738765716553 -0.7270464897155762 2.994936 1.627272 0.996934 0.01162562
1 47.15718841552734 -1.651778936386108 -0.8928512334823608 2.282696 0.742348 0.999851 -6.007817e-17
1 6.638857841491699 -0.04112396761775017 -0.8978493213653564 3.340786 2.103764 1.965171 0.0
6 13.14239978790283 -6.053136825561523 -0.9640081524848938 0.389253 0.401731 0.298279 0.01585265
1 57.2695198059082 10.58229446411133 -1.439342975616455 3.877385 1.541883 1.279645 0.731266
1 41.92502593994141 12.08853912353516 -1.820626139640808 0.74737 1.900973 0.899999 -2.873264
6 -58.30755233764648 -10.32796001434326 -0.5390183925628662 0.260811 0.404316 0.815155 -1.239992e-15
1 30.17997360229492 0.1148049533367157 -0.4074812829494476 1.451205 1.752519 0.914818 0.1595257