6 22.15904235839844 -6.384775638580322 -0.2296691834926605 0.217719 0.535409 0.035387 0.01036236
4 -8.702877044677734 14.65820598602295 -1.462254047393799 1.798917 0.925487 1.379866 3.042742
6 26.79413986206055 -6.6698899269104 -0.3060091733932495 0.05414 0.642443 0.024288 -0.004256382
1 -54.40230941772461 -11.40244960784912 -1.517558693885803 4.223577 1.775221 1.452731 0.9793292
2 -8.917438507080078 -4.876241207122803 -0.8279657363891602 5.256627 1.960111 2.035729 -0.1059266
1 10.05745887756348 -3.571503639221191 -0.8639851212501526 4.641513 1.849583 1.720126 -0.003925807
1 20.20422554016113 -0.3514691591262817 -0.7697383761405945 3.223706 1.984516 1.792768 -0.02207267
1 -33.57915115356445 -2.777830600738525 -1.327839851379395 3.903086 1.986196 1.355407 -0.00668315
1 -48.60246658325195 -2.286221027374268 -1.739897131919861 2.11422 0.895293 0.933654 -0.03013705
6 56.75543594360352 -3.017614841461182 -0.02565190568566322 0.222526 1.049799 0.319456 0.02292996
1 35.36785125732422 -3.052394866943359 -0.8954038619995117 2.453894 1.130441 1.354004 -0.03363826
1 3.32845664024353 -2.876482486724854 -0.8903604745864868 4.808975 1.967589 1.726138 -0.04372204
1 16.37007904052734 -3.406331062316895 -0.868854820728302 4.134017 1.612408 1.653953 0.03245996
1 22.88255882263184 -3.228530406951904 -0.8000578880310059 4.061038 1.634244 1.824134 -0.01503727
1 29.38603591918945 -2.881860971450806 -0.9380345344543457 3.513219 0.526455 1.321912 -0.03149464
6 32.80109405517578 -6.649662017822266 -0.1978451758623123 0.401286 0.692524 0.454998 0.004970501
4 -20.23929977416992 17.20952606201172 -1.512953519821167 2.332165 0.552707 1.28253 3.078805
4 -38.67990112304688 14.55678176879883 -1.631858229637146 1.36048 0.471603 1.573426 3.097996
1 46.79769134521484 10.45705509185791 -1.16865885257721 3.492922 1.423506 1.072364 -3.136392
6 35.69047546386719 -0.7709686160087585 0.1492284834384918 0.249174 1.222513 0.018454 -0.03220718
6 41.95724868774414 -2.948933362960815 -0.6430123448371887 0.212254 0.506123 0.616951 0.003551333
6 41.59218597412109 -9.607186317443848 -0.2331322580575943 0.238521 0.44127 0.334051 -0.09734029
3 45.92118835449219 19.94941711425781 -0.8891966938972473 0.615118 0.636963 1.625065 0.0
1 -2.091158151626587 11.13315105438232 -1.291675448417664 4.23623 1.957591 1.51873 3.112844
1 -17.05217170715332 0.1239400878548622 -1.282678484916687 3.690888 1.844358 1.188452 -0.003483966