1 -9.664777755737305 34.49935150146484 -1.304441928863525 1.556838 1.529045 0.903421 1.57582
1 10.10718631744385 18.25229072570801 -1.100467085838318 4.194317 1.752752 1.157336 -1.656903
1 1.320003747940064 44.00043869018555 -1.79318106174469 3.655768 0.753905 0.869242 -0.1626471
4 -6.783460140228272 6.853508949279785 -1.157057523727417 2.041569 0.667014 1.562955 -3.121089
1 11.17138957977295 28.44071578979492 -1.373361468315125 3.320641 1.961996 1.632752 1.491105
6 28.53990936279297 -4.776645660400391 -0.7125031352043152 1.449911 0.478919 0.539914 -1.598074
1 19.75308990478516 5.263647079467773 -1.086722612380981 4.226579 1.907171 1.596147 3.073768
6 39.28020477294922 2.385508060455322 -0.2578027546405792 0.819501 0.631347 0.273677 3.064702
1 3.216079235076904 28.65459823608398 -1.394631028175354 3.0111 1.582514 1.411273 1.570796
1 -25.47179794311523 20.93931007385254 -1.168721795082092 4.172311 1.564348 1.184024 1.532275
1 -19.96617889404297 35.05448913574219 -1.05961000919342 0.495549 1.272116 0.521439 1.489922
1 14.71209526062012 16.41007232666016 -0.9053444862365723 1.347419 1.542931 0.898394 -0.05704702
1 29.26808547973633 17.53142929077148 -0.9688087105751038 2.642591 0.591125 1.205879 1.457639
1 13.58017063140869 29.1020565032959 -1.345145344734192 3.919625 1.562543 1.486215 1.416091
1 -1.530535936355591 19.05169677734375 -0.9290129542350769 3.912072 1.737928 1.263667 1.448837
6 20.18507957458496 -3.960037469863892 -1.028573393821716 1.45105 0.744812 1.047464 -1.627281
6 22.50823402404785 -4.731335639953613 -1.208950161933899 1.996391 0.728543 0.980891 -1.629635
1 56.24825668334961 -2.244668245315552 -0.7385929822921753 0.275442 1.719182 1.218987 -0.09419759
1 40.17571258544922 26.13852882385254 -1.016503930091858 3.208158 1.583527 1.285595 1.479016
1 16.62073516845703 -1.460098147392273 -0.9070532917976379 3.254348 2.03478 1.734393 -0.131225
1 8.707698822021484 -2.30022144317627 -0.9910677075386047 4.013179 1.803794 1.471244 -0.08958973
1 -3.95081377029419 19.2446460723877 -0.9512770771980286 3.287751 1.556977 1.026356 1.434892
1 -16.30801582336426 29.49220848083496 -1.576488494873047 1.825305 1.330909 1.54765 1.54942
1 36.67373657226563 -0.6259374022483826 -1.099081516265869 0.295139 1.485152 0.739232 -0.1071117
1 5.198371410369873 18.21703720092773 -0.9807566404342651 3.489174 1.845086 1.369096 1.473916
3 -41.33204650878906 -7.395800113677979 -0.9844099879264832 0.511463 0.645382 1.359726 -0.0679408
1 14.8326005935669 34.22827911376953 -0.5248224139213562 1.997478 1.179442 1.090755 2.152322
1 6.311049938201904 28.68546676635742 -1.457648992538452 3.554795 1.432335 1.541969 1.009886
1 41.60100936889648 15.35558223724365 -0.6570689082145691 2.78608 1.145435 1.234875 1.486698
3 23.66768074035645 -12.11108779907227 -0.367009311914444 0.621263 0.625864 1.149835 -0.07454362
4 21.94772529602051 7.811826229095459 -1.269340991973877 0.92312 0.654751 0.71281 3.074735
1 -18.34505653381348 19.55535316467285 -0.9824577569961548 2.655177 1.682487 1.106315 1.516847
1 -19.28310966491699 2.154288291931152 -1.049416780471802 3.60613 1.866188 1.538918 -0.07442116
1 -6.987205505371094 1.704887986183167 -1.098926544189453 4.20063 2.0688 1.438142 -0.05360226
3 4.878908157348633 28.91787910461426 -1.085252046585083 0.313786 0.571779 1.135816 1.062042
1 -28.18515396118164 46.83906555175781 -1.854256391525269 1.322856 0.866046 1.342258 0.04986653
1 -23.67014122009277 36.98729705810547 -1.456093549728394 3.683382 0.609082 1.172627 1.468886
3 30.86892509460449 12.49754810333252 -1.023541212081909 0.424865 0.432564 1.335216 3.033504
4 25.49043846130371 -4.548922061920166 -1.057767510414124 1.58512 0.499794 0.991865 -1.648664
1 -20.44665336608887 -2.848853826522827 -1.127879858016968 3.278691 1.805537 1.449741 -0.1827124
3 24.25230216979981 31.83797836303711 -0.8262333273887634 0.360794 0.614896 1.122376 1.570796
3 -36.59624099731445 -9.261652946472168 -1.102301716804504 0.36896 0.546955 1.326197 -0.0679408
1 17.57206726074219 16.59925079345703 -1.07894778251648 2.216467 1.738779 1.157919 1.374976
4 33.59743881225586 -5.208327293395996 -0.956922709941864 1.274166 0.341588 0.600441 -1.656167
1 -33.32044219970703 0.1542573124170303 -1.112300753593445 4.128501 1.928478 1.491292 -0.1010142
6 23.83390045166016 -4.665294647216797 -1.159693002700806 2.290761 1.394529 1.276089 -1.736856
4 30.99206161499023 -4.192496299743652 -0.8963108658790588 0.795246 0.747184 1.458839 -0.1117334
4 3.029765367507935 9.215374946594238 -1.157143354415894 1.877671 0.745213 1.657995 3.051629
3 19.84052658081055 6.570762157440186 -0.7443961501121521 0.352116 0.492744 0.883758 0.04171276
2 -25.7148551940918 -2.629515886306763 -0.6843329071998596 5.331931 2.354407 2.354719 -0.08426534
4 19.49041938781738 8.157527923583984 -1.43689489364624 2.275419 1.21199 1.076516 3.110063
3 -14.97262096405029 -8.733711242675781 -0.5140772461891174 0.648906 0.651202 0.906009 -0.09724364
1 -6.437656879425049 19.22551155090332 -1.182267189025879 3.971401 1.518914 1.150374 -1.639721
1 17.51544952392578 1.060489296913147 -0.9992234706878662 3.889628 1.867579 1.625997 -0.08476468
1 -8.973245620727539 19.14106369018555 -0.9770944118499756 3.281541 1.76631 1.220876 1.497625
6 26.87377738952637 -4.659992694854736 -0.9792487621307373 1.512179 0.599229 1.019896 -1.692165
3 -20.65204429626465 -8.998177528381348 -0.5442224144935608 0.386332 0.556436 1.29877 -0.09464213
4 -19.23038482666016 10.73024272918701 -1.208864092826843 1.30651 0.593508 1.290496 3.05573
1 -10.50550365447998 29.81425666809082 -0.8464807868003845 2.968508 1.480375 0.577743 1.437068
2 -36.41425323486328 -1.607448935508728 -0.8868555426597595 5.031059 1.15263 2.163942 -0.06615692
3 36.77694320678711 -8.900235176086426 -0.6611626148223877 0.704752 0.649477 1.31502 0.3314892
1 -15.94546222686768 19.25732421875 -1.075492858886719 2.492409 1.684729 1.375718 1.520589
1 -13.28351497650147 19.90087890625 -1.257025957107544 3.95274 1.520023 1.331629 1.548963
1 34.47340774536133 15.35498332977295 -0.4489328563213348 1.571494 1.507274 0.895093 1.468668