1 11.06278324127197 14.33492851257324 -1.173139095306397 4.523977 1.861161 1.418329 -2.423275
3 -15.86995887756348 4.067882537841797 -0.5711297988891602 0.37901 0.349601 0.633074 2.37248
1 18.78692626953125 22.33427047729492 -1.225228667259216 3.307528 1.445656 1.381952 -2.483485
2 12.36023426055908 23.52000236511231 -0.5637813210487366 5.429557 2.20025 1.848903 -2.396768
1 -17.18531799316406 -19.2780704498291 -1.121960520744324 4.809238 0.935374 1.384786 0.1597654
1 -4.820319175720215 -5.732536315917969 -1.003305554389954 4.235098 1.82637 1.559075 0.7134028
1 28.42708778381348 -27.95540428161621 -0.4505040347576141 3.615563 0.858356 1.287645 0.6671001
1 3.589775800704956 -17.13938331604004 -0.7751800417900085 4.336378 1.80137 1.588912 2.295609
1 -10.79736423492432 -44.2299690246582 -0.1098320782184601 2.922224 0.972997 1.115593 -0.8625981
1 8.711448669433594 -26.69207382202148 -0.7032281756401062 4.057953 1.938198 1.551178 2.270394
1 7.048145294189453 -13.59301662445068 -0.6646939516067505 4.201414 1.856949 1.659588 -0.8488044
3 40.06913757324219 -27.43660926818848 0.3784160912036896 0.194105 0.781836 0.63221 2.322359
1 -10.79051017761231 -2.164273262023926 -1.152246356010437 4.228893 1.676107 1.467459 -2.420981
3 -2.689915180206299 -29.39181137084961 0.1685343682765961 0.340378 0.187983 0.376991 2.165812
1 -15.77200126647949 -8.797148704528809 -1.021929025650024 4.063069 1.842499 1.677418 -2.417297
1 25.63714027404785 -15.93883991241455 -0.4548295140266419 2.110672 0.706943 0.948283 2.360184
3 -8.107104301452637 -15.17962455749512 -1.245992660522461 0.751872 0.52525 1.139276 -2.459598
6 -4.709831714630127 -39.33437728881836 0.05815909802913666 0.324476 0.622768 0.273174 0.7075503
1 -4.227593898773193 -24.77454566955566 0.07268969714641571 1.773818 3.665185 1.979879 0.7584866
1 11.94833374023438 -8.907877922058105 -0.503966212272644 3.971416 1.80961 1.476871 -0.8552977
1 -23.27783584594727 -36.75094985961914 -0.1349748373031616 2.966996 1.058889 0.640913 0.708007
1 13.66006755828857 -7.270891189575195 -0.5664049983024597 2.77007 1.73383 1.246405 -0.8037172
1 15.50335597991943 -5.296263694763184 -0.8196120858192444 4.006531 1.961435 1.521808 2.319973
6 -19.43635368347168 -26.06315612792969 -0.782302737236023 0.570757 1.046357 0.517866 -2.394061
1 21.72654342651367 18.14033508300781 -1.083267688751221 3.479111 1.759963 1.651377 0.7745551
6 -19.99610710144043 -37.50764465332031 -0.1236971095204353 0.432858 0.622002 0.624633 0.6337096
1 40.07718276977539 -3.933021068572998 -0.4608516395092011 3.100929 1.64568 1.294426 2.26427
3 -13.89857864379883 -23.17350769042969 -0.5428439378738403 0.552472 0.362439 0.88653 -1.265353
1 1.735706090927124 -21.08378219604492 -1.14638078212738 0.83304 0.278182 0.668554 2.280414
1 13.59735679626465 -21.27552604675293 -0.598934531211853 3.578763 1.459752 1.368445 2.270394
4 20.7195987701416 6.57304048538208 -0.6707629561424255 0.507934 0.636583 0.669473 0.6944632
3 -8.544143676757812 -21.71969223022461 -0.182270422577858 0.256295 0.58612 0.569515 0.7424786
1 21.81009674072266 1.348455667495728 -0.6444151401519775 2.695584 1.459012 1.503948 -0.8060133
4 -21.65443420410156 -10.19933795928955 -1.182012319564819 0.842873 0.502828 1.062012 2.340726
1 26.37114906311035 -10.18844509124756 -0.3176547586917877 4.329772 1.548302 1.058463 -0.8575647
4 -9.83719253540039 -16.96734237670898 -1.229299306869507 1.966447 0.795524 1.00299 -2.261102
4 -29.35511207580566 -18.82821083068848 -1.201045036315918 0.686256 0.410561 1.014035 2.233693
3 35.22637939453125 -29.28181648254395 -0.2916066944599152 0.294169 0.5269 1.47502 -0.411411
1 20.55423355102539 -24.16601943969727 -0.5009361505508423 1.824181 1.525038 1.418194 2.385151
3 -14.44810581207275 6.743626117706299 -0.709295928478241 0.49144 0.694058 1.086431 -0.8676666
1 40.60736083984375 -18.50554847717285 0.009102475829422474 3.594573 1.147304 0.870502 2.344475
1 29.52819061279297 7.514977931976318 -0.8062742948532104 3.769553 1.703368 1.712511 -0.8000907
4 -11.28449058532715 -20.41629791259766 -0.296731024980545 0.648354 0.581725 0.799789 -1.652822
1 6.002559661865234 10.1515998840332 -1.089600563049316 4.32799 1.905197 1.606513 -2.414565
1 -2.65602970123291 -21.21756553649902 -0.553699791431427 2.19938 1.556493 1.05204 -0.818513
1 -22.7597770690918 -39.86200332641602 -0.01762246340513229 2.872112 1.639723 0.938468 0.6593794
3 19.6436767578125 -25.29342842102051 -0.005042252130806446 0.393558 0.494465 0.791545 -0.783395
1 17.14155387878418 -3.606456756591797 -0.7265973091125488 3.379536 1.835072 1.739839 -0.8411885
3 43.33795547485352 -37.20093154907227 -0.05018335580825806 0.278469 0.427811 1.086176 -0.8111821
3 -8.117538452148438 -22.46311569213867 -0.3648763000965118 0.453331 0.513959 0.926277 -2.011124
1 -45.42011642456055 -34.57773971557617 -1.193663001060486 2.908005 1.735526 0.848807 -2.457438
1 44.66696929931641 22.10391044616699 -1.078969240188599 1.466096 0.579408 1.282415 2.218455
2 20.18494033813477 30.80610275268555 -0.8819220066070557 4.767085 1.917518 1.759453 -2.410769
3 -0.4306584000587463 20.06776428222656 -0.8482543230056763 0.340335 0.617914 0.899859 -2.340437
1 20.39948081970215 -0.7037460803985596 -0.8429297208786011 3.556376 1.682674 1.468881 -0.7607785
1 -18.50080108642578 -32.97539520263672 0.2089498788118362 2.093811 1.298348 1.775063 0.6345627
1 15.75972366333008 -19.23184394836426 -0.6905794739723206 3.36376 1.752654 1.552794 2.270394
1 -12.99178218841553 -18.52602386474609 -1.055086851119995 2.518073 0.974059 1.460776 0.2410191
3 0.5071795582771301 19.25101852416992 -0.8041435480117798 0.286513 0.552957 0.883857 0.9700444
1 8.697075843811035 19.80608940124512 -1.248204350471497 3.318134 1.671176 1.36685 -2.511247
1 29.12312698364258 -13.69847011566162 -0.3573806881904602 2.739659 1.095042 0.80151 2.364453
1 19.39045333862305 27.13834190368652 -1.1366206407547 3.531723 1.678536 0.959257 -2.504462
4 3.105586051940918 -12.33399200439453 -0.8622116446495056 0.678937 0.471484 0.686002 0.8088057
4 -15.05751800537109 -23.63609886169434 -0.7334314584732056 1.100735 0.489191 0.960356 2.373263
4 -19.89162635803223 -8.696566581726074 -1.443243503570557 1.156698 0.398271 1.020072 2.267124
4 -10.91203212738037 -17.25798797607422 -1.229299306869507 1.610026 0.539833 1.00299 -2.30185
1 15.475266456604 -26.35575294494629 -0.002327154856175184 2.089497 1.392715 0.780577 -0.8050309
1 0.8610122799873352 5.06110143661499 -1.090952157974243 4.827027 1.946473 1.444098 -2.452276
1 9.816105842590332 -24.23253059387207 -0.6061407327651978 2.27299 1.569527 1.669144 2.314839
1 -12.41939735412598 -28.23344612121582 -0.3662207126617432 1.153937 0.837718 1.91806 0.6990285
3 1.119418025016785 20.93221473693848 -0.8450683355331421 0.309298 0.682756 1.026935 -1.974998
4 11.91565227508545 7.825323104858398 -1.081169843673706 1.476421 0.777143 1.583397 0.7882496
1 18.3899040222168 -25.19289016723633 -0.695615828037262 4.72087 0.531656 1.130752 -0.8033181
1 11.68049716949463 -30.93070793151856 0.2628512978553772 1.137213 0.679448 1.096051 -0.228362
1 23.49483871459961 3.091533422470093 -0.4499998092651367 2.330057 1.354136 1.088582 2.322124