6 -7.121788501739502 -6.301882743835449 -0.4042782187461853 0.601726 0.377482 0.319779 -3.120793
4 -7.481356143951416 -5.123971939086914 -1.074260115623474 1.271604 0.740702 1.70556 0.06635475
1 -1.14877188205719 -3.485268115997315 -0.8956437110900879 5.089115 2.604631 1.724995 -0.01738977
1 -6.984889030456543 -2.669116258621216 -1.12127423286438 4.346923 2.031374 1.469916 0.01337481
1 48.37134170532227 -17.88517189025879 -0.6846784949302673 2.356773 0.837564 1.180331 1.680779
2 46.79099273681641 -27.36564826965332 0.2846241891384125 5.921649 2.375511 3.115211 1.615863
6 -1.176577687263489 -6.38819169998169 -0.3953984081745148 0.252815 0.252592 0.136588 -0.00648479
1 20.08731269836426 4.545652389526367 -0.9765754342079163 2.930273 2.03906 1.410204 0.1141209
2 12.40618419647217 -2.235146760940552 -0.7376453280448914 4.592443 1.709594 1.95283 -0.001633006
6 10.713134765625 5.510012626647949 -1.539359450340271 2.693361 0.854765 0.325443 -0.00355238
2 36.2039794921875 3.599754095077515 0.4324164688587189 5.79318 2.796502 1.857251 0.05409341
5 20.82397270202637 -9.680046081542969 -1.344169139862061 0.200727 0.175695 0.307819 0.02097474
4 -11.81050300598145 -5.203970432281494 -0.7201241850852966 0.945318 0.871014 0.827313 -3.07431
1 7.313590526580811 0.1962530612945557 -0.7734476327896118 3.13092 2.11952 1.806835 0.02049803
6 23.90811920166016 -2.804489374160767 -0.1853651255369186 1.073162 0.502823 0.152469 -0.04908815
6 -19.95668983459473 -3.616215229034424 -0.3905214071273804 1.027834 0.551604 0.156017 0.0152173
2 -1.300464630126953 3.241912603378296 -0.6736134886741638 11.729478 2.817623 2.321443 -0.001644612
1 4.986706256866455 -2.438304662704468 -1.003245353698731 4.256405 1.781655 1.494486 0.02049803
1 18.20695686340332 -1.666753530502319 -0.9487622976303101 3.983313 0.466281 1.464457 0.05721891
6 20.89822959899902 0.5890828967094421 0.00264737568795681 1.074425 0.973699 0.18821 0.1330718
1 46.05771255493164 -19.83396339416504 -0.6270228028297424 4.281449 1.75359 1.594225 1.647999
2 52.81208038330078 -22.58720588684082 0.5918993353843689 11.495234 3.057266 3.099381 1.67658
1 -15.86091613769531 3.5528244972229 -1.200021266937256 4.176542 1.845932 1.480378 -0.1008808
2 -6.071844577789307 -0.02876419574022293 -0.5623331665992737 6.197389 2.380574 2.050103 -0.0004078746
1 -14.21692657470703 -3.571575880050659 -0.7112386226654053 2.351141 0.514972 0.511042 0.05711439