1 -56.72091293334961 16.90136337280273 -0.8700283169746399 7.158949 2.581932 2.029414 3.088175
2 12.05721378326416 3.343735933303833 -0.4444128274917603 12.674953 2.752337 2.582156 0.03771509
4 27.5523681640625 21.93866348266602 -1.005554556846619 1.837526 0.841628 1.579741 -2.41532
1 4.916172504425049 -2.38554573059082 -1.023709654808044 4.108538 1.765048 1.460714 0.001115918
6 19.55639839172363 4.051952838897705 -0.8276814818382263 0.153251 0.956528 0.390235 0.01501613
2 -25.99426078796387 3.355624437332153 -0.5393452048301697 11.658467 2.506601 2.979756 0.04036287
4 35.01938629150391 38.68424606323242 -1.255886316299439 1.049234 0.373218 1.090992 -1.612451
1 -7.005453109741211 -2.695003509521484 -1.098902225494385 4.385058 2.044942 1.476035 -0.02595069
6 -11.80105304718018 -6.396098136901856 -1.150731801986694 1.758561 0.72067 1.481304 0.0238381
6 -19.79942893981934 -3.64562201499939 -0.485482931137085 1.231481 0.494517 0.321639 0.03001995
6 -14.09977245330811 -3.340810775756836 -0.7185197472572327 2.053146 0.780311 0.459598 0.03414727
2 52.75957489013672 -22.71133995056152 0.6190559267997742 11.468328 2.754269 3.186488 1.654779
1 -4.994546413421631 3.357657670974731 -1.134487390518189 4.218999 1.982782 1.44606 -0.001368109
5 11.42792701721191 18.28762435913086 -1.695228815078735 0.081925 0.138067 0.425771 -0.07361118
2 46.4113655090332 -29.13705253601074 0.4815429747104645 5.677846 1.363681 2.682634 1.65898
6 24.77755546569824 -2.619150400161743 -0.442070871591568 2.802953 0.957922 0.763778 0.01182994
1 46.07963562011719 -19.78050041198731 -0.6142367720603943 4.167743 1.755725 1.602627 1.677676
6 20.86365509033203 0.6545518636703491 0.01763992197811604 0.950275 1.3106 0.207079 0.01501613
1 18.16677665710449 -1.696219325065613 -0.9467575550079346 3.77723 0.402186 1.432483 0.0009463486
4 17.04706001281738 -7.462910175323486 -0.9241634011268616 0.940382 0.4615 1.013753 -0.01429234
1 -6.169590950012207 -0.02227820456027985 -0.6264793276786804 6.042986 2.332228 2.17659 -0.007252707
6 33.15184783935547 26.08189392089844 -1.020416021347046 0.966592 0.808341 0.264909 -2.175865
6 -1.89275586605072 -4.648635864257813 -0.6849221587181091 0.1556 0.261509 0.210149 0.03400043
1 7.359619617462158 0.2100700736045837 -0.8023169040679932 3.272399 2.046601 1.870276 -0.007252707
5 22.81366348266602 20.83410835266113 -1.66916286945343 0.114524 0.125347 0.413455 0.853289
1 42.98186111450195 39.89774322509766 -0.9306062459945679 5.00741 2.115537 1.59139 -1.59785
1 48.73129653930664 -17.90258598327637 -0.6540867686271667 2.525855 1.579262 1.154815 1.661072
1 12.37695693969727 -2.241954565048218 -0.7502402663230896 4.551609 1.666172 1.985886 -0.007252707
4 -20.98910331726074 -6.292704582214356 -0.9076338410377502 0.898272 0.692417 1.1414 0.0238381
6 -23.00763511657715 -5.605678081512451 -0.6992878913879395 0.386955 0.580309 0.586122 0.0238381
1 -1.13027548789978 -3.124082326889038 -0.8789202570915222 5.065407 1.933277 1.689243 0.03045318
5 17.21747398376465 18.78580856323242 -1.59106719493866 0.111662 0.083185 0.451037 0.121139