1 19.26912879943848 -1.869264841079712 -0.856104850769043 3.955595 0.763402 1.523444 -0.0001882256
1 -0.2080638557672501 -3.207663774490356 -0.8203794360160828 4.980851 2.13039 1.551312 0.01009991
2 53.6394157409668 -22.64612197875977 0.7092593312263489 10.998662 2.709043 3.07144 1.647081
2 -20.79538154602051 3.138949155807495 -0.4356612265110016 12.124265 2.952789 2.870886 0.00603536
1 13.32363224029541 -2.285475492477417 -0.7248167395591736 4.591876 1.724792 1.933148 -0.03105218
6 -24.95119094848633 -3.830415487289429 -0.6027283072471619 0.739241 0.650687 0.293005 0.01455605
2 -8.211307525634766 -0.1868445575237274 -0.6621938347816467 5.96812 2.218208 2.321933 0.02359534
1 46.97685623168945 -19.95532035827637 -0.6249845623970032 4.233036 1.767569 1.642341 1.672792
1 13.54371547698975 2.979106187820435 -0.9705010652542114 3.665966 1.075486 1.432695 0.02129357
1 8.321416854858398 0.1546300500631332 -0.7896663546562195 3.233619 2.074646 1.825958 -0.03986961
6 21.14675712585449 0.6718760132789612 0.01087920181453228 1.606235 1.117213 0.204985 -0.002120143
2 5.78837251663208 2.910539627075195 -0.5730701088905334 7.849236 2.357625 2.306602 0.01013399
1 -28.61124992370606 -5.830563545227051 -0.9522016644477844 3.665677 2.022656 0.789512 -0.01123699
6 33.32652282714844 3.727855920791626 0.3986621499061585 0.374148 0.279693 0.858653 0.05012434
1 -5.057039737701416 2.277684688568115 -0.8940694332122803 4.19418 1.911098 1.868576 0.1228715
1 -53.26971435546875 17.52838134765625 -0.7400352358818054 2.219298 1.782967 1.187005 2.932215
1 -22.48084449768066 16.54957389831543 -1.580020427703857 2.517905 1.57494 1.503362 2.979293
6 39.89812850952148 -28.03671073913574 -0.9835546612739563 0.635511 1.344777 0.720205 -1.350073
4 17.91781616210938 -7.504781246185303 -0.828924834728241 0.827553 0.414385 0.754743 0.06876855
1 49.66322708129883 -18.09457015991211 -0.6428360342979431 2.284908 1.609337 1.1409 1.620627
6 25.08277130126953 -2.77189040184021 -0.1154897958040237 0.569024 0.419073 0.0893 -0.01622894
2 20.38735008239746 3.452574729919434 -0.2368849664926529 5.003115 2.0811 2.397697 0.02204974
1 -9.814779281616211 -2.541473627090454 -1.145573139190674 3.489389 1.983547 1.438428 0.03470428
1 5.926259517669678 -2.513140439987183 -1.012004137039185 4.200862 1.78859 1.493863 -0.0009485105