6 38.86508941650391 -5.225669860839844 0.3470109105110169 0.574942 2.579376 1.026849 -0.1111447
5 -1.696582674980164 -7.368009090423584 -1.268943667411804 0.169687 0.208004 0.543862 0.01949367
1 42.14496612548828 7.627439498901367 -1.178337097167969 3.45992 1.443215 0.585222 3.042636
2 -26.19255256652832 -51.76131439208984 0.5012184381484985 5.963678 2.301817 2.743884 1.599024
5 -7.223447799682617 -8.382080078125 -1.351002335548401 0.168217 0.122143 0.448238 1.274603
3 -45.90074920654297 -12.61324787139893 -0.3495438396930695 0.518021 0.629172 0.6386 -1.471468
1 30.13924026489258 8.912452697753906 -1.23133385181427 2.888153 1.658622 1.258461 3.010102
5 -13.57957458496094 -11.98138904571533 -1.177819490432739 0.114388 0.112434 0.46015 1.490645
1 -11.43429088592529 17.80249214172363 -1.341851353645325 4.481155 1.903314 1.485819 3.076416
1 -25.68703460693359 -45.4311637878418 -0.4269755780696869 0.841831 0.300364 0.635393 1.569512
1 -35.52831649780273 -9.210165023803711 -0.860558807849884 2.400171 1.267707 0.969637 -1.87914
1 10.80257320404053 10.42051315307617 -0.984675407409668 4.214002 1.865591 0.871272 3.061671
1 -27.50493621826172 -29.61988639831543 -0.5416287779808044 3.659081 1.579674 1.095569 1.647047
5 -5.426258563995361 -7.907147884368897 -1.317663908004761 0.184709 0.189847 0.50142 2.998248
6 48.04668426513672 16.26982307434082 -1.334711790084839 1.691502 1.206519 1.307906 -0.07147056
1 -28.77620506286621 -16.38908195495606 -0.5751173496246338 4.741064 1.737679 1.599268 1.676416
5 -11.96091938018799 -10.78090572357178 -1.221908688545227 0.104103 0.090427 0.42219 3.123755
1 -15.16363334655762 -3.021945714950562 -0.911609411239624 4.267539 2.009871 1.537695 0.4881814
3 -46.31119155883789 -14.87575531005859 -0.3166218996047974 0.297627 0.573925 1.607746 -2.522773
5 -16.28024291992188 -14.81510543823242 -1.038648724555969 0.145529 0.192698 0.412657 -0.1205914
1 -39.65374755859375 29.79364395141602 -1.033404111862183 4.16054 1.768526 1.324581 1.160373
1 18.41157341003418 9.199946403503418 -0.967577338218689 3.07195 1.741078 0.859134 3.074203
1 -5.663607120513916 -2.361471891403198 -1.026722431182861 4.462356 1.921406 1.367363 0.01260163
1 11.56335067749023 -1.285869598388672 -0.8629001379013062 2.368082 2.005564 2.029087 -0.07457276
1 15.96442890167236 34.99659729003906 -0.9857829809188843 2.655844 1.580113 1.062973 1.51843
1 -0.9739598035812378 6.373589515686035 -1.08867359161377 4.786348 2.077396 1.416724 -1.883922
5 -10.60097980499268 -9.890108108520508 -1.283603429794312 0.09677 0.120276 0.476495 -1.863522
5 -8.953581809997559 -9.069025039672852 -1.366039752960205 0.137953 0.102975 0.486577 -0.1030611
3 45.50223541259766 20.5342960357666 -1.25980544090271 0.35107 0.397533 0.311373 3.095896
1 -27.5355167388916 -23.3015079498291 -0.5750269293785095 4.069928 0.619529 1.226728 1.64465
1 -27.2509880065918 10.32015228271484 -0.9685911536216736 4.347726 1.782027 1.449388 -2.65451
2 -39.56859970092773 -19.87605667114258 0.1525045186281204 12.050516 2.736639 3.211698 -1.581814
6 -37.98297882080078 39.58466720581055 -1.523744344711304 3.062929 1.640262 0.734798 1.539555
1 1.065919756889343 11.58088970184326 -1.10824990272522 3.120211 2.222113 1.339153 3.090121
1 -30.35918617248535 -30.10686302185059 -0.3777450621128082 2.106777 0.368368 1.113056 1.641822
4 -20.82499885559082 25.44162178039551 -1.392980098724365 1.405105 0.403022 1.24846 2.820543
1 13.57195472717285 35.79489898681641 -0.8769590258598328 3.61273 1.718265 1.261398 1.500333
5 -3.602146863937378 -7.564200401306152 -1.280079007148743 0.219503 0.155914 0.529453 -1.966515
1 -31.49317169189453 -22.40998840332031 -0.1616275012493134 4.228335 1.751773 2.183351 1.659308
4 -15.76500511169434 -12.27299118041992 -0.7481206059455872 1.736349 0.66239 1.510935 2.383378
4 -21.0443000793457 -28.4431324005127 -0.5317365527153015 1.6696 0.67869 1.494228 1.552789
1 28.29719161987305 33.42870712280273 -1.19705605506897 1.053392 1.191036 0.509604 1.539634
6 27.32380104064941 12.08452987670898 -1.095573902130127 1.892639 0.371937 0.444527 2.96987
4 -19.99532890319824 -15.15071964263916 -0.6246576309204102 2.447717 0.86793 1.712499 1.304029
1 -32.13275146484375 -15.45152187347412 -0.5497708916664124 4.177467 1.65118 1.544837 1.723177
2 -30.34778594970703 -41.60189437866211 1.053342580795288 2.196971 1.315156 1.295986 1.561768
1 -31.59503364562988 4.001339912414551 -0.8379236459732056 4.189114 1.672 1.405255 -2.229743
1 -44.79166030883789 20.97071075439453 -1.154861807823181 1.929059 1.646998 1.072735 0.7238453
5 -18.39730262756348 -18.02456474304199 -1.03914999961853 0.210406 0.126858 0.364189 -1.936662