6 18.66274642944336 -4.736234664916992 -0.9981707334518433 1.24557 0.261745 0.341524 -1.545653
1 -29.76478004455566 0.508857250213623 -0.6678377985954285 3.493672 2.045873 1.034319 0.02797505
1 -14.16597270965576 0.01452137529850006 -1.091957926750183 4.194496 2.044255 1.457634 0.02797505
4 47.29816436767578 -5.253824234008789 -0.8438125848770142 1.444061 0.869332 1.587908 -0.07556823
1 52.41556549072266 -2.313528776168823 -0.7761204838752747 0.582342 1.721995 1.399024 -0.04641647
3 -36.84768676757813 -9.974064826965332 -0.7288833260536194 0.649936 0.400966 1.426775 -0.009724666
1 19.92014312744141 0.3335101008415222 -0.8416761755943298 3.463949 2.074174 1.945421 0.03467262
2 9.56373405456543 3.043574810028076 -0.4864842295646668 11.398493 2.980213 2.566318 0.0181058
2 0.3559600114822388 10.91291618347168 -0.6099891662597656 11.328157 2.919023 2.71747 -3.083704
4 41.60488891601563 -3.643630743026733 -0.9592441916465759 0.898362 0.781062 1.323402 0.02734112
6 -56.83960723876953 3.734696865081787 -1.444846987724304 0.286582 0.63142 0.335732 0.04523584
1 30.79922676086426 3.168703317642212 -1.199194550514221 3.757638 1.453491 1.29731 -0.03487166
2 5.971948623657227 -3.287403583526611 -0.5672584176063538 11.508605 2.648489 2.387579 0.02272934