4 -26.85915946960449 15.76251983642578 -1.387760639190674 0.921549 0.4371 1.360986 3.131623
1 29.24102592468262 7.476906776428223 -1.359408974647522 4.124757 1.742721 1.588816 3.109701
4 24.44727897644043 14.27716636657715 -1.574304699897766 1.847793 0.846062 1.519181 -3.135804
1 -1.601848006248474 32.24245452880859 -1.086645722389221 0.805027 1.441079 0.950723 1.660106
1 -11.99913787841797 -2.275793313980103 -0.9897621273994446 4.216386 1.796255 1.467828 0.09523127
1 3.127248048782349 32.23420333862305 -1.267155766487122 0.486428 1.630873 0.632481 1.588137
1 -32.07833099365234 0.6155812740325928 -0.8739725351333618 2.785358 1.951397 1.389265 -0.001021632
1 0.7191958427429199 33.32414245605469 -1.120507955551148 2.894619 1.656083 0.976981 1.677478
1 -14.27811717987061 14.16633033752441 -1.343989372253418 4.706691 1.830418 1.633042 -3.137261
1 -51.76683807373047 2.585822820663452 -0.7683785557746887 1.873655 0.798342 1.361062 -1.577657
6 -35.61052322387695 9.086057662963867 -1.128273844718933 0.229873 1.188393 0.484296 -3.110219
4 23.41963577270508 16.29569053649902 -1.46278190612793 2.87012 1.222409 1.67341 -0.001042882
1 16.3704719543457 -3.079672336578369 -0.8646840453147888 5.828914 1.904371 2.020285 0.0005669749
1 -3.986817121505737 32.81406784057617 -1.120908498764038 1.304155 1.275415 0.961371 1.684257
4 48.85459518432617 17.45512008666992 -2.180678844451904 0.417548 0.520445 0.958736 3.089351
4 -21.77567100524902 13.88728332519531 -1.393319845199585 1.501824 0.560375 1.412652 -2.866413
1 7.119880199432373 11.3606128692627 -1.410996437072754 4.275198 1.847788 1.399182 3.127903
1 13.36168575286865 32.22958755493164 -1.279421210289002 1.122787 1.473793 0.83018 1.585042
1 -23.28866767883301 33.19342041015625 -0.8014066815376282 0.817527 0.92472 1.041776 1.604892
1 -31.21076774597168 -3.28118371963501 -0.8312277793884277 2.411385 1.864289 1.331678 0.1382833
3 27.68055534362793 17.27520561218262 -1.412497043609619 0.488888 0.53561 0.88707 -3.129716
1 -32.00183486938477 14.63969993591309 -1.523320436477661 1.356264 1.759223 1.008375 -3.113584
6 49.12978363037109 -5.953816413879395 -0.530424177646637 2.587943 0.457813 2.469455 -1.497632
2 52.06639862060547 -5.732468605041504 -0.6996133327484131 4.183053 2.630228 2.408646 0.03778134
3 0.7689944505691528 21.21063995361328 -1.464524507522583 0.631365 0.469721 1.347312 0.004018784