1 -25.83065605163574 35.05931854248047 -1.582130432128906 2.749716 1.208721 0.517075 1.583463
2 45.37459945678711 3.590811252593994 0.6058617234230042 0.297945 2.351541 1.346588 0.07222788
6 42.99094009399414 0.7235158681869507 -0.7236281037330627 0.247707 0.746758 0.383874 0.1162678
6 14.24123096466065 -4.055838584899902 -0.8292073607444763 0.178351 2.077067 0.162769 0.02217382
6 -51.60053253173828 -4.757379531860352 -1.605440139770508 0.563209 1.356105 0.320508 0.07633024
1 35.4631233215332 5.959556579589844 -1.038238763809204 4.170056 2.201426 1.336391 0.1385911
1 -10.09676170349121 -0.2827387452125549 -1.107717871665955 4.055245 1.959731 1.438922 0.05134873
2 7.000648975372315 -2.857090473175049 -0.5325599312782288 13.032446 2.75049 2.369446 0.05089443
1 -41.70318984985352 2.60968804359436 -1.548124313354492 3.806513 1.720503 0.515947 0.01100086
2 15.67280387878418 4.177848339080811 -0.4063113927841187 11.194279 2.640303 2.813873 0.05444649
1 36.04006576538086 -0.7127010822296143 -0.6617677807807922 4.124481 1.934794 1.758539 0.1063303
1 15.44142913818359 1.127098679542542 -0.8038461208343506 3.413312 2.208206 1.88606 0.07711259
3 28.24145698547363 18.47584533691406 -1.226179599761963 0.536855 0.815041 1.232139 1.671464
4 33.42722320556641 -3.657732009887695 -0.6098884344100952 2.004092 0.741483 1.615415 0.1030261
4 27.99715805053711 -3.329241752624512 -0.8377335071563721 1.224423 0.434612 1.418752 0.1626525
2 49.66399002075195 6.823640823364258 0.3604232966899872 4.594773 2.179517 2.876773 0.07222788
1 -22.89346504211426 -0.2157138139009476 -0.8702642321586609 4.029356 1.960755 0.98327 0.06375109