3 13.28937339782715 23.84403800964356 -0.809826135635376 0.354845 0.952761 1.442689 1.041236
5 -22.07402801513672 -5.504075527191162 -1.590445995330811 0.49057 0.273612 0.383516 1.163727
1 -31.03806877136231 -3.237249612808228 -1.266339063644409 3.905881 1.498338 1.374417 0.9842046
6 -15.69689083099365 -9.63576602935791 -1.709725975990295 0.481561 0.288367 0.329829 1.042793
1 25.81921577453613 -23.82868576049805 -1.196382880210877 4.73323 1.893897 1.973116 -2.270919
1 10.48474025726318 0.7573360800743103 -1.018938541412354 4.498241 1.864416 1.63738 2.437826
1 16.55818557739258 -3.928997039794922 -1.149831175804138 5.263668 2.076236 1.499909 2.437826
2 26.19681358337402 -27.51302528381348 -0.9818007946014404 5.33749 1.447803 2.754441 -2.35644
1 -1.914900064468384 33.80775451660156 -0.8330157399177551 4.484918 1.781534 1.353544 -2.709602
1 -8.871828079223633 30.55220031738281 -0.7452079653739929 4.503796 1.011856 1.215369 -2.853533
3 -37.86333847045898 15.41156196594238 -0.3207755982875824 0.596388 0.364963 0.62665 1.041538
5 8.82103443145752 -0.6886471509933472 -1.565808534622192 0.31334 0.222349 0.374109 0.9910807
5 -8.805387496948242 12.39789581298828 -1.302192211151123 0.29037 0.352263 0.583903 -2.000054
5 -9.15433120727539 12.50464248657227 -1.438992857933044 0.225891 0.284216 0.374446 -0.456357
1 21.63394737243652 -8.298762321472168 -1.228924870491028 3.941983 1.949931 1.471203 2.437826
5 5.13938570022583 -3.446434259414673 -1.582491874694824 0.446774 0.710898 0.478737 0.8787917
5 -7.524198055267334 13.33742427825928 -1.292448878288269 0.27678 0.260504 0.489147 -0.3610021
6 -9.524820327758789 13.15218353271484 -1.083242893218994 0.471298 0.429036 0.536235 -0.5267432
5 13.27665996551514 6.003191947937012 -1.547385215759277 0.267847 0.242472 0.3891 -0.5605536
6 -8.672066688537598 13.5018367767334 -0.4031781852245331 1.608503 1.773802 2.369552 -0.602802
1 -26.84556388854981 26.05880165100098 -0.7761253714561462 3.807001 1.790689 1.604171 2.514735
5 23.22619819641113 -23.94782829284668 -2.047250270843506 0.494575 0.251589 0.487609 0.8787917
2 -49.97040557861328 33.33732604980469 0.1047665849328041 9.872672 3.01544 2.901992 -0.7057062
4 -33.46708679199219 -16.51317977905273 -1.330596446990967 2.152137 0.603408 1.123951 -2.102683
1 -31.44076538085938 28.26950073242188 -1.041886448860169 0.668407 0.887828 0.640132 2.514735