1 16.56105804443359 3.871109008789063 -1.083348751068115 3.071121 1.156695 1.463443 0.1595538
1 -28.87898635864258 -5.948121070861816 -1.420414328575134 1.072814 1.720534 0.822402 0.1595538
1 22.89395904541016 5.404557704925537 -0.6626073718070984 2.839157 1.755092 1.552978 0.1595538
1 -22.46049690246582 -0.9725368022918701 -0.4827667474746704 2.647356 2.074186 0.653771 0.1595538
1 -28.3504753112793 1.399207592010498 -1.247080326080322 1.813852 1.888477 1.101886 0.1595538
4 -0.3706943690776825 18.39766693115234 -1.300714492797852 1.763945 0.678579 1.550065 -2.945146
1 36.59309768676758 5.488569259643555 -0.8074566125869751 3.468651 1.604481 1.71365 0.1595538
1 -31.50596237182617 -2.85018253326416 -1.080358982086182 2.464108 1.217925 1.445381 0.1595538
2 30.25990676879883 7.253880023956299 0.3019683063030243 2.414403 2.397263 1.975549 0.1595538
1 -13.44894599914551 -0.4437218606472015 -1.073378443717957 4.178828 2.05681 1.452908 0.1595538
1 8.74299144744873 3.230104446411133 -0.7997980713844299 4.728802 2.08935 1.906987 0.1595538
2 16.0490779876709 7.494111061096191 -0.4035833179950714 11.203603 2.580828 2.882254 0.1595538
2 13.11358451843262 0.3092080652713776 -0.429120272397995 13.087305 3.037139 2.621224 0.1595538
2 30.65085983276367 2.350939512252808 -0.07793531566858292 1.361442 1.286964 2.649058 0.1595538
2 28.59656524658203 10.93336486816406 0.4809932112693787 0.212426 1.425933 0.956712 0.1595538
2 36.41032791137695 11.21123504638672 0.5458043813705444 4.640582 1.93981 2.176555 0.1595538
2 6.223257541656494 13.12739181518555 -0.5664461851119995 8.092323 2.574565 2.754569 -2.971026