3 -43.58304214477539 -6.643426418304443 -0.2597802877426148 0.331479 0.391033 0.885947 -3.110274
3 -44.80833435058594 -6.984018325805664 -0.2379555851221085 0.191656 0.340466 0.83829 -3.110274
1 -24.65536689758301 10.13661479949951 -1.157961964607239 2.479589 1.58441 1.454266 2.446089
6 -28.13214302062988 38.89992904663086 -1.409618735313416 2.53425 1.415466 0.305596 1.624181
5 -18.70818519592285 3.418695211410523 -1.562723636627197 0.201023 0.114321 0.391393 -3.134681
1 -28.30933570861816 43.80526351928711 -1.656641006469727 2.512756 1.316034 0.65695 1.5666
2 -16.08272743225098 13.17534923553467 -0.7171408534049988 6.877638 2.188628 2.642441 3.02181
1 -16.72451400756836 8.167496681213379 -1.171852588653565 4.17883 1.826241 1.444412 3.131341
1 -35.62469863891602 -22.22412300109863 -0.9335474967956543 4.15309 1.369863 0.897923 1.229836
5 -21.0865592956543 -4.697694301605225 -1.484404921531677 0.215141 0.155966 0.310788 -4.379588e-16
2 32.83545303344727 1.180097341537476 -0.9571793675422668 3.09502 2.04886 1.949812 0.07449901
1 -32.23325729370117 41.24429321289063 -1.416962862014771 1.077564 1.379117 0.630261 1.686269
2 -32.51885986328125 5.825109481811523 -0.2597282528877258 8.276016 2.701529 3.011874 1.49518
5 -31.54076385498047 -14.64698791503906 -1.205063104629517 0.184633 0.319949 0.334643 3.141592
4 42.68485641479492 14.25453853607178 -1.57266628742218 1.334532 0.615865 1.156721 0.01344541