3 18.81740760803223 45.81188583374023 -0.9432958960533142 0.642736 0.352712 1.681153 -3.092926
5 24.33658981323242 -9.656670570373535 -1.428182601928711 0.195686 0.170026 0.380089 -2.93938
2 42.1322021484375 -1.296896934509277 -0.3932144939899445 6.873566 0.969146 2.682793 1.61553
5 12.08945846557617 -2.260612487792969 -1.50946319103241 0.265882 0.248218 0.414598 3.129913
1 37.7968864440918 3.965267181396484 -1.151049494743347 1.026056 1.148393 0.720261 0.4114689
1 36.53449630737305 -3.368427276611328 -0.8566332459449768 4.681439 0.917402 1.666715 1.516109
3 7.143671989440918 11.90267658233643 -0.8604630827903748 0.475837 0.709463 1.422454 0.2205523
4 11.48982429504395 6.343443393707275 -1.008968830108643 1.706636 0.697699 1.66026 2.77995
5 32.93527603149414 -9.810955047607422 -1.40918779373169 0.145511 0.201094 0.312526 -1.212249
2 33.84015655517578 5.406826496124268 -0.7802375555038452 4.585301 2.132895 1.901233 -2.634734
3 36.86237716674805 10.33037281036377 -1.039288640022278 0.449858 0.639269 1.49239 -2.883854
5 10.65687370300293 -2.129218578338623 -1.558778524398804 0.1729 0.179571 0.370691 3.141592
4 -51.32911682128906 3.053924083709717 -1.232111692428589 1.752321 1.257639 1.601123 -0.2092288
6 45.20999908447266 -36.24055099487305 -0.8973950147628784 4.056716 0.718598 0.085824 1.75606
3 7.410027980804443 10.89256191253662 -0.7505605816841125 0.453451 0.726033 1.283723 0.2205523
2 -58.76733779907227 8.831194877624512 -0.9732813239097595 8.378171 2.626079 2.415855 -0.3053754