5 -20.41133117675781 -11.2762336730957 -1.226676821708679 0.059329 0.134455 0.479771 0.2359705
1 -39.55937957763672 -23.34763145446777 -0.1238981038331986 4.582008 1.669035 1.698745 1.666936
1 -6.106048583984375 -2.81488561630249 -1.089607000350952 4.127237 1.922771 1.250999 -0.01068891
1 -17.2390193939209 -2.229911327362061 -0.9501733779907227 2.719731 1.985074 1.513265 0.1763819
2 -47.01356887817383 -32.21388244628906 1.168895721435547 11.703172 1.721182 2.009035 -1.508947
1 -2.484513521194458 10.75270938873291 -0.9835768938064575 4.485731 1.720988 1.091006 3.111629
1 21.1352653503418 33.460693359375 -1.010956287384033 0.637199 1.653932 1.071871 1.482605
1 -9.221742630004883 4.15670919418335 -1.001173377037048 4.535567 1.879929 1.456609 -1.324055
1 14.81553077697754 10.44849109649658 -1.101863503456116 4.129037 1.786981 1.77006 2.932865
6 -28.98236274719238 -28.8046760559082 -0.7743748426437378 0.406313 0.246242 0.581936 1.739612
2 -37.17210388183594 -45.24874877929688 0.794852614402771 9.140256 2.716387 2.767452 1.629134
1 -15.76094722747803 10.82633113861084 -1.036139249801636 3.111182 1.697206 1.237321 -3.006591
4 -28.33254623413086 -15.91777420043945 -0.5877440571784973 2.207009 0.865557 1.670022 1.31647
5 -12.12909698486328 -7.829340934753418 -1.253509521484375 0.144681 0.13174 0.469773 2.987463
1 -37.11391067504883 -17.17698287963867 -0.5470432043075562 4.426614 1.836283 1.591515 1.652387
1 -48.83854293823242 26.4051513671875 -1.465419888496399 4.112835 0.899227 0.676603 1.081833
5 -24.64053344726563 -15.37274169921875 -1.146714329719544 0.100639 0.128704 0.375544 -2.252663
1 13.02489852905273 34.68739700317383 -1.298472166061401 1.850532 0.90248 0.808479 1.527249
5 -22.00442123413086 -12.48999691009522 -1.21843683719635 0.19943 0.123649 0.471644 0.9095225
3 -54.62041091918945 -16.27890968322754 -0.1195801198482513 0.369579 0.704423 1.398807 -2.131778
1 -36.09063720703125 -23.51469993591309 -0.5898138284683228 3.264917 1.347052 1.22624 1.657098
4 51.28647613525391 14.18662548065186 -1.659722447395325 1.294603 0.351571 0.953314 3.080357
5 -10.23186492919922 -7.635912418365479 -1.196515083312988 0.214084 0.159016 0.481619 0.9528303
1 5.419675350189209 9.768622398376465 -0.9138806462287903 4.507407 1.730178 0.964236 3.06079
1 26.33248519897461 9.01580810546875 -1.236966490745544 3.606816 1.371519 1.468908 3.066961
1 -44.5969352722168 -5.478449821472168 -0.721042811870575 4.236964 1.173839 0.944064 -1.906293
2 46.93114471435547 -5.384788036346436 0.6234245896339417 4.861002 2.473255 0.906306 -0.06713439
6 -37.00699996948242 -36.04793167114258 -0.758642315864563 0.528629 0.236251 0.755442 1.673716
1 -40.40415954589844 -16.45312309265137 -0.550995945930481 4.063153 1.47892 1.603421 1.669938
1 3.860469818115234 34.9609375 -0.9595504403114319 1.559404 1.864231 1.166219 1.542052
1 5.721091747283936 35.49464416503906 -1.037060022354126 2.886096 0.556418 1.280945 1.59255
4 -53.76166534423828 -15.99114990234375 -0.8318444490432739 0.657755 0.283107 0.795702 -1.322698
2 -33.5274543762207 -52.62184143066406 0.7083900570869446 5.857075 2.140889 1.887151 1.615987
4 -24.19473838806152 -12.80191040039063 -0.7585610151290894 1.454147 0.534358 1.388985 2.579422
1 -43.27391052246094 2.175733804702759 -0.9076510667800903 4.270302 1.675155 1.35897 -2.132707
1 14.6356782913208 -1.58662211894989 -0.8433259129524231 4.750661 2.072129 2.039086 -0.06150785
1 -35.25980377197266 -29.40154266357422 -0.7963162660598755 1.323888 1.014671 0.54283 1.715774
5 -23.42488288879395 -13.91343784332275 -1.05638325214386 0.14213 0.170509 0.370354 2.633554
1 2.651127099990845 13.86905479431152 -1.284027218818665 4.316542 1.720519 1.352905 3.069116
1 -38.34234619140625 -30.40154647827148 -0.421401172876358 2.74591 0.411661 1.300949 1.696604
1 -20.06236267089844 17.36123275756836 -1.366406798362732 3.296145 1.903882 1.398407 3.079137
6 -33.28147125244141 -45.77643966674805 -0.007522081956267357 1.750442 0.280107 0.322328 1.615903
5 -25.7476978302002 -16.95849800109863 -1.079270958900452 0.168369 0.160829 0.39109 -0.5865294
6 -30.17643165588379 24.76969146728516 -0.8724542260169983 0.237111 0.452444 0.223256 2.481601
1 3.600646257400513 48.71203994750977 -1.479344606399536 0.848942 0.991721 0.851165 -1.535058
1 18.81849098205566 34.23450088500977 -0.9023034572601318 1.455789 1.59562 1.267461 1.532958
6 48.3993034362793 11.86703491210938 -1.791700124740601 0.660348 1.530132 0.307948 -3.001216