4 -35.42226028442383 -27.66262245178223 -1.545133233070374 1.339087 0.620648 1.107512 -1.988299
1 -11.30984687805176 32.7537956237793 -0.8839185833930969 4.424174 1.746989 1.385199 -2.507683
5 -23.68713760375977 -9.499826431274414 -1.790449023246765 0.137602 0.189007 0.307923 -2.06428
6 -16.66203498840332 -12.38657665252686 -1.908494472503662 0.17898 0.273593 0.276327 -2.051275
5 6.745967864990234 4.887606143951416 -1.473869562149048 0.205447 0.189781 0.532609 2.721195
1 7.084780216217041 2.579827308654785 -0.9258261919021606 4.473471 1.864488 1.686739 2.659814
5 24.25063514709473 -19.32656860351563 -1.786062359809876 0.357419 0.507764 0.272275 2.664484
1 -32.52858352661133 -8.055495262145996 -1.443722248077393 1.700735 1.616017 1.207495 -1.989452
1 19.67300415039063 -4.225916862487793 -1.080747961997986 3.951047 1.905033 1.399797 2.661602
6 -14.77754306793213 10.95005893707275 -1.266390919685364 0.25008 0.360343 0.605142 -0.6413338
6 2.474478006362915 -2.451164960861206 -1.42026424407959 0.217142 0.262691 0.123162 2.688404
5 5.730865955352783 0.8456253409385681 -1.586597323417664 0.244346 0.241909 0.368031 2.661735
1 -39.38180923461914 21.86484909057617 -1.384300827980042 0.859003 0.791525 0.863506 -0.3008148
3 49.4643669128418 -27.5076789855957 -1.209425330162048 0.438889 0.546381 0.842752 -0.5054405
1 -34.10644149780273 20.43021392822266 -1.033362865447998 3.861581 1.853191 1.486027 -0.4466051
5 1.665306925773621 23.0400276184082 -1.35288417339325 0.14881 0.176211 0.30264 -1.738701
6 27.2642879486084 -19.08189964294434 -0.535825788974762 3.009023 0.397577 0.365851 -2.082899
5 -28.89287757873535 -3.206226825714111 -1.894592761993408 0.204084 0.190891 0.375534 -2.220617
6 -24.40296363830566 31.22997283935547 -1.358065962791443 0.397422 0.294363 0.281355 -2.211116
2 27.90181159973145 -22.05670738220215 -0.6792746782302856 6.597134 1.284766 2.705791 0.9640644
5 8.860050201416016 8.257978439331055 -1.469987392425537 0.270889 0.221396 0.339364 2.697849
5 -13.00586414337158 11.62117004394531 -1.403040766716003 0.279761 0.280135 0.568225 -1.981309
5 -14.42706680297852 10.45559978485107 -1.540409564971924 0.15777 0.160103 0.367188 -0.2459892
6 34.15465927124023 -19.03275489807129 -1.676767706871033 1.386532 0.501842 0.578458 -0.4200162
3 -42.86685943603516 7.422280311584473 -0.9224241375923157 0.355647 0.27581 0.72339 1.191984
1 26.37250709533691 -18.41711044311523 -0.891250729560852 4.559642 1.283504 1.863881 -2.090831
3 -14.45467948913574 10.90543365478516 -1.354436755180359 0.28418 0.168016 0.817089 -0.6323699
1 -17.3950080871582 28.58342361450195 -1.040297031402588 4.174375 1.181906 0.844382 -2.664043
3 5.227961540222168 25.59268760681152 -0.7623940706253052 0.415049 0.683881 1.360946 1.202626
6 20.76885032653809 -19.54666709899902 -1.789072036743164 0.413253 0.27237 0.55773 2.753354
6 20.16501426696777 -19.36145210266113 -1.649645447731018 0.221393 0.438285 0.742556 2.698483
5 26.48333358764648 -15.18289756774902 -1.653562784194946 0.25532 0.212483 0.386119 -1.941357
5 -14.02394866943359 10.39702892303467 -1.397552609443665 0.231597 0.281544 0.553214 1.140262
6 -14.09114265441895 11.41745567321777 -0.01640729233622551 0.407188 0.514225 1.709444 -0.3916932
6 30.68353652954102 -17.89570045471191 -1.53643536567688 3.083273 1.093912 0.992208 -0.4561757
1 13.91620635986328 -0.8004115223884583 -1.023128867149353 5.152695 2.103576 1.495771 2.666884
2 -55.91118240356445 21.74258613586426 -0.416330486536026 4.391196 2.959736 3.447199 -0.4727509
6 36.81167984008789 -21.5110969543457 -1.270507216453552 0.276713 0.896351 0.264022 -0.3548022