1 -23.72409439086914 -6.707789421081543 -0.5277057886123657 4.138214 1.707473 1.928878 1.069547
1 38.58637619018555 31.6086483001709 0.125396266579628 0.899117 1.198052 1.202359 0.2069516
1 -20.05118370056152 -0.5065094828605652 -0.8483718037605286 4.36793 1.755206 1.646118 1.074013
1 46.84019088745117 14.32699108123779 -0.623735785484314 3.197857 1.551674 1.110325 0.8906397
3 -27.86904144287109 16.11605834960938 -0.8963587880134583 0.691455 0.518758 1.40551 -1.41822
4 -18.6912956237793 -17.13101577758789 -1.214643239974976 1.137872 0.490228 1.448983 0.9830987
1 -27.55276107788086 7.828458309173584 -0.8389454483985901 3.278132 1.345032 1.146644 -2.369142
1 -27.92695999145508 -13.38168716430664 -0.4290067255496979 1.737929 1.435062 0.848547 0.9890171
1 -22.21369743347168 1.84685480594635 -1.022031545639038 3.231138 1.880074 1.367748 -2.36934
5 -6.800864696502686 -9.131272315979004 -1.374466300010681 0.077517 0.11746 0.301709 -0.4232022
5 -8.635431289672852 -9.752462387084961 -1.48069167137146 0.125926 0.119355 0.548509 -0.4232022
6 -23.86370277404785 -2.667983770370483 0.4591011106967926 0.248429 0.658595 1.090715 -2.153616
2 -35.84130859375 -32.28440093994141 -0.3738744258880615 3.351748 2.306201 2.568909 0.9611725
4 -10.03296947479248 -7.270464420318604 -0.9745316505432129 2.489586 0.959396 1.690107 0.655785
1 -17.84119033813477 -2.984734773635864 -0.9337987303733826 4.509952 1.884953 1.651789 1.041777
5 2.4513840675354 -8.768159866333008 -1.616262555122376 0.149065 0.117384 0.439265 1.235469
5 -2.986898422241211 -8.445176124572754 -1.512038350105286 0.153224 0.139143 0.518052 -0.4232022
1 17.28183174133301 8.96756362915039 -1.189550399780273 4.355618 1.780096 1.458718 2.469937
1 -2.357218265533447 36.83577728271484 -0.6683538556098938 4.322402 1.200617 1.416986 0.450678
5 0.6304129362106323 -8.484760284423828 -1.594031691551209 0.160925 0.192781 0.509892 1.235469
5 -12.09559345245361 -11.51795196533203 -1.449164748191834 0.11209 0.114948 0.560587 -0.4232022
1 -31.76535606384277 -26.48416900634766 -1.34963059425354 4.092618 1.6218 1.431982 0.9890171
1 8.29236125946045 38.58816909790039 -0.7471351027488708 3.864326 1.723114 1.542429 1.152728
1 31.42440795898438 -22.87152671813965 -1.623896718025208 1.265396 0.742759 0.77589 -0.6862212
2 -8.737604141235352 16.97701454162598 -0.3265394270420075 12.015314 2.788587 2.523539 -2.993612
1 16.20920372009277 -1.498427867889404 -0.8555827140808105 5.260113 2.301403 2.005922 -2.467847
5 -4.890793323516846 -8.671608924865723 -1.446753144264221 0.135618 0.121937 0.442207 -0.4232022
2 19.33012008666992 -11.82564353942871 -0.5294502973556519 12.537353 2.78998 2.940581 -0.6862212
2 -43.70261383056641 -38.15393447875977 0.8286793231964111 3.894447 1.964738 1.126812 0.9936749
2 -34.98148727416992 -25.3112850189209 -0.2728347778320313 8.668666 2.778937 3.447119 0.9890171
1 -7.378025531768799 -1.655682802200317 -1.050212979316711 4.170132 1.882414 1.473245 0.3782585
1 -21.40363121032715 -8.662205696105957 -1.068419694900513 3.920653 1.75446 1.338573 1.041777
1 -42.05100631713867 -43.04835891723633 -1.219075560569763 5.21832 0.996159 1.882167 1.016735
1 31.20659828186035 -6.474474906921387 -1.112712979316711 3.050839 1.014484 0.759117 2.460747
3 -30.46625900268555 10.75508403778076 0.4804023504257202 0.816654 0.32231 1.635915 -0.6637862
1 26.52401542663574 2.256414651870728 -1.202751040458679 2.815724 1.834224 1.452177 2.344537
1 7.358288764953613 47.35144424438477 -0.5453668832778931 2.334252 1.691624 1.526484 1.024009
5 9.268838882446289 -11.74419975280762 -1.559165239334106 0.152956 0.123113 0.551516 1.235469
1 22.45062255859375 1.42586624622345 -1.364421367645264 1.022034 0.74726 0.691179 2.395442
5 -13.64286613464356 -12.63540267944336 -1.503456830978394 0.101274 0.062781 0.45618 -0.4232022
1 15.96499729156494 14.50247287750244 -1.148782730102539 4.660004 1.818685 1.470059 2.445851
4 12.89789867401123 26.3529052734375 -1.077901005744934 1.224211 0.482841 1.078242 2.04924
6 -33.38162231445313 25.83732414245606 -0.8653532862663269 0.716162 0.40951 0.698972 -1.094036
3 -31.20607376098633 8.300467491149902 -0.265723317861557 0.46694 0.355985 0.828918 -2.172313
5 -0.9946936368942261 -8.408895492553711 -1.570270538330078 0.162644 0.156162 0.488711 1.235469
1 -24.73439979553223 -15.0230016708374 -1.114925503730774 4.21203 1.545431 1.547575 0.9890171
1 -15.58811855316162 -7.098109722137451 -1.129528760910034 4.558733 1.997364 1.457991 0.8994989
1 7.743502140045166 14.00913143157959 -1.012346267700195 4.452118 1.705273 1.551964 2.853773
5 7.627027988433838 -10.76207160949707 -1.589707136154175 0.128232 0.134389 0.50098 1.235469
5 -10.38913154602051 -10.51751136779785 -1.494961023330689 0.183398 0.159012 0.516248 -0.4232022
5 5.970495223999023 -9.954977989196777 -1.567810297012329 0.158631 0.074572 0.575629 1.235469
5 4.271018028259277 -9.250795364379883 -1.614141583442688 0.140737 0.123147 0.497327 1.235469
1 -22.19366836547852 7.689826488494873 -1.094593286514282 4.893081 1.782065 1.165821 -2.380447
4 -5.013131618499756 -7.414725303649902 -1.115670561790466 1.771877 0.848802 1.572027 1.798467