6 55.76530075073242 -17.13323211669922 -0.8360230326652527 3.761786 0.585581 0.452122 1.496361
1 21.70237350463867 3.203150272369385 -1.109788656234741 4.114042 1.523196 1.396825 0.01537372
1 40.20111846923828 -9.198906898498535 -0.5947819352149963 3.999917 1.324078 1.442059 -0.8374419
1 1.569041132926941 2.697907686233521 -1.066278100013733 4.480067 1.968649 1.451903 0.01537372
6 -33.70001220703125 2.363705158233643 -1.314288020133972 0.19585 0.274774 0.284796 0.006761786
1 28.68808174133301 6.663011074066162 -0.4980789422988892 1.172958 0.592683 0.579307 0.01537372
1 8.692652702331543 5.696964263916016 -0.9326236248016357 4.185054 1.939651 1.738354 0.01537372
1 28.71718406677246 3.497985363006592 -1.069521427154541 3.426602 1.449406 1.508093 0.01537372
1 23.11819458007813 6.615949153900147 -0.5380106568336487 4.337989 1.785323 1.655543 0.01537372
2 8.810297966003418 -0.4851015508174896 -0.5039942860603333 0.749774 2.65108 2.097506 0.01537372
4 32.48472213745117 -8.949418067932129 -1.010557889938355 1.000238 0.31424 1.442817 0.7722926
1 -14.54783725738525 2.417511224746704 -0.8401526808738708 4.500284 1.410606 1.9188 0.01537372
1 -28.80958557128906 2.434286117553711 -1.134283304214478 4.078626 0.563069 1.324428 -0.01658647
2 1.008912086486816 5.113450527191162 -0.6401742696762085 9.226452 1.186168 2.265063 0.001302953
2 -6.268798351287842 2.913262605667114 -0.6231597065925598 6.166099 2.545982 2.312937 0.01537372
4 16.06221961975098 -3.4829261302948 -1.014959931373596 1.134514 0.640833 1.504373 -0.004622431
1 15.1062068939209 3.033120155334473 -1.007959723472595 4.084748 1.661925 1.583616 0.01537372
1 15.25256061553955 6.516883373260498 -0.7535710334777832 3.116909 1.461624 0.6386 0.01537372
1 -32.5936164855957 0.2039949595928192 -1.082504391670227 2.526389 1.958758 1.420338 0.01537372
1 -10.4852466583252 -0.6154718995094299 -1.053375244140625 4.290874 1.850212 1.478202 0.01537372
1 7.565674304962158 2.667379856109619 -1.078252673149109 4.243264 1.774419 1.447398 -0.04300958
1 -21.22847747802734 2.132847309112549 -1.121858358383179 3.516905 0.815138 1.371571 0.01537372