3 -37.19156646728516 26.77557182312012 -0.01272046193480492 0.340514 0.653824 0.901563 2.545695
5 2.05493426322937 -3.947513103485107 -1.600673794746399 0.278381 0.392678 0.488996 2.716359
6 18.75076866149902 43.32001876831055 -0.9623148441314697 0.639893 0.302208 0.723283 1.139934
3 -21.62842178344727 2.762296199798584 -0.7437037229537964 0.48612 0.515279 1.705674 0.3566442
1 14.12005805969238 30.11666870117188 -1.130499958992004 0.565157 1.705051 1.004357 1.15839
1 12.27110862731934 4.679701805114746 -1.06868314743042 4.855619 1.778058 1.499419 2.626771
5 12.62572479248047 18.91437530517578 -1.488969326019287 0.248351 0.29437 0.437137 -1.904864
5 12.67041397094727 21.3989429473877 -1.47658383846283 0.167168 0.293201 0.399135 -1.904864
1 29.53952980041504 -4.127901554107666 -1.264118075370789 4.154704 1.760267 1.417061 2.646
5 -1.783117890357971 20.04455947875977 -1.363014221191406 0.322559 0.140569 0.287967 3.141592
2 -24.20711326599121 -16.01600074768066 -0.4018925726413727 8.176115 2.768175 2.975368 0.8323731
2 16.93769073486328 -7.523367881774902 -0.9874408841133118 3.81961 2.015156 2.034427 -0.4803889
5 12.12342643737793 8.205572128295898 -1.532498598098755 0.29367 0.280049 0.535924 2.650502
5 8.231654167175293 2.004395008087158 -1.54939067363739 0.27331 0.325872 0.492846 2.72472
4 -28.14400482177734 -11.61179161071777 -0.8975467085838318 1.248646 0.472446 1.188311 -2.249168
3 -5.708287239074707 15.02836894989014 -0.8495767116546631 0.46873 0.774455 1.634519 -1.69897
1 17.0444507598877 36.76351928710938 -0.6038225889205933 0.419841 1.622311 0.609295 1.168175
5 0.2049784809350967 23.33959579467773 -1.350744009017944 0.288965 0.197244 0.355639 -3.141592
5 -11.787034034729 -7.404160499572754 -1.616056323051453 0.207363 0.266195 0.433946 -2.491424
1 6.65941047668457 23.07761001586914 -0.753065288066864 4.260828 1.974942 1.70828 1.130893
3 -22.41386604309082 2.613423109054565 -0.6427330374717712 0.347409 0.383886 1.491255 0.1952363
5 13.05886554718018 24.48017311096191 -1.433229088783264 0.175462 0.274275 0.345895 -1.904864
2 12.51822376251221 11.58110904693604 -0.4868070483207703 6.918474 2.183774 2.610337 2.377421