1 37.06233978271484 4.20689058303833 -0.6634291410446167 2.89118 0.638354 1.366514 -0.04743128
1 -17.64691543579102 2.60425615310669 -1.197205662727356 4.422558 1.954911 1.386457 -0.03065042
2 7.224304676055908 -0.6331958174705505 -0.6148328185081482 0.683529 2.644818 2.261429 0.04044687
1 27.72590255737305 2.876619815826416 -1.123021125793457 3.305906 0.535646 1.064801 -0.02334758
2 13.9277982711792 3.321319341659546 -0.4725721478462219 5.903275 2.375762 2.497181 0.01422029
4 -30.94824409484863 19.89539909362793 -1.314772248268127 1.314527 0.412016 1.140326 3.103141
2 2.494965553283691 5.842120170593262 -0.5982360243797302 11.110651 2.53569 2.327171 0.02896392
1 -25.52621650695801 3.537172317504883 -0.567784309387207 4.750244 2.003579 0.768678 -0.03065042
2 16.69442367553711 7.069083690643311 0.1179756373167038 0.248849 1.222942 1.479578 0.0340577
1 -45.84881973266602 2.786252498626709 -1.627742052078247 1.845866 0.502891 0.882899 -0.0410386
1 -8.133584976196289 2.998183250427246 -0.8902418613433838 4.645796 2.255959 1.927428 -0.005061975
1 -34.23271179199219 2.864652633666992 -1.496840357780457 1.054244 1.097022 0.90028 -0.0410386
2 -45.35340881347656 14.36756706237793 0.1471375077962875 5.259308 2.429059 1.762662 3.126518
1 -0.844993531703949 2.640036344528198 -0.8105424046516418 3.796744 1.898658 0.969927 -0.005061975
1 21.80022811889648 2.735491752624512 -0.9936873316764832 4.142004 0.703629 1.350759 -0.02334758
1 -15.84170532226563 -1.138336777687073 -1.127054333686829 3.778592 1.83259 1.518985 -0.03065042
1 -51.02697372436523 0.4925989806652069 -1.590449333190918 1.032245 1.722416 0.910604 -0.0410386
1 5.306577205657959 2.837846279144287 -0.7882182598114014 4.691902 1.949188 1.912068 0.02080715