4 2.465664625167847 9.020729064941406 -1.530074954032898 1.225403 0.408005 0.894788 0.589733
5 9.347147941589355 -2.015091180801392 -1.423328757286072 0.278883 0.240518 0.699072 -0.8856852
1 12.12910461425781 -3.592522144317627 -1.027485370635986 3.824461 1.85213 1.48534 1.586068
1 -12.99977684020996 -4.219040393829346 -0.7779089212417603 4.734212 2.056295 1.996051 -0.1842941
6 56.75986099243164 -4.542766571044922 -1.456103801727295 0.391571 0.557396 0.299067 0.1812761
5 20.88156509399414 -2.267312526702881 -1.509980440139771 0.295787 0.255169 0.426976 2.988504
4 9.368829727172852 9.08035945892334 -1.481123685836792 1.438872 0.374253 0.982914 0.9401216
1 -47.06227874755859 -4.539628505706787 -0.6101745367050171 2.189924 0.496631 1.485873 -1.713394
4 10.13510131835938 10.19445037841797 -1.432456970214844 1.157136 0.559377 1.022462 0.9966629
3 27.51853179931641 11.67687892913818 -0.9995265007019043 0.556038 0.50075 1.720493 0.5117173
3 27.54317283630371 12.89732456207275 -1.215550422668457 0.693161 0.381399 1.320763 -0.1932537
5 3.037050247192383 -2.071804046630859 -1.45859158039093 0.305584 0.198895 0.61207 -0.82157
3 21.44364738464356 15.98922061920166 -1.131293892860413 0.415124 0.45112 1.34769 -2.740348
5 8.049543380737305 -2.104583501815796 -1.444056987762451 0.184153 0.217621 0.663163 -0.8856852
5 5.82780933380127 -1.978897333145142 -1.418136715888977 0.239353 0.243632 0.703288 -0.8856852
5 16.09390068054199 -2.001181364059448 -1.390902042388916 0.235285 0.226804 0.566829 2.987936
1 5.015129089355469 -50.49415969848633 -0.3282789289951325 1.684553 1.932288 0.99922 1.542127
3 1.796827793121338 -16.51236915588379 -0.472674697637558 0.480939 0.399404 1.014906 2.003944
3 -4.883646488189697 9.231371879577637 -1.135540246963501 0.407885 0.641759 1.669901 -0.8605946
4 4.037146091461182 8.7944974899292 -1.450747847557068 1.539098 0.418347 1.020709 0.1657642
3 -3.962331771850586 9.459678649902344 -1.134634256362915 0.490314 0.589181 1.684033 -3.129232
3 28.98678398132324 41.34906387329102 -0.906322717666626 1.042636 0.676462 1.657519 -2.620489
1 -3.986580848693848 -4.478741645812988 -1.033178925514221 4.322988 1.811304 1.509701 -3.109924
4 9.162264823913574 10.44482898712158 -1.505562424659729 0.480784 0.527726 0.961284 -0.9917455
4 7.854535102844238 9.102943420410156 -1.422906279563904 1.487965 0.320371 1.092509 0.6443936
4 14.11868953704834 10.78265190124512 -1.416443824768066 2.344099 0.793605 1.064869 1.874244
1 17.86346054077148 -4.046128273010254 -1.049899458885193 4.198032 1.663763 1.462547 1.586068
6 1.361029505729675 -2.137457847595215 -1.253944993019104 0.108727 0.163174 0.085552 -0.82157
6 -37.60051345825195 -3.556139707565308 -1.031552910804749 0.119122 0.744631 0.15178 -3.138491
1 -21.21784782409668 -3.545026779174805 -0.9638589024543762 4.298902 1.893653 1.623529 0.0
4 13.17098522186279 9.667468070983887 -1.425507426261902 1.464197 0.427321 1.104915 1.044534
3 23.60282897949219 27.91567611694336 -0.7955412268638611 0.484318 0.411044 1.139016 1.663303
1 39.29388427734375 8.86021900177002 -1.078579545021057 4.138937 1.787181 1.606541 3.127903
6 26.43837356567383 53.34881591796875 -1.128204941749573 0.289855 0.36772 1.192968 -2.996248
6 58.90397262573242 -4.895671367645264 -0.3854513168334961 0.71294 1.529856 0.413823 0.005316006
4 12.38060569763184 10.42597484588623 -1.533622980117798 1.787775 0.550679 0.85998 1.338628
3 21.25430870056152 16.79048347473145 -0.7710091471672058 0.210116 0.365437 1.065921 -2.366518
3 30.84118461608887 38.67924118041992 -0.8714473843574524 0.735457 0.547731 1.601753 -2.706197
3 20.64004516601563 16.76670074462891 -0.875318169593811 0.376997 0.354409 0.850262 -2.746683
4 1.523846745491028 9.699357986450195 -1.398696780204773 1.519903 0.413726 1.173892 -0.05512274
1 6.283114910125732 -7.231081008911133 -0.9170040488243103 3.386165 1.939309 1.73181 -0.8420479
3 28.76899719238281 12.14060211181641 -1.024189591407776 0.476972 0.574626 1.738448 3.018064
1 -5.233315944671631 -8.895620346069336 -0.8404095768928528 3.35785 1.679784 1.793639 0.1560789
1 26.11211204528809 -3.941717147827148 -0.8310915231704712 3.529031 1.697403 1.835029 -0.6535349
2 -44.52476119995117 -7.742030620574951 -0.07401316612958908 7.312829 2.157504 2.023275 1.435999
1 -59.14984893798828 3.70946478843689 -1.155567646026611 2.048314 1.381316 1.147789 3.114849
4 8.399721145629883 8.855500221252441 -1.42063581943512 1.573079 0.380453 1.094175 0.5900316
4 4.421885490417481 9.613298416137695 -1.41748309135437 1.402645 0.556995 1.008689 0.2666295
1 -28.87672805786133 -3.383851766586304 -1.029953360557556 2.660843 0.726626 1.452244 -3.138491
1 8.102458000183105 -4.010550022125244 -1.021404623985291 4.171117 2.013424 1.516521 -3.07402
4 10.74900817871094 9.709774017333984 -1.46612548828125 1.292738 0.801494 0.79484 0.9966629
6 21.48530769348145 -3.377174139022827 -0.9985038638114929 1.226435 1.231642 0.542937 -1.512746
4 6.170624732971191 9.11567497253418 -1.579614043235779 1.787806 0.517916 0.816082 0.5770885