1 -14.38284015655518 0.005596885457634926 -1.00751543045044 4.238071 2.008384 1.423539 -0.004975949
1 -30.29917907714844 0.4640036821365356 -0.9123252034187317 3.805417 2.122635 1.518605 0.02549139
1 50.12587738037109 -2.357484340667725 -1.032787203788757 0.602585 1.711645 1.344337 0.01722431
1 30.77574157714844 3.05788779258728 -1.251635432243347 3.218346 1.414464 1.400997 0.07372393
3 -41.90847015380859 -10.20808506011963 -0.5111091732978821 0.640286 0.730531 1.356791 0.04106439
6 17.98855018615723 3.68156909942627 -1.045928478240967 0.3212 1.897825 0.735529 0.08668078
1 19.53928375244141 0.2814870178699493 -0.9111169576644897 3.478978 2.100479 1.858281 0.04465342
2 -7.90651798248291 10.70934104919434 -0.5495664477348328 11.382771 2.694032 2.70825 -3.091055
6 -56.82333374023438 3.685158252716065 -1.094443798065186 0.360132 0.707925 0.54804 0.0
2 9.768864631652832 2.955502033233643 -0.4981196522712708 11.57998 2.969565 2.616177 0.02850289
4 40.28054428100586 -3.752827405929565 -1.124449253082275 0.977892 0.585345 1.355131 0.01011498
2 5.807878017425537 -3.353104591369629 -0.5947751402854919 9.948658 2.885859 2.399676 0.0130765
4 44.57817840576172 -5.364922046661377 -1.152540922164917 1.363418 0.881058 1.734083 -0.04246797
6 -1.205819129943848 -3.90579080581665 -0.435537576675415 1.716012 2.0844 1.104044 0.0