1 58.96588134765625 -5.175331115722656 -1.074854731559753 3.662994 1.667964 1.892676 -0.08624411
3 -39.0387077331543 10.23030948638916 -1.239180564880371 0.669074 0.462893 1.493872 1.502413
1 -29.30479049682617 -4.452802658081055 -1.045079946517944 4.138748 1.677223 1.803597 -0.5789146
4 20.56449508666992 -4.873409271240234 -1.241652011871338 1.759008 0.575228 1.190444 -1.743578
3 -25.60482978820801 34.76641464233398 -1.077285170555115 0.566515 0.441005 0.367962 -1.545569
4 -41.94187164306641 10.10761070251465 -1.710143089294434 1.248106 0.535879 0.718814 1.792115
1 4.443203926086426 -4.986372470855713 -0.9361244440078735 4.404885 1.851126 1.764888 0.02581763
3 -27.40827369689941 11.88043403625488 -0.7038690447807312 0.422202 0.497388 0.757728 -3.028505
4 9.078889846801758 -4.945643901824951 -1.263001680374146 1.6386 0.94545 1.034116 -1.507886
3 -24.59264373779297 47.82878875732422 -0.07369837164878845 0.269195 0.637809 1.084292 -1.473974
4 -53.58391952514648 9.618061065673828 -1.35865592956543 2.598644 1.083114 1.732788 1.343125
4 -45.55987167358398 9.515571594238281 -1.730480194091797 1.343832 0.446782 1.038578 1.033463
3 -28.29882431030273 11.0428056716919 -1.051650762557983 0.429888 0.572971 1.805521 -3.11172
1 23.66405296325684 -4.950901031494141 -1.113638639450073 4.117117 1.671087 1.450386 0.02500081
3 14.71584129333496 5.221391677856445 -0.9591144919395447 0.724182 0.706688 1.437939 -0.01406574
4 -24.2745418548584 -5.407534122467041 -1.449188351631165 1.321972 0.500155 0.760646 -1.48566
3 -0.700605571269989 13.49337768554688 -0.9064868688583374 0.630274 0.710806 1.834696 0.02240148
1 -48.56650161743164 -8.70836353302002 -0.9342143535614014 2.187263 1.479189 1.033797 -0.8897784
4 14.39457225799561 -4.977052211761475 -1.202023863792419 1.141714 0.360456 0.857733 -1.556514
4 -22.19640731811523 -5.034818172454834 -1.566928267478943 1.068024 0.367305 0.672229 -1.518616
4 -23.54321479797363 -5.529372692108154 -1.430834650993347 0.769649 0.227304 0.801488 -1.486726
4 10.06823635101318 -4.852585792541504 -1.347372531890869 0.902057 0.522104 0.758193 -1.94295
4 13.12358856201172 -4.880875110626221 -1.30479884147644 1.100554 0.40024 0.872814 -1.531742
4 -40.96628570556641 11.63092708587647 -1.725600600242615 1.393885 0.514021 0.786466 -2.530997
4 -46.29072952270508 9.64490795135498 -1.811871647834778 1.471251 0.366712 1.166267 1.123452
4 17.80855941772461 -4.844682216644287 -1.278163194656372 1.302425 0.606699 1.036437 -1.699803
4 -43.68329620361328 10.38915920257568 -1.673043727874756 1.647628 0.596566 1.021581 1.33484
4 -1.392149925231934 -5.34697437286377 -1.2564697265625 1.562492 0.463504 1.089385 -1.317806
4 13.7619743347168 -4.844202041625977 -1.28570830821991 1.120261 0.530674 0.909332 -1.724563
3 -20.30525779724121 -15.96834564208984 -1.12285304069519 0.577149 0.616513 0.860239 1.574617
4 -13.6998405456543 -5.443360805511475 -1.459063649177551 1.431183 0.545791 0.863411 -2.064122
4 -24.97189331054688 -5.457825183868408 -1.642998099327087 1.056078 0.320328 0.708422 -1.612246
4 -43.03384017944336 9.281378746032715 -1.476221442222595 1.343788 0.411801 0.693334 1.033463
4 11.51311492919922 -5.009465217590332 -1.298140525817871 0.966792 0.399983 0.949039 -1.263809
4 8.086359024047852 -5.054476737976074 -1.221513032913208 1.642464 0.755125 1.126347 -1.507886
4 -11.74125099182129 -5.709755897521973 -1.438076257705689 1.599133 0.403397 0.889443 -2.301039
4 -10.97611999511719 -5.743948459625244 -1.451559901237488 1.457555 0.497828 0.895954 -2.360191
4 16.37362670898438 -5.256112575531006 -1.294220328330994 1.437734 0.328354 0.95293 -1.699803
6 -7.549190044403076 -5.390806198120117 -1.109070658683777 3.927715 1.090179 1.428001 3.119938
6 -14.91718482971191 -5.138142585754395 -1.688932180404663 0.479344 0.439493 0.440479 -1.826898
6 -18.17300605773926 -5.471481800079346 -1.197166204452515 3.767638 1.280013 1.378076 -3.105663
3 58.9807014465332 -8.36737060546875 -0.9651957154273987 0.176607 0.569663 0.850552 -0.1243003
4 -22.59381484985352 -5.059466361999512 -1.325450301170349 1.27044 0.365877 0.907577 -1.515678
4 10.80958938598633 -4.847798824310303 -1.327495217323303 0.757604 0.267894 0.741331 -1.637009
4 15.07452774047852 -4.906076431274414 -1.175840377807617 1.723597 0.495967 1.128998 -1.735402
4 -47.52384185791016 8.969165802001953 -1.831001281738281 2.110722 0.801959 1.124828 1.028025
4 -14.54534530639648 -5.651646137237549 -1.388199090957642 1.790429 0.413956 0.95704 -2.037368
4 -10.03133869171143 -5.376712799072266 -1.479582071304321 1.366408 0.320677 0.814062 -2.061906
3 -21.53057861328125 -15.96440029144287 -1.159218430519104 0.626568 0.820183 0.859046 1.574617
1 51.76937103271484 8.731687545776367 -1.334471702575684 1.833384 1.865427 1.224932 3.124887
6 -25.82263565063477 -4.927616119384766 -1.7054762840271 0.730081 0.299455 0.488532 0.0
1 -16.30300712585449 8.739480972290039 -1.054256081581116 4.185809 1.854885 1.709685 3.131928
3 -19.19559478759766 -16.02777481079102 -1.13115406036377 0.669997 0.601762 0.94576 1.574617
1 -37.48008728027344 -2.685250282287598 -1.771613359451294 1.741689 0.99707 0.927967 1.748456e-07
4 -12.66770362854004 -5.659655570983887 -1.380669832229614 1.768427 0.582346 1.010344 -2.185833
4 17.16952323913574 -4.983756065368652 -1.232335567474365 1.7413 0.511471 1.010584 -1.735402
4 19.51626014709473 -5.207417488098145 -1.356098771095276 1.420574 0.366389 0.999124 -1.755667
4 18.8652400970459 -4.798605442047119 -1.14619517326355 1.795819 0.502611 1.343513 -1.743578
3 -38.92677307128906 9.234103202819824 -1.247390031814575 0.456842 0.399698 1.531142 -1.63918
4 -52.35098648071289 9.64640998840332 -1.55603837966919 2.650745 0.721548 1.713673 1.655425
4 12.36474132537842 -5.06781816482544 -1.402491807937622 1.159675 0.430541 0.733182 -1.873067
1 -58.73573303222656 -4.456246376037598 -1.195571422576904 1.465482 1.613897 1.281168 0.0
1 -43.10511016845703 -3.186179161071777 -1.312376618385315 0.308396 1.340296 0.819254 0.02415586
4 0.5526253581047058 -5.191518783569336 -1.248670101165772 2.05012 0.617662 1.079671 -1.874261
1 14.30370044708252 3.704652786254883 -1.066758990287781 4.036016 1.946165 1.480576 -3.137096