2 -34.2912712097168 -6.832820892333984 -0.2876168489456177 12.05887 2.797848 3.218408 -1.817382
6 -26.51799011230469 -33.72909927368164 -1.584319829940796 0.279694 0.333898 0.584258 1.614911
5 -2.296422243118286 -8.104761123657227 -1.475040316581726 0.173224 0.129717 0.499957 1.12335
1 -10.30725383758545 14.70532321929932 -1.228201985359192 4.369891 1.798069 1.49487 -3.078654
5 -15.95474433898926 -20.2261848449707 -1.402166962623596 0.136066 0.105186 0.513866 -0.7714611
1 5.341475486755371 7.358820915222168 -1.027856588363648 4.209227 2.087473 1.487794 -2.326354
6 -27.26138496398926 -27.95657920837402 -1.042342901229858 2.531385 0.39802 1.278655 1.49852
5 -5.819563865661621 -9.325387954711914 -1.468760132789612 0.125431 0.127325 0.538332 -2.17444
1 -39.73566818237305 -15.90955543518066 -0.917682409286499 2.263305 1.398548 0.873697 -1.793185
4 -17.8116512298584 -27.00322151184082 -1.04878044128418 1.2163 0.585044 1.423835 1.458781
1 -27.64874458312988 -20.23353385925293 -0.7738417387008667 3.968707 1.751445 2.027543 1.559385
1 10.08486080169678 -1.342630505561829 -0.7399544715881348 5.049206 1.8801 2.040778 -0.3832868
5 -0.477790892124176 -7.80532169342041 -1.397936582565308 0.169991 0.1839 0.531869 2.90609
5 -15.1822624206543 -18.42341804504395 -1.426230072975159 0.110253 0.156049 0.438797 1.189461
1 -15.00787734985352 -5.097644805908203 -1.054543972015381 4.446088 1.858732 1.324979 0.8359245
5 3.30218505859375 -7.633865833282471 -1.369490504264832 0.169025 0.202819 0.44807 -0.0002213053
1 -18.3540210723877 11.96775722503662 -1.237292289733887 4.245629 1.628895 1.427642 -2.693813
1 22.20573806762695 34.04776000976563 -0.4954987168312073 3.658272 1.828466 0.946892 1.371063
2 31.52317619323731 -6.690432548522949 -0.1674489676952362 3.329984 2.554002 2.785981 -0.237243
5 -4.047768115997315 -8.597043991088867 -1.483107566833496 0.143446 0.195037 0.354169 -0.3347661
5 -14.22927951812744 -16.73491477966309 -1.413781046867371 0.137555 0.160897 0.407768 2.866521
1 -27.70574760437012 -13.31202220916748 -0.8780999779701233 3.685451 1.643054 1.527649 1.641923
3 49.96659469604492 16.77789497375488 1.772729873657227 0.366541 0.533758 0.393045 -1.558268e-15
4 -13.00756168365479 26.81646537780762 -1.380676865577698 1.472964 0.532808 1.378684 2.580156
1 -24.40028381347656 -21.20499801635742 -1.185929179191589 4.715614 1.698589 1.203241 1.559977
4 -11.20256805419922 -11.27094650268555 -1.082575440406799 1.671723 0.68691 1.543789 2.322083
1 -24.13934135437012 -27.91379928588867 -1.013473391532898 4.334134 1.34934 1.640922 1.515959
5 -8.942928314208984 -11.14400100708008 -1.443358182907105 0.097703 0.10418 0.449951 1.068631
1 29.50700378417969 6.226629734039307 -0.9362766742706299 3.083547 1.226422 0.679547 2.973615
1 21.76574897766113 8.255518913269043 -0.6326305866241455 3.744879 1.936815 0.55995 2.955192
5 -7.258428573608398 -10.10845375061035 -1.450807571411133 0.096726 0.137699 0.392721 2.77147
2 -24.96534729003906 -49.92558288574219 0.4744091629981995 5.505887 2.037698 0.729995 1.53096
1 -36.57721710205078 25.37485122680664 -1.022024393081665 4.574924 0.933401 0.923897 0.6473477
1 -4.330811500549316 18.27063751220703 -1.274980425834656 4.732404 1.760097 1.490917 2.986266
1 -26.14988327026367 2.724654197692871 -1.211492657661438 4.397516 1.666948 1.352183 -2.21651
1 -26.4178524017334 51.42550659179688 -1.666087746620178 3.360526 1.511194 0.818792 1.64834
5 -10.47852230072022 -12.37157917022705 -1.413528442382813 0.135794 0.113779 0.422329 -0.5064402
6 -51.932373046875 11.79925441741943 -1.592117786407471 0.671918 1.542545 0.332553 -0.2033572
1 -24.47422790527344 -41.12138748168945 -1.18868613243103 3.688057 1.730862 1.233825 1.530302
5 -11.8745756149292 -13.73161792755127 -1.407066345214844 0.163857 0.1342 0.476136 -2.323267
4 -15.61202049255371 -13.77456283569336 -0.9622482061386108 2.533979 0.865206 1.727247 1.209085
6 53.74758911132813 2.85229229927063 -0.6466147899627686 0.783285 1.627991 0.330861 3.02174
6 -31.39666175842285 33.05848693847656 -1.60040271282196 4.36127 1.156144 0.889953 1.002241
1 -24.47193717956543 -14.16351509094238 -1.045112371444702 4.55208 1.804642 1.642248 1.568249
6 -29.46901702880859 45.47199630737305 -1.53198504447937 0.139182 1.24704 0.632641 1.637158
1 11.92502498626709 9.956672668457031 -1.018367409706116 4.626928 1.847097 1.514011 2.885429
6 -46.79212951660156 20.32341957092285 -1.798099040985107 4.15144 1.250631 0.471864 -2.935436
6 47.66895294189453 6.994067668914795 -1.10685658454895 0.252257 0.685674 0.049298 2.99553
1 -6.006991386413574 -2.247499704360962 -1.042507767677307 3.796327 1.883197 1.554414 0.1649178
4 45.4953498840332 13.28342342376709 -0.6968291401863098 2.723292 1.163751 1.260805 2.977788
5 1.3436039686203 -7.61212158203125 -1.393778324127197 0.235251 0.161943 0.522847 -1.571239
2 -27.04388046264648 -43.24488067626953 0.4464513659477234 6.769505 1.146047 1.991513 1.562017