1 -22.99716377258301 -0.6348217725753784 -0.4010808765888214 2.726511 1.850768 0.698378 0.1644638
2 26.24901580810547 10.16481971740723 -0.1376632899045944 2.512727 2.5881 2.353278 0.1644638
1 6.510199069976807 3.220707654953003 -0.8279608488082886 4.711659 2.079553 1.928283 0.1563047
2 -1.479268550872803 12.26846408843994 -0.6496793627738953 7.149773 2.294299 2.604882 -2.979965
2 28.64536666870117 7.109517574310303 -0.3487428724765778 4.652815 2.346612 3.001437 0.1644638
1 -14.14340686798096 -0.08902241289615631 -1.045740127563477 4.497717 2.087196 1.400174 0.1644638
2 15.16938877105713 7.580827713012695 -0.2013239413499832 11.137278 2.88591 2.337493 0.1754514
1 -31.06218910217285 -2.432873010635376 -1.253820061683655 1.754661 0.797821 1.024798 0.2057848
2 33.70209503173828 10.86526012420654 0.1752021312713623 4.62715 2.007764 2.781327 0.1644638
1 -27.86518859863281 2.017207384109497 -0.8899571895599365 2.852401 1.8312 1.539407 0.06225479
1 36.71539688110352 5.927228450775147 -0.9454368352890015 3.421008 1.23916 1.844604 0.1253018
1 -44.08308029174805 -3.780310392379761 -0.9947289228439331 1.796401 1.067687 1.327128 0.05260664
1 -27.95630836486816 -5.312483310699463 -1.251037955284119 4.224439 1.747027 0.93712 0.04896349
1 20.72237396240234 5.164945602416992 -0.8585981726646423 4.127522 1.626721 1.922664 0.1644638
2 13.16418170928955 0.6696403622627258 -0.4717505276203156 13.1417 2.997463 2.636052 0.1644638
1 14.09542274475098 3.873103857040405 -1.095287084579468 3.472245 1.5737 1.466677 0.1644638