6 44.77415084838867 3.864560842514038 -1.097700834274292 0.54296 0.734881 1.48614 0.1542201
2 44.53858184814453 9.271916389465332 0.2962318658828735 4.656173 1.912828 1.99216 0.1542201
4 14.59146690368652 18.99438667297363 -1.55615222454071 1.197406 0.614333 1.590359 -3.004629
1 -11.3236894607544 -0.5413603782653809 -1.06200110912323 4.158229 2.085675 1.397074 0.05410101
6 30.48359107971191 -0.5956538319587708 -0.8143839240074158 0.294691 0.932815 0.476968 0.03912501
1 22.72450637817383 2.282055377960205 -1.008471965789795 1.091281 0.498125 1.025046 0.105717
2 11.32759284973145 -1.634153127670288 -0.5378087162971497 13.240618 3.086435 2.668143 0.1025039
1 -21.44976806640625 -0.7453823685646057 -0.4403081238269806 3.829458 2.013631 0.830232 0.0749862
1 13.33047485351563 2.127679347991943 -0.9397061467170715 3.586868 2.002236 1.914095 -2.506431e-17
1 -33.85402679443359 33.91659164428711 -0.5584986209869385 1.602945 2.244526 1.478233 1.643608
1 36.82062911987305 1.941344261169434 -1.121803998947144 4.284222 2.002183 1.801273 0.1542201
2 17.19979095458984 5.655658721923828 -0.4487203359603882 11.256133 2.625466 2.90448 0.1180307
1 -34.32721710205078 -2.573766946792603 -0.648165762424469 2.059882 0.633307 0.867392 -0.007387989
1 37.18820953369141 9.633837699890137 0.03324632346630096 0.313733 1.369982 1.146197 0.2089097
1 -34.28060150146484 1.422651648521423 -1.251371383666992 3.787413 1.907443 0.946331 0.1178972
6 58.35139846801758 5.885220050811768 -0.9112436175346375 0.355569 0.745464 0.154353 0.1189382
2 33.94316864013672 4.898155689239502 0.1810259968042374 7.833921 2.42749 1.804941 0.1542201
1 -39.09800720214844 -5.816810131072998 -1.177509069442749 1.034349 1.602983 0.705507 0.1178972
2 26.32244300842285 14.3846025466919 -0.2357725501060486 2.681744 1.96824 3.471673 -2.988175
1 22.53972625732422 -1.553645133972168 -1.255193471908569 0.490506 1.391502 0.744683 0.1180307