1 36.68896102905273 3.306171178817749 -0.8562716245651245 3.894818 2.021227 1.777916 0.1549996
1 20.7957706451416 -0.6127671599388123 -0.9176953434944153 1.009266 1.154961 1.019744 0.1549996
1 -32.45140838623047 0.9808030128479004 -1.559375405311585 4.007694 1.866476 0.990195 0.1142059
6 18.25006103515625 1.149855971336365 0.2044807970523834 0.348153 0.246621 0.270828 0.05733608
1 -21.63948249816895 -1.087166666984558 -0.6280248761177063 2.862164 2.094969 0.648178 0.1142059
4 9.626410484313965 19.13779449462891 -1.463608384132385 1.741517 0.670053 1.632158 -2.922864
2 35.7246208190918 0.5256214141845703 0.1006543785333633 0.317917 2.408901 1.901798 0.08772615
6 -32.35620880126953 -3.03555178642273 -1.228935956954956 0.718028 0.481217 0.516254 0.1142059
6 45.16124725341797 5.580865383148193 -0.9441874623298645 0.312678 0.510201 0.756435 0.241665
1 -35.61176300048828 -6.24552583694458 -1.449117422103882 1.746325 1.769073 1.059967 0.1142059
2 11.57721710205078 -1.094658851623535 -0.4499571025371552 11.8189 3.058692 2.589578 0.1409087
6 27.83247375488281 0.3419211506843567 -0.5943149924278259 0.278966 0.751225 0.217893 0.1464383
2 20.72354507446289 14.2915678024292 -0.3600931763648987 6.102513 2.541764 3.011011 -2.940658
2 17.19566535949707 6.441141605377197 -0.3686109483242035 11.54669 2.716439 2.818971 0.1549996
2 34.87497329711914 6.393422603607178 0.6183260083198547 0.274618 2.319286 1.336838 0.162854
1 21.20356559753418 3.00216555595398 -1.027855157852173 2.492404 0.793211 1.444451 0.1549996
1 11.44124221801758 2.622459411621094 -0.8143467903137207 2.726687 2.02494 1.990656 0.1142059
1 -12.05480766296387 -0.6396408081054688 -1.134205102920532 4.132461 2.083257 1.415766 0.1142059
6 58.95518493652344 8.003350257873535 -0.7080782651901245 0.473556 0.761639 0.393124 0.1295533
2 39.81297302246094 10.01273822784424 0.6711738705635071 0.315497 1.916811 1.552487 0.162854
2 34.26350784301758 10.55889797210693 0.4988613426685333 0.168932 1.563617 1.113519 0.162854
6 -47.85671615600586 -4.11799955368042 -0.913593053817749 0.637366 1.59431 0.540673 0.1142059