1 -25.38044166564941 10.06815052032471 -1.317940592765808 3.211537 1.826329 1.162609 3.112868
1 -18.46323013305664 10.04959869384766 -1.380117416381836 3.820735 1.794009 1.549165 3.102757
1 -19.80024528503418 13.34857845306397 -1.320224642753601 2.911345 1.991202 1.717772 3.102757
1 -36.56144332885742 7.67469596862793 -0.7134472727775574 0.665266 1.398641 0.574938 -3.138018
1 27.04499816894531 0.2176114618778229 -0.8604996204376221 0.609619 1.524945 0.719521 0.0
1 -22.80814743041992 1.701529502868652 -1.012825608253479 4.420602 1.892824 1.691945 0.0
4 -51.93876266479492 -4.954764366149902 -1.228331565856934 0.863597 0.550218 1.038209 0.0
6 53.95888137817383 8.743317604064941 -0.6810470223426819 1.059324 2.055486 0.412484 -3.135764
3 0.8894177675247192 20.77573394775391 -1.306661009788513 0.624357 0.537314 1.577561 -1.57725
3 3.230754137039185 -8.439921379089355 -0.6113892793655396 1.223305 0.76245 1.675286 -2.449241
2 -57.85636520385742 13.06420421600342 0.08812654763460159 1.223976 2.019068 1.402949 -3.132764
2 -38.2579460144043 10.26321220397949 -0.4098963141441345 6.288218 2.385546 2.069792 -3.138018
3 -7.560892581939697 19.95186805725098 -0.8519322276115417 0.532539 0.392638 0.601994 -3.017044
4 -14.46630573272705 16.4415397644043 -1.501883625984192 0.700852 0.460773 1.347739 -3.069508
4 5.362281322479248 -5.618660926818848 -1.008427262306213 4.023287 1.381423 1.419012 -0.04682792
6 -39.78756713867188 13.21303939819336 -1.465342164039612 0.303928 1.224474 0.245781 -3.138018
1 -34.45363235473633 0.3845572173595429 -0.8560962080955505 2.63598 1.719443 0.919138 0.0
1 17.32061195373535 3.446767091751099 -1.118903398513794 3.8741 1.042071 1.428538 0.0
2 5.672412872314453 3.661510467529297 -0.5618264079093933 11.140042 2.598641 2.453785 0.0
1 -13.50091457366943 12.36078262329102 -1.251953125 4.276216 1.80841 1.757248 3.119189
3 -10.84131622314453 -9.259528160095215 -0.663184404373169 0.594525 0.701499 1.634812 1.29907
1 -11.99475574493408 0.3825455009937286 -1.118840217590332 4.135187 2.05218 1.413135 0.0
1 -28.39377593994141 13.87281513214111 -1.337585687637329 2.665193 1.611756 0.921534 -3.117733
2 34.49472427368164 -3.161746025085449 -0.1903446465730667 11.856891 2.642123 3.051396 0.0
3 -36.94086837768555 -10.38317012786865 -1.049811840057373 0.518055 1.335647 0.56424 0.001286153
1 -58.27207946777344 -2.160060882568359 -1.102434992790222 2.073883 1.543032 1.134122 0.0
6 43.21389007568359 -0.3751300573348999 -0.8031061887741089 0.545438 0.617355 0.930407 0.0
1 -5.219457626342773 13.47568035125732 -1.381974697113037 4.75402 1.788399 1.415217 -3.127401
2 -51.8256721496582 -8.994985580444336 -0.4198145270347595 4.850117 1.924055 1.762443 -0.04700524
6 -35.10320281982422 13.77202701568604 -0.8738297820091248 1.219738 1.187514 0.287795 -3.138018
1 10.72560405731201 0.5386704206466675 -0.8648080825805664 3.397159 2.127068 1.927402 0.0