5 20.49018096923828 0.3738642036914825 -1.720384240150452 0.158033 0.164785 0.409182 2.144919
2 22.91464614868164 -35.50339508056641 -0.8396989107131958 6.37362 1.761583 2.561415 0.4654251
5 1.005401730537415 14.02029037475586 -1.40337872505188 0.288764 0.248262 0.550704 -0.9158522
1 23.18712425231934 -31.86093521118164 -1.074512600898743 4.842684 1.861109 2.140558 0.5498931
1 14.61854076385498 31.51697158813477 -1.118922710418701 4.477081 1.64738 1.467445 -3.009664
6 35.17270660400391 45.50123596191406 -1.949136018753052 0.340243 1.132795 0.017416 -2.530963
3 26.7098331451416 17.46786880493164 -1.104078531265259 0.586331 0.835076 1.553709 0.3225022
6 1.917097449302673 14.33909034729004 -0.4907130599021912 1.787968 1.627507 2.41779 -0.8460903
5 14.18631553649902 -4.630024909973145 -1.679784297943115 0.124538 0.209741 0.381482 2.144919
6 -18.14894104003906 42.16676712036133 -0.4126720726490021 3.742738 2.228239 0.585912 -1.005698
5 2.398446321487427 36.51074600219727 -1.589061975479126 0.384907 0.203974 0.444307 -0.4438388
5 12.10965061187744 33.5669059753418 -1.542034983634949 0.370954 0.260528 0.437372 0.01149948
5 9.742283821105957 -5.91682767868042 -1.639403700828552 0.217203 0.252889 0.479627 2.144919
1 -15.32976341247559 36.145751953125 -0.9192800521850586 2.187769 1.526677 1.211448 -1.058442
1 7.091324806213379 30.5893497467041 -1.240335464477539 4.326805 0.881191 1.018446 3.098823
1 20.46269798278809 -9.931794166564941 -1.246670961380005 4.951244 1.928862 1.546389 2.167092
4 -21.24587059020996 0.4787894487380981 -0.9668369889259338 2.120081 0.588736 1.631611 -2.502229
1 16.22794151306152 -3.747961044311523 -1.10187840461731 4.448181 1.870601 1.644608 2.139401
1 -24.75875663757324 5.309118747711182 -1.083016872406006 4.391829 1.869205 1.309489 -2.49244
5 3.781348705291748 34.49253463745117 -1.498997092247009 0.402687 0.189491 0.429159 2.718524
5 1.181971192359924 13.50455093383789 -1.540019154548645 0.198821 0.160595 0.42734 2.256535
2 -31.7199649810791 46.5169677734375 -0.1580211073160172 11.386968 3.078379 3.196951 -0.9952362
5 1.470590114593506 13.22308254241943 -1.407115459442139 0.210487 0.226526 0.669643 -0.8850577
5 -16.60429763793945 0.4384278655052185 -1.452478528022766 0.237452 0.202818 0.479242 -2.593894
1 24.0097827911377 -15.82702445983887 -1.250225424766541 3.931882 1.94809 1.206408 2.143905
3 -25.36540031433106 26.31339454650879 -0.5353521108627319 0.41983 0.516343 1.016791 1.519113
6 -11.79764175415039 -5.462099075317383 -1.5431147813797 0.239726 0.239884 0.191071 0.5749137
1 -11.59339046478272 31.96477890014648 -0.947272539138794 4.089882 1.812028 1.439757 -0.926214
5 2.903626918792725 13.82353210449219 -1.406465291976929 0.267476 0.360642 0.67821 2.256535
5 -18.11714553833008 8.468659400939941 -1.579262614250183 0.131999 0.070918 0.480215 -2.593894