1 25.46669387817383 -2.979467391967773 -1.143491506576538 0.317736 1.077922 0.538747 0.04898864
2 16.46041488647461 4.426719665527344 -0.451765239238739 11.278943 2.831484 2.837286 0.07990282
1 -22.08090400695801 -0.06763413548469543 -0.6304294466972351 3.946519 2.073395 0.931047 -0.006260021
6 -38.97648620605469 -0.8270970582962036 -0.3145694136619568 0.244663 0.818278 0.04634 -0.02351946
4 34.09378051757813 -3.026397943496704 -0.933829128742218 2.08343 0.309498 1.468965 0.04993643
1 33.937744140625 5.465075016021729 -1.193697571754456 1.032856 0.635529 1.007623 0.1014612
1 -27.36775588989258 34.5810432434082 -0.6629368662834167 1.246502 2.556448 1.239114 1.635909
2 8.360281944274902 -2.692969560623169 -0.5546222925186157 13.001157 2.8286 2.527647 0.05842439
1 -47.82889938354492 -4.771481513977051 -1.132198691368103 1.848762 1.651602 0.980215 0.03283859
2 42.88430023193359 3.818652868270874 0.2912783622741699 0.247989 2.434892 1.368251 0.1042935
1 36.34154510498047 -0.3070331811904907 -0.9073889851570129 4.191487 1.927813 1.846106 0.1036368
1 -39.08635330200195 2.532659292221069 -1.317518711090088 4.00265 1.922376 0.786166 -0.01735083
6 13.91157817840576 -4.288563251495361 -1.074986696243286 0.224314 1.013476 0.405834 0.04898864
6 43.40435791015625 1.260698437690735 -1.461000919342041 0.239537 0.681251 1.055296 0.08171465
1 -10.3338680267334 -0.2820853888988495 -1.091313242912293 4.355081 1.927945 1.422445 -0.001989912
4 24.02541160583496 18.57824516296387 -1.679906129837036 1.362172 0.495119 1.572892 -3.022782
2 48.4016227722168 7.170858383178711 0.1247978955507278 4.677061 2.161684 2.469916 0.1169967
1 15.09111595153809 1.315525054931641 -0.8770890831947327 3.489619 2.047015 1.872101 0.0400576