1 -34.04433441162109 0.2554440498352051 -0.8100380301475525 2.478605 1.835858 0.859315 0.008035756
1 14.73034477233887 3.915156841278076 -1.127056121826172 4.370534 1.77147 1.460476 -0.008356255
2 -42.60366821289063 13.64849185943604 -0.04520506411790848 11.080821 3.027558 2.582809 -3.139801
1 -47.79813003540039 7.537992000579834 -0.9923402667045593 1.277405 1.156005 0.660483 -3.063272
3 24.9288444519043 -7.958352088928223 -0.3186455070972443 0.337918 0.67443 1.034441 3.108693
2 -32.3707275390625 -8.620823860168457 -0.4302742183208466 6.288311 2.15413 1.967169 -0.01691088
2 3.601882219314575 3.169808864593506 -0.6297679543495178 6.521076 1.442119 2.288605 0.002049468
3 9.19035530090332 -9.194966316223145 -0.55934077501297 0.688545 0.665957 1.725337 1.655665
1 -18.31582641601563 10.65364265441895 -0.5158231854438782 6.711735 2.547277 2.835728 -3.139746
6 -32.05490112304688 7.58492374420166 -0.6711763739585876 0.140892 0.472987 0.110102 3.138934
2 -59.83894348144531 10.59940624237061 -0.0641954094171524 8.840897 2.665558 2.640826 -3.120301
1 -51.04873657226563 -2.521437406539917 -1.085964560508728 2.119187 1.644903 1.307418 0.008035756
3 -17.03641891479492 -9.700048446655273 -0.9430332183837891 0.561633 0.7545 0.967053 1.572623
1 -23.21439743041992 2.679780006408691 -1.034322857856751 4.053652 2.068039 1.725829 0.008035756
6 -18.34713554382324 13.59479999542236 -1.622805833816528 2.381732 0.704245 0.279002 -3.123275
1 -25.64797019958496 7.735673904418945 -0.6754875183105469 2.763138 1.416791 0.504178 3.138934
2 -2.534363031387329 2.799473285675049 -0.6675527095794678 1.792015 1.063595 2.364175 0.02458067
1 -26.10050010681152 10.5122013092041 -1.198396563529968 3.256591 1.661413 1.168416 3.138934
1 47.17314529418945 0.626307487487793 -0.4176371991634369 0.497017 1.541208 0.659214 3.804154e-05
4 -39.93758010864258 -4.587807655334473 -1.128805637359619 0.871812 0.611732 1.292999 0.008035756
1 44.49335098266602 7.658728122711182 -0.250712662935257 3.879564 1.649991 0.831379 -3.118141
4 25.13415908813477 -5.655650138854981 -1.059044599533081 3.115206 1.328982 1.18582 -0.05371987
1 24.32223510742188 -0.274325966835022 -1.083050131797791 2.404861 0.715021 1.354213 0.008859099
1 9.982522964477539 0.6880262494087219 -0.8463680744171143 3.629401 2.154495 1.931391 0.01753622
1 -13.91025829315186 7.750536441802979 -1.061897397041321 3.531769 1.803496 1.65615 3.130059
1 -11.32047939300537 0.556997537612915 -1.097775936126709 4.178786 2.063961 1.452977 -0.02735683
1 -37.83773803710938 7.552468299865723 -0.7703078985214233 2.494866 1.223729 0.629973 3.138934
2 39.75075149536133 -3.140233755111694 -0.2644949555397034 12.096587 2.607997 3.152563 -0.002170267