4 19.10157585144043 -4.47068452835083 -1.192535519599915 1.174007 0.533578 0.920784 -0.93812
3 -28.15041160583496 10.31072235107422 -1.166940569877625 0.714301 0.629803 1.705763 3.03666
4 -0.2637230455875397 -5.488739490509033 -1.343255519866943 1.867907 0.587153 0.990928 -2.042737
4 -4.492305755615234 -5.366822719573975 -1.473833560943604 1.417538 0.54079 0.792995 -2.088858
6 2.449531555175781 -5.396868705749512 -1.106412053108215 3.884749 1.334204 1.40763 -0.008948819
4 8.471968650817871 -5.252268791198731 -1.398809432983398 1.500618 0.469877 0.81921 -1.378126
1 -33.51485443115234 -3.350446462631226 -1.174215793609619 1.883627 0.993443 0.999616 1.520272
4 30.56544303894043 -4.607717990875244 -1.072689890861511 1.496817 0.385972 1.021252 -1.824391
3 -16.68989372253418 34.54021453857422 -0.5256034135818481 0.495891 0.467295 1.42729 1.563509
3 -51.11481857299805 8.880948066711426 -1.285701751708984 0.570035 0.473106 1.581795 3.085949
4 21.75024223327637 -5.090341567993164 -1.113768935203552 1.642346 0.595213 0.799255 -1.202734
3 -17.55572509765625 11.8102560043335 -1.051096439361572 0.646461 0.625376 1.818825 -1.722717
4 27.06711769104004 -4.754115104675293 -1.187827706336975 1.471298 0.389498 0.828824 -1.824391
4 20.7015323638916 -4.843358039855957 -1.07344377040863 0.99848 0.662124 0.513464 -1.57084
3 -50.211181640625 9.302148818969727 -1.257739067077637 0.41053 0.724733 1.552906 3.111725
4 24.97823143005371 -4.637973785400391 -1.151654124259949 1.478223 0.271133 0.921427 -1.824391
3 8.032529830932617 13.34092712402344 -0.8536884188652039 0.720979 0.468676 1.657784 0.01697183
1 14.32155513763428 -4.952417373657227 -0.9551957249641418 4.318472 1.93555 1.704837 0.05023742
4 10.50413131713867 -5.121090412139893 -1.150004863739014 2.057918 0.671949 1.375274 -1.91574
4 22.54118537902832 -4.997034072875977 -1.300574541091919 1.385261 0.330304 0.607331 -1.50806
5 -26.84410095214844 -2.504702091217041 -1.542538166046143 0.359848 0.217714 0.283342 3.141592
3 -15.48744583129883 38.45182800292969 -0.5955850481987 0.47259 0.639091 1.561588 -1.519031
4 -1.808533430099487 -5.540969371795654 -1.273577094078064 1.614571 0.680086 1.111147 -2.301867
3 -23.66013717651367 22.17812156677246 -0.9272443056106567 0.716765 0.492927 1.479809 -1.512019
4 -0.9906882643699646 -5.588255405426025 -1.318710684776306 1.579875 0.652993 1.125316 -2.37256
3 -28.09496879577637 11.29683208465576 -1.140789270401001 0.419709 0.572488 1.633586 2.928335
4 -24.74088668823242 -3.03687334060669 -1.415307521820068 0.657762 0.216416 0.653104 0.01521911
4 -31.95221138000488 10.22199535369873 -1.603857040405273 1.601979 0.600639 0.854059 1.781403
4 -38.09926223754883 8.738381385803223 -1.650294184684753 1.63304 0.776942 0.896119 0.6162034
4 -43.71628952026367 8.968222618103027 -1.627205848693848 1.20911 0.663112 0.833267 1.363734
4 -14.72320079803467 -5.40156888961792 -1.567433595657349 1.189734 0.411822 0.609891 -1.783752
4 -42.46978378295898 8.535713195800781 -1.463387727737427 1.377883 0.340521 0.655879 0.09530168
1 -48.69639205932617 -4.234866142272949 -1.058581709861755 1.072775 0.583994 0.687704 0.0003855188
4 -35.72639846801758 9.485158920288086 -1.532331705093384 1.066669 0.396445 0.794931 1.056104
4 -36.79416275024414 9.024855613708496 -1.428498268127441 1.827659 0.633056 0.950792 0.9425735
6 -8.663042068481445 -5.440669536590576 -1.140320897102356 4.526752 1.323033 1.420162 -3.112233
4 18.02043342590332 -4.375588893890381 -1.325542211532593 0.436304 0.9097 0.836172 -1.576552
5 -24.69857215881348 14.6803035736084 -1.613958477973938 0.162004 0.166077 0.615444 -3.141592
3 -10.1463041305542 -15.94129180908203 -1.076566696166992 0.577891 1.054817 1.03536 1.582376
4 -31.69038963317871 11.59712219238281 -1.568143367767334 1.997395 0.770802 0.783018 -2.737262
3 -28.56221008300781 11.41819190979004 -1.121109366416931 0.577192 0.445943 1.591651 2.931626
3 -9.23334789276123 -15.92923927307129 -1.10542631149292 0.614503 0.681849 0.920798 1.582376
1 -6.470788955688477 8.74714183807373 -1.012047648429871 4.299929 1.956249 1.688505 3.136211
3 -17.65241432189941 40.64291000366211 -0.2218629270792007 0.220316 0.326673 0.801334 1.471713
3 -15.7639799118042 34.80176544189453 -1.008307337760925 0.451391 0.483733 0.446828 0.00817664
6 -5.114573001861572 -5.312678813934326 -1.574666261672974 0.854264 0.549507 0.378597 -2.069428
4 -12.59073638916016 -5.231064319610596 -1.3319331407547 1.814155 0.508146 1.176247 -1.708015
4 -2.614244937896729 -5.491367816925049 -1.343806743621826 1.561043 0.502236 1.097603 -2.086892
4 28.80295372009277 -4.457365989685059 -1.181263446807861 1.55349 0.402174 1.040962 -1.824391
4 -13.5473575592041 -5.368540763854981 -1.267852306365967 1.41825 0.23671 0.925436 -1.652785
4 -3.664515256881714 -5.399765968322754 -1.360317230224609 1.650122 0.684874 1.014263 -2.134015
4 -12.0452184677124 -5.139058113098145 -1.441422820091248 1.441715 0.509432 0.936927 -1.418803
4 23.67053031921387 -4.68889856338501 -1.147610664367676 1.048418 0.435233 0.742491 -1.445814
1 24.16866302490234 3.820570945739746 -1.116767883300781 3.934926 1.873731 1.445882 3.108853
3 -11.24757289886475 -16.04466819763184 -1.138955235481262 0.418452 0.790912 0.848904 1.582376
4 -33.81015396118164 10.15921497344971 -1.628129482269287 1.514347 0.269509 0.72535 1.467845
3 -18.92207717895508 12.75373077392578 -1.166326642036438 0.412757 0.511818 1.620465 0.0
5 -40.25377655029297 -2.292760133743286 -1.698001861572266 0.143236 0.22695 0.416222 3.141592
1 -58.99861907958984 -3.81462574005127 -1.249350428581238 3.933621 0.354595 1.281921 -0.2259971
3 23.58269500732422 5.733112335205078 -1.060914874076843 0.59141 0.612545 1.346419 0.03833058
6 -36.57032775878906 -3.773906469345093 -0.7659329175949097 1.707849 0.615532 0.578667 -2.808859
5 -29.26107406616211 14.59818553924561 -1.71675181388855 0.375162 0.245343 0.704243 3.141592
3 -18.42967987060547 11.39444923400879 -1.051715731620789 0.533277 0.64105 1.808512 -0.09504253
1 -27.92437171936035 -3.031105756759644 -1.479724287986755 1.295105 1.106728 1.044693 -0.03561799
1 33.59165954589844 -4.665072441101074 -1.118418455123901 4.03386 1.403586 1.521809 0.05512323
1 -19.41521263122559 -4.373867511749268 -1.038693189620972 4.590329 1.858017 1.823217 -0.5740187
6 -16.03723335266113 -5.360747337341309 -1.666125774383545 1.230401 1.088428 0.527565 -1.519022
4 -14.10617828369141 -5.400647163391113 -1.320157527923584 1.444762 0.468463 0.947971 -1.47402
4 -32.93655014038086 9.562824249267578 -1.519643545150757 1.925454 0.770988 0.963447 1.030531