2 7.842363357543945 -0.763843834400177 -0.454430878162384 0.729057 2.648966 1.993561 -0.006640323
1 35.54904556274414 6.677335262298584 -0.208887130022049 3.311075 1.848501 1.35235 -0.05266258
2 -4.790223598480225 5.957090854644775 -0.5650456547737122 11.090102 2.706592 2.355431 0.005386127
1 20.48569107055664 2.572958707809448 -1.015334129333496 3.937847 1.393914 1.505949 -0.006640323
1 -1.80414879322052 2.841007471084595 -0.8063915967941284 4.761648 2.268847 1.885252 -0.006640323
1 -43.15138244628906 1.054018259048462 -1.29642915725708 2.216883 1.880258 1.422936 -0.006640323
6 -47.07748031616211 3.570004224777222 -1.358667850494385 0.65148 0.236993 0.633788 -0.006640323
1 28.24764251708984 3.046383380889893 -0.8879278898239136 3.798484 1.522178 1.620794 -0.006640323
1 56.17975616455078 -20.48923110961914 -0.19471375644207 3.60054 1.053161 0.793996 -1.48877
1 -12.50954914093018 -0.8035534024238586 -1.053433656692505 3.761514 1.7983 1.477337 -0.009069107
6 -37.06969451904297 3.433672666549683 -1.313944101333618 0.726907 0.663107 0.730672 0.0009789381
1 4.530265331268311 5.824153900146484 -1.001762509346008 3.320352 1.829673 1.447426 -0.006640323
1 14.33261489868164 2.509958505630493 -1.013142704963684 4.310349 1.176666 1.493951 -0.009911844
1 -15.60635662078857 3.224561929702759 -0.9105590581893921 4.512986 2.219242 1.872067 -0.009069107
6 40.37493896484375 3.097011089324951 -0.7510921359062195 0.706953 0.467949 1.05363 -1.697102e-16
1 -25.52642059326172 7.15647554397583 -0.8385816216468811 2.259525 0.819254 1.154986 -0.04877833
6 -30.93179893493652 6.199071884155273 -0.3764439523220062 1.270931 0.166894 0.120705 0.02512463
2 6.48566198348999 2.962408781051636 -0.6046517491340637 6.321024 2.522438 2.309168 -0.006640323
1 -22.93371772766113 2.58778190612793 -1.163501977920532 4.194622 1.131861 1.360147 -0.006640323
6 -30.22990226745606 3.835792779922485 -0.4839446842670441 1.032013 1.007942 0.335707 -0.006640323
1 -8.263274192810059 2.641345739364624 -1.068314075469971 3.886649 1.981162 1.443475 -0.01141244