1 -40.85377883911133 -13.05882453918457 -1.406789779663086 3.010318 1.055744 1.029143 1.53011
6 -41.05146026611328 -22.57181930541992 -1.424924612045288 2.858862 1.109627 0.41359 1.478263
2 50.07941055297852 -6.42391300201416 -0.036822609603405 2.046061 2.555614 2.840586 -0.08553445
1 9.803692817687988 13.93034267425537 -0.8207566738128662 1.886588 1.411966 0.64068 2.979584
1 -31.49166679382324 -5.167440414428711 -1.338329195976257 4.055414 1.421995 1.15633 0.6846396
1 40.11472702026367 -1.545295596122742 -0.8056883811950684 0.857873 1.813556 1.628372 -0.08553445
4 35.76897811889648 -2.510474443435669 -0.9485992193222046 1.073084 0.737182 1.480177 -0.08553445
1 7.054925918579102 8.631585121154785 -1.089493036270142 4.189641 1.793398 1.46867 3.06712
1 13.87536334991455 10.97313213348389 -1.092865705490112 3.91642 1.869854 1.497507 3.06712
6 34.33750152587891 9.178979873657227 -0.5886964201927185 1.635794 1.525936 0.418131 3.06712
2 6.629115104675293 -7.678463935852051 -0.4795489013195038 6.563978 2.252992 2.161349 -0.08553445
2 -6.372141361236572 5.169274806976318 -0.6178024411201477 10.03692 2.702243 2.413167 -0.02077348
4 -50.30027770996094 1.246534824371338 -1.332572937011719 2.13595 1.30383 1.270441 0.02969188
1 21.17975616455078 13.27126789093018 -1.175560235977173 4.479175 1.884315 1.598625 3.06712
2 -45.41363525390625 -1.710535407066345 -0.1869272589683533 10.946877 3.308003 2.855699 0.02969188
1 -10.05822658538818 1.566404819488525 -1.108774423599243 4.492383 2.134485 1.422299 -0.08553445
1 1.428195238113403 9.072216987609863 -1.012565135955811 4.679663 1.835733 1.638649 3.06712
1 -32.86598968505859 1.813418984413147 -1.430400252342224 3.980933 1.877259 0.976436 0.02969188
1 22.4314022064209 -0.4440332055091858 -1.056872010231018 1.775613 1.203726 1.37254 -0.08553445
1 10.27885818481445 0.774168074131012 -0.813312292098999 4.683095 2.015189 1.950298 -0.08553445
1 -37.56254577636719 -15.67749881744385 -0.951320469379425 5.012844 1.708591 1.8534 1.178089
6 21.8204288482666 -10.42251396179199 -0.7897316217422485 0.356399 1.136319 0.283229 -0.08763889
1 5.915991306304932 11.74672603607178 -1.115556001663208 2.833572 1.737102 1.419936 3.06712
1 19.43023109436035 7.575199127197266 -0.6172153353691101 3.645197 1.83984 0.941848 3.06712
4 -16.85793113708496 -2.061828136444092 -1.120805025100708 1.145434 0.74405 1.419876 -0.02704746
1 10.18044376373291 4.574173927307129 -0.9706646800041199 4.053295 1.756221 1.473978 -0.08553445
2 -2.243683099746704 15.50551891326904 -0.2736560106277466 12.217375 2.825326 2.123045 3.06712
2 22.2754077911377 10.52270603179932 -0.1435262262821198 6.458424 2.778553 2.508873 3.06712
1 -1.412252306938171 12.21729183197022 -1.231535196304321 2.474419 1.748041 1.336996 3.06712
1 -26.87009429931641 5.1465744972229 -1.079766392707825 3.97322 1.947678 1.644767 0.02969188
2 -51.93600845336914 -13.74563598632813 -0.8532386422157288 2.281263 1.002956 2.008945 2.116188