6 -9.886542320251465 -3.261990785598755 -1.269755244255066 1.475502 0.598294 1.031979 -3.131343
4 39.2336311340332 10.49827861785889 -1.465878009796143 1.865912 0.33887 0.755652 1.093613
6 31.38825607299805 9.598674774169922 -1.054974913597107 0.111487 0.25456 0.80481 -1.942307
5 -13.98641490936279 -3.003708600997925 -1.594834804534912 0.228818 0.129761 0.446206 -1.491347
1 43.66372299194336 -3.442326307296753 -1.110351324081421 4.338615 1.647516 1.481104 -3.035673
4 44.2269172668457 9.580915451049805 -1.410540103912354 2.125371 0.449217 0.738327 0.6552536
3 -6.636802673339844 -14.904465675354 -0.6462052464485168 0.26725 0.524786 1.300732 -1.331847
5 -4.890146255493164 -2.667551040649414 -1.458956599235535 0.346347 0.301301 0.662708 -3.036205
1 9.597708702087402 -7.577366828918457 -0.8501711487770081 2.715237 2.009264 0.990592 0.04773931
1 2.078688144683838 -10.38009071350098 -1.440906524658203 1.171557 0.891369 0.849729 1.698334
5 35.15248107910156 -1.780109167098999 -1.545844793319702 0.124517 0.237808 0.453474 -0.04114707
1 4.076183319091797 -8.198840141296387 -1.13112485408783 4.492737 1.697883 1.48387 0.09851389
3 -52.2345085144043 19.13699531555176 -0.9494708180427551 0.422643 0.295414 1.05136 -3.025564
5 41.46997833251953 -1.550663232803345 -1.487632632255554 0.473104 0.230873 0.233678 -2.582206
1 -31.52182006835938 2.701030731201172 -1.22112512588501 3.956237 0.358542 1.112393 -3.123255
6 -6.179895401000977 -3.004796266555786 -1.457562804222107 0.331303 0.392718 0.670713 -2.871395
5 48.32709121704102 -1.246970176696777 -1.502390742301941 0.230374 0.345197 0.313374 2.383404
6 -1.851087808609009 -3.935824394226074 -1.29441249370575 0.601269 1.411093 1.007276 -0.02643161
5 -3.319031476974487 -2.478552103042603 -1.276445627212524 0.265791 0.193732 0.347239 0.1910202
1 6.035501003265381 -4.026456832885742 -1.019317507743835 4.716885 1.98069 1.487738 0.02891721
1 -4.573296070098877 -7.026820182800293 -1.055564641952515 4.392772 1.87118 1.498353 -1.57655
5 -8.005568504333496 -3.067604303359985 -1.420909523963928 0.330227 0.347699 0.741872 -3.00832
2 -9.668789863586426 -18.31851387023926 -0.5989500880241394 5.327278 2.348784 2.46205 -1.553741
2 -9.069533348083496 -8.007475852966309 -0.5951133370399475 7.723388 2.337327 2.570389 1.458384
4 37.8748779296875 9.647215843200684 -1.340702056884766 1.656713 0.722471 0.988602 0.9450837
1 -39.28022766113281 2.725368022918701 -1.31088650226593 3.95829 0.708997 1.192649 -3.103715
1 47.04393005371094 -3.588377952575684 -1.033022999763489 3.517529 0.516947 1.236558 1.588204
1 31.08657073974609 -3.667818784713745 -1.039420247077942 3.714888 0.513607 1.375273 -3.125439
1 -24.61030006408691 3.197021007537842 -1.082515716552734 3.739013 1.840051 1.471832 -3.129565
1 20.45716857910156 -3.60387396812439 -0.831206738948822 1.166132 1.683924 2.077756 0.0001651384
1 15.93479537963867 -6.307224750518799 -1.103482127189636 2.047373 1.522892 1.391648 0.05382872
1 13.64977836608887 -3.508926391601563 -0.9497266411781311 4.301628 1.933732 1.688963 0.03235266
4 41.12224578857422 9.300539016723633 -1.694294691085815 1.508802 0.304463 0.579269 1.237015
2 -12.1323299407959 -5.282872200012207 -0.7573625445365906 3.388812 1.784104 2.027737 -1.581455
1 -1.418439149856567 -11.31809902191162 -1.180782079696655 4.381137 1.755539 1.512377 -1.461787
3 30.26415252685547 9.444231986999512 -1.090184211730957 0.46981 0.384773 1.462259 -0.721541
2 -12.39443683624268 -18.98030281066895 -0.315822571516037 2.09824 2.346934 2.471565 0.560925