6 -47.43232345581055 7.375041484832764 -0.67806476354599 0.605015 1.271528 0.049608 0.0
1 -4.820515155792236 11.91212558746338 -1.335117220878601 2.043436 0.658955 1.500273 -3.131165
2 -49.04539489746094 13.08582878112793 0.1701547503471375 3.732445 1.679856 1.871093 3.111526
1 -17.86726188659668 14.13580417633057 -1.582910895347595 3.069875 1.903302 1.485179 -3.131165
3 -26.87526702880859 -9.912210464477539 -0.9843193888664246 0.383585 0.672736 0.651762 0.01664372
1 -15.8697624206543 10.21859073638916 -1.350454926490784 4.239775 1.92261 1.413698 -3.139127
1 25.70709609985352 -0.2606343924999237 -0.9615832567214966 2.337404 0.648354 1.11283 0.04389551
2 -42.43389129638672 -8.853933334350586 -0.4787195324897766 6.09093 1.89652 1.776813 -0.02629405
1 26.19599342346191 7.232185363769531 -0.2804093956947327 4.71612 0.940368 1.047427 -3.131165
1 15.86969661712647 3.924599170684815 -1.067732095718384 3.992568 1.781899 1.441169 0.01042769
1 -8.559494018554688 10.18369865417481 -1.330695033073425 4.302999 2.046471 1.481858 -3.131165
1 -26.43886184692383 7.653191566467285 -1.021937727928162 3.345928 1.657552 1.140151 3.138417
2 -28.3543872833252 10.58303928375244 -0.3223652839660645 6.484224 2.659328 2.37117 -3.131165
4 15.29566764831543 -5.542280673980713 -1.028734564781189 3.521221 1.343388 1.402661 -0.03655835
1 -57.52023696899414 12.10081005096436 0.1115015745162964 1.600805 0.52213 0.722271 -2.924045
6 40.2047119140625 0.2540326118469238 -0.3790712356567383 0.15079 0.249585 0.270101 0.05711376
1 -55.13564682006836 -2.613391160964966 -1.051140666007996 2.275638 1.564848 1.061807 -0.0234695
1 10.08081436157227 0.6648833751678467 -0.8105452060699463 3.749729 2.160588 1.895389 0.01042769
1 -11.61734104156494 0.5405182838439941 -1.116159796714783 4.117114 2.157153 1.428453 -0.106082
1 -25.34813499450684 13.7768611907959 -1.123902916908264 2.37828 1.578985 0.962915 -3.131165
1 -35.18951797485352 7.435393333435059 -0.6873688697814941 1.667067 1.451573 0.543564 -3.11085
1 -34.17495727539063 0.3076387345790863 -0.8638810515403748 2.574861 1.87086 0.915603 0.01042769
6 -29.74514770507813 13.62864780426025 -1.504438638687134 0.093636 0.348519 0.185737 -3.056701
2 36.90566253662109 -2.997388124465942 -0.152134507894516 11.970229 2.641529 3.048973 0.01042769
2 4.872501373291016 3.191460847854614 -0.5976740717887878 8.647998 1.510221 2.364163 0.003925113
3 -0.8202027082443237 -9.091513633728027 -0.5842862129211426 0.443163 0.550858 1.645772 1.364235
4 -46.09185028076172 -4.751251220703125 -1.21145761013031 0.929012 0.579529 1.180117 0.1113753
1 -22.90859413146973 2.105162620544434 -0.9899960160255432 4.520602 2.127956 1.625978 -0.02030169
3 14.20052814483643 -8.23040771484375 -0.6792612075805664 0.566368 0.723262 1.667354 -0.8690367
6 49.88150405883789 0.586653470993042 -0.08142633736133575 0.436847 1.156596 0.034889 0.02124542
1 -10.81863880157471 13.43290996551514 -1.102192282676697 4.86012 2.20618 1.355335 -3.131548