3 -28.91380119323731 33.41474533081055 -0.1690482199192047 0.583066 0.24572 0.813785 -2.734546
5 18.82695770263672 15.65849590301514 -1.502143859863281 0.224224 0.282499 0.34359 0.0
1 34.23780059814453 -12.91310119628906 -1.211084604263306 4.19728 1.776689 1.487069 2.457498
2 16.99344444274902 9.106941223144531 -0.4632121920585632 7.091619 2.470466 2.64063 2.170092
1 22.49431037902832 26.36185455322266 -1.168289303779602 0.616855 1.652031 0.899341 0.901481
6 -10.23076438903809 -5.478488922119141 -1.459594964981079 0.176615 0.279085 0.16708 -5.215978e-16
2 -28.76184844970703 -14.66642761230469 -0.4186455309391022 8.116943 2.767942 3.047812 0.5733011
3 0.4214752912521362 15.64501571655273 -0.9420695900917053 0.505665 0.608959 1.555223 -2.339009
5 4.926135063171387 19.5101432800293 -1.43964684009552 0.34298 0.163847 0.388694 0.0
1 12.15076541900635 18.59950256347656 -0.7941675186157227 3.807146 1.979252 1.740297 1.090534
5 20.34404945373535 21.01040267944336 -1.405083060264587 0.149908 0.210714 0.329234 0.0
5 7.475492477416992 22.37960624694824 -1.413933277130127 0.332134 0.190457 0.381272 3.140723
4 -25.69567489624023 -5.482026100158691 -1.141150951385498 1.429027 0.479144 1.58099 -2.455326
3 -19.13612174987793 6.113337516784668 -0.7905486822128296 0.458402 0.386354 1.668608 -3.017474
6 29.70414924621582 38.21134185791016 -0.7936217784881592 0.594776 0.740994 1.279431 1.005106
5 19.41208267211914 18.08557891845703 -1.455395460128784 0.177883 0.297351 0.400005 0.0
3 -18.39887046813965 6.14775562286377 -0.8166811466217041 0.656475 0.64302 1.737476 -2.983848
5 21.86235427856445 5.588432312011719 -1.503311038017273 0.218786 0.184855 0.320707 2.435012
1 26.64189910888672 32.57870864868164 -0.7994714975357056 1.302472 1.387776 1.420908 1.054818
2 14.28802490234375 -8.158955574035645 -0.8723013997077942 4.319344 2.240415 2.032893 -0.7001572
5 16.23795127868652 5.209271430969238 -1.510623455047607 0.239713 0.210441 0.36682 0.07761493
5 4.045786857604981 -4.712803840637207 -1.60610044002533 0.232706 0.241479 0.488829 -0.6478031
5 11.27168464660645 -0.09965711086988449 -1.524322509765625 0.21528 0.291434 0.498798 2.470764
1 17.22549819946289 0.4855935573577881 -1.044182300567627 4.838434 1.774007 1.453208 2.482641