1 -14.62266063690186 -0.09000876545906067 -1.09216582775116 4.094299 2.058153 1.391351 -0.02467942
4 41.90562438964844 -5.36326265335083 -0.9137002229690552 1.481425 0.853538 1.594678 0.0145196
1 31.09794235229492 3.149255514144898 -1.077800035476685 3.733525 1.399408 1.373789 0.05178332
3 -47.30245208740234 -10.23141098022461 -0.8713326454162598 0.758369 0.732446 1.56872 -3.04569
1 -30.84941482543945 0.4133240282535553 -0.8503094911575317 3.703768 1.941728 1.060951 0.05178332
6 17.36899757385254 2.961962938308716 -0.9557787179946899 0.189267 0.370901 0.462455 -0.08530013
2 2.986124038696289 -3.252073526382446 -0.616022527217865 12.847013 2.526582 2.25221 0.01541499
4 38.33572387695313 -3.940119504928589 -0.9569950103759766 0.875006 0.565056 1.199788 0.4698528
1 47.74771118164063 -2.43289041519165 -0.9391890168190002 1.016576 1.604834 1.569149 0.06160917
2 -16.18191337585449 10.58399105072022 -0.4722591936588287 11.058214 2.554938 2.973618 -3.085026
1 18.23320388793945 0.1923331469297409 -0.8746348023414612 1.890262 1.981766 1.90364 0.05178332
2 9.637815475463867 2.863740921020508 -0.4996291399002075 11.338376 2.868356 2.546068 0.03377527
6 -56.93611907958984 3.683862924575806 -1.432777404785156 0.31029 0.715053 0.293949 -0.001929585