1 -7.178181648254395 18.76530456542969 -1.447825789451599 4.391699 1.874593 1.488333 3.11427
1 13.35673904418945 19.4249267578125 -1.258376479148865 3.695393 1.69813 1.614236 0.7745093
1 -38.29706573486328 9.650348663330078 -0.6449160575866699 2.965789 1.61224 0.764923 -3.111698
3 -51.8072395324707 20.07905769348145 -0.9297176003456116 0.208534 0.540092 1.258332 2.660124
6 -56.43672561645508 3.105561256408691 -1.067107796669006 0.594476 0.934468 0.481794 -0.0269708
1 24.58640098571777 3.547777891159058 -1.23995578289032 3.729583 1.361277 1.408549 0.02752645
3 -53.17413330078125 19.57124137878418 -1.222609043121338 0.679437 0.540992 1.436224 2.714539
1 -52.95442962646484 0.9994610548019409 -1.089244246482849 1.385418 0.329481 0.727992 -0.01092795
3 -52.11374664306641 -10.54431247711182 -0.3547937572002411 0.542755 0.481989 1.033661 0.1663447
2 7.961591720581055 3.257875680923462 -0.5695405006408691 11.347727 2.742929 2.603916 0.03126235
4 52.52006912231445 -2.024708271026611 -1.121680617332459 1.040158 0.695626 1.33783 -0.003872405
1 -40.03717803955078 -0.1174658462405205 -1.031434535980225 2.492828 1.795677 1.473843 -0.02472231
4 -0.6094133257865906 15.01624584197998 -1.291071534156799 3.077795 0.715627 1.606232 3.059765
6 40.86005783081055 -3.848125457763672 -1.255439639091492 0.365012 1.818696 0.392834 0.03563055
1 -46.8111457824707 -6.161666393280029 -1.075197458267212 2.880215 1.016815 1.051777 -0.04116898
2 23.40471076965332 -3.226317882537842 -0.4733380973339081 12.979287 2.669346 3.010989 0.02211444
1 -22.01961708068848 2.089105129241943 -0.9111740589141846 4.522654 1.92322 1.739518 -0.003167467
1 17.66876983642578 0.5752240419387817 -0.9349104166030884 3.471236 2.269122 1.918219 -0.02000173
1 -13.92483425140381 -0.1735469102859497 -1.032638192176819 4.17294 2.101177 1.491287 -0.01372971