4 -1.851308465003967 -5.078455924987793 -1.373027682304382 1.596043 0.480052 0.882738 -1.50656
4 -14.61753654479981 -3.440580606460571 -1.338902831077576 1.294443 0.721285 0.908117 -2.496193
1 38.1071891784668 -4.432271003723145 -1.370540618896484 2.213176 1.453488 1.111837 0.07305306
3 -40.16495132446289 9.199419975280762 -0.9119126200675964 0.464893 0.709105 1.347615 3.110106
1 42.99804306030273 -4.363591194152832 -1.359019994735718 4.776638 1.53201 0.983323 -0.05868221
4 10.05659294128418 -5.295116424560547 -1.474808573722839 1.330575 0.366574 0.80724 -2.036631
4 5.783034801483154 -5.025643825531006 -1.43412709236145 0.786416 0.551464 0.829676 -2.039558
4 -33.6909294128418 8.834187507629395 -1.269004821777344 1.330507 0.508679 0.75402 1.241381
3 0.9395634531974792 -15.80415725708008 -1.017040729522705 0.452269 0.764443 0.83917 1.639425
1 -9.27035140991211 -4.305891513824463 -0.8769810795783997 4.788349 1.957757 1.856336 -0.5581408
1 3.504449129104614 8.825421333312988 -1.04024338722229 4.779678 1.888868 1.710692 -3.111057
3 -5.71676778793335 38.47401428222656 -0.8482797145843506 0.408257 0.286689 0.78596 1.663774
6 1.661382675170898 -5.306567668914795 -1.094032764434815 4.876917 1.335195 1.425724 0.05275029
1 -17.90489006042481 -3.787953853607178 -1.05614185333252 2.76269 1.846152 1.351579 1.288819
5 -30.08894538879395 -2.327553987503052 -1.452413558959961 0.254819 0.240588 0.574695 -3.103521
6 -15.05277347564697 -2.453353404998779 -1.471346616744995 0.073465 0.181711 0.103711 0.06746591
1 24.33828926086426 -4.736221790313721 -1.015674591064453 4.006166 1.802277 1.661752 0.01817627
6 11.32768058776856 -5.368736267089844 -1.111750960350037 1.205356 1.101113 1.424023 0.2757891
4 0.2326221168041229 -7.016941070556641 -1.398411393165588 1.300202 0.627298 1.000175 1.379962
5 -11.61372375488281 14.65225505828857 -1.504177689552307 0.289087 0.278947 0.661349 1.597244
3 -7.369499683380127 12.0657262802124 -0.942757248878479 1.001678 0.631131 1.67722 2.738269
3 33.49477005004883 6.520029544830322 -1.117653131484985 0.664845 0.445138 1.44384 -1.563182
4 -22.31913566589356 10.19973850250244 -1.287022233009338 1.137278 0.385557 1.077001 1.627988
5 -19.19974708557129 14.61560153961182 -1.470192670822144 0.223334 0.198985 0.587148 0.01778697
3 -40.96909713745117 8.785545349121094 -0.9310071468353271 0.614947 0.501863 1.365495 3.021971
5 -14.62884044647217 14.69738674163818 -1.509964823722839 0.312741 0.233586 0.578112 1.597244
4 9.186278343200684 -5.546694278717041 -1.399872660636902 1.417063 0.433122 0.934014 -2.408265
1 -26.29508209228516 -4.012860774993897 -0.7176066040992737 1.656202 1.552624 0.612803 1.620578
5 -13.1927547454834 14.76320838928223 -1.511936545372009 0.399941 0.293725 0.520133 1.597244
1 -38.57765197753906 -4.57285213470459 -1.041280388832092 1.204558 1.125427 1.266396 -3.081167
4 8.449976921081543 -5.440642833709717 -1.36177396774292 1.474127 0.501253 0.868321 -2.363511
4 -2.530951023101807 -5.018369674682617 -1.185442686080933 1.642993 0.627621 1.257681 -1.643527
1 34.06699371337891 -4.480742931365967 -1.371078014373779 2.756252 1.269187 1.083674 0.0435283
4 6.475089550018311 -5.227413177490234 -1.39038896560669 1.538849 0.555837 0.907404 -2.118212
4 -4.684463500976563 -5.40268087387085 -1.286036968231201 1.825318 0.518641 1.071187 1.256876
3 -17.11180877685547 12.44728469848633 -0.9467476606369019 0.585895 0.600326 1.685272 -3.114835
6 13.95245933532715 -5.025211334228516 -1.610219597816467 0.679483 0.476698 0.39974 0.2535904
1 -29.86469841003418 -52.55011367797852 -0.4305696785449982 4.593255 0.562222 1.234981 1.56992
1 -49.02778625488281 -4.124653816223145 -0.5909297466278076 3.998093 0.896617 1.643617 -0.2013387
6 -55.7120475769043 -3.421411275863648 -0.9730789065361023 0.602158 0.537731 0.568432 -0.2598982
3 -17.07270431518555 11.4069128036499 -1.02471935749054 0.589725 0.539348 1.532509 3.111533
5 -16.68827629089356 -2.476747512817383 -1.460937976837158 0.311818 0.247125 0.564984 3.10403
4 -26.70157432556152 9.158221244812012 -1.302161693572998 1.776791 0.621542 0.854169 0.9159912
1 34.4396858215332 4.068756103515625 -1.317762017250061 3.713935 2.106062 1.255452 3.099355
6 -5.934406757354736 -5.415250301361084 -1.556418180465698 1.284447 1.329235 0.509901 0.1154823
3 -6.425704479217529 35.28580856323242 -0.372970461845398 0.324113 0.522244 1.150233 1.73215
4 -3.384606838226318 -5.294522762298584 -0.8998960852622986 1.626467 0.504594 1.840001 -1.575592
4 18.80849456787109 -5.003043651580811 -1.457686901092529 1.34289 0.562365 0.810657 -1.472428
4 -22.98550605773926 9.425515174865723 -1.247143268585205 1.570054 0.485479 1.010088 1.12794
4 -21.74577331542969 10.18003845214844 -1.28059983253479 1.552705 0.49726 1.123071 1.684241
3 -8.594679832458496 11.47418212890625 -0.9632663726806641 0.655338 0.609267 1.719074 0.05368508
4 -27.76630401611328 8.710866928100586 -1.446157455444336 1.516284 0.548993 0.686839 0.8022403
3 -0.1067202836275101 -15.82060432434082 -1.000239968299866 0.522805 0.73148 0.950913 1.559406
4 -3.961756467819214 -5.421828269958496 -0.9034377336502075 1.54196 0.407086 1.863554 -1.380432
4 20.72346496582031 -4.968201160430908 -1.325907707214356 1.947772 0.594435 1.03101 -1.97622
6 12.54148864746094 -5.182293891906738 -1.109659790992737 0.987167 0.924149 1.402218 0.2629867
6 28.97543334960938 -3.989603042602539 -1.436359167098999 0.288821 0.425345 0.853524 0.02050515
3 -17.74394798278809 12.52124214172363 -1.062686562538147 0.384889 0.359224 1.534811 -3.127156
3 -1.232322692871094 -15.90237426757813 -0.9940347075462341 0.403383 0.88002 0.928295 1.600246
3 17.06258964538574 13.4885196685791 -0.6997082233428955 0.33412 0.661642 1.301941 -0.02208812
3 -5.698267936706543 34.75090408325195 -0.6459937691688538 0.307946 0.327782 0.519808 1.630954
4 -25.75252532958984 9.290337562561035 -1.422429919242859 1.358814 0.613539 0.794417 0.8452733
3 -8.619698524475098 12.79122066497803 -1.01446008682251 0.446731 0.926578 1.607451 -1.575867
3 -13.53628158569336 23.41394805908203 -0.7573964595794678 0.507592 0.585844 1.695066 -1.626341
4 7.611888408660889 -5.301001071929932 -1.419721961021423 1.246036 0.514185 0.953149 -2.117783
1 -23.54996490478516 -3.91389274597168 -1.040657758712769 3.965229 1.365647 1.403735 1.530163
5 -8.462717056274414 14.70375537872315 -1.438560724258423 0.196346 0.337103 0.608972 1.597244
5 -19.84592819213867 -2.199764490127564 -1.439472675323486 0.161778 0.140793 0.42028 3.0922
4 -32.32440567016602 8.508326530456543 -1.269950032234192 1.25905 0.343983 1.066317 0.1688721