3 31.17939949035645 -10.73347663879395 -1.171492338180542 0.68291 0.664597 1.017404 1.46868
6 -32.23618316650391 -29.57916831970215 -1.525001525878906 1.047606 0.408448 0.348719 1.35524
1 -10.0535135269165 2.158722400665283 -1.062952160835266 4.583209 1.885074 1.45879 -0.007873294
6 13.39489078521729 12.36068153381348 -0.959954023361206 1.190902 0.608914 0.295622 3.033715
1 -28.52669525146484 -14.83173370361328 -0.7682896852493286 5.063269 1.733943 1.951099 1.150405
4 35.74812316894531 -2.943359136581421 -0.9771425724029541 1.047917 0.722052 1.428544 -0.09244156
2 8.324714660644531 15.79586791992188 -0.4842976331710815 11.089648 3.581352 2.864924 3.051276
1 39.71685028076172 -1.671321868896484 -0.9635526537895203 3.083221 1.86095 1.846292 -0.1063179
2 32.08998870849609 9.823585510253906 -0.2337576746940613 6.516568 2.766521 2.384436 3.023826
3 36.64840316772461 18.48886680603027 -0.8634488582611084 0.337765 0.503898 0.636421 -2.578018
1 -31.60415458679199 2.567981719970703 -1.050872802734375 3.853962 1.934796 1.450664 0.0153451
1 11.0589771270752 9.069596290588379 -1.027169108390808 4.353541 1.925957 1.606625 3.052258
2 -40.82441329956055 -0.6671382784843445 -0.2134301662445068 10.878778 3.268741 3.135088 0.009026573
2 15.93851470947266 -7.947494029998779 -0.5509182214736938 6.501609 2.193672 2.217341 -0.1303217
4 -11.4400691986084 -2.112700939178467 -1.066137671470642 1.162832 0.739267 1.491154 0.09234488
1 -0.3058110475540161 12.79748058319092 -0.9785112738609314 3.011353 0.86945 1.07296 3.058329
1 7.496158599853516 12.27831745147705 -1.218719363212585 4.208755 1.872927 1.361393 3.051276
1 -24.6780948638916 -6.215568542480469 -1.092288494110107 4.348636 1.773358 1.375274 0.8700912
3 57.21298217773438 -12.99261474609375 -0.5733168125152588 0.315893 0.358033 0.768233 3.042097
1 24.26810646057129 10.3375825881958 -0.8990718126296997 2.377389 1.537279 0.870519 3.018405
2 -5.082492828369141 14.07676887512207 -0.1768795549869537 1.812065 2.732783 1.892524 3.057789
6 -34.47119903564453 -34.80680084228516 -0.604453444480896 2.466673 1.536372 0.418299 -1.753973
1 0.7706103920936584 9.943703651428223 -1.05701220035553 4.636344 1.84048 1.548094 3.043504
4 -48.58675003051758 2.151938676834106 -1.330458760261536 0.610949 0.855723 0.579507 -0.007409636
1 -3.430399179458618 10.41805267333984 -1.082937240600586 1.280025 1.902388 1.172341 3.043205
1 9.912976264953613 1.296761274337769 -0.8327270746231079 4.831873 2.075311 1.917879 -0.08845615
1 -2.912439346313477 16.24385070800781 -1.056195735931397 3.391297 1.671751 1.609451 3.047657
2 60.494873046875 -7.968142509460449 -0.2663621008396149 11.692772 2.872898 2.977742 -0.1030379
4 -46.40768051147461 -8.129121780395508 -0.6974060535430908 3.004434 1.13582 2.310948 -0.7034065
1 17.40525817871094 8.327120780944824 -0.8674421310424805 2.217175 1.616787 0.965191 3.018405
1 -32.33050918579102 -23.47061538696289 -1.224455237388611 4.809434 1.106901 0.781732 1.433313
1 9.505555152893066 5.070015907287598 -1.072876930236816 4.132904 1.727595 1.466498 -0.08845615
1 -31.94495391845703 -12.28531551361084 -1.031715154647827 3.663099 1.515174 1.343677 1.4792
2 -7.158049583435059 5.81395959854126 -0.547845184803009 10.461686 2.748268 2.453329 -0.007873294
1 22.72349357604981 0.09078435599803925 -1.113074660301209 3.310131 1.962826 1.471128 -0.1340979
1 -26.54977035522461 5.666452884674072 -0.6676794290542603 3.871725 1.874877 1.122687 0.03724703
2 -36.76000595092773 -32.30041122436523 0.06720385700464249 10.471361 2.138716 3.412716 1.414974