4 -14.62160301208496 -5.661977767944336 -1.025242567062378 2.908103 1.042404 1.334831 -1.332916e-16
3 -25.14898490905762 19.87337112426758 -1.100727915763855 0.354213 0.41187 1.439857 3.115561
1 -58.05063247680664 10.09109497070313 -0.08474290370941162 4.840498 2.794575 1.736221 -3.137003
1 -32.17191696166992 12.25266838073731 -0.8398380875587463 0.509794 1.530342 0.925751 3.122816
1 -22.78967666625977 2.076435327529907 -0.9020283222198486 4.588611 1.942474 1.695936 0.03470552
2 8.554902076721191 3.491750001907349 -0.5478717684745789 11.350808 2.965887 2.595922 0.03573789
3 -44.44956207275391 19.08341217041016 -1.277842164039612 0.378465 0.453671 1.226773 3.022562
4 -9.842916488647461 16.08011245727539 -1.394953727722168 1.729963 0.750465 1.451635 -3.130787
2 30.38630294799805 -3.123496294021606 -0.3122991323471069 12.806514 2.769168 3.031011 0.002256858
3 -18.16843223571777 -9.227163314819336 -0.5965279340744019 0.620411 1.026016 1.63397 -3.080705
6 -35.45656204223633 0.296131044626236 -1.116464734077454 0.480693 1.479379 0.074388 0.06789226
1 20.33150482177734 3.204833269119263 -1.149365544319153 3.737361 0.752277 1.474937 0.01677685
6 58.90985870361328 -0.6731373071670532 -1.27087128162384 0.468905 0.494442 0.877171 0.06656465
2 -26.00279045104981 7.337818145751953 -0.6031231880187988 4.394372 2.148938 1.937023 -3.132328
1 -12.8681116104126 0.2073870897293091 -1.028453588485718 4.156988 2.102655 1.4584 0.02080926
6 -58.19963073730469 7.086353302001953 -0.3910047709941864 0.681692 0.720311 0.421131 -3.135512
3 -19.73596382141113 20.57493019104004 -1.226338624954224 0.542502 0.280366 1.434588 3.134009
1 47.96995162963867 -1.844413638114929 -1.026435136795044 0.802448 1.642738 1.270264 0.01603952
1 -25.37030410766602 13.40274906158447 -1.237249970436096 4.072928 1.769519 1.231604 -3.120653
1 13.15920162200928 0.5838020443916321 -0.8632124662399292 3.492712 2.303096 1.897349 0.01343242