5 -15.88220977783203 -19.17647361755371 -1.221090912818909 0.107793 0.152413 0.481397 -2.212273
6 -58.01443481445313 0.8648401498794556 -1.43630862236023 0.741986 0.740779 0.318034 -0.261822
1 -25.31801414489746 -15.33539962768555 -0.7856671810150146 4.627207 1.717286 1.65892 1.637721
1 26.13967323303223 7.837819576263428 -0.9122856855392456 2.459893 1.439031 0.575687 3.032006
1 -16.17711448669434 13.56698417663574 -1.148472547531128 4.345753 1.869673 1.520249 -2.952111
1 21.25651741027832 34.02666473388672 -0.9221584796905518 2.270487 1.537284 0.89366 1.53585
5 -10.00714302062988 -11.63433456420898 -1.294845938682556 0.164084 0.172476 0.506544 -2.541387
6 -19.46718406677246 -31.43152236938477 -1.588359832763672 0.130866 0.535139 0.04964 1.513465
5 -5.27297830581665 -8.871194839477539 -1.427519917488098 0.198436 0.197332 0.525101 -3.115245
6 -60.29195404052734 12.92352485656738 -1.430116653442383 1.158258 0.413457 0.157215 1.404473
1 8.567766189575195 10.77407073974609 -1.161064624786377 4.331464 1.862204 1.480081 2.963795
2 -24.07808113098145 -51.09809494018555 0.4415934085845947 5.642693 2.209821 2.141135 1.592379
5 -3.472967624664307 -8.187724113464355 -1.436235308647156 0.136807 0.172971 0.451877 -3.115465
4 -16.5699348449707 -14.49127006530762 -0.7444797158241272 2.488521 1.052994 1.736348 1.284054
4 -15.99394702911377 26.19302940368652 -1.384817481040955 1.573194 0.4394 1.357054 2.706124
2 38.98457336425781 -6.13267183303833 -0.2085088789463043 11.787538 2.588987 3.013942 -0.1099199
1 -28.64433097839356 -14.38649940490723 -0.736862301826477 4.229816 1.674306 1.613162 1.705467
1 -28.26270484924316 -21.41273307800293 -0.4758765995502472 4.209342 1.771624 2.120485 1.644916
5 -14.98286056518555 -17.42267417907715 -1.167927145957947 0.109485 0.108493 0.303926 -2.352772
2 -35.8581657409668 -11.66596603393555 -0.05132099986076355 12.280128 2.759565 3.245318 -1.697644
5 -1.698698282241821 -7.789153099060059 -1.360496282577515 0.159008 0.237343 0.561808 -3.115574
1 18.75365829467773 33.84542846679688 -0.7694829702377319 0.868904 1.644726 0.569558 1.49366
4 46.37403869628906 15.17704963684082 -0.9057021737098694 2.506426 1.183613 0.96166 3.00978
2 -27.23258209228516 -42.72280502319336 0.6740626096725464 7.239199 2.721601 2.44525 1.582878
1 -5.767171859741211 -2.302849531173706 -1.03152859210968 4.23363 1.924888 1.424909 0.1495938
1 -6.72336483001709 18.11323738098145 -1.321044087409973 4.530378 1.927698 1.529005 3.042798
4 -12.18635368347168 -11.77769374847412 -0.929999828338623 1.645519 0.799097 1.501277 2.333965
6 -27.42547798156738 -29.01311492919922 -0.6570219993591309 2.677737 0.445825 1.268885 1.594425
1 -25.07360649108887 -22.34624290466309 -0.8827912211418152 4.746531 1.899824 1.427577 1.637343
5 -8.396890640258789 -10.4818696975708 -1.377787947654724 0.241883 0.259651 0.535351 -2.704608
1 -24.52902412414551 -28.69140243530273 -0.8434712290763855 3.701861 1.569748 1.139027 1.637343
1 -24.1988639831543 -41.49097442626953 -0.6836440563201904 2.151993 2.087712 1.271442 1.624147
6 -33.98793792724609 47.98371887207031 -1.354792356491089 0.207092 1.279069 0.056473 -1.438053
6 -54.20248794555664 9.151290893554688 -1.359804391860962 1.057951 1.072993 0.302395 -0.7813824
5 0.1368021070957184 -7.515259265899658 -1.358377575874329 0.153857 0.264366 0.527008 -3.115629
4 -18.03892326354981 -27.97042274475098 -0.6984027624130249 1.706923 0.671658 1.499339 1.553424
1 10.5240364074707 -1.186845779418945 -0.8096551299095154 4.050582 1.941751 1.978512 -0.192696
5 2.089672088623047 -7.454056262969971 -1.328217387199402 0.235801 0.315829 0.533858 3.0365
6 -33.57854461669922 34.6638298034668 -1.480074405670166 4.271206 1.692869 0.913431 1.196067
1 -37.86357498168945 25.76974678039551 -1.070248961448669 3.89929 1.728097 1.482882 0.7931376
1 -22.99624061584473 9.348514556884766 -1.109564661979675 4.161005 1.656259 1.475267 -2.517585
1 37.43351364135742 7.598720550537109 -1.349658012390137 0.406446 0.851163 0.733214 3.040902
5 -6.930570602416992 -9.622557640075684 -1.398729205131531 0.131733 0.139037 0.595441 -3.114806
1 18.07090187072754 9.568415641784668 -0.8734060525894165 3.810113 1.998245 0.752098 3.013956
5 -11.43422889709473 -12.87552833557129 -1.281551241874695 0.169842 0.149485 0.525422 -2.532564
1 50.1722297668457 5.553038120269775 -0.8259247541427612 2.10824 1.543281 0.783376 2.987848
1 33.57743453979492 32.12253570556641 -0.9502955079078674 0.805199 1.244164 0.683655 1.476493
1 -29.35511016845703 -1.254618763923645 -0.8885254263877869 4.389499 1.644719 1.55943 -2.067595
1 3.212449550628662 7.021967887878418 -1.070303201675415 4.166398 2.084392 1.447374 -2.135746
1 41.69249725341797 10.03428268432617 -1.194512009620667 3.434637 1.470805 0.557395 2.987848
1 -14.69774627685547 -4.496726512908936 -0.9590481519699097 4.412554 2.001945 1.477345 0.8431866