5 7.83375883102417 -12.46394920349121 -1.436174273490906 0.22577 0.169111 0.482119 2.63098
1 -15.37335681915283 5.519554615020752 -1.25382399559021 1.607159 0.37614 0.5618 0.2924452
1 -8.566591262817383 5.400186061859131 -0.6408180594444275 4.862518 1.959262 2.253607 0.3201665
1 -19.66269493103027 6.905341625213623 -0.7623840570449829 4.270402 1.668312 1.758477 -2.883654
4 49.84414291381836 14.91607856750488 -0.9862797856330872 0.875318 0.477322 0.785847 0.7778587
1 35.38328552246094 7.575885772705078 -1.161153912544251 3.590719 1.6642 1.669505 1.277548
6 40.11683654785156 -31.28397369384766 1.789638996124268 0.240244 0.703361 0.307954 0.0
1 -35.23910522460938 5.479935169219971 -0.977663516998291 2.836469 1.053773 0.673997 -2.883654
6 20.11139678955078 48.16204071044922 -1.620147228240967 1.806951 1.259034 0.939069 -1.438658
3 -4.253005027770996 21.46416473388672 -0.9353972673416138 0.351808 0.513872 1.809709 -0.9337986
1 -27.06249046325684 -4.028461933135986 -1.013792514801025 1.677629 0.728563 0.722387 0.274756
1 30.05409812927246 -22.95845413208008 -0.8415488004684448 4.073365 0.428211 1.716143 1.812854
1 -8.802423477172852 2.058233737945557 -1.038774251937866 4.731498 2.076126 1.446907 0.309822
1 34.86074829101563 -31.09933662414551 -0.7291218638420105 2.737144 1.469133 0.72174 1.789981
1 -24.0269889831543 2.964715003967285 -0.9616238474845886 2.519539 0.73662 0.565393 0.1889098
1 26.47321510314941 -54.39943695068359 -0.7214621901512146 4.225812 1.748425 1.683256 -1.608179
1 -1.968393325805664 7.449542999267578 -0.8720232248306274 4.01896 1.86954 1.744739 0.3201665
1 -15.53845977783203 3.594682216644287 -0.8786242008209229 4.081513 1.647873 1.085087 0.274756
5 11.4424638748169 -18.82081985473633 -1.356998324394226 0.104809 0.13941 0.42167 2.63098
5 0.1354650408029556 -7.057321548461914 -1.404732823371887 0.172012 0.185222 0.434424 -3.098486
4 -43.61346435546875 8.880586624145508 -0.7235780358314514 0.70644 0.38465 0.711657 -2.838925
6 11.25835609436035 59.39961624145508 -1.873878121376038 0.56861 1.27217 0.408653 -1.397606
5 -5.465875625610352 -5.774362087249756 -1.344096899032593 0.235141 0.215112 0.556519 -3.098486
1 -2.210070610046387 4.1954026222229 -0.9224877953529358 4.579058 2.239422 1.680618 0.30301
4 0.7630952000617981 -4.362536430358887 -0.8686975240707397 2.615317 1.224883 1.772385 -0.0512296
2 29.60245323181152 0.18161641061306 -0.3199567794799805 10.407082 3.060951 3.222841 1.880821
6 -42.86222457885742 -8.312088012695312 -1.263269186019898 0.31148 0.494608 0.623616 0.5148011
5 -1.67460572719574 -6.474743843078613 -1.312808156013489 0.17039 0.223052 0.440284 -3.098486
1 17.97616386413574 6.336556911468506 -1.06231951713562 4.728891 1.87975 1.483647 2.579998
2 -30.86117744445801 -1.20683491230011 0.01555329188704491 11.205258 2.816679 2.156212 0.2639484
3 45.18782043457031 7.989448547363281 -0.07119286805391312 0.537275 0.319833 0.688764 1.728693
4 4.427191734313965 -7.925992012023926 -1.02752673625946 1.93441 1.03002 1.555152 1.087814
1 -21.73726463317871 -2.199949979782105 -1.076754570007324 3.446381 1.521658 1.417464 0.274756
6 22.94320297241211 36.93575286865234 -1.663618803024292 0.810897 0.27842 0.576397 1.814192
5 -3.564574241638184 -6.048227310180664 -1.310524463653565 0.197698 0.230665 0.53243 -3.098486
5 12.01708698272705 -20.68613243103027 -1.351326942443848 0.118541 0.17728 0.55673 2.63098
3 -2.756998062133789 22.65150451660156 -0.9625206589698792 0.321983 0.627668 1.227142 -1.420483
1 33.64526748657227 26.50312995910645 -1.061874747276306 4.084709 1.744203 1.737651 -0.5499213
2 13.3805742263794 -6.86013126373291 -0.4398722946643829 12.598153 2.904763 2.730229 -0.7944642
1 -21.68727493286133 1.330180048942566 -0.7460286617279053 4.056143 1.731805 1.377049 0.274756
1 -20.91563987731934 -4.980983734130859 -0.794029951095581 3.263665 1.853568 0.893644 0.274756
1 19.09418296813965 11.20045852661133 -1.171768426895142 5.132706 1.88112 1.315215 2.600318
2 -45.97378158569336 -5.207546710968018 0.5114437341690063 5.729816 1.666458 2.456349 0.274756
4 -12.36298751831055 -5.982038021087647 -0.9980799555778503 1.638581 0.843932 1.599991 0.206618
1 5.391750812530518 34.59772872924805 -1.427579522132874 3.304823 1.183683 1.096286 1.270772
1 -15.06887531280518 0.1336364895105362 -0.9692845940589905 4.152112 1.992744 1.608373 0.274756
5 3.600964069366455 -8.78951644897461 -1.476481676101685 0.21028 0.235277 0.330418 0.0
1 10.54098033905029 11.05152225494385 -1.062217473983765 4.948518 1.645415 1.468934 2.827227
1 20.69393157958984 -22.8460636138916 -1.0477694272995 4.085285 1.442254 1.46654 -1.982749
1 13.88731479644775 41.33227157592773 -1.620346546173096 4.04227 1.173062 1.022007 -1.374499
5 10.79124641418457 -17.10934448242188 -1.403364658355713 0.100278 0.159217 0.500633 2.63098
1 13.26176452636719 18.28922462463379 -1.103323459625244 4.090144 1.8125 1.509686 2.675628
6 -6.252720355987549 8.427001953125 0.07205916941165924 0.699519 0.24203 1.064171 1.767588
5 8.927775382995605 -13.9137773513794 -1.503723859786987 0.12739 0.173105 0.452081 2.63098
1 50.81837844848633 20.5539722442627 -1.42071545124054 0.431227 1.271569 0.662944 0.08772912
1 38.1341552734375 45.21441650390625 -1.299526333808899 2.927742 0.811253 1.543433 2.125246
2 -37.72262191772461 -6.073986530303955 -0.3952909708023071 8.747027 2.553612 2.931783 0.274756
1 -7.984777927398682 -1.590561866760254 -1.116531133651733 3.92586 1.909397 1.311524 0.274756
1 42.11301422119141 23.43624114990234 -0.7615892291069031 2.588977 1.639994 0.500317 -0.08368739