4 -34.17701721191406 15.45562934875488 -1.323765158653259 1.531505 0.512438 1.092149 -3.128234
1 25.94140625 3.461045980453491 -1.116290092468262 3.816501 0.788787 1.264984 -0.05471926
1 -24.12566184997559 1.362721800804138 -1.02313220500946 4.554368 1.778332 1.634533 -0.02538618
1 -24.51880836486816 18.66659927368164 -1.456749558448792 4.331936 1.741217 1.518512 3.109256
4 51.58780670166016 -2.521156549453735 -1.006513476371765 1.17755 0.452668 1.025418 -0.02781612
2 19.3358268737793 -3.170981407165527 -0.3502684831619263 13.078667 2.731712 2.813729 0.0246889
1 -1.251748323440552 9.388679504394531 -1.000526070594788 5.970433 1.958955 1.818019 -3.135388
1 -14.60402870178223 -0.2155763655900955 -1.207374572753906 4.115977 1.999329 1.229162 0.002810657
6 -41.17100143432617 -0.3164456784725189 -1.322737693786621 0.264691 1.324168 0.03844 0.008242287
1 -50.55914688110352 18.47122573852539 -1.794182181358337 1.013621 0.206853 0.617358 1.540344
1 18.60103797912598 0.6635950803756714 -0.8564023375511169 3.453626 2.227284 1.967272 0.04247073
6 43.11806106567383 -3.628960609436035 -1.210371851921082 0.249864 0.579993 0.492702 -0.02781612
2 7.816135406494141 3.162401437759399 -0.5217463970184326 11.405464 2.782792 2.496985 0.02166612
6 17.07523345947266 3.270420074462891 -0.922375500202179 0.175536 0.871488 0.493162 0.02166612