6 17.30842399597168 3.666673421859741 -0.8586127758026123 0.191867 1.784645 0.403458 3.129805
6 -58.86661911010742 0.02405856177210808 -0.5869661569595337 0.131372 0.718091 0.04789 0.02788808
4 51.05439758300781 -2.422676801681519 -0.9445194602012634 1.067284 0.518518 1.042811 -0.02940757
1 18.83660888671875 0.8093635439872742 -0.8314976096153259 3.464202 2.231034 1.934284 0.00872889
1 -25.0441837310791 0.9867941737174988 -1.037742376327515 4.572324 1.66046 1.669462 0.03912861
6 40.78060150146484 8.788957595825195 0.5979621410369873 0.067186 1.01566 0.022472 3.128972
1 -9.56843090057373 19.3059196472168 -1.316777944564819 4.640178 1.642734 1.3411 -2.448198
1 -14.6908597946167 9.369927406311035 -1.012544631958008 3.967404 1.842567 1.652146 -3.11372
4 -45.33435821533203 15.50398349761963 -1.247884750366211 1.535255 0.489548 1.221688 -3.013055
6 43.83678436279297 -0.3790223598480225 -1.071328163146973 0.219074 0.346606 0.253909 0.1839497
2 7.860291004180908 3.12178897857666 -0.5158630013465881 11.406529 2.714757 2.550709 0.02247712
1 26.37582206726074 3.550403118133545 -1.150621891021729 3.967539 1.054992 1.397105 0.00289332
1 -14.81825637817383 -0.2198582589626312 -1.105758547782898 4.152554 2.028604 1.437153 -0.02377024
2 17.92543029785156 -3.162887811660767 -0.3791809380054474 13.278312 2.830711 2.9069 0.01814883