5 5.726783275604248 -2.004537105560303 -1.414616465568543 0.279163 0.286573 0.709621 3.051882
6 26.62196731567383 -5.222511291503906 -0.5995796322822571 1.071242 0.756429 0.23619 -0.1235361
4 -7.432019233703613 9.23002815246582 -1.508856058120728 1.389619 0.32891 0.891485 0.8269162
3 10.41963291168213 14.63669109344482 -1.054704070091248 0.533377 0.576478 1.646439 -2.778372
4 -2.425288200378418 9.194661140441895 -1.388883352279663 2.147335 0.578338 1.138893 0.7111605
3 18.59503173828125 41.29533004760742 -0.5874037146568298 0.601136 0.305034 1.513332 -0.305313
4 -6.023190021514893 9.448348999023438 -1.52458930015564 1.223054 0.580031 0.877161 0.3586975
1 15.98843574523926 -4.010244846343994 -0.8632689118385315 3.987419 1.74916 1.834059 -0.5859436
3 -15.32892513275147 9.023590087890625 -1.13139271736145 0.33939 0.677683 1.690071 -0.6988375
4 2.157708644866943 10.78591918945313 -1.352375984191895 0.824512 0.450677 1.026437 -1.721772
3 26.00120162963867 47.94672775268555 -0.699894905090332 0.433183 0.288922 1.149595 2.82624
6 15.28211307525635 -5.287607192993164 -1.106918096542358 1.093608 0.238146 0.673114 -0.5087335
5 7.41551399230957 -2.038645267486572 -1.433765053749085 0.294256 0.313339 0.656607 1.536384
6 11.58121585845947 -3.41948390007019 -1.230891108512878 1.062246 1.617257 1.085514 0.3337481
1 -4.994513988494873 -50.54787445068359 -0.6532413959503174 2.038978 1.942404 1.666802 -1.594822
1 7.526425361633301 -4.490283966064453 -1.089479207992554 4.638637 1.727533 1.447395 1.577125
5 -7.244775772094727 -2.245247840881348 -1.512984395027161 0.333525 0.355825 0.629869 -3.072216
1 -3.636497497558594 -7.648329257965088 -0.787182092666626 4.346466 1.711069 1.351065 -0.8656545
3 10.39299869537354 15.48563289642334 -1.063193678855896 0.398435 0.498575 1.631926 -1.483957
3 26.03660583496094 38.83979415893555 -0.6064448952674866 0.427035 0.767752 1.545434 0.5103659
4 0.2894750237464905 10.6826639175415 -1.384060740470886 1.11566 0.414021 0.97337 -2.514444
3 -9.33511734008789 -17.47966957092285 -0.3610584437847138 0.277093 0.6688 0.53388 -2.585646
6 -47.95498275756836 -3.778491735458374 -1.164276242256165 0.213186 0.457987 0.268694 -0.0186392
3 12.61582183837891 26.75310325622559 -0.7955303192138672 0.461078 0.506554 1.690694 -1.551054
3 17.08876037597656 11.75665378570557 -0.9886824488639832 0.72493 0.556444 1.696934 0.817443
1 -1.903939008712769 -3.968869924545288 -1.07477617263794 4.448704 1.81019 1.525733 -3.048991
4 1.732351899147034 10.27857685089111 -1.475379228591919 0.69848 0.19822 0.781125 -2.053901
1 49.33168029785156 -4.517118453979492 -0.7177118062973022 2.521899 1.460021 1.769278 -0.09795262
5 -10.55445861816406 -2.224595069885254 -1.498916149139404 0.279401 0.290822 0.705438 -0.1101607
4 -1.966764807701111 8.862716674804688 -1.350099205970764 2.034625 0.619119 1.097227 0.6805052
5 -4.453800678253174 -2.111973285675049 -1.464682340621948 0.410566 0.338313 0.672078 -3.072216
5 -13.630202293396 -2.302387237548828 -1.583543539047241 0.138129 0.242882 0.38944 3.117922
6 10.50591373443604 -4.159394264221191 -1.051457643508911 1.392127 1.063076 0.290212 -1.263148
1 28.91020393371582 9.154485702514648 -0.9519494771957397 4.237421 2.146338 1.628287 -3.120257
4 -3.19902491569519 9.770576477050781 -1.424529790878296 1.236129 0.638343 0.933534 -2.656363
3 20.10896492004395 47.91407012939453 -0.7818537950515747 0.22479 0.287377 1.35017 1.617659
3 59.31439971923828 6.836692333221436 -0.8006381392478943 0.407389 0.767867 1.288049 0.146208
1 -31.64173316955566 -3.688427925109863 -1.102743983268738 4.45138 1.638056 1.594341 -0.003858065
5 -8.8773832321167 -2.293448209762573 -1.563946843147278 0.339295 0.264786 0.585295 1.644581
4 -1.103944778442383 8.954513549804688 -1.370141744613648 1.448523 0.341265 1.131098 0.8640758
5 10.53629970550537 -2.254772186279297 -1.539262533187866 0.203344 0.307504 0.450806 -0.0905643
3 9.851423263549805 15.39857292175293 -1.053150653839111 0.39881 0.586325 1.630975 -1.481381
1 46.47593307495117 -4.608784198760986 -1.278802514076233 1.38707 0.765289 0.5583 -1.453057
4 -1.295340180397034 10.2588996887207 -1.263548731803894 0.836142 0.466057 0.790396 0.7677805
4 -8.121687889099121 9.121116638183594 -1.462160468101502 1.527306 0.422814 1.003906 1.072141
3 18.40732383728027 12.06909465789795 -0.9674740433692932 0.549258 0.394044 1.621626 -0.583463
3 22.45411491394043 37.84743881225586 -0.5342906713485718 0.485843 0.531908 1.41174 0.7975891
1 -23.49888801574707 -4.210431575775147 -0.9028343558311462 4.782301 1.697085 2.018457 -0.1679445
5 -12.34841918945313 -2.357125520706177 -1.552331209182739 0.344326 0.216932 0.609041 0.1632507
1 -57.53073883056641 -4.680840015411377 -0.7466704249382019 0.803811 1.584804 1.85134 3.136771
3 17.72708511352539 41.58749008178711 -0.7850322723388672 0.445332 0.449477 1.451956 -1.940736
4 -6.641830921173096 8.702465057373047 -1.412897944450378 1.498906 0.505695 1.095694 0.06815165
4 3.966707944869995 10.37564849853516 -1.367081522941589 1.62849 0.400227 1.152322 1.515137
6 31.84257698059082 -4.820243835449219 -1.302642107009888 1.983513 0.631241 0.716701 0.08407664
3 17.11279678344727 13.00236034393311 -1.079741477966309 0.756217 0.482679 1.507878 -0.2806281
4 2.731421232223511 9.479330062866211 -1.369829177856445 1.359958 0.4773 1.099807 1.120366
3 20.09342193603516 36.11812591552734 -0.7237430214881897 0.474159 0.31536 1.38113 -3.10126
4 2.944729089736939 10.63222789764404 -1.255355358123779 0.960203 0.489453 0.942737 -1.71857
5 8.898560523986816 -2.287631034851074 -1.461310505867004 0.372558 0.268933 0.629811 -0.0905643
4 1.973711371421814 9.827088356018066 -1.475379228591919 1.090605 0.287455 0.781125 1.551815
3 15.21065807342529 53.12094116210938 -0.7594008445739746 0.431275 0.544414 1.259781 -1.532105
4 -2.038315057754517 10.38120269775391 -1.389231562614441 1.106669 0.439784 0.614062 0.7108272
4 2.495097160339356 10.34537887573242 -1.461398959159851 0.690531 0.240825 0.672398 -1.833486
6 35.12346649169922 -4.956500053405762 -1.281896710395813 1.918131 0.787923 0.798315 -2.63251
2 -54.74514007568359 -7.375080108642578 -0.5782572031021118 8.447841 1.713559 2.55156 1.47195
6 14.44937133789063 -5.567878723144531 -1.147498846054077 1.615213 0.527182 0.754276 -0.5568578
4 -9.289590835571289 9.521767616271973 -1.524433493614197 0.892562 0.2685 0.924395 -0.06615348
4 3.383507966995239 10.32952785491943 -1.32663369178772 0.417071 1.475348 1.085294 -0.1571496
4 -4.336647510528565 8.965853691101074 -1.410154342651367 1.51744 0.622409 1.092757 -2.472119
1 -14.27865028381348 -4.647083759307861 -1.163630366325378 4.173534 1.769404 1.513286 -3.110345
4 -0.1502952575683594 9.408629417419434 -1.398598790168762 1.350282 0.373044 1.082847 -0.6705713
3 -14.41532611846924 9.383288383483887 -1.177755951881409 0.455034 0.827252 1.634472 -3.093346
1 1.778852224349976 -4.221783638000488 -1.063205122947693 4.983265 1.93984 1.520723 1.54999
1 37.74445343017578 -4.994954586029053 -0.9593462347984314 2.711646 0.883033 1.433984 0.1781299
3 -12.33112812042236 -15.41871929168701 -1.073852062225342 1.053047 1.403403 1.454209 -2.777959
3 19.98655700683594 49.16631698608398 -0.3257611393928528 0.480629 0.183817 0.961165 -3.088114
1 -15.68974685668945 -9.056683540344238 -0.9536995887756348 3.744333 1.670148 1.771298 0.09806411
3 20.22392845153809 38.77497482299805 -0.64729243516922 0.730235 0.738613 1.638336 2.98881
3 -12.00562477111816 -13.97988224029541 -1.084086656570435 0.443149 0.694297 1.570244 0.517172
4 0.7560821175575256 10.39700889587402 -1.40444540977478 1.048513 0.563909 0.937846 -2.514444