3 -47.26862716674805 19.8439826965332 -1.371364116668701 0.613776 0.77017 1.30167 2.183009
1 -33.46123504638672 3.102176427841187 -1.136275053024292 2.209693 0.966173 1.451976 2.809069
6 1.566006779670715 -2.454038143157959 -1.190297245979309 0.095103 0.203707 0.12599 0.008111903
1 47.4965705871582 -3.591915369033814 -0.9854171872138977 1.937825 1.806258 1.226181 3.011683
1 14.42561435699463 -7.499301433563232 -1.087483286857605 2.768562 1.742017 1.477476 0.1867984
2 -7.301342487335205 -5.703078269958496 -0.7676962018013 4.278603 1.934453 2.087698 -1.598607
5 40.03700256347656 -1.796467065811157 -1.527260184288025 0.206922 0.205438 0.519457 0.0275198
1 20.97292900085449 -6.186970710754395 -0.8958348035812378 1.988908 1.406456 1.088416 0.01435606
1 7.377737998962402 -10.44887256622315 -1.405142188072205 1.241372 1.824896 0.896112 1.698334
3 -1.641447305679321 -14.91871070861816 -0.7412036657333374 0.409511 0.677386 1.596662 1.678375
1 8.914234161376953 -8.273788452148438 -1.106637120246887 4.374014 1.880262 1.456014 0.1087446
6 36.25027847290039 9.821813583374023 -1.300809741020203 0.448013 0.724655 1.126408 3.127899
5 -3.156185865402222 -3.032803773880005 -1.427707076072693 0.25511 0.246928 0.499076 0.0223259
6 -5.029820919036865 -3.233446359634399 -1.274416446685791 1.547861 0.749084 1.022572 0.0119664
1 10.93086242675781 -3.950774192810059 -1.047878623008728 4.537834 1.787159 1.490722 0.01883569
1 3.297555685043335 -11.66045761108398 -1.132103681564331 5.048563 1.818568 1.506009 -1.485648
4 48.70405960083008 9.807914733886719 -1.31538188457489 1.97423 0.272208 0.72389 2.132842
2 -4.234962940216065 -7.961268901824951 -0.5996271967887878 7.70014 2.364158 2.491608 1.467163
6 -1.307448148727417 -2.990761995315552 -1.229156255722046 0.161974 0.257816 0.22061 0.1473705
1 -4.076052188873291 -24.2559871673584 -1.076919436454773 3.09069 1.168983 1.188624 -1.511403
5 -34.93462753295898 1.088852763175964 -1.739750862121582 0.221477 0.303129 0.445715 1.574188
4 43.05780792236328 9.665425300598145 -1.437355875968933 1.954795 0.429263 0.618079 0.7163805
1 25.64950370788574 -3.548438787460327 -0.7964487671852112 1.610824 1.598024 2.042477 0.01501196
6 2.980258703231812 -3.866889476776123 -1.270081281661987 1.398005 0.726597 1.027734 1.569714
4 47.48834609985352 9.671159744262695 -1.45746636390686 1.175168 0.505628 0.854576 2.068784
1 0.2023791670799255 -6.417314052581787 -1.06556248664856 3.333324 2.145312 1.478637 -1.537229
1 -19.78712272644043 3.305743217468262 -1.179684400558472 3.962336 1.721783 1.405898 -3.114847
5 -9.097198486328125 -2.927539587020874 -1.575024724006653 0.159831 0.226528 0.450629 -0.04037333
1 -26.67852401733398 3.352981567382813 -1.186529755592346 4.209538 1.574837 1.421699 -3.105323
3 35.14767074584961 9.456398010253906 -1.013140916824341 0.568553 0.416992 1.606605 3.133735
1 35.96999740600586 -3.588876962661743 -1.068141937255859 3.700843 0.485867 1.346518 -3.133119
1 18.61856651306152 -3.443371772766113 -0.8547590374946594 4.250399 1.830525 1.568623 0.01816122
1 -1.49360728263855 -10.68316173553467 -1.437608599662781 1.471728 1.53465 0.835681 -1.526871
2 -4.769461154937744 -18.77352905273438 -0.5200044512748718 6.273756 2.389069 2.445645 -1.549611
6 -57.26473236083984 1.034870862960815 0.2517022490501404 1.024434 0.919785 3.705351 -0.01995719