1 10.3209400177002 0.6480033993721008 -0.8411733508110046 4.146698 2.190466 1.936629 -0.03454597
2 -5.491030693054199 4.85548210144043 -0.5991656184196472 9.961596 2.698373 2.414695 -0.02069483
1 -45.19534683227539 -13.69946002960205 -1.299797654151917 2.687965 0.583239 0.604196 1.532469
1 8.713555335998535 11.02898597717285 -1.213052034378052 4.477655 1.766363 1.499709 3.069357
1 2.276546478271484 8.764960289001465 -1.131549596786499 4.349692 2.063997 1.438126 3.069357
4 -19.74526023864746 -2.193836212158203 -1.093230962753296 1.71727 0.749435 1.44195 -0.03454597
1 40.90240859985352 -1.265497803688049 -0.9682429432868958 0.873218 1.754398 1.919269 -0.01704385
1 -42.0577507019043 -16.3449821472168 -0.7884992957115173 4.934599 1.744665 1.934728 1.19152
1 29.08687210083008 9.693657875061035 -1.13782548904419 3.872329 1.753368 1.114724 3.069357
1 -34.46780014038086 -4.498692989349365 -1.348706722259522 4.1518 1.72385 0.953737 0.5825132
1 -9.777676582336426 1.341643929481506 -1.103742241859436 4.363077 2.062163 1.475014 -0.03454597
4 35.841552734375 -2.19802737236023 -0.9422412514686584 1.156488 0.729134 1.443391 0.06904016
1 -27.07086944580078 9.189563751220703 -1.413861632347107 2.88371 0.323471 1.189939 -0.04538197
1 12.5805721282959 7.944699764251709 -1.013399481773377 4.241688 1.919382 1.624599 3.069357
3 43.36922454833984 -11.04382991790772 -0.5136915445327759 0.345717 0.381579 0.980325 0.01452418
2 1.814836144447327 -7.680337429046631 -0.447263240814209 6.323896 2.630234 2.188183 -0.1119659
1 22.88497543334961 -0.5125529170036316 -1.062859773635864 1.773389 0.999576 1.408013 -0.03454597
6 -12.57891845703125 15.64434432983398 -0.2496002316474915 1.057158 0.186537 0.269518 3.079802
2 -47.75197601318359 -2.651506423950195 -0.317907840013504 11.116883 3.066786 3.225781 0.1589029
1 39.01693725585938 6.13638973236084 -0.8862802982330322 1.94086 0.562059 1.201538 -3.103959
4 -49.82587432861328 0.5609362721443176 -1.402634143829346 0.686116 0.460121 0.640603 1.712507
1 -26.58584213256836 4.904449939727783 -1.08552885055542 4.093081 2.037165 1.680978 0.05674389
1 -55.01531982421875 -17.12620162963867 -0.1964976042509079 2.344277 0.68377 1.366134 -1.107587
6 28.64394950866699 12.87550354003906 -0.980692982673645 1.203453 0.523439 0.4373 3.107047
1 -33.03457260131836 1.419440269470215 -1.087969660758972 3.57355 1.775794 1.430847 0.05674389
2 17.51744842529297 10.79816150665283 -0.3362696468830109 6.803433 2.841017 2.546595 3.069357
1 14.71644973754883 13.47758102416992 -1.228913068771362 2.454515 1.656191 1.666041 3.069357
6 33.2537956237793 2.772762298583984 -0.2433662712574005 1.979102 1.282223 0.053336 -0.03768341
1 4.925092697143555 13.87732696533203 -0.8991171717643738 3.869347 1.156915 0.627184 3.069357
1 0.8372094035148621 11.62474060058594 -1.122573971748352 3.112027 1.591834 1.307214 3.069357
6 32.63300323486328 12.39352607727051 -1.123336791992188 0.106524 0.939102 0.046039 3.107047
6 17.2852783203125 -9.80942153930664 -0.8823845386505127 0.475302 0.580028 0.584088 -0.04943655
1 10.76559162139893 4.369565963745117 -1.041966795921326 4.05599 1.738748 1.439245 -0.07643843
2 52.62807083129883 -6.059939861297607 0.1765714585781097 11.86633 3.293733 3.862988 -0.01704385