1 -0.8523600697517395 31.35737800598145 -0.8345393538475037 4.677745 1.022425 1.367139 -3.003357
6 -3.294439792633057 14.23453044891357 -0.4379963874816895 1.6595 1.503194 2.344092 -0.738903
2 -40.00818252563477 39.38935470581055 -0.1792834550142288 6.941662 3.152262 3.522956 -0.8583956
5 -25.20852279663086 11.65292263031006 -1.640794277191162 0.23874 0.198253 0.399587 -1.90768
6 -28.9249324798584 38.69633483886719 -0.8965733051300049 2.749782 1.12343 1.656644 -0.7907298
5 19.05516052246094 -26.97472763061523 -1.800407290458679 0.391493 0.243635 0.495651 -0.5968912
1 6.608828544616699 33.28563690185547 -0.867547333240509 4.506328 1.784291 1.373753 -2.849048
2 24.64123153686523 -31.58186721801758 -0.8936267495155334 6.51307 1.265624 2.896685 0.6026747
5 22.13991928100586 -27.72951316833496 -1.943438410758972 0.417836 0.216922 0.510433 0.6956639
5 -3.622510433197022 13.25441074371338 -1.348992466926575 0.328855 0.377816 0.579901 0.780032
5 -4.635115146636963 34.60585403442383 -1.206236243247986 0.363526 0.408403 0.33387 0.6774225
5 18.68260383605957 -26.66948509216309 -1.875889301300049 0.308311 0.273878 0.700096 -0.5968912
1 -23.87122535705566 33.06452560424805 -0.9237477779388428 2.253874 0.947294 1.259364 -0.7234806
3 -31.9626522064209 21.53926658630371 -0.4487074315547943 0.30183 0.597708 0.890896 -0.9617406
5 -24.87700653076172 14.10770320892334 -1.694048643112183 0.229688 0.237632 0.414428 -1.90768
1 24.69680786132813 -28.14083480834961 -1.061419129371643 4.940814 1.754869 2.178095 -2.441323
1 -28.20913314819336 1.305459260940552 -1.271137237548828 4.38893 1.781694 1.284147 -2.359866
1 23.13762855529785 -12.10727119445801 -1.169749736785889 4.085841 1.870956 1.206734 2.294687
1 18.65305519104004 -6.830604553222656 -1.158368468284607 4.944205 2.109346 1.492795 2.308606
3 20.3207950592041 21.19651031494141 -0.7830204963684082 0.497221 0.819643 1.307558 0.9191951
5 7.430888652801514 -4.439903259277344 -1.631791710853577 0.325587 0.354335 0.494266 -0.7464888
5 -6.220280647277832 36.41130828857422 -1.284192800521851 0.439241 0.362785 0.347455 0.6774225
5 18.24999809265137 -26.39603996276856 -1.837214708328247 0.231462 0.291205 0.672939 -0.5968912
5 -19.61170768737793 -2.250235080718994 -1.583468198776245 0.470041 0.190459 0.438763 0.6774225
5 11.64076328277588 -2.517544269561768 -1.628397822380066 0.223324 0.278293 0.458349 2.339017
5 -26.88379669189453 7.99840784072876 -1.659870266914368 0.274491 0.117372 0.408799 -1.90768
5 -2.280158042907715 14.06312274932861 -1.305864453315735 0.358011 0.362751 0.584785 2.410047
5 17.1288013458252 3.408649921417236 -1.648617386817932 0.275255 0.209572 0.386176 2.277959
5 -3.952511310577393 13.44071102142334 -1.446067571640015 0.256101 0.312238 0.394965 2.372953
5 -25.28750991821289 18.39139556884766 -1.58856475353241 0.268228 0.173152 0.305799 -1.90768
5 -4.286990642547607 13.9861946105957 -1.339995741844177 0.307518 0.23628 0.585132 2.368497
6 -13.88016796112061 -7.284079074859619 -1.576551198959351 0.165188 0.262127 0.155556 0.6813145
4 -28.42794990539551 -7.084878921508789 -1.200922131538391 2.062845 0.584821 1.339485 -2.31603
1 -19.2929859161377 29.61136054992676 -0.9156809449195862 3.913553 1.858614 1.401744 -0.7317913
1 13.64028549194336 -1.403625726699829 -1.016221642494202 4.731679 1.942158 1.599165 2.30475
5 3.826997518539429 34.94809341430664 -1.216153860092163 0.313274 0.43678 0.336748 0.6774225