3 -44.1689338684082 18.38157272338867 -0.1430971324443817 0.465231 0.278141 0.683175 -2.337486
1 23.05481338500977 2.880751609802246 -1.184972763061523 4.37194 1.847212 1.396277 2.854551
1 -0.5431540608406067 26.55254936218262 -0.7611621022224426 4.268811 2.051331 1.696836 1.355093
5 4.680559158325195 3.495920658111572 -1.525993943214417 0.305716 0.274712 0.483127 2.81946
5 4.882260322570801 26.53584480285645 -1.419596314430237 0.112216 0.148514 0.408574 -4.467513e-15
5 5.552706241607666 20.95686912536621 -1.423488259315491 0.259943 0.169374 0.443386 0.0
2 -20.87691879272461 -15.88995361328125 -0.3059844672679901 8.764664 2.813031 2.94859 1.037788
1 5.059588432312012 33.12231826782227 -0.8981180787086487 2.398587 1.67627 1.428878 1.252522
5 -13.06282329559326 -9.762884140014648 -1.579484939575195 0.318992 0.303809 0.430542 1.118723
5 -7.498215675354004 22.78007507324219 -1.40069317817688 0.253226 0.177572 0.393004 3.141592
1 6.558429718017578 7.58495569229126 -1.024046182632446 4.931616 2.038304 1.465053 2.814908
3 -11.73645687103272 12.86406707763672 -0.8527417778968811 0.612057 0.619036 1.603118 -1.871844
5 5.137192249298096 23.38957214355469 -1.46554696559906 0.172294 0.294999 0.490495 0.0
3 -25.27475357055664 -1.590022087097168 -0.7576075196266174 0.488947 0.503794 1.716528 -2.899884
2 7.3750319480896 13.49797916412354 -0.4716678261756897 6.87635 2.220703 2.457436 2.616597
2 18.76846885681152 -5.03042459487915 -0.9669964909553528 1.124954 2.095454 1.98653 -0.275452
6 -0.13491590321064 -3.591753005981445 -1.481019496917725 0.348076 0.394387 0.280254 3.141304
3 -24.35830879211426 -1.249551296234131 -0.8331677913665771 0.502608 0.573933 1.566872 -2.885216