4 13.46309852600098 -5.065243244171143 -1.354694604873657 1.406422 0.471205 0.899493 -1.785617
4 21.95733451843262 -5.114009380340576 -1.329118013381958 1.39708 0.391038 0.916357 -2.068364
3 12.1392126083374 37.73534774780273 -0.7721858620643616 0.44833 0.379221 1.491383 -1.620408
1 -26.05670547485352 -9.212005615234375 -0.4283881187438965 3.278759 1.575476 1.006581 0.1175072
4 -18.4211483001709 8.865673065185547 -1.509138941764832 1.279542 0.478476 0.861742 1.105449
4 24.88408470153809 -5.452541828155518 -1.275645017623901 2.513299 0.723964 0.996687 -2.295221
4 -9.112746238708496 10.59830474853516 -1.471994161605835 1.418182 0.80107 0.978125 1.33222
1 -12.05839729309082 -3.999828338623047 -1.05144190788269 4.048588 1.656531 1.482549 -3.05178
3 -1.196449995040894 14.28818225860596 -1.151954174041748 0.433711 0.691655 1.597479 -1.53489
6 1.89175271987915 -3.890358686447144 -1.548788666725159 1.606633 0.48619 0.52907 -1.555287
1 5.446975231170654 -3.770719528198242 -0.8649318218231201 3.328575 1.78379 1.814815 -0.5377541
4 22.78053855895996 -5.358042716979981 -1.338036179542542 1.740608 0.437352 0.890747 -2.038904
4 -11.45464515686035 10.43146991729736 -1.562260150909424 0.877261 0.458716 0.684398 -2.232866
1 -24.53216743469238 -4.793802261352539 -1.072901368141174 4.031402 1.777338 1.413433 -3.118436
4 11.36017036437988 -5.215712547302246 -1.357113838195801 1.47497 0.706623 0.90839 -1.444364
6 27.86737060546875 -5.10785436630249 -1.126568675041199 3.751513 1.139999 1.326286 0.02382528
3 -24.72941017150879 9.2232666015625 -1.179879903793335 0.453726 0.621892 1.492787 -3.139117
4 -14.42561149597168 9.027528762817383 -1.575738191604614 1.904511 0.560616 0.725902 0.5891399
3 9.618575096130371 49.05757141113281 -0.9023073315620422 0.208187 0.407128 1.605405 -1.642239
1 18.59992790222168 9.010441780090332 -1.113373994827271 4.356327 2.000736 1.618382 -3.126991
5 -4.520201683044434 -2.071741104125977 -1.451160788536072 0.335439 0.365871 0.642627 0.01452325
5 -17.46255874633789 -2.325810194015503 -1.488939523696899 0.349591 0.365012 0.652988 0.01452319
3 9.210868835449219 35.84378814697266 -0.948703944683075 0.322793 0.463563 1.392213 1.54503
3 6.799654483795166 11.59801483154297 -1.022912621498108 0.734645 0.596255 1.824077 0.3814063
4 1.228464365005493 -3.541602373123169 -1.116667747497559 1.631387 0.856339 1.353685 -1.504586
4 -8.309974670410156 11.15668773651123 -1.232295751571655 1.339001 0.507476 0.548744 -2.125405
1 -33.47983169555664 -4.165163040161133 -0.7764811515808105 3.97241 1.25813 1.964387 -0.1978775
4 12.07488346099854 -5.260203838348389 -1.292300343513489 1.5196 0.457671 1.067469 -1.589396
5 -20.9633674621582 -2.353225469589233 -1.433755159378052 0.367741 0.263564 0.664292 0.01452319
3 14.14554595947266 -15.81579875946045 -0.8381762504577637 0.428435 0.596407 0.851582 1.581116
4 -16.06229209899902 9.48277473449707 -1.406129002571106 1.201799 0.752402 1.096694 -3.096545
3 -24.39731788635254 18.38949394226074 -1.135514616966248 0.616903 0.584714 0.526331 -3.123056
1 53.40273284912109 4.229492664337158 -0.9914681315422058 3.514219 1.771523 1.039351 3.140191
1 -2.706453084945679 -4.412840843200684 -1.049453139305115 4.336137 2.047146 1.455959 1.568329
3 -25.32905387878418 18.29487228393555 -1.072507739067078 0.542631 0.500588 0.704118 -3.123056
4 -0.866221010684967 -4.953060150146484 -1.257615327835083 1.918288 0.523417 1.121741 -0.9300392
3 6.665273666381836 12.95010089874268 -1.126455426216126 0.471344 0.567594 1.648686 1.549695
3 49.0615348815918 6.900312900543213 -0.9110997915267944 0.443657 0.463651 0.990382 -1.539822
4 -8.174511909484863 9.921284675598145 -1.412023782730103 1.076736 0.695067 1.086857 1.430535
5 -22.7136344909668 -2.410913705825806 -1.513192057609558 0.29383 0.20845 0.583116 -3.1345
6 30.890625 13.75445747375488 -0.3356052041053772 0.23733 0.40233 0.261152 3.134719
1 -8.429624557495117 -4.329284191131592 -1.05088746547699 4.553972 2.089601 1.484596 1.523977
4 36.06996536254883 -4.803706169128418 -1.446898460388184 1.869118 0.455408 0.683016 -2.059211
4 -13.07258796691895 9.019549369812012 -1.404047131538391 1.368098 0.601681 1.102221 0.7845713
3 -0.5354945659637451 14.21336460113525 -1.12615954875946 0.539789 0.56018 1.706203 -1.524253
4 -5.648931503295898 11.92070770263672 -1.444691777229309 1.467547 0.431857 1.077894 -2.831583
3 -0.454551100730896 13.42494964599609 -1.127362608909607 0.759823 0.619179 1.629625 -1.609338
3 16.35138320922852 -15.71983528137207 -0.9111542105674744 0.549451 0.589073 0.900716 1.581116
4 4.12366533279419 -5.511689186096191 -1.31133496761322 1.615001 0.679091 1.053227 -0.7329853
3 -24.97870445251465 17.31390953063965 -1.033579230308533 0.546689 0.439076 0.674841 -3.123056
1 -13.66916084289551 -7.912542819976807 -0.5718337297439575 4.092926 1.8031 0.881932 -0.8211339
1 49.98740005493164 -3.929529190063477 -1.415591478347778 1.65459 0.474997 0.601053 0.04967595
4 -10.17875671386719 9.672924995422363 -1.411870956420898 1.223995 0.932168 1.020942 1.402946
5 -11.15417861938477 -2.204596996307373 -1.481570363044739 0.374705 0.275356 0.678079 0.01452321
1 39.79487991333008 -4.574534416198731 -0.8985558748245239 3.983416 1.69538 1.774055 0.0600201
1 -41.41747665405273 -3.566466093063355 -0.7743592858314514 3.062219 0.968225 1.504914 0.171061
3 15.39389705657959 -15.74329662322998 -0.8797926306724548 0.696123 0.898847 0.886981 1.581116
4 -12.32408618927002 8.834434509277344 -1.424043893814087 2.018762 0.69244 1.08162 0.5629479
5 -7.719937801361084 -1.911595821380615 -1.470472693443298 0.331374 0.302898 0.616957 -0.0698264
4 12.85086917877197 -4.938574314117432 -1.255551218986511 1.488942 0.693372 1.138837 -1.795548
3 9.598956108093262 34.97679901123047 -1.180899262428284 0.436203 0.553204 0.558993 0.1885935
4 23.72977066040039 -5.487136363983154 -1.288451313972473 2.12713 0.700837 1.019046 -2.343763
6 16.77012634277344 -5.184710502624512 -1.092050433158875 4.389575 1.15141 1.376293 0.008233665
3 7.980402946472168 12.05976486206055 -1.03403627872467 0.574694 0.933067 1.785434 -2.320246
5 -12.50771999359131 -2.268270015716553 -1.479288458824158 0.306414 0.237959 0.53828 0.0145232
4 -11.33281803131104 9.064488410949707 -1.418941617012024 1.822282 0.696588 1.090934 0.9711681
4 -12.37899494171143 10.20133686065674 -1.430454611778259 1.183515 0.545625 0.715464 -2.296812
4 -16.90448570251465 8.68092155456543 -1.447941184043884 1.616147 0.657055 0.966315 -0.0523854
3 2.003339052200317 25.44607543945313 -0.9437409043312073 0.535089 0.603854 1.702025 -1.558357
4 0.331912636756897 -4.876462936401367 -1.283553004264832 2.760363 1.149294 1.100129 -1.278196
4 5.019017696380615 -5.306155681610107 -1.41501784324646 1.785182 0.545991 0.807673 -0.5822507
4 -7.685245990753174 11.18623733520508 -1.398319840431213 1.177105 0.50193 0.724421 -2.125405
4 34.25809478759766 -4.923277854919434 -1.370776414871216 1.288262 0.455816 0.65474 -1.281698
1 -15.09871959686279 -52.09165191650391 -0.1319761425256729 4.869952 1.899611 1.298985 1.613281
3 -25.42770195007324 -53.99660491943359 -0.174989178776741 0.334553 0.601846 1.414114 1.647419
3 8.406068801879883 41.17523193359375 -0.8500220775604248 0.395621 0.490457 1.615862 -0.00048238
4 -7.362574100494385 9.876897811889648 -1.426924586296082 2.369223 0.931067 1.037717 1.039819
3 10.08899211883545 38.77108001708984 -0.7836633324623108 0.245385 0.233977 1.508218 1.492863
6 9.576666831970215 -4.830870151519775 -1.538704872131348 0.745458 0.578127 0.537379 -0.01492287
5 -14.68853378295898 -2.210044622421265 -1.476817131042481 0.258943 0.294138 0.573377 0.0145232
5 -19.18616104125977 -2.384908437728882 -1.510570645332336 0.240718 0.243106 0.608911 0.01452319
3 7.44887113571167 41.51034927368164 -0.8368872404098511 0.456449 0.431504 1.585531 -0.00048238
1 44.97364807128906 -3.877618312835693 -1.246051907539368 1.484796 0.641894 0.683336 0.05964774
4 21.07498931884766 -5.103516578674316 -1.357740759849548 1.244703 0.329578 0.837776 -2.012453
4 -6.202661514282227 11.49610710144043 -1.44281542301178 1.504646 0.394588 1.074139 -2.996242
3 -25.63365364074707 8.887937545776367 -1.064058303833008 0.504782 0.502819 1.663136 3.111657
4 -10.1747579574585 10.67473697662354 -1.384630441665649 1.474922 0.645584 0.991193 -2.44092
4 10.84281921386719 -5.064736843109131 -1.321868777275085 1.300051 0.397309 0.960019 -1.952653
4 -6.403138637542725 10.35669231414795 -1.400736570358276 1.589318 0.46208 1.122074 1.565361