1 -36.95623397827148 -4.619052410125732 -0.8300464153289795 1.526113 0.893155 1.693958 1.496257
4 17.90213584899902 9.55390739440918 -1.453076839447022 1.812936 0.518849 0.846166 0.7067663
3 38.57418060302734 12.72996330261231 -0.7993296384811401 0.228113 0.258401 1.554235 0.02663055
3 31.87297630310059 17.73323249816895 -0.7231910228729248 0.380475 0.433784 0.975859 3.088558
5 -31.50273513793945 -3.179019212722778 -1.675372838973999 0.188148 0.15125 0.429248 -1.553621
1 5.951145172119141 -4.514162540435791 -1.032283186912537 4.325613 2.03678 1.518932 -3.113477
1 -20.20833015441895 -8.347296714782715 -0.8608846068382263 2.319863 1.318793 0.615901 0.2065787
5 18.24933052062988 -1.881343841552734 -1.370271444320679 0.25767 0.197113 0.46521 -3.115695
1 18.29086494445801 -3.776075124740601 -1.002700924873352 4.222236 2.017478 1.506317 -3.036597
1 16.74924850463867 -7.317637920379639 -0.9200414419174194 4.047417 2.012275 1.714854 -0.8190141
1 22.17100715637207 -3.944878339767456 -1.025631070137024 4.697715 1.399503 1.360292 1.570081
4 18.16779518127441 10.6083459854126 -1.154730796813965 1.864974 0.53771 0.590485 0.7393044
5 23.01646423339844 -1.494554162025452 -1.328141689300537 0.243631 0.254128 0.621289 -3.098301
2 -34.3278923034668 -8.226991653442383 -0.5390747785568237 7.445428 2.272477 2.225815 1.471703
5 6.845254421234131 -2.018407106399536 -1.490521430969238 0.184877 0.256976 0.302294 -3.115695
4 23.39972686767578 10.00854682922363 -1.307754993438721 1.737065 0.658524 0.921812 1.153984
3 33.87838745117188 29.54994010925293 -0.4401889145374298 0.36792 0.501575 1.23844 0.0725033
4 14.15701484680176 9.802001953125 -1.327391266822815 1.566916 0.56209 1.062684 0.1873206
6 -27.36126518249512 -4.043980598449707 -1.191406011581421 0.147162 1.137648 0.193108 -0.0295578
1 -14.42159461975098 -7.31988000869751 -1.128543019294739 3.977712 1.890404 1.416034 0.2099841
3 6.06608247756958 9.711161613464355 -1.050151348114014 0.444081 0.962672 1.642799 -2.580444
3 37.55647277832031 13.40739154815674 -0.9274742603302002 0.640656 0.573721 1.291495 -1.532157
4 18.79107284545898 9.41335678100586 -1.308846354484558 1.648775 0.60204 1.04654 0.8321819
4 24.46976470947266 10.32600021362305 -1.429862260818481 0.578355 0.247859 0.722634 1.285818
4 12.51183891296387 9.353053092956543 -1.350381135940552 1.519631 0.796369 1.057679 1.098102
1 -48.76105117797852 3.137140274047852 -1.278557062149048 1.526778 1.585798 1.289085 -3.133303
1 -11.01221656799316 -3.643893718719482 -0.9834036231040955 4.445389 1.955807 1.697965 0.01752473
1 -2.905644655227661 -4.022682189941406 -0.7800265550613403 4.741488 1.847942 2.054471 -0.1643837
4 22.77892684936523 10.29071140289307 -1.391925096511841 1.235112 0.658365 0.764909 1.153984
5 16.00033950805664 -1.820497751235962 -1.355369091033936 0.208191 0.263911 0.616565 -3.115695
4 11.47636222839356 9.844305992126465 -1.338063597679138 1.336179 0.547377 1.088813 -0.01715279
3 37.49772644042969 12.06577777862549 -0.8005370497703552 0.48264 0.474042 1.571732 1.576507
1 -8.811529159545898 -6.221462249755859 -1.143553137779236 2.357407 1.426039 1.515507 0.1342608
4 19.7697925567627 10.79107189178467 -1.30180037021637 1.722354 0.571509 0.932772 0.1916784
1 28.05290603637695 -3.462918043136597 -0.932417631149292 3.759028 1.629745 1.322446 1.55881
3 31.42897796630859 18.38922309875488 -0.6092877388000488 0.562755 0.467276 0.748631 0.001556877
6 -39.47826766967773 -3.024492979049683 -1.812734127044678 0.497834 0.421887 0.244613 1.586938
4 16.31918907165527 9.438082695007324 -1.330813527107239 1.851859 0.666381 1.066024 0.7053992
1 -18.79180145263672 -3.978856325149536 -1.146857857704163 4.121027 1.512502 1.431523 0.01074129
5 -35.75347518920898 -3.256129503250122 -1.409501194953919 0.127061 0.151284 0.65031 -3.140911
3 30.79939079284668 18.55484008789063 -0.5914620757102966 0.4523 0.330239 0.728548 -1.575379
5 13.25781726837158 -1.945861577987671 -1.415330290794373 0.279173 0.319246 0.55304 -3.115695
5 8.110617637634277 -2.052261352539063 -1.459662437438965 0.306175 0.243098 0.622943 -3.115695
4 13.9341459274292 8.933950424194336 -1.381525635719299 1.614676 0.448524 0.987231 0.1225182
5 9.927149772644043 -1.948475241661072 -1.400465607643127 0.32085 0.313559 0.616903 -3.115695
1 36.1827278137207 -3.29338002204895 -0.6138898134231567 2.890921 1.575435 1.61516 -0.5489956
4 20.76872444152832 9.762855529785156 -1.408221960067749 0.73006 0.675209 0.844139 0.9347951
4 19.49698066711426 9.402122497558594 -1.414657831192017 1.739921 0.430271 0.892592 0.8774555
3 5.047266960144043 9.289030075073242 -1.057281374931335 0.493724 0.697194 1.726185 -1.542984
5 11.57680416107178 -2.019886255264282 -1.470043063163757 0.350066 0.321774 0.542293 -3.115695
5 19.56554222106934 -1.771743178367615 -1.341819405555725 0.293763 0.23344 0.513213 -3.115695
1 48.36189270019531 9.570046424865723 -0.7438696026802063 2.090527 1.91177 1.312831 3.141364