2 4.636915683746338 -17.82488441467285 -0.1882705837488174 5.152246 2.485917 1.786044 -1.681067
5 -47.24279022216797 1.991368532180786 -1.283225655555725 0.25226 0.157567 0.529328 -1.553376
1 -10.32129192352295 3.50172758102417 -1.048429369926453 3.998979 1.887787 1.501341 3.128317
5 10.94003868103027 -2.462012529373169 -1.563617587089539 0.344351 0.24035 0.652235 1.594984
6 9.342434883117676 -2.608517408370972 -1.545519113540649 0.376265 0.396724 0.64293 1.594984
1 -24.86732482910156 3.358295679092407 -0.9873639941215515 4.022486 1.441674 1.588318 3.128317
3 44.58890914916992 9.38073444366455 -1.382726907730103 0.473179 0.377315 1.519042 3.127064
1 -55.58384323120117 21.55589866638184 -1.117073774337769 4.335552 1.619799 1.162209 -2.04645
1 56.5294075012207 -3.685204982757568 -1.632817268371582 0.970072 1.290076 0.677493 -3.110806
1 -17.27540588378906 3.62963342666626 -1.010434985160828 4.59857 1.799752 1.504285 3.128317
1 28.00094604492188 -3.453877449035645 -1.058804631233215 4.138101 1.659028 1.614052 0.02159368
1 24.09013366699219 -7.421914577484131 -1.29906964302063 3.306346 1.775952 1.523238 0.20197
1 35.01752853393555 -3.698789119720459 -0.787285327911377 1.428047 1.750837 1.604423 -0.01757332
1 18.21902847290039 -8.335291862487793 -1.266977310180664 4.133267 1.931253 1.394822 0.1069171
5 -25.53745841979981 1.3250412940979 -1.518942832946777 0.317957 0.325782 0.488292 -1.696956
6 0.2983676493167877 -7.541262149810791 -1.508790969848633 0.56162 0.294912 0.511961 -0.02172942
1 9.514336585998535 -5.868009090423584 -1.135617136955261 2.105055 1.777613 1.47996 -1.517315
6 -2.95898962020874 -9.56258773803711 -1.370294570922852 1.613862 0.452474 0.820663 0.0
2 5.054978370666504 -7.892642021179199 -0.5954461693763733 7.644077 2.166152 2.491675 1.446434
1 45.76480865478516 -3.686420440673828 -1.398657202720642 2.413384 0.449089 0.808735 -0.01694965
5 0.4300270974636078 -6.626023292541504 -1.568010330200195 0.378133 0.596262 0.42926 -0.02172942
6 -47.81314468383789 1.39514684677124 0.5545516014099121 0.856665 0.93839 2.617922 0.008019853
6 4.469452857971191 -3.065188646316528 -1.292962431907654 1.372407 0.483207 1.003567 0.03460756
1 20.28749084472656 -3.898547172546387 -1.206495046615601 4.305161 1.719818 1.415864 0.05839961
5 6.19948148727417 -2.976080417633057 -1.485349774360657 0.330754 0.356255 0.697584 1.594984
2 2.106539011001587 -5.871062278747559 -0.7659247517585754 4.870921 2.012087 2.085628 -1.605981
5 8.00961685180664 -2.930418491363525 -1.526426434516907 0.328301 0.275373 0.609582 1.594984
5 -38.3947639465332 -18.33340835571289 -1.251657485961914 0.442225 0.313441 0.388654 1.696613
3 -37.8380126953125 20.54386901855469 -0.9983159303665161 0.515672 0.782706 1.325623 1.89905
6 12.43122005462647 -3.895873069763184 -1.393472671508789 1.45877 0.779537 0.995238 -1.512409