1 -46.23905563354492 4.581141948699951 -1.0470130443573 3.735232 0.703409 1.335835 -1.892372
4 28.94077301025391 16.00468254089356 -1.49987804889679 3.535691 1.384188 1.797711 -0.01240022
6 -12.56553268432617 14.58822536468506 -1.634389162063599 0.414942 0.253795 0.963728 3.073164
1 -40.87340545654297 9.891443252563477 -1.129501819610596 0.297234 0.929137 0.50963 3.102854
1 -23.04192543029785 14.46175384521484 -1.370286822319031 3.033699 1.313923 1.517234 3.102854
1 11.42037105560303 32.48026275634766 -1.468558430671692 1.35761 1.106611 0.547556 1.546244
1 41.99443054199219 7.36025857925415 -1.609872817993164 3.546849 1.202578 0.922976 -3.134566
1 -29.72159004211426 -3.331838130950928 -0.8893088102340698 2.747427 2.026279 1.451792 0.1764274
2 55.13436889648438 -6.278214931488037 -0.5565280318260193 11.893472 2.668317 2.89509 0.0254976
1 9.0272855758667 32.49260330200195 -1.32933783531189 1.066696 1.640725 0.669174 1.546244
1 -5.161264419555664 14.0959644317627 -1.309162974357605 4.766843 1.878698 1.72464 3.102854
1 6.604512691497803 32.95185470581055 -1.219010829925537 1.947665 1.541753 0.81263 1.546244
1 18.1199836730957 11.14921379089356 -1.494455337524414 4.329875 1.841357 1.409907 3.102854
1 -29.4163932800293 0.9262819886207581 -0.9821183085441589 2.277397 1.795843 1.352024 -0.01488066
1 -8.2785062789917 33.28784942626953 -1.105068206787109 1.150094 1.722196 0.836501 1.560283
1 -45.82591247558594 12.13538074493408 -1.453240156173706 3.446094 0.285133 0.943748 3.090057
3 5.975628852844238 21.16233444213867 -1.540040493011475 0.649767 0.481097 1.407095 0.02480739
1 -29.44136238098145 9.398675918579102 -1.209463477134705 3.505392 1.801537 0.736136 3.102854
1 -13.03331279754639 33.10799407958984 -1.125412106513977 0.92375 1.359059 0.518503 1.585631
1 4.192320823669434 32.2655143737793 -1.102648258209229 0.635092 1.430627 0.954701 1.546244
1 -15.52520942687988 32.89553451538086 -0.8033125996589661 0.500478 1.576877 1.123931 1.560283
4 51.48741149902344 15.56448936462402 -1.83374011516571 0.463344 0.677568 1.29083 3.08784
4 33.05378341674805 13.89950752258301 -1.646107196807861 1.798821 0.635175 1.51691 -3.134566
1 16.65926361083984 -3.069913387298584 -0.8624480366706848 5.999232 1.87683 2.064638 -0.006251201
1 -11.12241935729981 -2.380015373229981 -1.01043176651001 4.296468 1.891821 1.367091 0.00952219