6 -0.1943465322256088 9.230031967163086 -1.094108104705811 1.28437 0.76147 1.508324 1.554577
1 -35.71281814575195 13.29501533508301 -1.275052547454834 3.824485 1.708541 1.077706 -3.128816
6 -47.63101577758789 10.12263107299805 -1.086554884910584 0.100618 0.587089 0.046224 3.123014
1 -42.62548065185547 12.17564296722412 -1.025630712509155 0.572777 1.572897 0.868849 3.123014
1 21.89234161376953 3.230008602142334 -1.203533291816711 3.996068 0.818216 1.452478 0.01272904
1 13.97347354888916 18.89014434814453 -1.57777214050293 3.848297 1.781293 1.523694 3.108059
1 14.64388084411621 0.5084652900695801 -0.9142385125160217 3.484672 2.19858 1.90886 0.01272904
6 -36.76956176757813 0.1821537613868713 -1.151872992515564 0.500756 1.521589 0.075648 0.01272904
1 -13.32375907897949 0.08634502440690994 -1.062337398529053 4.297808 2.002065 1.451992 0.01272904
4 -28.58316421508789 15.97734928131104 -1.317364573478699 1.105465 0.541379 1.045588 -3.099399
1 -50.17501068115234 1.178565502166748 -1.036942362785339 1.833695 0.870869 1.260389 0.01272904
3 -29.36249351501465 -9.700145721435547 -0.6356583833694458 0.441222 0.603569 1.709263 0.1063291
2 27.98434066772461 -3.300135135650635 -0.4265944063663483 12.754339 2.753013 2.932159 -0.001671706
2 8.729341506958008 3.365474939346314 -0.5608260035514832 11.758491 2.686194 2.570317 0.01272904
1 -2.66906476020813 9.676895141601562 -1.138675928115845 4.32549 2.133477 1.733128 3.115712
3 -34.19654083251953 20.06109046936035 -0.9967074394226074 0.175293 0.318006 1.000899 3.135719
6 -56.78640747070313 3.313791275024414 -1.433026790618897 0.291882 1.121549 0.308953 0.01272904
4 -25.73757553100586 -5.858221054077148 -1.113815188407898 3.90173 1.250783 1.340441 0.01272904
2 -42.33848190307617 7.314465045928955 -0.3703955709934235 3.352629 1.934026 1.131601 -3.128962
1 -21.92580986022949 2.523365497589111 -0.9813681840896606 4.104446 2.059695 1.680625 0.04862751
3 -30.00599098205566 20.50382804870606 -1.251601099967957 0.525488 0.413885 1.6275 3.122316
6 50.37353134155273 -1.601659536361694 -1.161801815032959 0.744319 0.682413 1.311216 0.01272904