5 -3.330913543701172 -7.817989349365234 -1.255682349205017 0.176247 0.195677 0.437192 0.0
4 -13.74832248687744 -12.13936519622803 -0.8414690494537354 1.655642 0.724639 1.526215 2.292436
1 -25.58852958679199 -28.68748092651367 -0.6751238703727722 2.36066 1.324935 0.795139 1.65128
1 -5.498934268951416 -2.294321537017822 -1.020385384559631 4.295692 1.952745 1.368402 0.09425601
5 -15.40397357940674 -16.15487861633301 -1.086663007736206 0.119648 0.08055 0.423675 0.0
1 -45.93563842773438 19.26376152038574 -1.399466872215271 4.445724 1.956381 0.715269 0.5212176
1 -26.05838203430176 -23.05146026611328 -0.6555501818656921 4.714285 1.485818 1.337651 1.65128
6 46.59858322143555 7.118744373321533 -1.084914445877075 3.229046 1.953547 0.936603 3.042069
1 18.676513671875 34.82780075073242 -0.9196548461914062 2.694574 1.549413 0.858369 1.423173
2 -24.65557479858398 -50.90042114257813 0.472900003194809 4.65409 2.339018 2.716298 1.680604
5 -12.96399974822998 -13.14105033874512 -1.162166714668274 0.136364 0.098296 0.381205 0.0
4 -18.39238166809082 25.73531913757324 -1.436904191970825 1.553655 0.546964 1.378034 2.568506
1 -29.54153633117676 -22.0955982208252 -0.2019292563199997 4.278499 1.739374 2.139132 1.65128
1 5.153555870056152 11.14938831329346 -1.13037121295929 3.520344 1.861768 1.307365 3.042069
3 47.34605026245117 20.03155326843262 -1.074371218681335 0.279532 0.317936 0.760074 -0.09159774
5 -5.102702617645264 -8.290343284606934 -1.301015853881836 0.170161 0.232716 0.481729 0.0
1 -38.13267135620117 27.02541542053223 -1.094048619270325 4.190773 0.748778 1.436557 0.9855075
2 -37.38380432128906 -15.85834407806397 0.1090942993760109 11.951311 2.130019 3.120603 -1.623033
3 -43.85586929321289 -11.31387519836426 -0.377418726682663 0.157842 0.148607 0.552465 -1.443741
1 -30.2735538482666 -15.05776214599609 -0.6198968291282654 4.135953 1.92213 1.626258 1.65128
6 -35.5483512878418 37.14722061157227 -1.593315243721008 4.279109 1.860593 1.02553 1.417899
1 -28.54391479492188 -29.56000900268555 -0.4838370978832245 2.590637 0.468193 1.325393 1.65128
1 10.60994052886963 -1.201861500740051 -0.8278911709785461 2.348881 2.006957 2.021816 -0.06727266
6 46.98616027832031 15.9043083190918 -0.9182873368263245 1.603086 1.027964 0.487572 -0.09299728
5 -17.22490119934082 -19.59588050842285 -1.059985637664795 0.13432 0.137734 0.345069 -2.003925
5 -14.24058818817139 -14.58844661712647 -1.027770519256592 0.123385 0.114305 0.305483 0.0
2 -27.96634674072266 -41.84543991088867 0.8016663193702698 4.391465 2.866028 2.070043 1.615784
2 41.90360641479492 -5.586020469665527 0.4376345574855804 11.711891 2.55437 1.429039 -0.06727266
6 34.86630249023438 11.53134632110596 -1.283077478408814 2.231981 1.472093 0.796621 3.042069
4 -19.19474029541016 -28.283203125 -0.5536116361618042 1.374079 0.710019 1.493584 1.599826
5 -6.882189750671387 -8.972803115844727 -1.363092422485352 0.149461 0.161766 0.52357 0.0
5 -16.37868690490723 -17.79764747619629 -1.03522527217865 0.106039 0.058535 0.530851 0.0
1 -21.77205657958984 12.18944835662842 -1.121537804603577 4.349293 1.831831 1.467477 -2.807107
5 -11.53736877441406 -11.86181640625 -1.18918251991272 0.103492 0.163033 0.481239 2.493578e-15
1 -27.2760009765625 6.621949195861816 -0.9696581959724426 4.20013 1.599954 1.435737 -2.37886
5 -1.514147043228149 -7.534850120544434 -1.290473699569702 0.209857 0.247057 0.551476 2.052785e-15
4 -18.06706047058106 -14.84069919586182 -0.6824345588684082 2.361829 1.107709 1.790763 1.320562
1 30.89567756652832 33.12902069091797 -1.231450319290161 1.179415 1.29172 0.569001 1.498127
5 -9.918519020080566 -10.66443538665772 -1.30388617515564 0.147526 0.133176 0.475334 3.153003e-15
1 14.55980396270752 10.11127758026123 -0.9561971426010132 4.005553 1.841874 0.900317 3.036638
5 0.4020262956619263 -7.370649337768555 -1.300862073898315 0.16105 0.160216 0.51297 0.0
1 -26.84761428833008 -15.93994808197022 -0.6515178084373474 4.579785 1.943726 1.697706 1.65128
5 -8.529294967651367 -9.781417846679688 -1.337220668792725 0.149214 0.136451 0.500303 0.0
1 1.256223678588867 6.83278226852417 -1.106427550315857 4.658179 2.111726 1.455135 -2.004829
1 -14.7557954788208 -3.663537502288818 -0.8742237687110901 4.419539 1.999683 1.436418 0.6071227
6 34.05430221557617 8.627208709716797 -1.095177888870239 1.582245 1.006028 0.422095 3.042069
1 16.19373893737793 35.01849746704102 -0.9360710978507996 2.33348 1.844059 1.000893 1.443482
1 -32.33861541748047 -4.666186809539795 -0.7559455037117004 4.029837 1.789101 1.572917 -1.966874
1 22.10244560241699 8.760784149169922 -0.9993675947189331 3.209931 1.296283 0.741209 3.042069
1 -9.044525146484375 17.98828315734863 -1.398159503936768 4.597189 2.060094 1.418901 3.055355