1 -34.74790954589844 8.52558422088623 -0.6309293508529663 2.808705 1.48956 0.551119 -2.364967
1 2.932900190353394 33.18002319335938 -1.126555800437927 0.664791 1.566507 0.655774 1.49879
1 -13.82547187805176 9.661800384521484 -0.9564533233642578 4.091779 1.722029 1.261142 3.094666
1 -8.98540210723877 33.92755508422852 -1.134057402610779 1.293723 1.797804 0.935132 1.577694
1 -4.060938358306885 14.34116268157959 -1.357903242111206 4.560137 1.929241 1.483274 3.040295
1 -9.146255493164062 -2.671611309051514 -0.9849264025688171 4.271574 1.8607 1.407478 0.0207342
1 12.18922901153565 13.86262226104736 -1.350545287132263 4.159112 1.914143 1.725934 3.065115
1 -25.10837745666504 1.684369802474976 -0.9412359595298767 3.539501 2.03598 1.500705 -0.04124346
1 -6.456809997558594 34.23079299926758 -1.086033582687378 1.824879 1.774864 0.855302 1.574142
1 -11.15904045104981 35.09938812255859 -1.157833337783814 3.281943 0.36245 0.54463 1.49879
4 -53.82053756713867 -16.18390274047852 -0.1258843094110489 2.010614 0.813245 1.330094 1.289834
1 -27.15233612060547 -3.057331562042236 -0.9107320308685303 4.089762 1.90814 1.402897 -0.04124346
1 -27.60890769958496 13.3844690322876 -1.016552209854126 2.308675 1.642816 1.79883 3.052869
2 49.49802017211914 -7.038578510284424 -0.4467245042324066 0.309723 2.565882 2.162533 -0.04124346
1 39.3519172668457 9.82357120513916 -1.681185603141785 2.336524 1.116063 0.734364 3.063623
6 -58.67972183227539 3.342507123947144 -0.6750283241271973 1.223317 1.032493 0.417642 -2.529696
3 -1.560601949691773 16.03882026672363 -1.407442808151245 0.505135 0.418134 1.341849 3.093671
1 -28.31093406677246 10.16358184814453 -1.119870901107788 3.185397 1.297899 0.962724 3.094666
6 4.991668701171875 14.85781192779541 -1.798823595046997 0.388008 0.175519 0.605791 3.019681
1 16.4791202545166 -2.939435720443726 -0.9045584201812744 5.139883 1.94829 2.061005 -0.05506613
1 17.97772789001465 32.55467987060547 -1.174426436424255 1.616786 1.743652 0.527544 1.49879
3 15.88082027435303 20.9979305267334 -0.9410989880561829 0.263084 0.295479 0.353213 -0.1747541