1 32.1564826965332 -3.990267515182495 -1.094909310340881 4.394187 0.992407 1.447205 1.549971
1 26.17654418945313 -6.348412990570068 -0.7064564824104309 1.691438 1.570528 0.948042 -0.8752798
1 46.12453079223633 -2.954983472824097 -0.5598453879356384 2.452955 1.029362 0.991541 -0.34894
3 15.06136226654053 9.35978889465332 -1.19316029548645 0.327838 0.706219 1.765301 -1.850121
1 -39.73641586303711 3.05285382270813 -1.135658979415894 3.796133 1.730691 1.313253 3.140825
3 -21.56983375549316 -14.75431346893311 -0.2217826396226883 0.368751 0.320441 0.553961 1.654324
1 2.055651187896729 -6.210744857788086 -1.10503101348877 4.286472 1.87639 1.422851 0.1295631
1 -10.68959808349609 -8.404141426086426 -1.085823655128479 4.461758 1.969077 1.522725 0.1116052
4 21.54080200195313 9.959739685058594 -1.630069851875305 0.83177 0.290272 0.77237 0.252609
5 26.10445404052734 -1.71019446849823 -1.640284061431885 0.207266 0.320172 0.467328 0.01707079
2 -27.24409866333008 -5.020321369171143 -0.7243572473526001 2.464367 1.652021 2.149649 -1.614951
6 -17.11014938354492 -4.086347579956055 -1.298430442810059 0.664941 1.334046 0.980569 -0.02979929
6 -21.31233406066895 -3.216159582138062 -1.441957354545593 0.18154 0.197078 0.502433 3.095664
4 33.50818252563477 9.930792808532715 -1.540154337882996 1.292525 0.481966 0.916241 1.067308
4 26.43974113464356 9.38505744934082 -1.696718811988831 1.570075 0.356608 0.813706 0.6542572
1 -16.65048789978027 -10.97083759307861 -0.8079396486282349 3.036029 1.532745 0.916138 -1.53355
3 42.25486755371094 19.29924392700195 -0.8400222659111023 0.21337 0.222414 0.944464 -1.482015
5 -20.03953552246094 -2.752908945083618 -1.528305292129517 0.15874 0.089147 0.382087 3.095664
4 28.84994125366211 9.722028732299805 -1.697978019714356 0.963139 0.467869 0.827649 1.542015
4 24.19648933410645 9.977176666259766 -1.738100051879883 1.640904 0.61569 0.77399 0.01215705
1 57.94242477416992 9.748438835144043 -1.260965824127197 0.822119 1.756078 0.87596 -3.137105
5 -29.1625862121582 -3.196451425552368 -1.553363680839539 0.110381 0.14661 0.384046 3.018403
3 41.07194900512695 20.07257652282715 -0.9514474272727966 0.349205 0.54557 0.670157 -1.482015
1 -5.532798290252686 -7.389077663421631 -0.8954927325248718 2.551531 1.466944 1.193568 0.2828984
1 -19.74093246459961 -7.01470947265625 -1.040027618408203 3.805231 1.741904 1.497732 -1.532697
3 47.54756927490234 13.64150238037109 -1.317126393318176 0.447383 0.551076 1.317834 -1.340344
1 28.31975936889648 -3.689733266830444 -1.195351243019104 3.895706 1.97922 1.374377 -3.056005
4 27.68780326843262 9.709759712219238 -1.523319125175476 1.2602 0.526759 0.946898 1.658936
3 44.36235427856445 30.90773963928223 -0.8770328164100647 0.274129 0.323561 0.786814 -1.45798
4 22.22328758239746 9.450197219848633 -1.501922130584717 1.270744 0.414703 1.080841 1.809651
4 28.29250907897949 9.343402862548828 -1.653576850891113 1.160227 0.56423 0.857545 1.57564
4 24.01283645629883 9.08109188079834 -1.520902037620544 1.485345 0.517183 0.960481 0.1128328
5 29.71856689453125 -1.632150650024414 -1.53109335899353 0.17392 0.196707 0.559771 0.017012
3 16.21092224121094 18.82382011413574 -1.34038770198822 0.464555 0.43621 0.633258 -0.840412
2 -29.57293891906738 -20.18473815917969 0.2886869013309479 6.385776 2.086019 1.373203 0.5426255
5 39.66712188720703 -1.810490250587463 -1.526288270950317 0.155069 0.147744 0.510448 0.01583912
6 -24.43623161315918 -3.219803094863892 -1.337666511535645 0.128501 0.234813 0.766767 3.095664
6 -52.58899307250977 2.472362518310547 -1.346405148506165 0.110414 0.378655 0.274475 3.053799
4 29.40999031066895 9.370007514953613 -1.703203320503235 0.928181 0.372588 0.796415 1.542015
3 15.72064685821533 17.83882141113281 -1.261616706848145 0.490124 0.282175 0.895776 0.8688027
5 33.10470199584961 -1.362765550613403 -1.64663577079773 0.077362 0.130973 0.451004 0.01693364
6 38.14038467407227 -1.886916875839233 -1.217038631439209 0.594846 0.734492 0.467481 0.0
5 23.37271881103516 -1.827778458595276 -1.578969359397888 0.25925 0.244402 0.422217 0.01708059
2 -24.17016983032227 -8.114885330200195 -0.4040917456150055 7.634958 2.370648 2.707951 1.453956
1 -8.653409957885742 -4.08198356628418 -1.030517935752869 4.819634 1.861873 1.538291 0.02713949
6 -24.84007072448731 -16.36330223083496 -0.5266833305358887 0.976108 2.256072 0.521653 -1.522219
3 16.29373931884766 9.653852462768555 -1.260509014129639 0.427798 0.550831 1.613257 -2.591372
4 22.78655624389648 9.68559741973877 -1.689525365829468 1.190874 0.540291 0.814157 1.606713
5 -23.13617515563965 -3.240667343139648 -1.351737856864929 0.218189 0.17469 0.32051 3.095664
1 15.9601583480835 -4.043627738952637 -1.117687702178955 4.015517 1.255171 1.499801 -3.097914
3 48.59375381469727 12.868971824646 -1.223297953605652 0.260842 0.532291 1.615835 -1.55232e-15
1 -1.117664933204651 -3.596555233001709 -0.7983618974685669 4.537981 2.004445 1.498492 0.03658208
3 47.71090316772461 12.3395881652832 -1.1873459815979 0.573935 0.485702 1.568115 7.022402e-16
5 21.6427116394043 -1.855133056640625 -1.593653559684753 0.217762 0.093645 0.392315 0.01708549
3 41.80068969726563 19.93430519104004 -0.8263570666313171 0.39892 0.275115 0.922914 -1.482015
5 20.01565551757813 -1.835297226905823 -1.526219844818115 0.353371 0.250436 0.500523 0.01708793
3 -25.56734848022461 -3.239941835403442 -1.330232977867127 0.210728 0.318075 0.964375 3.095664
5 18.26667213439941 -1.953099250793457 -1.540432929992676 0.350707 0.154755 0.63164 0.02329861
3 15.43888568878174 18.58962440490723 -1.349117517471314 0.773909 0.652144 0.76987 -1.306163
1 6.823985099792481 -4.007689476013184 -0.7940053343772888 4.449483 2.017251 2.078434 -0.1886487