1 -17.50861167907715 -1.353073954582214 -1.049448847770691 3.731503 1.788947 1.552238 0.02493314
1 7.734776020050049 2.933679580688477 -0.8271687626838684 4.461735 1.932372 1.909899 0.01702858
2 4.842556953430176 5.646234512329102 -0.5716420412063599 11.166301 1.909233 2.410051 0.03536661
1 -44.76583099365234 2.342633485794067 -1.323639750480652 0.970402 0.365094 0.783799 -0.05066163
2 16.23966789245606 3.493111371994019 -0.4656071066856384 5.701276 2.477488 2.596149 0.03718729
1 -25.5997428894043 5.981902599334717 -1.01367199420929 4.07925 1.743564 1.579891 -0.09866559
1 -5.761600017547607 2.935502290725708 -0.8711900115013123 4.752514 2.199225 1.863038 -0.0002145581
2 -37.56183242797852 13.71282482147217 0.4708810150623322 5.267733 2.460646 2.088205 3.132996
1 24.24020385742188 3.022607564926148 -1.116749405860901 4.047145 0.699021 1.403889 0.05206208
1 -54.08077621459961 0.1509449630975723 -1.503766775131226 0.816472 1.634605 0.68116 -0.005489413
1 1.935752272605896 2.566721916198731 -1.056025862693787 2.622699 1.562546 1.453157 0.0332009
1 -34.5439338684082 2.473375082015991 -1.111305832862854 2.807498 1.23137 1.488236 -0.03775492
4 -26.42561340332031 19.55280113220215 -1.428250312805176 1.10821 0.597326 1.632355 3.131972
1 -25.88321113586426 3.165878057479858 -0.7438095808029175 2.988429 1.743525 1.088977 0.01248739
2 19.0899658203125 7.107114791870117 0.2076195478439331 0.250442 1.633644 1.421949 0.03720178
1 30.19174766540527 3.147446632385254 -1.187919616699219 2.779434 0.323801 1.201226 0.05206208
1 -16.55428314208984 2.461883306503296 -1.070653676986694 4.499661 1.987604 1.448787 0.00834877
2 6.977127552032471 -0.6093397736549377 -0.6382483839988708 0.579373 2.591533 2.263875 0.05696983