4 -35.2070426940918 -30.84433364868164 -0.6043443083763123 1.221403 0.476766 1.083263 -1.905796
5 -6.014987945556641 11.30922603607178 -1.723909139633179 0.351583 0.200246 0.439475 2.928541
1 -10.12567329406738 9.475787162780762 -1.153444051742554 4.677597 1.774251 1.467659 2.91067
5 -1.731375932693481 14.99461650848389 -1.705742478370667 0.218021 0.198164 0.41265 3.004575
2 -22.61431312561035 -6.422350883483887 -0.3309319615364075 8.68162 2.689315 2.775887 1.36914
2 -5.112097263336182 13.89837074279785 -0.6959947943687439 6.9491 2.149481 2.703415 2.966773
3 -25.24431037902832 7.294852733612061 -1.141383171081543 0.45225 0.456176 1.411664 -1.667937
6 -23.52583885192871 19.41520118713379 -1.927158951759338 0.286693 0.170972 0.32055 0.0
5 -20.28355216979981 -13.48997783660889 -1.414926409721375 0.234743 0.331179 0.44179 -3.140907
5 -6.639808654785156 4.007557392120361 -1.586977601051331 0.231063 0.251235 0.449002 1.46022
2 26.65665245056152 -0.5969899892807007 -0.8362215757369995 3.191895 2.053207 1.836629 -0.009033218
1 1.67174243927002 8.409231185913086 -1.174665570259094 4.595506 1.815101 1.488681 3.125381
6 -29.28986167907715 -34.83279037475586 -1.080419659614563 3.855164 1.14086 0.276288 1.266528
3 -55.89698791503906 5.190372943878174 -0.485503762960434 0.570365 0.370996 0.735844 -2.220833
5 -9.398351669311523 -4.077674865722656 -1.524239182472229 0.254854 0.235789 0.369564 1.528506