2 8.957181930541992 -17.80340576171875 -0.8244297504425049 4.528516 2.323644 2.084537 -1.57078
1 -12.73898506164551 3.789777040481567 -1.054559588432312 4.599285 1.842878 1.476069 3.138969
6 -43.28987503051758 1.504722714424133 -0.7946354746818542 0.909462 0.579645 1.009529 -0.02172942
3 -33.26163482666016 21.02569007873535 -1.117541193962097 0.427949 0.536246 1.350553 -1.472661
5 12.49959754943848 -2.981376886367798 -1.489628434181213 0.307544 0.328608 0.621 3.107512
6 13.84866046905518 -2.624557018280029 -1.546530842781067 0.340059 0.356871 0.643529 2.491143
6 8.975152015686035 -3.168285369873047 -1.302050590515137 1.412593 0.734215 1.041961 -3.119214
1 22.81937217712402 -8.33057689666748 -1.23849356174469 4.097066 1.839565 1.472307 0.0658741
2 9.642556190490723 -7.919131278991699 -0.3785070180892944 7.516699 2.321739 2.306956 1.45625
1 24.78264045715332 -3.929064035415649 -1.119295239448547 4.281446 1.639535 1.397084 0.09109712
5 15.45034408569336 -2.501615047454834 -1.511083483695984 0.228575 0.241144 0.641664 -0.05138804
1 -20.27250671386719 3.632337093353272 -1.029685497283936 3.964454 1.646106 1.528108 -3.131628
1 32.70662689208984 -3.48334527015686 -1.056936502456665 4.509057 1.519105 1.451252 0.02023707
1 -50.85783004760742 21.75691413879395 -1.181359171867371 4.442219 1.309225 1.466891 -1.990989
3 49.23562240600586 9.143331527709961 -1.34204375743866 0.501352 0.453136 1.305755 -0.08697779
5 -34.46042633056641 -19.00031471252441 -1.540774703025818 0.176579 0.083644 0.306614 1.287405
1 28.7487907409668 -7.377213478088379 -1.196410775184631 3.68705 1.565912 1.32202 0.2170302
1 39.53434753417969 -3.764765501022339 -0.6867769360542297 1.319832 1.440493 1.32793 0.07218415
2 6.477610588073731 -5.822529315948486 -0.7678132057189941 4.772009 2.005689 2.113571 -1.602818
6 1.524250626564026 -9.565585136413574 -1.327816963195801 1.620468 0.631044 1.024211 0.0
6 13.8514518737793 -5.269277572631836 -1.247447729110718 0.612446 1.402688 0.838309 -1.55771
5 4.815689563751221 -6.672330379486084 -1.600802063941956 0.420404 0.471063 0.419201 -0.02172942
6 16.93150329589844 -3.88707423210144 -1.365103721618652 0.800769 1.345848 1.055303 0.0028271
5 10.71004486083984 -3.016599655151367 -1.455911159515381 0.394663 0.311261 0.686994 -3.129385
1 -5.965861320495606 3.44440221786499 -1.052146911621094 4.304225 1.761352 1.452968 -3.12077
6 4.707884311676025 -7.567773818969727 -1.551833629608154 0.498198 0.461075 0.502598 -0.02172942