5 23.83787727355957 8.2146635055542 -1.858436226844788 0.294094 0.315592 0.478269 0.01841987
4 -22.95343399047852 -5.835604190826416 -1.009421467781067 1.293894 0.296136 0.82164 -1.557201
4 -55.4605598449707 -6.11287784576416 -1.152155756950378 0.420903 0.59134 0.831833 -3.088076
4 -23.3795223236084 -6.092756271362305 -1.075906872749329 0.821117 0.388595 0.917981 -1.557551
6 -32.47817230224609 -5.295607089996338 -1.198672294616699 0.659879 0.415473 0.54331 -1.809486e-16
6 -40.93512725830078 -6.424307346343994 -0.883499026298523 1.527611 1.144379 1.239837 0.01024897
4 -21.82106781005859 -5.855187892913818 -0.9548924565315247 1.149392 0.447015 0.781758 -1.559263
4 -13.38338756561279 -5.569509983062744 -1.057691216468811 1.229135 0.589266 0.830279 -1.593042
1 -18.39009857177734 3.083920478820801 -0.9423980116844177 3.950801 1.735965 1.469205 -3.077155
4 -22.33379936218262 -5.801863193511963 -1.054937124252319 1.322415 0.392591 0.947166 -1.558667
4 -20.58872604370117 -5.628925323486328 -1.003944158554077 1.199007 0.346821 0.771492 -1.690993
1 48.42953491210938 -4.46179723739624 -1.444065093994141 1.217991 1.202671 1.608163 -0.04590167
1 -9.035310745239258 -5.389777660369873 -1.000851273536682 4.716918 1.716436 1.443671 0.05905161
4 -21.12106513977051 -5.824613571166992 -1.013930559158325 0.955807 0.365627 0.791465 -1.459323
4 -25.26359558105469 -5.491209983825684 -1.122853398323059 1.104416 0.386497 0.640154 -1.559003
4 49.05208587646484 -0.8564463257789612 -1.791078090667725 0.614315 0.533926 0.977227 0.006425209
4 -12.63324165344238 -5.267979621887207 -1.072600603103638 1.579151 0.592289 1.210515 -1.593042
3 33.2099609375 -10.12497711181641 -1.073872208595276 0.314163 0.350323 1.375845 -0.08794323
4 -23.93572807312012 -5.812990665435791 -0.9948469996452332 1.344656 0.563245 0.977741 -2.042449
4 -15.39632225036621 -5.390130519866943 -1.142861604690552 1.318959 0.37081 0.872066 -1.593042
3 29.17034912109375 -8.135099411010742 -1.030767560005188 0.393612 0.581477 0.940655 0.03284085
3 -30.6136589050293 12.54754447937012 -0.5187592506408691 0.451231 0.688036 1.128317 -0.2431743
1 43.15180587768555 -4.80353593826294 -1.590744256973267 1.501142 1.6559 1.323411 -0.03013096
6 -51.74457550048828 -6.596968650817871 -0.6661763191223145 1.705976 1.041724 1.198325 2.229681e-16
3 -18.02365684509277 4.31676721572876 -0.8127346634864807 0.722245 0.883371 1.500159 -3.076987
4 -19.50014114379883 -5.519640445709229 -1.046415209770203 1.220732 0.432835 0.93575 -1.690993
4 -24.27420425415039 -5.204338550567627 -1.132283210754395 0.633243 0.256874 0.747729 -1.400559
4 -20.01617240905762 -5.621460914611816 -1.028852701187134 1.344179 0.482694 0.856837 -1.690993
4 32.76383972167969 -8.714851379394531 -1.46804678440094 1.007196 0.217005 0.563344 3.141586
5 23.35945892333984 6.451570510864258 -1.879272699356079 0.326318 0.152444 0.41714 -0.4435031
1 -28.47860908508301 -5.747601509094238 -0.7601960897445679 4.341651 1.699039 1.678728 0.005896877
3 -18.55698013305664 -8.560648918151855 -0.6808072924613953 0.386387 0.415317 0.41304 3.141592
1 19.52729988098145 8.752779960632324 -1.25322949886322 4.37131 1.831518 1.637431 -3.112529
3 27.79264068603516 -10.47920227050781 -1.334930181503296 0.44498 0.668109 0.964599 1.646633
4 -14.25929260253906 -5.259379863739014 -1.063800096511841 1.656978 0.542388 1.10792 -1.593042
1 26.05481338500977 -4.989608287811279 -1.149996757507324 4.293005 1.676901 1.895485 -0.004103968
4 -15.91071701049805 -5.388100624084473 -1.090296864509583 1.384547 0.53543 1.077681 -1.593042
4 -18.08562469482422 -5.341031551361084 -1.077833414077759 1.423586 0.364744 1.11717 -1.690707
4 36.87743377685547 -5.254828453063965 -1.653424978256226 1.877439 1.149703 0.958672 -0.007485581
1 -49.28628540039063 7.594461917877197 -0.3916398584842682 3.090933 1.782562 0.674894 -3.135167
3 33.43587875366211 -9.771707534790039 -0.470883846282959 0.393932 0.59434 0.97689 -0.08794323
4 -24.77248191833496 -5.507141590118408 -1.104107737541199 1.2538 0.390649 0.635093 -1.5439
2 46.45372772216797 8.188105583190918 -0.5610957145690918 7.381557 2.732786 3.13541 -3.096964