1 21.33580589294434 3.140866994857788 -0.9832585453987122 4.132856 1.721748 1.61979 0.01975142
6 35.66678237915039 3.591342926025391 -1.314842224121094 1.35624 0.389692 1.111776 -0.7140421
5 17.51805686950684 -6.143582344055176 -1.298674583435059 0.153636 0.181415 0.474771 3.09102
2 -13.87107944488525 3.013172388076782 -0.5117692351341248 6.112216 2.645504 2.639336 -0.02097337
1 15.83114433288574 6.281513214111328 -0.5277620553970337 5.212639 1.873079 1.815004 0.0343825
1 0.2499351501464844 2.586956024169922 -0.9721296429634094 4.496938 1.749774 0.960848 -0.0296908
6 3.806737899780273 18.17280197143555 -0.6945711970329285 0.446515 0.298153 0.265398 0.1508739
1 1.541722178459168 5.452812671661377 -0.8954468369483948 4.795444 1.724906 1.700327 -0.02322649
1 36.19193649291992 -19.15074348449707 -0.6436673402786255 3.600256 0.462126 1.587482 -1.322138
1 37.73641204833984 8.285894393920898 -0.8771708011627197 2.882631 1.560518 1.10601 2.561561
6 42.20246887207031 -29.23364067077637 1.300649404525757 0.225331 0.904239 0.757728 1.438564
6 47.17885589599609 -20.34640121459961 -0.7042341232299805 0.53076 0.520722 1.116483 -1.602467
1 -5.651919364929199 2.685708522796631 -1.082287192344666 4.606695 2.091595 1.484595 -0.02471283
1 7.497236251831055 2.887626171112061 -0.9810492396354675 4.306807 1.965991 1.604423 -0.008472593
4 8.827728271484375 -3.679044008255005 -0.9417385458946228 2.125976 0.720808 1.645123 -0.0296908
1 -22.18751525878906 2.274776458740234 -0.9163992404937744 3.650105 1.005192 1.768379 -0.07662795
1 21.95254325866699 6.425411224365234 -0.7495224475860596 3.363458 1.581337 1.131114 -5.404102e-07
6 -41.41347885131836 2.783585071563721 -1.429957270622253 0.142152 0.286457 0.26756 -0.03278337
1 -28.69763565063477 0.04639669507741928 -1.184264659881592 3.209071 1.981788 1.37353 -0.07662795
1 -15.34297943115234 5.942512035369873 -0.8201772570610046 3.38964 1.354207 0.785719 -0.2026851
1 -20.70526504516602 7.469046592712402 -0.07635502517223358 2.954951 1.61721 2.097257 -0.07662795
4 21.47445297241211 -5.360177993774414 -0.8270224332809448 1.66115 0.954588 1.816299 -0.4096176
5 15.73361301422119 -5.398437023162842 -1.2823725938797 0.19486 0.191645 0.535256 -1.489154
1 8.523828506469727 12.98055267333984 -1.218670845031738 4.845872 1.64183 1.429583 3.085469
1 8.092910766601562 6.232255935668945 -1.09048068523407 4.254268 1.704196 1.455135 0.00644906
2 -6.573940277099609 5.860295295715332 -0.562186062335968 9.142739 2.805442 2.413939 -0.01483777
1 14.11239337921143 2.860896348953247 -1.072619557380676 4.372256 1.593453 1.401024 0.01774505
2 49.65931701660156 -32.99433517456055 0.09616048634052277 11.825883 3.842122 3.506794 1.436512
1 -28.97671508789063 2.229551792144775 -1.246655344963074 3.339295 0.511033 1.219461 -0.07662795
1 -10.24979782104492 -0.3996142148971558 -1.102091431617737 3.946563 1.84383 1.372863 -0.03942708
3 24.19897651672363 20.51369094848633 -0.8648664355278015 0.44317 0.408052 1.389664 -0.004122082
2 8.998335838317871 -0.4465610980987549 -0.4993236660957336 0.586482 2.632986 2.106023 -0.0296908
1 48.06853485107422 -12.4660234451294 -0.9770757555961609 4.269174 1.272672 1.009069 1.694541