4 45.37227249145508 -2.812606334686279 -0.8463500738143921 1.202879 0.814938 1.491097 -0.09878147
4 -54.53526306152344 15.3133716583252 -1.369519710540772 1.925114 0.823849 1.181893 3.139859
3 -21.32801628112793 -10.10859107971191 -0.7124232053756714 0.736962 0.71225 1.637158 0.119064
3 -48.04677581787109 18.08316993713379 -1.54632294178009 0.328271 0.365146 0.884642 3.065062
1 40.3311882019043 -0.3976828455924988 -0.9301652312278748 4.729378 0.901638 1.131185 -0.07867779
1 -14.09046077728272 -0.02697089314460754 -1.088814496994019 4.195777 2.083897 1.450082 0.0
1 57.83568572998047 -1.815284967422485 -0.6710199117660522 0.895035 1.330847 1.5463 -0.04493478
1 -29.19940567016602 0.409729391336441 -0.7156914472579956 3.556895 1.992891 0.911111 0.0
2 8.45465087890625 3.015483140945435 -0.5227773785591125 11.349348 2.871077 2.518877 0.03617262
6 -57.29251098632813 3.210474729537964 -1.434476137161255 0.270973 0.275325 0.341954 0.09464844
2 7.993679523468018 -3.280212879180908 -0.5344563126564026 13.136747 2.816645 2.462789 0.01822171
1 20.16043090820313 0.5125319361686707 -0.8348243832588196 3.344869 2.208673 1.875429 0.0
4 54.54732131958008 -4.671483516693115 -0.7712128162384033 1.524647 0.945809 1.204585 -0.01672536
1 29.68394279479981 3.584402084350586 -1.048255085945129 3.507429 1.571288 1.436332 0.0
6 18.83557891845703 -4.61188268661499 -0.982334554195404 0.213269 1.673354 0.456423 -0.04882839
6 18.52641487121582 3.399184703826904 -1.014356017112732 0.226481 1.215694 0.332237 0.01590256