1 26.03658103942871 32.49415969848633 -0.335002213716507 3.992738 1.238777 0.626388 -1.78321
3 52.76785278320313 12.82561683654785 1.833468556404114 0.739547 0.73677 0.416422 -0.290424
1 -15.82924365997315 -6.251332759857178 -1.117742419242859 3.068787 1.981961 1.507113 0.8904318
1 15.33399391174316 8.510499954223633 -0.8900009989738464 4.49203 1.854126 1.303906 2.900859
1 -24.53669738769531 45.44414138793945 -1.436690449714661 4.245066 1.471977 0.668549 1.530721
5 -1.317882180213928 -8.013742446899414 -1.509728193283081 0.152453 0.148617 0.580714 2.811935
4 -18.10752487182617 -25.81201934814453 -1.034870266914368 0.975967 0.580507 1.395254 1.522622
5 -11.26194095611572 -12.91433048248291 -1.421924471855164 0.169728 0.133304 0.470176 2.731903
5 -4.912632942199707 -9.000767707824707 -1.475769996643066 0.175362 0.166462 0.490693 2.731903
1 -22.18877983093262 6.846679210662842 -1.135934591293335 4.364846 1.676239 1.354234 -2.384085
5 -9.777734756469727 -11.68777179718018 -1.464249610900879 0.114852 0.161823 0.469216 2.731903
4 -10.4321346282959 -10.56708431243897 -1.075388193130493 1.724536 0.758289 1.581405 2.341798
5 -15.8793249130249 -19.18872261047363 -1.517441272735596 0.185912 0.236157 0.484934 2.731903
5 2.32845664024353 -7.827578544616699 -1.40527868270874 0.184666 0.271062 0.597394 2.811935
5 4.278969287872315 -7.97305965423584 -1.379149675369263 0.14383 0.193263 0.478844 2.811935
1 -27.06854057312012 -11.72662734985352 -0.511414110660553 3.198746 1.606601 0.771621 1.522622
1 -6.466977119445801 -2.168596267700195 -1.187276363372803 3.755547 1.952123 1.177831 0.2929345
1 -24.74877738952637 -26.19607925415039 -1.109988212585449 4.484637 1.626268 1.443066 1.473206
4 44.62303924560547 10.63891124725342 -0.3480966985225678 2.447338 1.208326 0.650316 2.913956
1 -27.40751266479492 -33.03343963623047 -1.392339944839478 0.429571 2.016277 0.584926 -0.2885249
6 -25.20125770568848 -31.55049324035645 -1.534985542297363 0.43572 0.867212 0.526481 1.478903
1 25.40159797668457 6.167440891265869 -0.5602709650993347 3.734141 2.007337 0.683743 2.909489
5 -14.92098808288574 -17.43539237976074 -1.445268273353577 0.195339 0.180868 0.576768 2.731903
2 27.26698684692383 -7.555249691009522 -0.09994755685329437 1.300561 2.559639 2.601443 -0.2400961
1 -28.94622611999512 32.56335067749023 -1.213757991790772 4.63627 0.484166 0.517639 -2.392712
5 -6.40696907043457 -9.697181701660156 -1.500361919403076 0.176248 0.144848 0.57338 2.731903
6 -9.548471450805664 27.57147026062012 -1.18343710899353 1.434332 0.459882 1.286927 2.550864
1 -24.32805633544922 -19.41937255859375 -1.376902103424072 4.4773 1.730519 1.025694 1.522622
1 -39.26545715332031 -12.91141700744629 -1.185458898544312 3.202264 1.703514 1.3831 -1.802258
1 -25.92353820800781 -39.72836685180664 -1.330466866493225 4.187754 1.760658 1.502561 1.522622
1 9.677628517150879 -1.41963517665863 -0.7706218957901001 4.740065 1.984124 1.978139 -0.6344088
1 -23.87220764160156 -12.71707057952881 -1.028418779373169 4.076258 1.817681 1.59737 1.522622
1 -20.75926017761231 49.70167541503906 -1.512781620025635 3.657822 1.671795 0.687486 1.572316
6 -46.67064666748047 23.42623901367188 -1.62101686000824 4.014522 1.365474 0.495302 3.098384
5 -3.124262094497681 -8.437552452087402 -1.493070125579834 0.154138 0.179542 0.527968 2.731903
5 -12.65579223632813 -14.34363079071045 -1.501717329025269 0.123622 0.192247 0.511081 2.731903
5 0.5278548002243042 -7.869735717773438 -1.426688671112061 0.199508 0.19719 0.620973 2.811935
1 -0.8520501852035522 18.17280387878418 -1.165151715278626 3.478458 1.847491 1.467578 2.893055
4 -15.015944480896 -12.67941761016846 -0.9861127734184265 2.454027 0.925339 1.776144 1.1497
1 -4.022124767303467 15.17849636077881 -1.126499891281128 4.473593 1.876688 1.464729 3.055426
1 7.872281074523926 7.48412561416626 -0.9936560392379761 4.364624 2.103889 1.463378 -2.598068
5 -8.178811073303223 -10.62478828430176 -1.464731454849243 0.171203 0.123529 0.547138 2.731903
2 -26.89381790161133 -47.49111557006836 -0.4879676699638367 5.134482 2.41821 2.621799 1.522622
2 -32.23528671264648 -1.512799024581909 -0.3046500682830811 12.069923 2.637254 3.249948 -1.980484
2 -29.28550910949707 -40.68809127807617 -0.190372496843338 7.540523 2.75106 3.079566 1.456969
1 -13.03537368774414 14.13881683349609 -1.147408485412598 4.23983 1.813087 1.41157 -2.897872
1 -35.8679313659668 26.60389709472656 -1.106137156486511 4.562879 1.851669 1.47867 0.4304157
1 -27.55190086364746 -18.2845630645752 -0.7785622477531433 4.056673 1.831364 1.983531 1.522622
6 -27.57774162292481 -26.25148582458496 -1.230458736419678 1.998939 0.294879 0.87308 1.522622