4 28.42106056213379 10.07219314575195 -1.390290379524231 1.566467 0.787911 1.005456 1.059036
1 53.38460159301758 9.7742338180542 -0.8678604364395142 2.242506 2.129112 1.487296 -3.110142
1 -21.63690185546875 -11.70657157897949 -0.8302546143531799 4.510437 1.623731 0.69631 -1.434801
3 42.52571105957031 13.54994869232178 -1.045636773109436 0.630916 0.463677 1.395505 -0.701036
5 18.32480049133301 -1.8532475233078 -1.410040616989136 0.305623 0.279584 0.595389 -3.124166
1 -44.73283386230469 2.926165342330933 -1.477309703826904 3.603708 1.736393 1.200404 3.128112
1 23.28159713745117 -3.662053108215332 -1.08884608745575 4.028885 1.869035 1.420976 -3.061155
4 19.69156455993652 9.925959587097168 -1.624156713485718 0.740966 0.354225 0.77848 0.2001171
5 21.08087158203125 -1.71973192691803 -1.447935938835144 0.166859 0.181343 0.556459 -3.124166
6 33.044921875 -2.076573848724365 -1.047156810760498 0.518074 0.857808 0.412602 1.599909
5 16.57420158386231 -1.893098115921021 -1.452154397964478 0.230505 0.257154 0.56596 -3.124166
1 -13.68050956726074 -4.049441337585449 -1.09698486328125 4.694758 1.741507 1.521194 0.03280438
4 16.62177848815918 9.966376304626465 -1.399875521659851 1.094365 0.315758 1.132068 0.1437216
4 23.05608367919922 9.662288665771484 -1.415567994117737 1.467341 0.500266 1.165886 0.757961
1 41.25403594970703 -3.117397308349609 -0.6037986278533936 2.824154 1.550526 1.572372 -0.5742917
3 35.83903884887695 19.38504791259766 -0.7131597995758057 0.477549 0.45745 0.840077 -1.488869
4 19.20304489135742 9.419313430786133 -1.424669504165649 0.903209 0.554141 1.006017 1.660716
4 21.36190986633301 9.422468185424805 -1.532786846160889 1.389991 0.346363 0.965686 0.6510665
5 23.28607559204102 -1.752013564109802 -1.422450542449951 0.126865 0.216969 0.455807 -3.124166
5 28.02873229980469 -1.337212920188904 -1.514291167259216 0.16831 0.179834 0.381825 1.565918
5 14.94847965240479 -1.877618670463562 -1.458690166473389 0.451841 0.29304 0.688793 -3.124166
5 13.15182209014893 -1.988840460777283 -1.506148815155029 0.293748 0.206683 0.580576 -3.124166
3 43.56588363647461 12.85904312133789 -0.917261004447937 0.340285 0.275993 1.72197 0.1637919
4 24.55206871032715 9.637649536132812 -1.528241753578186 1.675154 0.371094 0.900124 1.070659
2 -31.96159744262695 -5.085983276367188 -0.9492731690406799 2.447875 0.969231 2.00446 -1.596233
1 10.98223495483398 -4.273325443267822 -1.039443254470825 4.20434 1.716143 1.531851 -3.091143
1 -6.090299606323242 -3.6286940574646 -0.9523341655731201 4.710588 1.954059 1.685518 0.0359342
2 -29.32080078125 -8.258962631225586 -0.5974974036216736 7.497492 2.357186 2.709069 1.488655
4 17.42879104614258 9.48013973236084 -1.515220403671265 1.519877 0.45329 0.875859 1.005391
3 11.23634815216065 9.731616020202637 -1.161293983459473 0.61598 0.755309 1.729746 -2.727248
4 18.45908546447754 9.440704345703125 -1.426121354103088 1.163701 0.590416 1.045033 1.591753
1 21.77166175842285 -7.238192558288574 -0.8859741687774658 4.000347 1.705364 1.677659 -0.9062784
6 -22.1152515411377 -4.08482027053833 -1.37698221206665 0.656789 1.284753 0.895309 0.05799626
3 36.46074295043945 19.25623893737793 -0.729627251625061 0.333611 0.449443 0.86278 -1.488869
2 1.85600209236145 -3.989909172058106 -0.74980229139328 4.58496 1.995718 2.037286 -0.1782319
1 27.31945610046387 -3.790192365646362 -0.9676111340522766 4.703625 1.489079 1.426621 1.565918
5 11.88411235809326 -1.945290923118591 -1.564818501472473 0.170092 0.224726 0.391027 -3.124166
1 -9.062840461730957 -7.330419540405273 -0.9176260232925415 3.071886 1.262273 1.085665 0.1919484
3 10.76343822479248 17.69225311279297 -1.089112997055054 0.362812 0.519262 0.415241 1.697126
4 22.19590187072754 10.11716842651367 -1.420174837112427 0.939702 0.364894 0.877502 0.2645757
3 42.70306396484375 12.30033111572266 -1.039565443992615 0.829381 0.629637 1.395322 0.1637919
5 -30.73487281799316 -3.297615051269531 -1.429893732070923 0.123327 0.207129 0.80658 -3.705089e-16
1 -58.62622451782227 2.704460859298706 -1.069822788238525 2.080684 1.009924 1.115547 -3.10187
5 -28.23622894287109 -3.328129768371582 -1.472805857658386 0.162041 0.13421 0.366185 0.0
6 -34.29240798950195 -3.26241660118103 -1.748763084411621 0.23719 0.808362 0.255518 -3.089183
3 10.39158725738525 18.57444000244141 -1.276857376098633 0.305163 0.624724 0.410198 1.697126
1 -16.32381439208984 -8.532111167907715 -0.726723313331604 1.716031 1.265785 0.56497 0.09240858
4 23.5977897644043 9.297168731689453 -1.389957547187805 1.416011 0.376307 1.094966 0.757961
3 9.97036075592041 9.355351448059082 -1.091766476631165 0.394328 0.6187 1.665359 -1.608299
6 -29.49169158935547 -3.327850341796875 -1.379142165184021 0.158195 0.387153 0.810554 0.0
1 -24.83133125305176 -6.752277374267578 -1.030820727348328 3.071457 1.413551 1.240922 -1.62581
5 24.62052917480469 -1.662500977516174 -1.431261539459229 0.325503 0.301007 0.648507 -3.124166
3 37.02913284301758 18.69196510314941 -0.7176871299743652 0.36312 0.397087 0.828461 -1.488869
6 -26.40205383300781 -3.283360004425049 -1.599322319030762 0.232438 0.176989 0.464191 0.0
1 -3.001977443695068 -6.158048152923584 -1.075801014900208 4.573318 1.836219 1.469679 0.1557304