1 8.870823860168457 3.139874219894409 -1.065651893615723 3.661503 1.899111 1.447484 0.1218535
1 -23.501220703125 -2.959596395492554 -1.269850134849548 3.933549 1.822478 1.182701 0.03996931
1 -26.48581314086914 4.374619007110596 -1.209162712097168 2.774462 1.845237 1.145943 0.07117191
2 26.53219795227051 8.611532211303711 0.06328023970127106 0.293304 2.046697 2.296045 0.09159108
2 23.51451683044434 5.15008020401001 -0.3467161059379578 4.874133 2.258923 2.855167 0.08756006
2 6.84882926940918 -0.4280154407024384 -0.5180392265319824 0.667093 2.667767 2.03934 0.1053266
1 -43.35757446289063 -0.7287180423736572 -1.321179628372192 0.888053 0.418245 0.718077 0.09167495
1 1.875868916511536 2.837597131729126 -0.7998199462890625 4.214574 2.024431 1.936302 0.1053266
1 15.32670593261719 3.852221727371216 -0.8770208358764648 4.223059 1.686398 1.900931 0.1182999
1 -24.40467834472656 1.351367831230164 -0.6890152096748352 3.276072 1.775422 0.963046 0.07117191
2 -15.76548862457275 11.99931716918945 -0.5509865283966064 7.014037 2.467554 2.945584 -3.086486
1 -14.80282783508301 1.284741163253784 -1.104551196098328 4.471148 2.00687 1.426841 0.08093558
4 -13.42186737060547 18.30764579772949 -1.398698925971985 1.561881 0.538968 1.623563 -3.111315
2 12.14998912811279 6.834017753601074 -0.423440158367157 11.29788 2.763953 2.666526 0.1143993
2 21.61127090454102 8.367122650146484 0.002879636827856302 2.77849 2.451747 2.079723 0.08760747
1 36.47864151000977 4.927220344543457 -1.019043207168579 1.353502 1.52909 1.210337 0.07300278
1 31.92892837524414 5.172943115234375 -1.260182023048401 3.645698 0.231815 0.914867 0.1100807
6 18.61736297607422 2.262751817703247 0.3201952278614044 1.320939 0.234494 0.480876 0.1053266
1 -32.75202941894531 0.3280564248561859 -1.102845549583435 2.589121 1.463451 1.442954 0.02891046