2 33.03700256347656 1.636321663856506 0.4162245988845825 0.288488 2.262583 1.096491 0.2240572
1 -33.30470657348633 -6.452455997467041 -0.9698475003242493 4.110134 1.828929 1.539032 0.1239947
1 10.53433513641357 3.099551677703857 -0.856686532497406 4.391422 2.173009 1.952353 0.1522457
1 -45.86983489990234 -4.386204719543457 -0.729874849319458 1.439485 1.451281 0.742422 0.1026106
1 25.12993049621582 5.147294044494629 -0.3890284895896912 1.643748 1.329016 0.92696 0.1686885
6 25.14684677124023 1.008588552474976 -0.7180653214454651 0.332683 0.705274 0.556144 0.1686885
1 -30.67979049682617 0.863844633102417 -0.9762195348739624 3.844475 1.803165 1.645249 0.1239947
1 -22.19136428833008 -1.084743738174439 -0.451596200466156 3.220616 1.885725 0.646115 0.1239947
1 36.93345260620117 4.656093597412109 -0.9241665601730347 4.399584 1.784071 1.846773 0.2238423
1 -12.82583522796631 -0.6346535086631775 -1.047375202178955 4.186821 2.003592 1.475773 0.118513
2 12.85415935516357 -0.2051936239004135 -0.4765201210975647 13.147209 2.953872 2.643907 0.1624671
2 41.49213409423828 11.55654716491699 0.4989956617355347 9.297958 1.998843 1.950535 0.1931556
2 31.43173789978027 10.86668395996094 0.4529126882553101 0.184212 1.243072 1.042254 0.1848898
2 13.94526100158691 13.9205493927002 -0.5636849999427795 7.134308 2.570885 3.064822 -2.963805
2 32.06208038330078 6.926150798797607 0.3775765299797058 0.3729 2.492542 1.705101 0.1626039
1 18.34182739257813 3.55885648727417 -1.071027278900147 1.553913 0.833539 1.403108 0.1686885
2 16.63973045349121 7.062429428100586 -0.3495683372020721 11.21262 2.95002 2.729484 0.1837319
4 4.420376777648926 18.75816154479981 -1.391366243362427 1.731527 0.645033 1.650573 -2.985275
1 -31.70898056030273 -3.158172607421875 -0.7340576648712158 1.710215 0.925932 0.795066 0.1239947