3 -16.14797973632813 -10.09465599060059 -0.5862883925437927 0.735536 0.556115 1.635777 0.01201705
4 46.34382247924805 -2.774788856506348 -1.024376511573792 1.123117 0.621262 1.227723 -0.006962535
1 -14.13726043701172 -0.0249272882938385 -1.042990803718567 4.141236 2.089583 1.498108 0.0
1 -28.88954925537109 0.399320662021637 -0.6735583543777466 3.649715 2.033155 1.102775 0.0
1 29.52253532409668 3.618097543716431 -1.223641514778137 3.686827 1.547005 1.314945 0.02481922
6 42.93158721923828 -0.6932557225227356 -1.052496552467346 0.534961 0.450793 0.87594 -0.006962535
1 20.11735534667969 0.522183895111084 -0.8672770857810974 3.529217 2.03534 1.938559 0.02481922
1 -46.53136825561523 15.27983665466309 -1.179945826530457 2.102709 0.927945 1.066244 3.141592
2 8.826386451721191 -3.443472146987915 -0.5359549522399902 13.165186 2.902624 2.529895 0.02481922
2 8.32222843170166 3.018039464950562 -0.5294962525367737 11.777503 2.752111 2.535994 0.02481922
1 59.16698837280273 -1.4708571434021 -0.8367119431495667 0.624505 1.536922 1.286532 0.0
4 56.89852142333984 -4.512198448181152 -0.8179946541786194 1.430311 0.880108 1.295276 2.410907e-16