6 38.44563293457031 6.411502361297607 -0.9781943559646606 0.200523 0.438982 0.254902 0.0508022
1 32.9860954284668 6.800752639770508 -0.463297426700592 3.566446 1.798888 1.626459 0.05982341
1 26.00838470458984 6.064818859100342 -0.7783653140068054 2.519716 0.54832 0.60312 0.05982342
1 -26.43277549743652 6.57520866394043 -0.5505319833755493 2.31469 1.414502 0.904792 -0.01632948
6 53.71879959106445 -24.62769508361816 -0.5001661777496338 4.276108 1.246102 0.479848 -1.556225
1 30.84674072265625 2.725584030151367 -1.288278222084045 1.309925 0.461932 1.039645 0.1376858
6 -32.77121353149414 3.503464221954346 -0.2746019661426544 1.551284 0.62464 0.253795 -0.01632948
6 -38.65493392944336 2.963303565979004 -1.313595533370972 0.553281 0.22397 0.755831 -0.02570925
1 25.35421943664551 3.039439916610718 -1.05549418926239 3.408029 1.394415 1.58639 -0.001260873
1 -25.13594055175781 2.440576076507568 -1.153400540351868 3.839656 1.043007 1.216685 1.875013e-17
2 4.164961338043213 2.981403827667236 -0.6579923629760742 6.495005 2.628639 2.269737 0.007011084
2 7.925173759460449 -0.7221693396568298 -0.6604801416397095 0.629727 2.645466 2.367246 0.03735831
1 16.48745155334473 5.001866340637207 0.02452770248055458 4.281517 0.768395 1.5357 0.05982342
1 17.90916252136231 2.325147867202759 -1.085210680961609 4.054284 1.006269 1.469418 -0.001260873
1 -10.91261291503906 2.505659818649292 -0.9850836992263794 3.925459 1.687788 1.577769 -0.01178043
1 -40.78458404541016 0.712653398513794 -0.8877013921737671 2.42003 1.839903 1.235464 -0.01632948
6 -48.38004684448242 3.244176626205444 -1.095720887184143 1.184409 0.425261 0.977722 -0.05533597
1 1.029462337493897 5.921651840209961 -1.016540050506592 1.629574 1.644712 1.445246 -0.02412095
2 -7.444895267486572 5.85142183303833 -0.540073812007904 10.969298 2.67669 2.486371 0.01472251
1 -4.491841316223145 2.7010178565979 -0.7945834994316101 4.863889 2.287951 1.912622 0.0
1 11.66330337524414 2.678730249404907 -1.08031952381134 4.453351 1.769481 1.454692 -0.01248335
1 38.00209808349609 3.773677349090576 -1.039466738700867 1.318439 1.533777 1.441688 0.09454129
1 -18.33943748474121 3.147334575653076 -0.7835021615028381 4.329885 2.196844 1.853467 0.0
1 -12.01611709594727 -0.7863693833351135 -1.122318983078003 3.930794 1.816001 1.272919 -0.01632948