1 23.01134872436523 12.29169082641602 -0.9135096073150635 2.813109 1.749479 0.920245 -3.136076
6 37.08008575439453 -0.6145484447479248 -0.6416800022125244 0.224351 0.416903 0.396612 0.01255819
2 -54.11317825317383 -2.883118152618408 0.04611612111330032 4.150338 3.242262 2.753471 -0.04248359
6 -17.47555923461914 7.724122524261475 -0.690151035785675 0.733653 0.274124 0.286529 -3.109725
1 -43.38050079345703 -2.636091709136963 -1.292553067207336 1.291045 1.96042 0.798406 -0.005045477
1 13.30879592895508 3.935157537460327 -1.153093814849854 4.257383 1.723608 1.445305 -0.03358487
1 23.26589393615723 0.05028802156448364 -1.185511946678162 1.369991 1.534915 1.373222 0.07576251
6 -38.13249969482422 7.95939826965332 -1.117685675621033 1.271711 0.768893 0.314827 3.104277
1 -22.79825019836426 8.384743690490723 -0.9477860927581787 4.010808 1.600123 1.171008 -3.117999
1 -24.46892356872559 3.767004489898682 -0.9058944582939148 4.010286 2.058636 1.640066 0.04165375
1 36.01430511474609 13.06828308105469 -1.337646126747131 4.223712 1.741028 0.719316 3.113178
2 40.96325302124023 -3.881488084793091 -0.3961735963821411 4.223961 2.844545 3.171012 -0.02024152
1 16.59427452087402 10.04058265686035 -1.427474498748779 3.75 1.647566 1.600003 3.130686
2 -1.208722233772278 3.119125127792358 -0.6745169162750244 10.784073 1.168738 2.252293 -0.01495844
2 -16.97162628173828 -7.851297378540039 -0.3885060846805573 6.244587 2.082599 2.092124 -0.06479335
1 44.41658782958984 -0.1694326400756836 -0.8004111051559448 0.671896 1.845012 0.895619 0.0002992008
1 -33.47524261474609 8.423131942749023 -0.9417601823806763 4.158422 1.703484 1.138164 3.122116
3 -1.622755885124207 -9.401094436645508 -0.9011492133140564 0.717784 0.673105 0.942706 2.218982
3 24.44911193847656 -9.495401382446289 -0.6084346175193787 0.374227 0.443672 1.367741 1.441141
1 -32.88269424438477 0.5881982445716858 -1.275358438491821 2.034583 1.735476 0.997901 0.06007665
1 -31.31065940856934 13.38384342193604 0.461702972650528 1.742934 0.500356 1.02802 3.104277
4 40.5753059387207 -6.185521125793457 -1.266438841819763 1.392248 1.146646 0.819505 -0.01956311
4 -30.85886001586914 -3.672782421112061 -0.9951752424240112 1.632264 0.693563 1.361158 -0.2449202
1 -9.936483383178711 0.821053147315979 -1.033756971359253 4.241769 2.024556 1.421842 -0.08238766
6 -37.48958969116211 14.48485088348389 -0.5318259000778198 1.105898 1.049044 0.120367 -0.0156919
1 10.82848644256592 0.6389150023460388 -0.8623918890953064 3.459671 2.364712 1.94801 0.006016043
6 50.30460739135742 15.33991622924805 -1.509584784507752 0.460912 0.574259 0.648566 -3.078417
1 -44.48213195800781 8.271387100219727 -0.6987179517745972 0.595202 0.958736 0.695021 3.104277
3 41.10985565185547 -7.85313081741333 -0.8396133780479431 0.380886 0.537453 1.613009 2.968729
2 -43.80404281616211 11.84416580200195 -0.1630618125200272 9.483889 2.67103 2.895532 -3.128622
1 9.674983978271484 6.537369728088379 -1.187009453773499 1.348581 0.962067 1.205262 -0.0241047