1 44.21471786499023 9.212433815002441 -1.122588992118835 3.987145 1.860132 1.527753 -3.108249
5 21.1495418548584 -1.850659012794495 -1.47198486328125 0.08913 0.138945 0.537567 -0.6668132
1 -25.79360580444336 -8.158169746398926 -1.133663892745972 3.627799 1.534598 1.434293 0.1111584
1 -16.12759971618652 -3.637017011642456 -0.9071512222290039 4.453601 1.936574 1.732232 0.01658821
5 3.05108904838562 -2.12679648399353 -1.381591081619263 0.200619 0.203118 0.444596 3.068669
5 4.754963874816895 -2.027944803237915 -1.485351800918579 0.327078 0.406839 0.579529 3.068669
1 -7.96785306930542 -4.189536571502686 -0.7584875226020813 4.813488 2.071056 2.025957 -0.1714144
4 14.49650287628174 9.18954086303711 -1.382887363433838 1.71551 0.490507 1.078084 0.8781623
1 -53.77589797973633 3.346327781677246 -0.945800244808197 1.499325 1.646804 1.071654 3.139127
4 18.37128448486328 9.842987060546875 -1.417065978050232 1.601157 0.698119 1.019567 1.177119
1 22.98300933837891 -3.61394214630127 -1.078107833862305 3.773322 1.742243 1.416256 1.570396
4 11.17115497589111 9.052802085876465 -1.40358030796051 1.336128 0.409011 1.083474 0.5852411
4 19.38452529907227 10.61114501953125 -1.399021983146668 1.719093 0.315369 0.797282 1.675235
2 -39.35786056518555 -7.932731151580811 -0.07156680524349213 7.306741 2.078614 2.039938 1.490769
4 12.82077312469482 9.315149307250977 -1.494400978088379 1.524289 0.501946 0.891557 0.8584787
4 7.735836505889893 9.237666130065918 -1.394694685935974 1.786963 0.449048 1.050746 0.6541178
3 0.1618080586194992 9.24020004272461 -1.121673345565796 0.400399 0.719253 1.746535 -1.201358
3 7.311710357666016 -15.97117805480957 -0.4998860955238342 0.416014 0.479925 1.041145 -0.6912718
3 25.70964813232422 17.57405090332031 -0.8586233258247375 0.295552 0.472347 1.045785 1.054039
3 32.61423873901367 11.84705924987793 -1.088086843490601 0.812621 0.644467 1.38103 0.04326284
4 13.4285249710083 8.962639808654785 -1.398012638092041 1.591435 0.529601 1.077543 0.8098805
3 26.3077278137207 17.60348129272461 -0.8852059841156006 0.336206 0.461472 1.079114 1.093383
1 -20.45626258850098 -7.004385471343994 -0.9069852232933044 2.499981 1.107306 1.096576 0.1634749
1 -23.81622123718262 -3.667112350463867 -1.051536083221436 3.782584 1.070212 1.419722 -0.02770281
4 14.92846584320068 10.116286277771 -1.533805370330811 1.924332 0.430778 0.89861 0.7883362
1 -0.2043682783842087 -8.828622817993164 -0.8005505800247192 3.080935 1.718184 1.745835 0.1048844
5 14.535475730896 -1.925827145576477 -1.435229301452637 0.323357 0.214215 0.458782 -3.017528
3 28.78456878662109 28.66553688049316 -0.7046411037445068 0.357909 0.564619 1.328224 3.124353
4 15.75650882720947 9.797798156738281 -1.481267213821411 1.089581 0.731237 0.895132 1.173543
4 17.71721076965332 10.40800952911377 -1.415813088417053 1.508526 0.681973 1.036629 1.177119
4 8.86111068725586 8.884206771850586 -1.416720390319824 1.646504 0.568595 1.018326 0.09355649
1 31.1285400390625 -3.522513628005981 -0.7495270371437073 2.984027 1.690297 1.592987 -0.5591973
5 17.97520065307617 -1.654126524925232 -1.490673303604126 0.340044 0.254872 0.552672 2.62993
1 13.19592666625977 -3.908459663391113 -1.054343819618225 4.249768 2.001293 1.548825 -3.035197
5 6.43950891494751 -2.071488618850708 -1.503085613250732 0.290712 0.295397 0.548548 3.068669
1 0.9078762531280518 -4.445599555969238 -1.03607976436615 4.473493 1.912925 1.539763 -3.11157
5 13.13946437835693 -2.004479169845581 -1.476648926734924 0.357744 0.255755 0.630877 3.068669
1 11.62745094299316 -7.45250940322876 -0.9671036005020142 4.073591 1.813917 1.694646 -0.847116
6 -44.43145370483398 -2.885281562805176 -1.506009101867676 0.241502 0.621158 0.300358 0.007224347
4 13.81027507781982 10.2597074508667 -1.427157878875732 1.527545 0.393311 0.970967 0.6063964
3 33.63424301147461 12.49772930145264 -0.7946636080741882 0.293251 0.333913 1.110221 0.04326284
3 32.53553771972656 13.20194339752197 -1.124253034591675 0.730269 0.468785 1.431646 -3.057045
4 9.28628921508789 9.58480453491211 -1.568481922149658 1.583703 0.367587 0.717943 0.2353231
3 26.71952438354492 16.82828140258789 -0.8906558752059937 0.292226 0.464663 1.093258 -2.162112
5 10.93633556365967 -1.92090117931366 -1.450151920318604 0.2804 0.298999 0.657382 3.068669
6 -32.45555877685547 -3.784620761871338 -1.03317129611969 0.853525 0.258105 0.258274 -1.629213
6 26.95533180236816 -3.198227643966675 -0.9794496893882751 1.22798 0.315558 0.421314 -1.534363
1 17.10566902160645 -4.083404064178467 -1.04331374168396 4.575314 1.606056 1.484202 1.570396
4 6.767652988433838 9.744717597961426 -1.486141681671143 1.864216 0.692176 0.957783 0.05635639
6 1.743031978607178 -2.077703237533569 -1.38156521320343 0.169188 0.241025 0.118624 -3.114925
3 1.034703969955444 9.602449417114258 -1.136287569999695 0.361285 0.840912 1.734919 -2.507373
1 -41.91995620727539 -4.4355788230896 -0.688301146030426 1.701207 0.70711 1.847191 -1.629147
5 8.12981128692627 -2.01622462272644 -1.48410439491272 0.308589 0.326266 0.655793 3.068669