1 37.18187713623047 4.543891906738281 -1.167386054992676 4.2138 1.481682 1.458864 2.06043
1 -31.83821868896484 1.709854483604431 -0.9214863777160645 3.125169 0.677167 1.92249 0.05561185
4 12.30974388122559 -5.504729270935059 -0.8751038312911987 2.133381 0.943298 1.773492 -0.3029357
5 6.066617965698242 -5.401804447174072 -1.299364566802979 0.234846 0.172046 0.595887 -1.441874
1 -1.263060092926025 6.186629295349121 -1.07325553894043 4.493517 1.91878 1.475791 0.07713992
5 19.22890853881836 -24.35771751403809 -1.15366268157959 0.185096 0.152882 0.460201 -0.02348566
1 11.53302383422852 3.2215576171875 -0.9847974181175232 4.185016 2.070975 1.615138 0.07713992
2 -33.44960403442383 6.144869327545166 0.0324305035173893 7.327739 2.278395 2.467442 0.05561161
2 14.73955821990967 -2.044267416000366 -0.4330452382564545 12.726332 2.684428 2.717361 -0.2357672
1 49.89864730834961 16.04636573791504 -1.286903738975525 4.319679 0.778308 1.161213 -0.9132925
1 38.13710403442383 -12.40392398834229 -1.025888204574585 4.765926 1.707587 1.473552 1.637189
1 -1.9253009557724 2.852792024612427 -0.9553760886192322 4.302541 1.869482 1.595149 0.07713992
1 -8.96189022064209 2.411842584609985 -1.085533499717712 4.209219 1.889518 1.464522 -0.02647704
5 12.70107841491699 -9.36622428894043 -1.235871553421021 0.118305 0.122018 0.450577 -1.441874
1 45.50872421264648 27.13613319396973 -1.269673466682434 2.705436 0.436052 1.111673 -1.359502
5 14.05620193481445 -10.70763874053955 -1.315396904945374 0.104383 0.106904 0.486528 -1.441874
1 2.414349555969238 8.230815887451172 -1.463349342346191 3.863698 0.781116 0.796398 0.01950802
1 49.62985610961914 -13.07474708557129 -0.9393173456192017 2.622819 0.960386 1.676558 1.252617
5 11.20644950866699 -8.13548755645752 -1.308880090713501 0.076198 0.140865 0.575184 -1.441874
1 4.411774635314941 2.929983377456665 -1.050579071044922 4.446055 1.937349 1.454653 0.07713992
1 18.97323417663574 8.290444374084473 -0.7919659614562988 2.702248 1.726902 1.56261 -0.3730531
5 7.85286808013916 -6.166242599487305 -1.249154925346375 0.134825 0.160897 0.433082 -1.441874
5 9.568244934082031 -7.07083797454834 -1.283854246139526 0.16267 0.178085 0.576517 -1.441874
5 17.97452735900879 -17.02212333679199 -1.304600358009338 0.111728 0.087507 0.366696 -1.441874
5 18.58742904663086 -18.78991889953613 -1.263930559158325 0.09793 0.103435 0.388567 -1.441874
1 49.20021438598633 9.485211372375488 -1.394667863845825 1.732709 1.273687 0.62703 -2.133974
1 -9.974440574645996 -0.492847204208374 -1.107774376869202 3.808865 1.903746 1.394546 -0.02647704
2 -16.22205543518066 5.683910846710205 -0.4585613906383514 9.130397 3.043595 2.79336 -0.002951952
4 15.28018093109131 -9.747698783874512 -0.9900314211845398 1.636665 0.849186 1.510454 1.111734
1 27.80912399291992 -33.84881973266602 -0.4633877575397492 4.544462 1.984879 1.758086 -1.639592
1 -6.640653133392334 7.894454479217529 -1.117487907409668 4.404122 0.36891 0.659451 0.01950802
1 -15.29775619506836 2.345307350158691 -1.137579679489136 4.040938 1.811597 1.471954 -0.02647704
1 -8.104736328125 5.540833473205566 -0.9455487728118896 4.433342 2.091094 1.786765 -0.01028921
1 -24.12318420410156 5.201012134552002 -0.2008224576711655 3.576568 0.784621 1.674835 0.05561185
4 -14.4011402130127 18.45939064025879 -1.356115698814392 1.65099 0.612012 1.483433 3.137763
4 -0.8446826934814453 -3.726909160614014 -0.9655677676200867 2.168468 0.867447 1.652655 -0.02647704
2 41.1029167175293 -24.36182022094727 0.05101616680622101 12.09035 3.248161 3.457666 1.462972
6 10.30590915679932 12.65194606781006 -0.8205270171165466 0.805961 0.505168 0.737897 0.1115448
6 9.081080436706543 8.562438011169434 0.5363036394119263 0.205784 0.649547 0.2896 -2.876128
1 -24.68416404724121 -0.6340757608413696 -1.029246807098389 2.15238 2.081752 1.219054 -0.02647704
1 5.878264904022217 6.263168334960938 -0.6781461238861084 4.762026 1.95423 2.198905 0.04414773
1 12.70964527130127 6.60387659072876 -1.010224342346191 4.579846 1.882724 1.846119 0.07713992
5 15.31187725067139 -12.17688274383545 -1.281012892723084 0.108303 0.115174 0.403032 -1.441874
2 -23.63662719726563 2.7729651927948 -0.3960162401199341 6.145538 2.608406 2.883197 -0.02647704