1 7.805941104888916 -0.59223872423172 -1.009015560150147 3.305743 2.046392 1.503157 -0.01489479
2 -8.860389709472656 9.61596965789795 -0.6098487973213196 6.173783 2.377214 2.693304 -1.551176
2 13.59426784515381 -7.200112342834473 -0.5052489638328552 1.766579 1.108988 2.596923 -0.1105155
2 10.55290603637695 -6.80843448638916 -0.5454338788986206 0.696772 2.157446 2.460367 -1.604864
2 -10.82302951812744 7.771953582763672 -0.02837518975138664 2.320035 0.316229 1.470173 -1.515452
6 -13.14332580566406 -7.69765043258667 -0.5315120816230774 3.432143 0.822379 0.521148 0.1836372
2 4.204093933105469 -6.490122318267822 -0.9113357663154602 4.199919 1.710171 1.828391 1.555759
2 -7.059370994567871 -6.425601482391357 -0.6693328022956848 0.56075 1.400374 2.47082 -1.515564
2 6.678650856018066 9.94382095336914 -0.6603312492370605 1.845122 2.615003 2.643464 3.139162
2 6.741615295410156 -7.429327964782715 -0.5800002217292786 6.153555 2.487179 2.292828 1.559185
2 -48.53776931762695 -1.757945775985718 -0.3292810916900635 0.429225 1.030531 2.042635 3.112298
1 0.5273765325546265 9.59829044342041 -1.241090893745422 3.815063 1.963525 1.472998 -1.546008
2 45.91754150390625 -6.028965473175049 -0.1292499452829361 1.862876 1.996577 2.955576 3.066661
2 -10.79617214202881 4.697566986083984 -0.6032499670982361 6.582253 2.373085 2.620112 0.1182407
2 -26.51215744018555 -2.313970327377319 -0.5601597428321838 5.97664 2.277476 2.726097 -0.05604149
1 43.07380294799805 3.399073362350464 -1.321770906448364 3.735326 1.244254 0.841722 2.169541
1 -8.803692817687988 -0.3778528571128845 -1.034280776977539 3.575003 2.125764 1.555108 0.01001791
2 18.6839485168457 -3.850836277008057 -0.4310163259506226 1.302167 2.121241 2.595698 -0.1299046
2 -0.1910491287708283 -3.874552249908447 -0.7010819315910339 6.318341 2.226645 2.190452 0.04362879
2 -58.04107666015625 4.36543083190918 -0.6849546432495117 0.819119 2.14992 2.355438 3.101634
1 -8.05156421661377 -4.089757919311523 -1.091994166374207 4.541234 1.900127 1.481538 0.01513697
1 -34.34482955932617 -0.6516784429550171 -1.036291480064392 2.222102 1.963418 0.714367 0.0001226662
2 -14.87309169769287 -5.316029071807861 -0.5200536251068115 6.279057 2.590997 2.726547 0.005342599
2 13.45014190673828 -4.766032218933106 -0.512948215007782 5.909643 2.132084 2.484241 -0.09334033
2 -40.20122146606445 -7.225769519805908 -0.4643497169017792 7.209998 3.893234 3.438767 -0.01521386
2 19.84261894226074 4.911863803863525 -0.5101181864738464 0.997302 2.138251 2.415448 -1.585014
2 -20.25031852722168 3.732162952423096 -0.5204411149024963 6.032793 2.151752 2.864637 -0.04882166
2 17.22836494445801 -0.504343569278717 -0.4638958275318146 1.721986 2.376851 2.531278 -0.1094886
2 -9.092351913452148 -6.493030548095703 -0.614955723285675 2.694467 2.441969 2.483131 1.599709
2 -25.39509963989258 -5.822544097900391 -1.355020999908447 6.017849 1.329721 1.365877 0.02871232
2 -27.85542297363281 3.272508382797241 -0.5515590906143188 5.249812 0.896445 2.923413 0.07033879
2 6.298549652099609 7.261137008666992 -0.677513062953949 2.484811 2.202233 2.523371 3.139162
1 -6.078958034515381 8.35920524597168 -1.236172318458557 4.231898 2.051487 1.543078 -1.539864
1 -35.20982360839844 -7.441429138183594 -1.140122294425964 2.05303 1.9402 1.498168 3.137636
2 15.875244140625 5.119121074676514 -0.45120570063591 5.36374 0.989716 2.641279 -3.107917
2 -2.454148769378662 8.808563232421875 -0.6791481375694275 6.216211 2.478563 2.644176 -1.524418
1 -38.55965805053711 1.975367784500122 -1.322552800178528 2.088601 1.708105 1.709154 -0.003139884
2 8.219228744506836 4.778059959411621 -0.586415708065033 6.19742 2.499505 2.44546 -3.117027
1 3.230897903442383 9.583672523498535 -1.198497653007507 4.279719 1.885488 1.489974 -1.684921