5 -9.069334983825684 8.920156478881836 -1.170024394989014 0.600186 0.347375 1.220114 0.004823072
6 -3.344279527664185 -3.344387769699097 -1.444873929023743 1.553702 0.542725 0.760373 -1.536857
4 12.83224391937256 -31.4298095703125 -1.302807331085205 0.619943 1.051295 0.587818 -0.004793319
6 -2.439127922058106 9.533864974975586 -1.159029126167297 1.774894 0.684147 1.248065 3.11535
6 -3.225898504257202 -4.839088916778565 -1.490128993988037 1.354238 0.48756 0.74639 -1.533518
5 3.638406753540039 14.80969905853272 -1.513447403907776 0.25811 0.217422 0.413104 -1.864702
6 0.1023562550544739 9.725737571716309 -1.14273738861084 1.763119 0.457513 1.27106 -2.824471
5 2.526407480239868 -8.965400695800781 -1.614578127861023 0.185628 0.189168 0.371669 -3.139783
5 4.29938554763794 15.39874172210693 -1.470508337020874 0.182391 0.136043 0.335484 -2.757546
1 10.21271896362305 35.98510360717773 -0.9811803102493286 4.586669 1.667591 1.514154 -1.534763
5 -7.191822528839111 8.799055099487305 -1.467467665672302 0.385971 0.329121 0.64265 -1.575704
1 32.92752075195313 21.78416633605957 -0.06644555926322937 1.473263 1.669621 0.976397 1.645395
5 3.90514087677002 -9.575528144836426 -1.5924072265625 0.179483 0.251574 0.339306 -0.4694142
6 -8.296716690063477 8.908202171325684 -1.17253303527832 0.999277 0.211388 1.233689 -3.135795
5 -6.802791118621826 8.811376571655273 -1.475331425666809 0.287156 0.382612 0.573271 3.138974
1 20.19985580444336 16.12050628662109 -0.8251179456710815 4.451516 1.805472 1.46516 -1.500164
1 42.25314331054688 11.81125831604004 -0.9186320304870605 4.287415 1.347439 0.73408 2.569955
1 9.792272567749023 22.3924503326416 -0.8937060832977295 4.220001 2.795665 1.639495 -1.814065
3 12.36002445220947 -28.52312469482422 -0.724285364151001 0.427968 0.245502 1.118741 -0.004793319
5 1.319597840309143 13.25406265258789 -1.428717374801636 0.314131 0.458725 0.490839 -0.004793319
1 36.7988395690918 37.95552825927734 -0.1818663775920868 3.424649 1.359508 0.726009 1.645395
1 -58.51411056518555 6.452348232269287 -1.63317346572876 1.676977 0.891263 0.676177 -3.029809
1 -20.49885559082031 7.699497699737549 -1.041948795318604 4.361362 1.874387 1.541413 -3.067475
5 7.796623706817627 -11.75296783447266 -1.607736825942993 0.228463 0.221968 0.317487 2.497114
5 6.293318748474121 -10.72560501098633 -1.601099133491516 0.233661 0.204793 0.430044 0.731909
1 -55.05902099609375 -10.2028923034668 -1.693726181983948 4.16406 1.933935 0.977452 0.07442402
1 -13.74063682556152 8.8051118850708 -0.9723609089851379 4.445759 1.743078 1.704887 -3.028389
6 -6.249579429626465 9.230064392089844 -1.324486255645752 1.344185 0.367442 0.963587 3.095033
6 1.488504409790039 10.60104084014893 -1.139519095420837 1.420399 0.429315 1.23746 -2.392775
5 4.995256423950195 -10.03293895721436 -1.593295454978943 0.215594 0.250015 0.448453 -0.4686222
5 8.894914627075195 -12.79277420043945 -1.625446677207947 0.220127 0.226605 0.353849 0.0
1 13.83898067474365 -52.51116180419922 -0.9897251725196838 1.76018 1.299742 1.042648 1.637164
3 -28.44475555419922 5.529558181762695 -1.128183960914612 1.618739 0.966687 1.287577 0.006265925
5 6.878347396850586 18.04099082946777 -1.448188543319702 0.192283 0.179088 0.37385 -0.004793319
3 7.441279411315918 22.24059104919434 -1.152355432510376 1.273086 0.740467 0.812346 1.431453
1 9.659801483154297 41.94663619995117 -1.376199722290039 0.95986 1.662989 0.60449 -1.464518
6 -4.841169357299805 9.158673286437988 -1.176791429519653 1.419825 0.37356 1.24643 3.095033
3 -27.25889778137207 5.658373832702637 -1.250376343727112 0.742951 0.4796 0.962272 0.0009407729
3 12.86356639862061 -54.13335418701172 -1.041350483894348 0.327167 0.454767 1.091678 -1.43706
5 -3.763449192047119 -2.793988704681397 -1.595882296562195 0.292754 0.212932 0.432552 -1.572654
5 -7.558472633361816 8.778573989868164 -1.477819442749023 0.362696 0.270098 0.617196 -1.575704
3 11.29401111602783 -30.59929084777832 -0.7928585410118103 0.581818 0.472497 1.647914 -1.471544