4 -33.61542129516602 -49.90241622924805 -0.3538657128810883 2.08839 0.619128 1.11158 -1.578572
3 9.088403701782227 -7.56210994720459 -0.8038779497146606 0.701789 0.535542 1.678002 -0.0132541
3 22.96221923828125 -8.267416954040527 -1.076844215393066 0.633393 0.385665 1.350823 3.141288
6 -34.9491081237793 -23.94723320007324 -0.9333010315895081 1.613366 0.168667 0.873451 1.466457
1 -35.24126434326172 -29.07938957214356 -0.4003405869007111 4.449124 1.717881 1.739028 -1.547294
5 -13.88723945617676 -10.75083065032959 -1.46293044090271 0.117686 0.110059 0.334142 0.8358056
1 -59.90499877929688 2.036627054214478 -0.5305870771408081 1.947335 2.268198 0.79995 -0.01027471
4 -13.91197490692139 23.57569313049316 -1.138461470603943 1.902015 0.568864 1.092516 3.133448
1 23.00561714172363 18.55048751831055 -1.600233316421509 4.503047 1.706641 0.903835 3.09076
6 -34.96982192993164 -17.55089569091797 -0.8279489874839783 1.566865 0.457392 1.196842 1.531714
1 -34.8760871887207 -36.01061630249023 -0.7737067341804504 3.940418 1.760017 0.790887 -1.568141
4 -49.20077896118164 -0.527758002281189 -0.6914252638816833 0.871338 0.632199 1.270276 -0.01027471
6 -34.87640380859375 -20.07429695129395 -0.8882923126220703 1.211238 0.114177 0.829488 1.530285
6 -22.17811393737793 -19.65707015991211 -1.19708788394928 1.334878 0.240139 0.758913 3.093701
1 12.2414026260376 16.36499786376953 -0.7933430671691895 5.005406 1.851441 1.528355 3.125579
6 -20.60903739929199 -19.74574279785156 -1.250446438789368 1.470439 0.428033 0.586584 3.060989
1 38.09675979614258 3.409364700317383 -1.534544229507446 3.697541 1.716083 1.213707 -0.01735673
6 -58.32517623901367 -2.54322624206543 -0.6724416017532349 0.743678 1.609053 0.356163 3.131318
1 -46.69047546386719 -4.286290645599365 -0.6456415057182312 4.040189 2.679554 1.677231 -0.2768007
6 -35.02815628051758 -21.50287437438965 -1.059343338012695 1.264474 0.174336 0.480086 1.49372
6 -35.52097702026367 -13.79645252227783 -0.810222864151001 1.709057 0.206618 1.180585 2.150587
5 -14.69987106323242 -11.99712753295898 -1.404454112052918 0.164301 0.129616 0.384436 0.8358056
6 -34.86183166503906 -15.31985187530518 -0.620460569858551 1.160718 0.222283 0.745439 1.802779
5 -40.53894805908203 -12.19858932495117 -1.132260918617249 0.252927 0.629218 0.585415 0.0
6 -34.73726654052734 -22.47663497924805 -1.075624704360962 1.023949 0.312486 0.451244 1.546735