2 20.48295593261719 6.110610008239746 -0.5081178545951843 1.734504 0.937493 2.687613 -3.046141
1 -22.52631378173828 5.230803966522217 -1.132473587989807 3.966403 1.693209 1.511248 0.02132063
2 20.07090568542481 -4.525790214538574 -0.6864377856254578 5.37494 1.868424 1.81024 3.103354
2 -45.32753753662109 5.004678726196289 -0.4949699938297272 5.797124 1.471438 2.418573 0.06940223
2 34.40727996826172 -7.270750045776367 0.171027272939682 2.075558 1.203889 1.333923 1.538682
1 10.75238609313965 -6.334243774414063 -1.002834916114807 2.22781 1.48021 1.405231 1.589569
2 -5.212565898895264 6.710034370422363 -0.6295806765556335 6.464966 2.274019 2.349403 0.9933182
1 -31.90525817871094 2.429024934768677 -0.831401526927948 3.545177 1.798674 0.989295 3.141592
2 13.27186679840088 -6.899039745330811 -0.5643138289451599 3.246395 2.402915 2.634054 -1.608495
2 15.37735843658447 6.874977111816406 -0.4777366518974304 3.855172 2.782161 2.584046 1.642244
2 31.30888557434082 2.803682088851929 -0.2905137538909912 1.767245 1.5509 3.084955 0.1437958
1 9.962217330932617 5.248836517333984 -1.074149012565613 4.89964 1.565474 1.483371 -3.10662
2 -4.740395545959473 -3.242283821105957 -0.6421858668327332 6.002936 2.041155 2.306986 -0.03040345
6 -64.2995376586914 5.188106536865234 0.2560896575450897 0.247191 0.673555 1.161931 -2.994809
2 23.82788276672363 -7.626782417297363 0.04206056892871857 2.020679 2.208251 1.866454 -0.04619407
1 39.51935958862305 -7.705585956573486 0.6989343166351318 0.216677 1.633662 0.789767 0.03480731
2 -52.92372512817383 -3.371855735778809 -0.651240885257721 0.984717 1.205783 2.88797 1.660007
2 -29.3278751373291 5.482677936553955 -0.2738290429115295 6.949079 2.394913 3.229766 0.00543383
2 -37.62108612060547 4.862483024597168 -0.4714868664741516 5.324937 0.556702 2.824634 0.01107211
1 12.02498817443848 -4.005143165588379 -1.098293781280518 4.108723 1.875472 1.512226 0.01555212
2 -10.62398147583008 5.442759990692139 -0.5981206893920898 1.704409 2.291693 2.518975 -1.696846
2 17.02435302734375 3.29230260848999 -0.4502651393413544 6.414223 2.483313 2.716692 3.111305
2 -16.42204856872559 -3.840530872344971 -0.4653851389884949 5.109368 2.174706 2.65302 -2.771076
2 -17.73008155822754 6.766302108764648 -0.4765296876430512 3.810899 2.694051 2.704321 -1.606377
2 -20.94516944885254 -2.258172273635864 -0.4660822749137878 3.345914 1.524133 2.723712 -3.040511
2 -59.86296463012695 7.549864768981934 1.733163952827454 3.240473 7.587543 1.229199 -1.583907
2 2.862435102462769 7.01828145980835 -0.6178153157234192 6.146816 2.473001 2.353525 1.72058
6 -25.38131141662598 -7.316551208496094 0.6282634735107422 0.463355 0.507644 0.972836 0.0005346173
2 26.62077140808106 -0.4228110313415527 -0.3244903981685638 4.437346 2.354702 3.005975 0.04662836
6 24.86526489257813 7.281705856323242 0.8495212197303772 0.379993 0.329305 0.263087 -2.225089
2 47.71620941162109 3.042913675308228 0.1512388736009598 0.264336 0.840388 1.772863 0.03870565
2 29.44599723815918 -7.454831123352051 0.5113320350646973 0.630478 1.990706 0.820229 -1.588123
2 3.079597473144531 -2.620275974273682 -0.6891619563102722 2.907167 1.203787 2.194591 -0.1129671
2 39.31557464599609 -2.635575294494629 -0.4396947920322418 4.437192 0.744571 2.637923 0.0
2 -0.316072016954422 5.602349281311035 -0.6609591245651245 2.098491 2.467223 2.257673 -1.663336
6 -5.549805164337158 -8.160360336303711 -0.2234212905168533 0.215695 0.894893 0.929967 -0.02807354
2 5.840558052062988 4.993887424468994 -0.6441841721534729 1.839814 2.634989 2.342799 1.732924
1 7.590559005737305 -1.061907052993774 -1.04904305934906 3.333197 2.104082 1.484686 -0.1189125
1 -7.574832439422607 0.292990654706955 -0.8704342842102051 3.662547 2.12949 1.874339 0.0
2 26.64051628112793 -3.332046985626221 -0.3038188219070435 6.110194 2.408311 2.99045 -3.135198
1 -14.62074375152588 5.483869075775147 -1.304193258285523 1.315456 1.593995 1.065867 1.581106