6 3.729933500289917 10.21161556243897 -1.432643890380859 3.530651 1.604707 0.980186 3.13379
6 -32.07021713256836 8.196098327636719 -1.689012765884399 0.194104 0.146694 0.246299 1.555233
1 47.99900436401367 9.584784507751465 -1.057663798332214 3.021597 0.791479 1.313302 3.093615
4 -34.27306747436523 -4.674254894256592 -1.140094757080078 0.828345 0.562368 1.535087 0.003748278
1 -26.89662551879883 -5.567902565002441 -1.067531824111939 4.16153 1.802385 1.655678 0.00497086
1 40.64904403686523 9.481905937194824 -1.366438746452332 3.735733 1.739648 1.048653 3.057746
1 -1.126666307449341 7.713604927062988 -1.097049236297607 4.52401 1.883153 1.591591 -3.096089
6 57.98835754394531 -2.540751695632935 -1.504258275032044 1.245225 0.164572 0.304963 -1.533623
3 -39.22328948974609 -4.898108005523682 -1.117304921150208 0.501566 0.315201 1.316488 0.003748278
6 58.06150054931641 -4.145809173583984 -1.507911086082459 1.356565 0.200515 0.318292 -1.575909
3 -49.11063385009766 13.71441745758057 0.5288407802581787 0.867826 0.905037 2.734449 3.135871
5 -22.00299835205078 -2.637624979019165 -1.602314949035645 0.159897 0.225717 0.305256 3.141592
1 -6.889449596405029 -6.632512092590332 -1.029061913490295 4.31778 2.030467 1.663249 0.03159598
1 5.561916351318359 -6.49456787109375 -1.122547507286072 4.362761 1.95878 1.500159 0.01929299
5 -16.57010078430176 -2.200864315032959 -1.559295654296875 0.274479 0.246063 0.322935 3.141592
5 -36.46292877197266 5.832568168640137 -1.695000290870667 0.211044 0.208445 0.305809 3.141592
4 42.14216232299805 7.510844707489014 -1.016518354415894 2.360034 0.778446 1.408505 3.065267
1 -12.75699138641357 5.592544555664063 -1.112154960632324 4.180912 1.879012 1.457358 3.001576