2 22.74225997924805 -7.734013557434082 -0.03008615784347057 2.196235 2.361098 1.964347 0.02566954
2 -46.15317153930664 4.856574535369873 -0.5131531357765198 5.066179 1.491931 2.563408 0.03765899
2 -6.377138614654541 6.638155937194824 -0.6496176719665527 6.364327 2.447573 2.434994 0.9922619
2 -54.17304992675781 -3.397970199584961 -0.4259730577468872 1.36078 1.089155 2.305286 3.139883
1 10.91545009613037 -4.030844688415527 -1.119805932044983 4.199342 1.984834 1.550283 0.03613912
1 -7.482470512390137 0.2424985021352768 -0.8135830163955688 4.101066 2.126673 1.931617 0.0009945878
1 -41.22528839111328 2.21399998664856 -0.9423000812530518 2.224272 1.643992 1.252221 -3.139501
2 15.86770629882813 3.36451005935669 -0.4804008007049561 6.375734 2.465064 2.723407 -3.141265
2 20.95224571228027 6.691859245300293 -0.3501953780651093 5.121747 0.928561 2.789176 -2.872456
6 -37.19931030273438 4.946712017059326 -1.314111828804016 0.619834 0.750427 0.755939 -1.539775
2 35.96015930175781 -7.446278095245361 0.4023135900497437 1.608794 1.392111 0.965917 -1.639872
2 13.95762920379639 7.633829116821289 -0.3731709420681 5.416072 2.489523 2.417429 1.664069
1 8.808008193969727 5.323235511779785 -1.089896082878113 4.875713 1.759046 1.51463 -3.108452
2 -16.36355781555176 -3.270120859146118 -0.4869747459888458 2.505003 2.045695 2.506683 -2.856651
1 9.426708221435547 -6.627064228057861 -0.9651215672492981 2.795474 1.994292 1.40486 1.632976
2 -5.486836433410645 -2.70541787147522 -0.6188062429428101 7.486521 2.082566 2.327275 -0.06576653
2 -18.78318214416504 6.560043811798096 -0.4696324467658997 3.4055 2.434397 2.749647 -1.572955
1 9.60566520690918 -1.173907160758972 -1.081942319869995 3.838105 1.834677 1.511814 0.01004696
1 28.2258243560791 -7.507958889007568 0.2398556768894196 0.600124 1.829369 1.338305 1.551536
2 -54.69189071655273 5.157581329345703 -0.4580915570259094 5.242953 1.999097 3.150863 -0.003305078
6 38.35248565673828 -7.452073097229004 0.6914865374565125 0.34175 0.81437 0.833632 -0.2404106
2 59.90202331542969 -3.926688671112061 -0.5580294132232666 1.162733 0.800436 2.675666 3.141592
1 -23.62782287597656 5.157957077026367 -1.137614130973816 3.819492 1.543023 1.48407 0.03495771
2 37.14210891723633 -2.292169094085693 -0.4389766454696655 5.920015 1.350298 2.730031 -3.12649
2 4.817766666412354 4.901844501495361 -0.6525938510894775 1.649142 2.608745 2.310407 1.729566
2 29.31519508361816 -0.3939653038978577 -0.3525817096233368 4.20079 2.4599 3.101426 0.01858783
2 29.7152271270752 2.777717351913452 -0.2896202504634857 1.331206 1.679837 2.816167 0.0180037
2 18.92882537841797 -4.530810356140137 -0.8976563811302185 5.4085 1.869782 2.071124 3.139433
2 -11.79720973968506 5.326251029968262 -0.5274555683135986 1.444874 2.272838 2.443076 -1.689048
2 4.7946457862854 -4.021062850952148 -0.1942499279975891 1.426377 1.50756 1.031414 1.604338
2 33.53786849975586 -7.315141677856445 0.1406059265136719 1.75441 2.002789 1.935393 -0.07333327
1 -15.76357460021973 6.22137451171875 -0.9140793085098267 2.819915 1.48328 1.855797 -1.500899
2 -21.64235877990723 -2.205082654953003 -0.4181126058101654 2.464153 1.579414 2.690832 -3.049317
6 46.56945037841797 2.960706472396851 -0.03159010782837868 0.547671 0.311455 2.16295 1.59814
2 -1.429956793785095 7.7864089012146 -0.5575813055038452 6.486317 2.584199 2.296215 -1.613576
2 -60.6449089050293 7.351734638214111 1.819638848304749 3.096214 6.88395 1.050479 -1.566673
2 25.72779273986816 -3.364948749542236 -0.03273452445864677 6.363747 2.428374 2.466226 -3.1326
1 7.234490394592285 -5.037902355194092 -1.297018170356751 0.897109 1.020972 0.702194 -1.451156
2 -30.56432342529297 5.463808059692383 -0.2313970625400543 7.198558 2.440573 3.32371 0.01169682
6 19.5496768951416 -7.574513912200928 -0.6497284173965454 3.47846 0.942956 0.612667 -0.01023816
2 12.02547359466553 -7.332813262939453 -0.6156241297721863 4.140409 2.287487 2.679824 -1.606778
2 1.706737518310547 6.860027313232422 -0.6396242380142212 5.988131 2.504035 2.373198 1.713939
2 2.542975902557373 -3.366937398910523 -0.6326918601989746 1.928175 2.581127 2.028511 3.140739