1 32.73470306396484 -3.149667978286743 -1.407338261604309 2.105178 1.736119 1.435892 0.01003231
1 -20.67022705078125 -3.836374044418335 -0.7802416086196899 4.489646 2.041431 1.814693 -0.0006211284
1 7.866833209991455 -7.644447326660156 -1.160386681556702 4.332545 1.917856 1.485704 0.01054754
4 45.69893264770508 -7.732363224029541 -1.639074087142944 0.815456 0.773547 1.206331 -0.02638172
2 20.60519981384277 -8.079913139343262 -1.035538911819458 4.67386 1.883109 2.012914 -0.03025237
1 -34.00130081176758 -0.5108935236930847 -0.8603043556213379 2.110991 1.778586 1.339696 0.008532617
3 -49.41447830200195 -11.64949703216553 -0.6250371336936951 0.401645 0.237177 1.134959 -3.108268
3 -49.11891555786133 -12.66179943084717 -0.3689015805721283 0.772871 0.647326 1.710045 -3.139315
3 -48.80702972412109 27.39828872680664 -0.4838446080684662 0.492253 0.4039 0.74573 3.070316
1 -0.8845887780189514 -3.69148325920105 -0.7794508934020996 4.286081 2.00316 1.523809 0.02853231
2 29.0452938079834 -7.608718395233154 -0.4919816851615906 5.829203 2.74074 3.332068 0.01155824
6 25.04281806945801 -7.348499298095703 -1.458456873893738 0.227171 1.480612 0.482527 0.03777275
1 -21.0408821105957 14.73769283294678 -0.9501956701278687 2.254875 1.189851 1.075073 -3.065911