4 -36.31395721435547 -4.660255432128906 -1.399704575538635 0.310226 1.048747 0.999852 -0.01023924
3 13.94788360595703 -9.975321769714355 -0.9850878715515137 0.900201 0.649551 1.015834 0.03141337
3 50.08091735839844 -2.483793020248413 -1.053192973136902 0.277972 0.508348 1.287032 0.05245521
4 -1.765496969223023 -6.374545097351074 -1.075536251068115 1.938598 0.918109 1.443204 -2.056402
1 -25.50033187866211 3.462218523025513 -1.256412982940674 4.209679 1.702198 1.412288 -3.085562
3 -10.60882186889648 -21.5942325592041 -0.4051687121391296 0.405438 0.535498 1.186836 -3.089488
2 45.79977416992188 7.979776859283447 -0.1292750984430313 5.946815 2.958051 3.653157 3.112168
3 50.37370681762695 -3.203487396240234 -1.041795611381531 0.327283 0.35975 1.312235 0.05245521
3 27.26818084716797 -3.065173149108887 -1.044251203536987 0.716102 0.466036 1.604179 0.202512
1 27.36630249023438 -4.765605449676514 -0.8541792631149292 3.499405 1.375493 1.891621 -0.01034918
3 18.47894096374512 -7.755918979644775 -0.5809337496757507 0.207365 0.428937 0.941014 2.304554
5 2.983368635177612 9.616376876831055 -1.484089851379395 0.344944 0.281074 0.513331 0.07239711
1 -30.97547721862793 -5.081954479217529 -1.429693818092346 4.325094 1.596651 1.234129 -0.03827111
3 16.2470817565918 -9.046265602111816 -0.7140114903450012 0.715124 0.552469 0.947277 -0.143464
1 22.24886703491211 -4.935003280639648 -0.9754214882850647 3.996857 1.660537 1.6932 0.04219003
4 15.11102676391602 -5.437368869781494 -1.23998486995697 2.749222 1.266638 1.166281 0.0190489
5 1.43984591960907 6.445021629333496 -1.559049248695374 0.290772 0.220891 0.406053 1.571342e-15
3 22.43708229064941 14.96150588989258 -0.6509106755256653 0.495092 0.619004 1.146135 -0.01062171
6 -46.71172714233398 -4.864243507385254 -1.851047158241272 0.879018 0.240539 0.657437 0.3645104
3 28.45572471618652 -3.690092325210571 -0.9516977667808533 0.686445 0.398392 1.622686 0.3333299
6 -34.96277618408203 -4.686838150024414 -1.531014204025269 0.778209 0.598111 0.90091 -0.01023924
2 25.44748115539551 7.987512111663818 -0.3066827058792114 9.245065 2.953273 3.046676 -3.094226
5 2.446917772293091 9.580060005187988 -1.528885006904602 0.327524 0.405554 0.540399 -0.145205
1 3.988564729690552 -5.006979942321777 -0.878129243850708 4.445311 1.710743 1.927326 -0.01314324
6 46.34217071533203 -4.228280067443848 -1.275685429573059 0.172411 0.846988 0.612575 0.0