1 1.030748248100281 -6.531592845916748 -1.096885204315186 4.46722 2.144971 1.492949 -0.01611191
1 -19.16118431091309 5.862205982208252 -1.094287514686585 4.252665 1.790877 1.458488 3.061137
6 53.40397262573242 -2.962122201919556 -1.512050271034241 1.213761 0.183567 0.659865 -1.573359
5 -26.66937637329102 -2.572107076644898 -1.564917922019959 0.159877 0.156494 0.349571 -3.141592
6 -0.8270137906074524 10.25868511199951 -1.465315580368042 3.518221 1.536739 1.007035 -3.141592
1 -5.502268314361572 7.804248332977295 -1.108732104301453 4.450716 2.01032 1.597053 -3.090885
3 -43.03503799438477 -4.708209037780762 -0.9246012568473816 0.454854 0.390494 1.201887 0.002166824
1 42.72974014282227 9.379828453063965 -1.15503203868866 2.082206 0.812239 1.624719 -3.122407
4 36.7774658203125 7.303173065185547 -1.04708468914032 1.934274 1.00802 1.605201 -3.078319
3 -53.37859725952148 14.06072044372559 -0.905061662197113 0.21139 0.355688 1.510271 3.14018
1 -11.493483543396 -6.596506595611572 -0.9985243678092957 4.261068 1.960714 1.682659 0.02463108
6 53.38967132568359 -4.313942909240723 -1.513562679290772 1.200509 0.266525 0.658578 -1.573359
6 -36.63977432250977 8.316560745239258 -1.725186944007874 0.177107 0.234731 0.263739 -9.128741e-16
1 36.36933135986328 9.280027389526367 -1.324170112609863 4.220344 1.83667 1.255161 3.135249
5 -21.10443115234375 -2.112983703613281 -1.595626950263977 0.153518 0.183879 0.465979 3.141592
5 -41.0635986328125 6.002879142761231 -1.679285407066345 0.227486 0.288821 0.346634 0.0
4 -38.00357437133789 -4.463674068450928 -1.141781568527222 0.629457 0.567749 1.390949 -0.06843959
1 -31.57851982116699 -5.488227844238281 -0.9860334396362305 4.122257 1.915273 1.62365 0.004406046