4 -10.88050842285156 -5.01740837097168 -1.15628445148468 1.848259 0.787216 1.155354 -1.771343
6 -45.09400177001953 -5.850397109985352 -1.0511794090271 3.145984 1.117255 1.309501 2.986763
4 -13.24129676818848 -5.431091785430908 -1.143572568893433 1.550545 0.539629 0.781231 -1.551905
3 -27.98487854003906 -21.42314529418945 -0.2321971207857132 0.350047 0.425304 0.858233 0.05100369
4 -16.21255302429199 -5.445991039276123 -1.265808939933777 1.440206 0.674071 0.994642 -1.520445
1 33.2787971496582 -4.523063659667969 -1.173238515853882 4.113758 1.577744 1.905377 0.04370048
3 14.28493309020996 -21.33548164367676 -0.4329958558082581 0.541432 0.495842 0.997697 0.06930034
4 -9.294304847717285 -5.169028759002686 -1.238582491874695 1.312523 0.460733 1.052593 -1.669302
1 56.23184967041016 -4.220319747924805 -1.439199924468994 2.228841 1.242445 1.728856 -0.09406303
6 -31.72188568115234 -5.688612461090088 -1.513801097869873 0.127693 0.518584 0.245087 -3.040346
1 -53.78705215454102 -5.514129638671875 -1.323883414268494 0.850423 0.719007 0.661528 -3.1353
4 -6.199935913085938 -5.332905769348145 -1.154129028320313 1.82099 0.820765 1.274697 -1.712877
1 -42.37890243530273 8.245168685913086 -1.004893779754639 4.004869 2.149473 1.691453 3.130438
4 -8.6649808883667 -5.053414344787598 -1.193648457527161 1.6246 0.640487 1.094253 -1.715943
3 52.50746536254883 -2.84062671661377 -1.499546051025391 0.545666 0.431733 1.390721 -0.06620112
6 -42.48488998413086 -6.089894771575928 -1.34920859336853 0.909359 0.122718 0.259577 -1.450763
4 27.90216636657715 -5.796095371246338 -1.283909201622009 2.321661 1.179621 1.467446 -2.028417
3 51.90443420410156 15.36941337585449 -0.9973737597465515 0.342832 0.479311 0.876718 0.0
1 50.24663543701172 -4.317748546600342 -1.606229424476624 1.055563 1.085569 0.951151 -0.05980542
4 -15.61571884155273 -5.379434108734131 -1.206342577934265 1.4096 0.528251 1.060013 -1.608243
1 -21.21108627319336 -5.370880603790283 -0.9219460487365723 4.608896 1.913444 1.725722 0.02902771
6 -34.34793853759766 -5.891915798187256 -1.137444257736206 3.008373 1.072216 1.249235 3.120142
4 -12.63562297821045 -5.054942607879639 -1.18201756477356 1.238793 0.655451 1.023404 -1.566723
4 -12.09680461883545 -5.143031120300293 -1.227878451347351 1.501353 0.621196 0.979257 -1.656108
4 -13.84393692016602 -5.544826030731201 -1.205824613571167 1.478283 0.7427 0.90269 -1.637417
4 -6.968741893768311 -4.740654468536377 -1.098493576049805 1.610033 0.55145 1.388422 -1.724983
1 30.28697204589844 4.168628215789795 -1.647769808769226 4.307049 1.734334 0.791824 3.11535
4 -5.360080242156982 -4.934572219848633 -1.162657856941223 1.871619 0.61684 1.239886 -1.661695
4 -14.46548652648926 -5.487878322601318 -1.275709867477417 1.54089 0.556379 0.998259 -1.626038
1 -1.844611167907715 -4.957761764526367 -1.078185796737671 4.700675 1.77734 1.505482 0.05045137
4 -11.49350738525391 -5.304526329040527 -1.221928715705872 1.409124 0.505841 1.037699 -1.76346
4 -8.10987377166748 -5.191916465759277 -1.26991081237793 1.879252 0.541308 0.944282 -1.728086
3 42.27917098999023 -8.388593673706055 -1.063443064689636 0.194812 0.286844 0.908587 0.005069421
4 -14.93609523773193 -5.420730590820313 -1.275367140769959 1.558661 0.399789 0.935754 -1.612347
4 -17.43014144897461 -5.186055660247803 -1.041458606719971 0.889659 0.501465 0.53866 -1.542287
2 53.63705444335938 8.412805557250977 -0.3402796983718872 6.904745 2.949544 2.97116 -3.1294
6 -25.15320587158203 -4.816769599914551 -1.294906735420227 0.416264 0.448629 0.827858 -1.681515
3 54.00272750854492 -3.248500347137451 -1.408557176589966 0.404389 0.313584 1.147044 -0.121698
4 -18.12700653076172 -4.973432540893555 -1.357958316802979 0.838473 0.353531 0.707905 -1.534437
4 44.85790634155273 -4.630722045898438 -1.753594160079956 3.264161 0.517004 0.997547 -0.0224672
4 -16.8680419921875 -5.169443607330322 -1.210771679878235 1.706023 0.61756 0.999408 -1.488845
6 -48.15759658813477 -5.50861406326294 -1.315855503082275 0.607519 0.796738 0.429509 0.0