1 -46.87664413452148 9.149616241455078 -2.106893301010132 2.080411 0.751583 0.609672 -3.117829
6 22.14407348632813 46.17806243896484 -0.4291596710681915 0.325469 0.171786 0.676698 -1.503152
1 49.2060661315918 8.533756256103516 0.1186270117759705 4.061964 1.00844 1.208292 1.540679
5 7.451069831848145 -2.681675910949707 -1.50217604637146 0.255516 0.257292 0.417996 -1.217296
6 7.079770088195801 9.358150482177734 -1.15259325504303 1.301386 0.317328 1.2694 -3.110229
1 22.24584197998047 21.87278175354004 -0.783043622970581 4.11994 2.609361 1.61323 -1.804328
6 7.940571784973145 -4.849818706512451 -1.401592493057251 1.517864 0.455186 0.757942 1.549122
1 45.65349960327148 -8.484748840332031 0.2954500317573547 4.039884 1.701119 1.497963 1.604647
6 5.655130386352539 9.435846328735352 -1.353328466415405 1.419713 0.43713 0.894978 3.127402
5 4.620679378509522 9.034514427185059 -1.475353956222534 0.347901 0.363981 0.615112 -3.118529
3 -13.41885185241699 7.085284233093262 -1.351152658462524 1.143551 0.513568 1.319649 -3.096684
6 9.534419059753418 9.550216674804688 -1.108162760734558 1.827357 0.465198 1.276725 -3.138705
6 11.99417877197266 9.636025428771973 -1.057601571083069 1.897624 0.232459 1.296758 -2.861333
3 -14.60579681396484 7.016189575195313 -1.251487612724304 1.499019 0.991309 1.595078 -3.105951
5 4.989768505096436 9.017613410949707 -1.491275191307068 0.340806 0.409518 0.594461 -3.118529
6 7.890966415405273 -3.246416807174683 -1.366098761558533 1.591653 0.400739 0.777211 1.574741
1 -55.86182403564453 -7.694632053375244 -2.11618447303772 2.1826 1.639285 1.559221 0.02425504
1 -43.90116882324219 -7.805695533752441 -1.9951251745224 3.844484 1.950059 1.119681 0.01659998
3 21.11318016052246 -29.90873336791992 -0.4267506897449493 0.478835 0.488956 1.252443 -0.01356329
6 3.492650270462036 9.22889518737793 -1.191356897354126 1.278345 0.359721 1.272509 -3.141508
1 -50.88507461547852 6.492010593414307 -1.904411792755127 3.789827 1.627232 1.454662 -3.11513
1 -2.087381839752197 9.373604774475098 -0.9857903718948364 4.753208 1.872901 1.80523 -3.074552
4 23.02631759643555 -31.93606376647949 -0.8873497247695923 1.181547 0.592441 0.852561 -1.542594
5 4.233005046844482 9.018672943115234 -1.473109364509583 0.365666 0.36309 0.65375 -3.118529
1 -8.679699897766113 8.65641975402832 -1.106140851974487 4.335295 1.883726 1.736826 3.113028
5 2.678317070007324 9.188333511352539 -1.132571935653687 0.351162 0.283239 1.15147 -0.01844637