2 9.898947715759277 -6.400974273681641 -0.2569440007209778 1.776791 2.834049 1.829948 -1.603188
5 -7.984289646148682 -5.276684761047363 -1.540372610092163 0.161979 0.192529 0.517149 3.125279
5 -16.92950820922852 -6.3669753074646 -1.485477209091187 0.21612 0.284866 0.585421 -0.1347545
1 -15.60118007659912 -6.583972454071045 -1.227395534515381 0.519724 1.068353 1.111959 -1.579756
1 -17.23637390136719 2.403908729553223 -1.003349423408508 3.270212 1.699057 1.576518 -3.14062
1 47.71555709838867 3.214898586273193 -1.328443765640259 0.443244 2.965879 1.381705 0.5062636
2 -10.43111228942871 -7.539394378662109 -0.581652045249939 4.982377 2.457079 2.52742 1.5651
2 -20.3297290802002 4.560911655426025 -0.4356618225574493 3.771957 0.77565 2.754742 3.103413
2 -13.16206073760986 3.947787761688232 -0.5089991688728333 5.989684 0.786308 2.59588 0.02531383
2 -2.875319242477417 8.527262687683105 -0.6727517247200012 6.196336 2.551337 2.609846 -1.536564
5 -12.31325721740723 -4.512185573577881 -1.516234755516052 0.318979 0.253725 0.551903 -3.070799
2 33.61186981201172 -4.985995769500732 -0.4817476272583008 3.427646 1.652328 2.951488 -0.2761119
2 19.53327941894531 -0.7286753058433533 -0.2249900847673416 2.69341 2.320103 2.181718 -0.02157442
2 26.40064239501953 -5.017874240875244 -0.5513111352920532 3.959662 1.216699 2.693496 -0.1199585
5 -13.77608776092529 -5.569669723510742 -1.540562510490418 0.360685 0.373536 0.568414 -3.112607
2 22.74966621398926 9.129222869873047 -0.4973929822444916 5.067869 2.180852 2.989627 3.098729
2 4.466088771820068 -8.070677757263184 -0.6204060316085815 6.140398 2.220294 2.39988 1.530593
2 -0.3657614886760712 6.984117031097412 -0.7050848603248596 2.050188 2.057792 2.437994 -1.582721
2 -22.70632743835449 0.7457873821258545 -0.3993266522884369 6.076958 2.797129 2.926851 -0.4694865
2 -6.151262283325195 4.370827674865723 -0.6253337264060974 6.103078 2.462338 2.394871 -0.06776696
5 -14.56967067718506 -5.162165641784668 -1.545675754547119 0.216816 0.209022 0.610074 -3.112607
2 -35.78652572631836 7.027588367462158 -1.102295398712158 4.733479 0.878415 1.756965 2.858602
1 -35.10821533203125 -5.185203552246094 0.3703055083751679 2.059536 0.884539 1.326004 2.993725
2 -47.69546127319336 9.400252342224121 -0.5259339809417725 1.601746 1.523008 2.430093 -3.140277
2 3.55902361869812 4.872096538543701 -0.6861132383346558 6.440498 2.508389 2.369406 0.09277513
2 -13.13809871673584 -6.904586791992188 -0.5044634938240051 2.083056 2.223748 2.531409 1.554395
2 22.38180160522461 4.047736644744873 -0.4578918814659119 6.174644 2.398924 2.859909 3.113929
2 14.28341197967529 -7.640606880187988 -0.6134490370750427 1.977361 1.040404 2.824881 1.579873
2 -43.55102920532227 6.577997207641602 0.141900822520256 0.406699 2.368898 1.693336 3.046189
2 7.437406063079834 -6.915521144866943 -0.09942720830440521 1.488476 2.152506 1.407764 -1.577638
2 21.72418975830078 6.693900585174561 -0.5123751759529114 4.603637 2.15055 2.835332 3.112577
5 -6.811727046966553 -5.186456680297852 -1.497610926628113 0.31226 0.221565 0.646571 3.125279
2 -24.70329856872559 -2.212503910064697 -0.394191324710846 4.983299 2.206701 2.818891 -0.0887671
2 11.81142807006836 7.060553073883057 -0.6111734509468079 2.929163 2.329298 2.64694 -1.569522
1 5.269122123718262 -3.930356502532959 -1.060498833656311 4.220536 1.649455 1.507554 -0.004333934
2 -24.13033485412598 -7.056947231292725 -0.3378097414970398 5.993741 2.503454 2.855573 -1.621898
2 -5.151011466979981 7.589151382446289 -0.7175185680389404 0.566716 3.004436 2.60461 3.006994
2 33.43405532836914 3.816103219985962 -0.4817261695861816 3.163776 0.96786 2.644603 -0.02078861
1 -7.480325222015381 -0.1334587633609772 -0.9412828683853149 3.643623 2.057298 1.638154 0.01318161
5 -8.856132507324219 -5.234995365142822 -1.549918532371521 0.301626 0.295454 0.544051 3.125279
1 17.57897567749023 8.19774341583252 -1.2598717212677 2.121782 1.20749 1.288435 1.241982
1 7.994967937469482 -0.3767026960849762 -1.084752440452576 3.297587 2.037761 1.475018 -0.02157442
1 23.31099128723145 12.01894283294678 -0.003651842474937439 1.750549 1.189807 1.654095 0.02244684
1 -21.36289978027344 -7.234301567077637 -0.9752513766288757 3.727475 1.86643 1.670533 -1.579756
2 -1.045193076133728 -4.842885494232178 -0.6861893534660339 6.335038 2.247553 2.236313 -0.02923571
2 13.67757320404053 -4.192393779754639 -0.5472873449325562 6.585432 2.186319 2.603056 -0.02723563
5 -5.448550224304199 -5.335713386535645 -1.455221652984619 0.286147 0.286889 0.58169 3.125279
2 -28.39555740356445 -4.694956302642822 -0.5980223417282104 4.246936 1.296541 2.657131 -3.093929
2 12.77794742584229 -7.248074054718018 -0.4084608256816864 1.36554 1.184202 2.30278 1.56753