1 38.60036849975586 -3.825624942779541 -1.209348917007446 2.360981 1.07543 0.893142 -0.08331723
1 31.78244209289551 -4.099475860595703 -1.091701030731201 2.759947 1.592055 1.492652 -0.05612433
6 -23.0012378692627 8.156473159790039 -1.656931161880493 0.18918 0.241313 0.314787 3.13995
3 0.3724227547645569 -3.270343065261841 -0.8826202154159546 0.817189 0.824096 1.342093 -1.75907
1 -43.9251708984375 -5.467042922973633 -1.442099213600159 1.771971 0.237022 1.078232 0.06980667
3 -23.03984832763672 -3.993323564529419 -1.069529414176941 0.576077 0.620731 1.43575 1.42541
6 -34.90372467041016 -4.776207447052002 -1.322920918464661 1.518285 0.187355 1.272204 -0.0372131
3 -22.52281951904297 -4.610997676849365 -1.001500844955444 0.54339 0.743967 1.684443 -0.2330246
1 -52.90381240844727 -5.6679368019104 -1.488529801368713 1.539805 1.27806 0.667329 1.556596
1 -30.96624183654785 -5.326829433441162 -0.9472081661224365 3.774185 1.588958 1.963426 -0.06649616
2 13.07640647888184 8.239612579345703 -0.4928328394889832 12.121722 2.999866 2.867573 -3.114183
3 -36.17182159423828 14.33682918548584 -0.8824445605278015 0.55791 0.524712 1.235705 -3.11017
2 -9.666836738586426 7.65019416809082 -0.5726388096809387 12.612158 2.783362 2.711015 -3.125505
1 15.70672512054443 -4.695233821868897 -0.8289322853088379 4.150153 1.78005 1.968988 -0.00590736
3 -1.576378464698792 -3.907421827316284 -0.9881852269172668 0.426904 0.543428 1.572894 -2.766789
1 23.98280143737793 -4.413045406341553 -0.9410120844841003 4.088568 1.640277 1.767903 0.01637435
3 -1.89116644859314 -3.08734655380249 -0.9675925374031067 0.386539 0.876017 1.631275 -3.038014
6 -20.32526969909668 6.645622253417969 -1.481409788131714 0.166174 0.195292 0.398609 0.8970274
1 -9.559842109680176 -4.925199508666992 -1.098558664321899 4.745255 1.877129 1.455509 0.03638899
1 10.84714412689209 -4.620999336242676 -0.8477693200111389 3.610475 1.592356 1.871833 -0.01973065
3 -35.79375457763672 -9.841706275939941 -0.8142414689064026 0.378143 0.632263 1.142864 0.01482289
2 -33.11136627197266 7.256245136260986 -0.3040415346622467 9.414814 2.503771 3.434757 -3.066666
2 43.33545684814453 8.356650352478027 -0.2297473847866058 7.860209 2.764784 3.525697 3.139057
1 31.14736747741699 4.50767993927002 -1.112524509429932 3.789242 1.831851 1.480464 -3.045127
1 0.5695900917053223 -4.850738048553467 -1.051985144615173 4.236223 1.87128 1.507918 0.02590379