1 -1.905762791633606 -3.91084361076355 -1.040121912956238 4.440381 1.837808 1.483757 0.0244404
1 3.6109778881073 13.48652935028076 -1.307411432266235 4.776124 1.755494 1.504572 -3.127294
1 -16.66822242736816 12.24169635772705 -1.254172086715698 4.563543 1.943019 1.498858 -3.130617
4 -50.80303955078125 -9.040337562561035 -1.104767680168152 0.860359 0.612832 1.344389 0.1737707
1 -39.77958679199219 -0.3782601356506348 -1.512135624885559 0.869838 1.764006 0.551874 -0.002772221
6 10.26687145233154 21.02805900573731 -1.150608897209168 0.896005 0.302335 0.456709 3.141592
5 2.977825880050659 -22.87780570983887 -1.284076690673828 0.107371 0.109852 0.724513 -1.679016
5 2.974995136260986 -19.1776237487793 -1.331519842147827 0.127324 0.139517 0.774354 -1.679016
2 -18.46431159973145 17.08237648010254 -0.8468780517578125 11.710422 2.735523 2.571111 -3.116874
1 37.15278625488281 0.2239798158407211 -1.0950688123703 1.573736 1.900673 1.686972 -0.02963926
3 9.862491607666016 -23.27059555053711 -0.9057134985923767 0.542841 0.547766 1.641266 2.727205
3 36.13747406005859 -13.11536026000977 -0.9157109260559082 0.623617 0.555852 0.886877 3.141592
1 11.25387668609619 -19.97406578063965 -1.076242446899414 4.24834 1.703143 1.464928 -1.730534
1 34.59232711791992 -7.053906440734863 -1.043338179588318 4.173304 1.761911 1.660472 0.008905032
3 44.97779846191406 -13.83930397033691 -0.8608397841453552 0.763525 0.627488 1.578938 -0.1799545
5 3.023223161697388 -17.3173942565918 -1.408300995826721 0.151809 0.130009 0.66379 -1.679667
1 -41.67005157470703 -4.119210243225098 -1.414312958717346 3.629252 1.544177 0.796046 -0.002772221
1 45.43038177490234 -4.659558773040772 -1.359485864639282 3.862176 1.817591 0.823063 -0.04066451
5 2.949804067611694 -20.99651527404785 -1.274845600128174 0.219299 0.159242 0.644159 -1.679016
3 14.87310314178467 -12.72783851623535 -1.055472493171692 0.636452 0.626789 1.557165 2.638933
3 -55.28821182250977 -12.16975402832031 -0.9206544756889343 0.191179 0.403306 0.846768 0.0