1 -14.9237642288208 -6.528149127960205 -1.354130148887634 1.567105 1.766601 1.210827 -1.530332
1 58.41223526000977 1.822067499160767 -0.7831312417984009 4.584207 1.816007 1.912392 -3.085916
2 6.530749797821045 3.34765887260437 -0.6189183592796326 6.324384 2.722092 2.304235 0.1162387
2 0.9657899737358093 -3.319831371307373 -0.6775725483894348 6.221593 2.23068 2.174133 -3.09974
6 -38.47545623779297 5.746805191040039 1.348223447799683 0.875139 0.718468 0.329949 3.141592
2 31.12581062316895 3.553095102310181 -0.3914243578910828 5.260504 0.605754 2.943268 -0.04460744
2 11.52711582183838 -6.39059591293335 -0.6611960530281067 0.995905 1.661527 2.332377 1.596709
1 -13.82142448425293 -0.4329630136489868 -1.024493098258972 3.700862 2.127486 1.525116 0.008242316
2 -8.801105499267578 3.156688451766968 -0.6044610142707825 6.700565 2.477283 2.376444 3.132155
2 -53.78944396972656 4.454387664794922 -0.5695980191230774 3.781914 1.661905 2.709557 0.01979698
2 -20.02456665039063 3.89235258102417 -0.3643500208854675 0.416571 2.145834 2.602397 1.654932
2 -12.52091979980469 -8.349750518798828 -0.531647264957428 6.022867 2.429817 2.611621 -1.586897
6 -9.497907638549805 -8.012421607971191 -0.6210129857063293 1.67634 0.959759 0.475859 1.621298
1 -32.02238845825195 -6.694902420043945 0.2455466091632843 1.627345 0.905653 1.446659 3.137929
1 -7.299692630767822 -7.999930381774902 -0.7676487565040588 2.929916 1.571075 0.711194 1.659961
2 35.48947906494141 -4.707695007324219 -0.4163529872894287 1.924444 1.968642 2.977299 0.03420227
6 39.86335372924805 -6.489184379577637 -0.6963269710540771 0.318183 0.423587 0.367312 -0.04302829
2 2.751020193099976 6.57598876953125 -0.6402385234832764 5.282553 2.176234 2.376123 -1.421597
2 -10.41806888580322 8.72734260559082 -0.4001582264900208 3.310741 1.248765 2.256351 1.6764
2 -24.19461250305176 -3.409276962280273 -0.3476419448852539 6.2201 2.491019 2.948248 -0.06590524
6 -8.950889587402344 8.634010314941406 -0.2943214476108551 0.440694 0.490677 0.57467 1.618473
2 25.65774154663086 -1.404675483703613 -0.126647874712944 5.876902 2.337906 2.312891 0.01657915
2 15.19085311889648 -6.957612991333008 -0.5509040951728821 3.374399 1.765549 2.679138 -0.02941886
1 -58.26650238037109 5.16515588760376 1.624812483787537 2.240915 0.780788 1.02527 -3.141592
5 33.12956619262695 -5.002131938934326 -1.651492476463318 0.258711 0.20343 0.502631 0.1176769
2 -22.89141654968262 3.962102890014648 -0.3046100735664368 0.788888 1.821218 2.579553 1.735015
1 -2.407822132110596 -6.729744911193848 -0.4661226272583008 0.235952 1.107359 0.692985 -1.474953
2 -3.121566295623779 9.542434692382812 -0.5715112686157227 7.00993 2.50162 2.444744 -1.436428
2 -31.83342361450195 4.095784664154053 -0.4323363602161408 1.080419 2.215972 2.810135 2.508593
1 22.88944816589356 1.700684785842896 -0.9743625521659851 3.639918 1.970005 1.57998 3.122566
1 -5.051119804382324 -8.364360809326172 -0.7778921127319336 2.189347 1.378193 0.701591 1.605127
2 -5.668752193450928 -4.65617561340332 -0.7802881598472595 5.326834 2.107924 2.051406 -3.130091
6 37.53462219238281 -6.266184329986572 -1.200738310813904 0.974748 0.307921 0.478069 0.2004031
6 -17.75090599060059 -7.080066204071045 -0.5426706671714783 0.605696 1.165762 0.267073 1.530198
2 18.53084564208984 4.050582885742188 -0.4205934405326843 6.754929 1.97286 2.815789 -3.056059
2 13.04629611968994 -3.624606609344482 -0.5509419441223145 6.202328 2.42657 2.604035 -0.01682969
2 -5.65541410446167 7.425936698913574 -0.6185833811759949 5.588243 2.323847 2.428177 -1.472719
1 -33.08121490478516 -2.699464321136475 0.05126644670963287 1.600414 0.216307 1.819758 0.03091543
1 58.19955062866211 6.005514621734619 -0.3269612789154053 1.779377 0.586291 2.246245 -3.055177
2 -20.30844497680664 -6.311542987823486 -0.2554342150688171 3.317396 2.196727 2.424717 -1.644087
1 42.65740585327148 -7.42750883102417 0.1285764425992966 0.25454 1.208366 1.083456 0.01288615
2 -45.43888473510742 -2.482938528060913 -0.00414671003818512 0.344241 1.36556 2.651883 3.129616
1 -47.14175415039063 4.212222099304199 -1.556342363357544 0.325171 1.207704 0.634281 2.054839
2 0.0797661691904068 5.345301151275635 -0.6687743663787842 2.43444 2.381752 2.247635 -1.434092
1 9.625480651855469 -0.727627694606781 -1.048529028892517 3.18923 2.020107 1.516469 -0.03818501
5 31.80331420898438 -5.047733783721924 -1.58482837677002 0.35842 0.24499 0.497585 0.03949772
2 5.293782234191895 6.232678413391113 -0.4876263737678528 2.267722 1.881435 2.049871 -3.063776
2 -40.73880004882813 -2.838136434555054 -0.137873575091362 1.127529 0.860547 2.517234 3.129616
6 -23.69339942932129 -5.162662506103516 -1.036556243896484 1.330972 0.616111 1.673606 -0.05154234
1 -13.18053245544434 -4.198981761932373 -1.078794121742249 4.346012 1.886257 1.499357 0.008242316
2 22.69888114929199 3.543595314025879 -0.3730309307575226 2.469072 1.242388 2.720665 0.1329384