1 -22.16204833984375 -8.299884796142578 -0.9842979311943054 3.52036 1.708077 1.701731 1.605009
2 -53.4156494140625 -5.48370885848999 -0.5474535226821899 6.040663 1.612576 2.687038 -0.02881019
2 -1.223463177680969 4.82305383682251 -0.7079053521156311 6.136228 2.43937 2.282394 -0.007661597
2 28.39764595031738 -3.010356903076172 -0.3454481959342957 4.454127 1.211218 2.865762 -0.04661561
2 -25.62653160095215 4.264592170715332 -0.3716006278991699 4.410511 0.627133 3.117019 3.133984
2 -42.65627670288086 -5.224812984466553 -0.959965705871582 4.230399 0.734976 2.006766 -0.02881019
2 -10.26294040679932 5.202666759490967 -0.6033250689506531 6.555499 2.338027 2.521608 3.096566
2 58.45428466796875 1.965567111968994 0.1646397858858109 0.80898 0.275118 1.848767 1.562145
2 32.99723815917969 4.279584884643555 -0.3656630218029022 6.431211 1.650416 2.962308 2.89614e-05
6 55.57493591308594 5.507146835327148 0.2595856189727783 0.507981 0.361299 0.637828 1.554376
1 30.13685607910156 -0.969537079334259 -1.098128199577332 1.527351 1.697296 1.417007 -0.1793787
2 -43.23905944824219 4.309587955474854 -0.4798832535743713 1.450839 1.130698 2.310853 3.134862
2 22.42583274841309 -3.508523941040039 -0.3893796503543854 5.157092 1.635083 2.650726 -0.0417973
2 17.00146865844727 6.149697303771973 -0.5277555584907532 4.262835 2.008949 2.684248 -1.67525
2 52.2034797668457 -3.898272037506104 -0.4075049757957459 2.17142 1.104195 3.012421 -3.134974
2 8.786508560180664 -13.23643112182617 0.1218809932470322 5.989461 1.924633 1.517807 1.692744
2 5.249274730682373 -3.522012233734131 -0.5147412419319153 6.305416 2.530779 2.085264 -2.998487
2 1.338648676872253 -6.735320091247559 -0.4780754745006561 0.326559 1.922196 1.938665 1.664366
6 -47.37917327880859 -6.032737731933594 0.4242359101772308 0.478694 0.155645 0.530616 -1.643757
2 -1.377008676528931 -3.725313663482666 -0.5958333611488342 6.393517 2.18781 2.03337 0.05181532
2 -27.26930618286133 -4.72459077835083 -0.3808916211128235 5.528179 2.254351 2.954047 -3.076626
1 12.72525215148926 5.466104984283447 -0.9664090871810913 2.328993 1.703762 1.763434 -1.560756
2 52.8099250793457 5.293382167816162 -0.6803889274597168 0.81477 0.416268 2.022865 1.554376
2 21.56440544128418 4.751508712768555 -0.4604794979095459 3.096117 2.252096 2.795227 0.9990247
2 47.50384521484375 5.125471115112305 -0.8602060675621033 0.809694 0.296891 1.285814 1.590748
2 -12.97100353240967 -7.255119323730469 -0.09141036123037338 2.517681 2.366224 1.704421 1.575863
2 12.32828140258789 -3.13773512840271 -0.463568776845932 1.922721 0.624475 2.292281 -2.743809
2 -17.79700088500977 4.765109062194824 -0.4728237986564636 6.229147 2.363091 2.840547 0.04476914
2 -31.44353866577148 -8.368301391601562 -0.2458468675613403 2.831795 2.213245 2.277305 -0.0762009
1 4.54803466796875 4.688742637634277 -1.083757519721985 4.262006 1.727312 1.488878 0.01522564
2 -38.52414321899414 4.901085376739502 -0.463705986738205 4.086934 1.349519 2.828627 3.133471
6 -51.57304763793945 4.261222839355469 -1.05999219417572 0.612676 0.657806 1.344746 3.121353
2 44.55071640014648 2.926727294921875 -0.4456727802753449 5.737394 2.152768 2.763978 3.11173
1 -31.3488655090332 4.334368228912354 -1.12498414516449 3.670163 0.588693 1.672392 3.117291
2 41.43769454956055 -1.476703405380249 -0.004443095996975899 2.475608 2.387559 2.650383 -0.1225953
1 40.88212203979492 0.814355731010437 -1.143686771392822 3.643785 1.680891 1.022665 3.069279
1 -15.89558124542236 -0.08165569603443146 -0.988997757434845 3.488208 2.087418 1.646567 -0.03619814
1 -7.737637519836426 -4.154889583587647 -0.9103622436523438 4.601867 1.929887 1.481349 0.09004879
2 9.818947792053223 7.430990695953369 -0.6000772714614868 6.148695 2.498925 2.517217 -1.560756
2 -43.88371276855469 -16.58301734924316 -0.3895085453987122 3.961783 0.881581 2.316102 -1.456604