6 5.114066123962402 -8.67375373840332 -0.2525904178619385 0.216048 0.520781 0.22376 -3.085971
1 -46.03355407714844 0.9846129417419434 -1.395147800445557 0.815009 1.110864 0.519841 -0.01776777
4 -46.63635635375977 -7.064224720001221 -1.14836311340332 0.926091 0.602366 1.204578 0.003505801
1 -15.56986045837402 21.80668830871582 -1.639329195022583 3.969057 1.281143 1.648706 2.88008
1 16.71943283081055 -3.931349277496338 -0.967642605304718 4.307804 1.913253 1.722771 0.00987083
1 -42.02859115600586 -2.887243747711182 -1.230067014694214 2.462087 1.857776 1.50636 0.00987083
1 -0.415289580821991 20.68836212158203 -1.867644429206848 1.213179 0.917933 0.80897 3.137399
1 -28.23445129394531 -8.180965423583984 -1.067237734794617 4.327978 2.074337 1.662912 0.7823219
1 2.428041934967041 -3.456476926803589 -0.8286188244819641 4.569278 2.070448 1.928654 0.00987083
1 39.30899047851563 -3.99548077583313 -1.323125839233398 3.102217 1.73383 0.821844 0.00987083
1 -5.540843009948731 13.24081802368164 -1.360838890075684 2.423935 1.408673 1.119294 -3.085837