2 9.77221393585205 5.272410392761231 -0.5432590842247009 1.565258 2.535023 2.327787 1.737205
2 28.92228889465332 -2.706175565719605 0.08576007187366486 1.818887 1.244735 2.292917 -3.118808
2 -48.8204460144043 -5.523370742797852 -0.9200779795646667 1.525005 1.427038 2.740894 -3.086953
2 19.19860458374023 6.88925313949585 -0.2932834625244141 2.25131 2.663484 2.383488 1.708337
2 33.47513961791992 -6.072878837585449 0.5545439124107361 0.36342 1.397041 0.891081 -1.550863
2 -13.80553245544434 6.89250373840332 -0.3628855645656586 5.077221 2.269819 2.228378 -1.534969
1 -8.037029266357422 2.200251340866089 -1.066114664077759 4.116716 1.761789 1.555236 -3.122808
2 -6.600074768066406 5.854878902435303 -0.6704596281051636 3.327705 2.186626 2.433478 -1.712177
2 23.28336143493652 -0.1051210761070252 -0.3315467536449432 6.505032 2.50617 2.756285 0.08773568
2 -0.4429586231708527 -3.216599464416504 -0.6291767954826355 6.011382 2.067768 2.032523 0.00517249
2 -10.72570419311523 -3.653712272644043 -0.586415708065033 1.860098 1.965885 2.318519 -2.750952
2 6.125908374786377 -3.016001462936401 -0.6241867542266846 7.035023 2.728245 2.269028 0.005339655
2 41.25156784057617 -6.274337291717529 0.8902899622917175 0.650059 1.028245 0.538731 1.587845
2 -33.98087310791016 3.569308280944824 -0.6667357087135315 5.841568 0.657209 2.848069 0.02004644
2 -16.43717956542969 -3.051652431488037 -0.5344634056091309 2.701782 1.894102 2.589312 -3.010917
2 24.34487724304199 7.031667232513428 -0.4699338674545288 0.886255 1.76104 2.537378 -1.416285
2 35.28508758544922 4.155713558197022 -0.07587692886590958 1.65604 1.360001 2.616616 0.2143824
2 -41.50642395019531 3.226853132247925 -0.8346354961395264 5.892703 1.204526 2.477769 0.096765
2 28.21523857116699 -5.983065128326416 0.2525880932807922 1.220844 1.994198 1.678922 -1.519806
2 51.98458099365234 4.946514129638672 0.3981781303882599 0.802857 0.199466 1.917015 -3.127009
6 -66.63380432128906 2.051066398620606 -0.4886735677719116 0.587328 0.743188 1.269127 -1.403759
2 -25.41877746582031 4.647713661193848 -0.4434732496738434 7.179265 2.775125 3.242598 0.04549562
1 4.56962251663208 -6.547902584075928 -0.4215428531169891 1.607131 1.691429 0.909457 -0.02453975
1 -10.7683801651001 5.846157073974609 -1.037745356559753 2.622228 1.621211 1.822538 -1.528539
2 -50.69121551513672 3.574382543563843 -0.739070475101471 7.498589 1.861704 2.829409 -3.122906
2 24.37699890136719 -3.468910217285156 -0.7185695171356201 5.304755 1.722527 2.135788 -3.133217
6 -3.687268733978272 -2.900053977966309 -0.6067362427711487 0.214492 0.734651 1.903097 0.003859614
2 27.46923065185547 7.849338531494141 0.4014106690883637 0.71867 2.749544 1.365678 1.726876
2 -26.17172813415527 -3.200896263122559 -1.118363261222839 7.072339 0.669807 2.002677 0.08987719
2 -1.397848606109619 6.55341911315918 -0.6813746690750122 6.237489 2.292227 2.324811 1.046095
2 -17.06035614013672 -9.004037857055664 -0.3823869526386261 7.400814 2.639544 2.782912 0.2144727
2 -8.324884414672852 -5.599702835083008 -0.5478693842887878 1.601769 2.271934 2.293078 -1.509911
2 43.87648773193359 -5.433343410491943 0.7758741974830627 1.267484 0.260689 0.859276 -1.522602
1 16.30620956420898 -3.023849487304688 -0.9921995997428894 4.239697 1.298103 1.413722 0.112744
2 33.87717056274414 1.655644178390503 -0.5570626258850098 4.604761 0.419053 1.865222 0.1175143
1 10.39915657043457 -0.5094537138938904 -1.019635915756226 3.249831 1.963586 1.430452 -0.08695045
1 -18.7230167388916 4.514792442321777 -1.122724413871765 3.909347 1.671601 1.131755 0.04407895
2 38.48593521118164 -5.760072231292725 0.3459432721138001 1.663537 0.545856 1.485342 -1.600085
1 -11.08158206939697 -0.05672681704163551 -1.060741782188416 3.726314 2.134612 1.574996 0.006387166
2 6.904638290405273 6.215309143066406 -0.6237425208091736 3.704254 2.498075 2.367229 1.761262
2 20.98878479003906 4.207152843475342 -0.3082983493804932 6.37919 2.474534 2.702813 -3.10794
6 -60.39595794677734 2.716011047363281 -0.5028184056282043 0.901077 0.320749 2.010769 -1.403337
2 3.468782901763916 7.881303787231445 -0.5963841080665588 6.214382 2.471528 2.409313 -1.55414
1 14.04743766784668 5.684161186218262 -0.9969291687011719 4.947778 1.220527 1.477189 -3.06464