2 -17.56864547729492 4.590543270111084 -0.6195505857467651 6.309818 1.565324 2.914251 3.105503
1 5.688578128814697 6.149106979370117 -0.8205075263977051 3.744832 2.004078 1.889915 -1.55558
6 51.3908805847168 2.425471305847168 0.2897316515445709 0.379618 0.696118 2.230643 0.02613259
2 35.07402420043945 -1.260741591453552 0.337417334318161 3.550717 2.41745 2.100132 -0.07818973
2 -3.058707475662231 -3.368850946426392 -0.6565037965774536 4.119504 1.954066 2.151035 -2.928617
4 0.5657541751861572 6.480873584747315 -1.136830687522888 1.435783 0.57616 1.039789 1.664871
2 13.95308589935303 -5.35905122756958 -0.4513279795646668 1.085037 1.664615 2.436495 1.558969
2 15.78977012634277 -3.657049179077148 -0.432463526725769 6.166676 2.225359 2.485512 -0.03441515
2 -39.19321441650391 -8.81078815460205 -0.6907809972763062 4.450179 2.182473 2.468023 -0.0788766
1 30.90789413452148 4.551663398742676 -1.184431314468384 2.900619 0.274256 0.826215 3.140427
1 -13.9056396484375 0.009632706642150879 -1.115614175796509 3.516814 2.145228 1.528102 0.0373258
1 -2.332143783569336 4.730393886566162 -1.089093565940857 4.394968 1.865172 1.517133 0.006298137
4 0.01721134036779404 7.844215393066406 -1.208238959312439 1.785357 0.513421 0.886654 1.956308
6 48.31304550170898 6.130476951599121 0.7304331064224243 0.164315 0.408515 0.754278 0.1641422
2 -24.98757934570313 4.167569637298584 -0.6690242290496826 6.131325 1.594777 2.747942 0.06170502
2 -47.10496139526367 3.953122615814209 -0.8279294967651367 6.910313 1.044126 3.353245 -3.051779
2 33.88691329956055 -3.484643459320068 -0.05406435206532478 1.619335 0.690968 2.947286 -3.113632
6 -38.6427116394043 3.93103551864624 -1.940876603126526 3.877023 0.451564 0.736493 -0.005778399
1 41.63541412353516 -3.48214864730835 -0.9283614754676819 3.384462 0.723567 1.281588 0.0
4 0.5775796175003052 8.091050148010254 -1.195782065391541 1.522014 0.387805 0.970925 1.734943
2 4.571930408477783 -3.911252737045288 -0.5554590821266174 4.056532 1.901365 2.074098 -2.798974
1 29.40890312194824 1.482809543609619 -0.7497462630271912 3.783533 1.999961 1.633525 3.141592
1 43.77496719360352 -0.08276757597923279 -0.7199616432189941 4.58996 0.378928 1.373386 0.04137054
2 -8.35042953491211 -3.730542421340942 -0.6194697022438049 6.301414 2.029093 2.483828 0.06275412
6 -58.58878707885742 3.615488290786743 -1.820044040679932 0.375602 0.414807 0.41538 -3.03592
2 -34.31930541992188 -5.110986709594727 -0.6335784196853638 5.64481 2.321848 3.029416 -3.051735
1 25.65505981445313 -1.065144658088684 -0.9251920580863953 3.102648 1.731686 1.437488 -0.1668577
2 22.50979042053223 -2.928854465484619 -0.2826001048088074 6.956388 1.451826 2.66798 -0.03870854
6 -11.57844924926758 0.7600769996643066 -0.002586942631751299 0.268978 0.621487 0.047119 -1.485231
2 -8.296969413757324 4.896659851074219 -0.6723536252975464 6.21094 2.523062 2.607016 0.01152857
1 -14.87724208831787 -3.689310312271118 -1.138603448867798 4.426886 0.686702 1.468186 0.08816142
2 45.19757080078125 -3.829467535018921 -0.09603068232536316 1.969439 1.487685 2.987607 3.131545
6 0.6974933743476868 -3.06396484375 -1.31248152256012 0.943339 0.852765 0.468894 -1.353056
2 14.522629737854 5.176308155059815 -0.4703032076358795 3.75008 2.228863 2.551122 0.9825391
2 37.64303970336914 3.311738014221191 -0.06103185191750526 6.188064 2.536219 2.949454 3.133036
2 2.769656419754028 7.340365886688232 -0.5614145398139954 6.175004 2.53126 2.30719 -1.565866
2 -33.23181915283203 3.832361221313477 -0.5928108096122742 2.989146 0.439486 2.952276 -0.02946538
2 10.07220554351807 7.233138561248779 -0.4848107993602753 6.321947 2.29882 2.445457 -1.671862
6 45.53628158569336 5.888446807861328 0.2819870412349701 0.392898 0.56696 2.005552 0.134698
6 19.82452201843262 -7.285385131835938 -0.05773299932479858 0.823642 0.27239 0.276174 0.01984011
3 40.34053421020508 5.353281497955322 -0.4599810540676117 0.609056 0.260197 1.346327 1.770714
2 -58.36161804199219 -5.954771041870117 -1.12019419670105 1.885581 1.418453 2.508351 0.09552607
2 24.51571655273438 4.453454494476318 -0.2652521133422852 3.863929 1.52675 2.797423 0.09999877