4 37.32854461669922 -13.16300868988037 -0.8740238547325134 0.813905 0.580276 1.388118 -0.03559699
1 -36.45354461669922 -0.5029596090316772 -1.849830389022827 1.107254 1.840214 0.771747 0.004501232
3 -55.17225646972656 -11.98812007904053 -1.494996905326843 0.268962 0.551788 0.690277 -0.05675809
3 -9.349796295166016 -14.76650142669678 -0.8348594307899475 1.009281 0.689346 1.761492 -0.09865987
3 -26.19699478149414 -13.11032867431641 -1.19924521446228 0.243526 0.481139 1.18062 0.0
2 29.8696460723877 -1.135174036026001 -0.2185327559709549 5.176244 2.365841 2.57132 -0.005902029
3 -26.81451606750488 -13.0203742980957 -1.278657078742981 0.310025 0.27315 0.964135 3.002822
1 17.06583213806152 -0.2622712552547455 -0.78277188539505 1.522026 2.042011 1.839959 -0.0183373
1 20.71542739868164 -3.837928295135498 -0.9651777148246765 4.341909 1.810927 1.486413 0.05477564
1 14.37280082702637 -6.141026973724365 -0.9778082370758057 4.274336 1.89008 1.492111 -0.03801314
1 -51.24073791503906 -17.92756271362305 -1.583377361297607 1.471479 1.627894 1.005475 1.394744
1 -17.97770690917969 -3.727397918701172 -1.246787309646606 4.363843 1.811454 1.486172 -0.005696072
1 47.76887130737305 -6.709997653961182 -0.4989227056503296 4.675686 1.956549 1.963866 0.02058318
1 41.5107307434082 -10.47877502441406 -0.8268789052963257 3.872981 1.902965 1.671094 -0.08496751