1 -50.55447769165039 2.201432943344116 -0.7559749484062195 2.234197 1.591688 1.321548 -0.1751765
1 -58.92743682861328 8.029439926147461 -0.5483707189559937 1.901435 1.99919 0.768254 -0.2250276
4 -47.24734497070313 4.314624786376953 -0.8329813480377197 0.588463 0.568984 1.526023 -0.1184362
3 31.83627891540527 -11.14679145812988 -1.178001642227173 0.412204 0.334349 0.982709 3.038502
4 5.512867450714111 23.27629280090332 -1.082277774810791 1.880443 0.759031 1.351295 2.951966
5 -3.941972494125366 -7.884482860565186 -1.627615690231323 0.169474 0.17519 0.368241 3.141592
6 -28.23045158386231 -19.97444152832031 -1.346823811531067 1.125263 0.256855 0.631784 1.460407
1 -29.3740406036377 -26.37773704528809 -0.8363484740257263 4.403615 1.80235 1.773228 -1.63678
5 -7.364594459533691 -11.26986789703369 -1.576852321624756 0.13256 0.172993 0.386802 -3.141592
6 -15.44173812866211 -18.30385208129883 -1.472500205039978 1.383399 0.447155 0.589226 -0.1512031
1 34.34182739257813 13.10933208465576 -1.225562334060669 4.452995 1.473257 0.738112 3.004734
1 -29.4456901550293 -33.1889533996582 -1.056586623191834 4.224981 1.566592 1.19734 -1.705609
5 -10.13901138305664 -16.19713973999023 -1.627561450004578 0.260606 0.195927 0.419874 3.141592
3 16.1982479095459 -9.13558292388916 -0.9313969612121582 0.724034 0.589037 1.691725 -0.09664783
1 32.37076568603516 0.7728902697563171 -1.362982869148254 3.439165 1.822862 1.192144 -0.1314918
5 -5.147181034088135 -8.815459251403809 -1.646781921386719 0.190579 0.201533 0.403857 3.141592
6 -28.45125198364258 -21.44448661804199 -1.283056378364563 1.300442 0.375315 0.865755 1.419599
5 -33.0604248046875 -9.394909858703613 -1.33415424823761 0.293915 0.261774 0.608834 -0.335589
6 -28.1788501739502 -11.22169399261475 -1.095698595046997 1.646499 0.23886 1.074309 2.176323
6 -13.95501041412354 -18.5406665802002 -1.488869547843933 1.563422 0.523873 0.703109 -0.1454015
1 -38.27835083007813 -0.2610495090484619 -0.8602672219276428 4.130086 1.769964 1.666127 -0.3591046
6 -27.69590377807617 -12.77467346191406 -1.070592284202576 1.236803 0.114133 0.391343 1.687074
6 -27.87281036376953 -15.01968765258789 -1.208329200744629 1.593374 0.264346 0.984215 1.365756
6 -28.15007019042969 -17.46118545532227 -1.182156443595886 1.283483 0.153352 0.827555 1.401381
6 -28.40245246887207 -18.905029296875 -1.301379561424255 1.282034 0.246173 0.651741 1.459121
5 -6.435494422912598 -10.09408569335938 -1.646064043045044 0.221947 0.139481 0.436651 3.141592
4 -29.47550392150879 -46.00444030761719 -0.9502161145210266 2.491288 0.787411 1.061036 1.483105