1 21.46622657775879 -2.699984312057495 -1.030096650123596 3.714483 1.798207 1.448357 0.05513721
3 37.7449951171875 -14.32289600372315 -0.9269850254058838 0.353705 0.427273 1.280985 0.07668106
3 -18.60807228088379 -15.80630397796631 -0.8033791184425354 0.702662 0.569367 1.75559 0.003571589
3 -3.754799842834473 24.52046394348145 -1.359108686447144 0.764265 0.375122 1.375289 -3.044015
1 1.70137083530426 -3.600450992584229 -1.056814670562744 4.521035 1.905383 1.449126 0.05453984
3 -41.01939010620117 -14.71349811553955 -1.116406321525574 0.347918 0.440271 1.138871 -0.04268129
6 -9.937472343444824 13.39498519897461 -1.753754496574402 0.420622 0.134165 0.36026 -3.128258
1 7.558662414550781 0.3514028489589691 -0.8378800749778748 3.402062 2.011819 1.821887 -0.04758019
4 22.81574440002441 -11.70097732543945 -0.9766213893890381 1.423356 0.582226 1.524091 0.01804763
1 46.5839729309082 -19.2945442199707 -0.7869276404380798 3.433153 1.62253 1.391822 -1.097573
2 15.73354721069336 0.1038074865937233 -0.3055816292762756 5.941959 2.597245 2.137546 0.05442405
1 23.51647567749023 -5.308246612548828 -1.066092371940613 3.605076 1.704753 1.386856 0.05517996
1 32.6329345703125 -4.812867641448975 -0.3220037221908569 4.678677 1.934666 1.711875 0.01805649
2 55.84618759155273 -23.92221260070801 0.08449608832597733 11.631886 2.688854 3.335883 1.685747
1 7.828476428985596 19.90994071960449 -1.230945229530335 4.306936 1.751127 1.371493 -2.953161
1 35.51038360595703 13.51223754882813 -0.8518718481063843 3.858552 1.717238 1.192848 2.901705
2 50.42739105224609 9.49953842163086 0.05783861130475998 12.146031 3.266273 3.106667 2.311216
1 -18.70807075500488 -3.088618278503418 -1.229338765144348 4.207685 2.012754 1.357626 0.002335914