5 -5.505322456359863 13.0605058670044 -1.428877115249634 0.390583 0.371436 0.500368 1.73309
5 -6.707576751708984 12.19714069366455 -1.479739546775818 0.230982 0.184911 0.46712 1.151574
5 -0.9146779775619507 18.68484306335449 -1.51855206489563 0.197944 0.18542 0.401538 -0.1589624
1 -19.67972183227539 6.128129482269287 -0.8630498647689819 4.416545 1.903027 1.735219 -2.841439
5 -4.410419940948486 13.87047863006592 -1.559106826782227 0.16156 0.23884 0.323591 -0.1589624
6 -7.310548305511475 -4.189571380615234 -1.457592487335205 1.400947 0.518058 0.773122 -1.377185
6 -6.217196464538574 9.438404083251953 -1.171256303787231 1.669824 0.631806 1.186427 0.4796411
1 32.0677375793457 20.78456497192383 -0.8548223376274109 4.511472 1.20658 1.206141 2.396826
5 -12.88489723205566 7.29034423828125 -1.438034176826477 0.489314 0.373867 0.559886 -2.868391
5 -0.5486329197883606 -8.71872615814209 -1.594695448875427 0.245282 0.235504 0.415231 1.883134
1 15.77472877502441 5.0722336769104 -0.9715416431427002 4.588853 1.716183 1.589186 -1.329443
1 18.10426902770996 -49.07455825805664 -1.132065296173096 1.600341 0.296294 0.845678 0.2792178
3 -34.58884048461914 -0.1587622761726379 -0.9845253825187683 1.548316 0.56483 1.231232 0.2796768
6 -8.481298446655273 8.590399742126465 -1.173911213874817 1.524834 0.265882 1.259397 0.1914713
5 -13.57999324798584 7.09912109375 -1.345957636833191 0.522261 0.360878 0.899285 0.2216305
1 -55.49638366699219 -19.48093032836914 -1.288831472396851 0.90577 1.509546 0.825581 0.2319008
1 -2.413126945495606 42.42263031005859 -1.375346541404724 0.652963 0.995812 0.516095 -1.438815
5 5.105118751525879 -10.48706245422363 -1.658930420875549 0.20408 0.202664 0.449705 0.2236364
4 13.45551776885986 -28.71649932861328 -1.361689329147339 1.415096 0.382086 0.79346 -2.005162
5 0.9342826008796692 -8.978192329406738 -1.600742220878601 0.215626 0.221683 0.43602 2.023576
6 -6.98789644241333 -5.721460819244385 -1.497872591018677 1.705166 0.630947 0.728683 -1.377185
3 12.38752746582031 -26.25729370117188 -1.031463146209717 0.413631 0.276523 1.016741 0.2732015
6 -10.88068389892578 7.994876384735107 -1.143424868583679 1.360735 0.305335 1.20798 0.2744092
5 -13.1693115234375 7.195457458496094 -1.484584093093872 0.320778 0.29036 0.529834 0.2216305
6 -12.32079410552979 7.756344795227051 -1.358817934989929 1.36162 0.29005 0.86765 0.1914713
1 -26.12146377563477 3.858423709869385 -0.8814031481742859 4.347636 1.835961 1.605016 -2.931923
3 11.85098266601563 -28.94167709350586 -0.8757109642028809 0.49094 0.447377 1.340805 -1.146311
5 -10.47110462188721 0.1804280579090118 -1.511304259300232 0.163264 0.207135 0.379986 -2.894382
6 -5.004425525665283 10.43765449523926 -1.15979814529419 1.289359 0.51381 1.21176 0.8998856
3 -33.48664474487305 0.3097450733184815 -1.096247315406799 0.665969 0.38789 0.91165 0.2769254
5 -3.528764963150024 14.95014190673828 -1.527852058410645 0.256621 0.214845 0.42662 1.892321
1 1.214008450508118 23.49410057067871 -0.9556222558021545 4.251759 2.791637 1.55837 -1.592473
5 -2.9737708568573 15.5994291305542 -1.581117153167725 0.251512 0.222364 0.417058 1.892321
5 -7.828375816345215 -3.650450706481934 -1.530346512794495 0.178125 0.180574 0.339594 -2.895281
3 -1.155483245849609 22.78816223144531 -1.258885741233826 1.341745 0.684115 0.807425 1.364831
5 -15.1007137298584 6.896109580993652 -0.9548891186714172 0.553283 0.201184 0.826536 0.2737312
1 20.55756950378418 42.36814117431641 -0.2116778343915939 3.563217 2.351197 0.916985 1.615893
6 -14.47057819366455 7.036224842071533 -1.121041536331177 0.843432 0.187461 1.213791 -2.867862
5 2.062311172485352 -9.228931427001953 -1.59503984451294 0.234362 0.332239 0.425768 -2.923894
3 16.91678810119629 -50.25917434692383 -1.017440557479858 0.302054 0.596112 1.124305 -1.409229
1 -0.5183107256889343 36.52595138549805 -1.108543157577515 3.649312 1.850808 1.391732 -1.409292
5 3.437925577163696 -9.715139389038086 -1.634952545166016 0.213537 0.224039 0.436476 -1.154273
5 6.351572036743164 -11.35605621337891 -1.579287648200989 0.212378 0.2133 0.388545 0.0