1 -41.77583312988281 -0.9557453989982605 -1.633434057235718 0.922554 1.592561 0.588229 0.0
1 -17.15275764465332 -4.012847423553467 -1.137852311134338 4.076266 2.08727 1.448048 0.03601006
2 36.83473205566406 17.86689567565918 -1.066375255584717 9.540039 2.815512 2.32454 -3.102727
3 -22.93788719177246 -12.35989856719971 -0.8632437586784363 0.41997 0.534403 1.413433 0.6296622
1 27.13448905944824 -0.133501797914505 -0.8944061398506165 1.209108 1.926625 1.601394 0.0
6 -48.75626754760742 -4.630775928497315 -1.509940266609192 0.213649 1.262554 0.307004 6.124876e-17
5 37.06594467163086 -17.00777244567871 -1.216964602470398 0.137039 0.110521 0.679371 -0.268429
4 -31.28172302246094 -9.107890129089355 -1.009567975997925 1.15095 0.772412 1.240569 0.07450876
3 52.39139556884766 -11.98806381225586 -0.7978387475013733 0.239581 0.379133 1.419535 -2.830085
1 43.99006652832031 -4.016408443450928 -1.189802169799805 0.309085 1.549007 0.511995 0.0
5 37.0462646484375 -18.85667991638184 -1.139559030532837 0.216686 0.145339 0.472751 -1.628692
1 28.61410331726074 -5.311116695404053 -0.9153518676757812 4.213384 1.803923 1.640982 -0.0284055
1 45.30716705322266 -19.66628646850586 -0.7449173331260681 4.303173 1.678099 1.372915 -1.699283
5 37.00165557861328 -22.54939651489258 -1.205150485038757 0.215653 0.073249 0.491797 -1.645247