2 20.13576698303223 0.3523960113525391 -0.3393459618091583 12.833519 2.497057 2.295971 0.07975025
1 20.60602569580078 -2.662957906723023 -1.205384612083435 4.243483 1.704317 1.250699 0.0613384
1 14.06507110595703 13.88141536712647 -0.9613440036773682 4.296033 1.800491 1.352876 3.097321
1 8.26040267944336 0.3344937562942505 -0.8924195170402527 3.449835 2.256514 1.825399 0.0525589
1 -2.973224401473999 13.39416694641113 -0.9791710376739502 2.876185 1.506636 1.054047 -3.099474
2 29.18074226379395 17.4486255645752 -0.3979091942310333 11.775 3.163291 2.921788 3.036646
1 -21.56826782226563 -0.9832988977432251 -1.030862808227539 4.075174 2.200507 1.752144 -0.008028445
3 38.09635925292969 -14.04329681396484 -1.157107591629028 0.467169 0.546629 1.361628 -0.3493949
4 22.87760353088379 -11.70614051818848 -1.152885675430298 1.502522 0.510367 1.47589 0.05248491
2 49.60894393920898 -6.10899829864502 0.03658362105488777 7.510052 1.007381 2.645833 -1.18019
4 -41.22524261474609 -14.67738056182861 -0.903089702129364 0.750031 0.539148 1.132115 3.015383
1 28.9394645690918 -2.29312539100647 -1.195607900619507 0.642639 0.814386 1.070782 0.06487142
1 24.51379203796387 -5.344932556152344 -1.131559133529663 2.250383 1.669495 1.446662 0.05933547
1 32.60742950439453 -4.786661148071289 -0.2586979269981384 4.54302 1.840955 1.307114 0.04486547
1 42.61122131347656 12.92411041259766 -0.9348773956298828 3.674572 1.075999 0.738099 2.665906
3 -12.86598777770996 -15.80409049987793 -0.6664493680000305 0.581949 0.595894 1.770771 -0.02096894
1 2.320077896118164 -2.807427406311035 -1.05537736415863 3.170983 1.718426 1.489624 -0.005951512