4 -5.684110641479492 -5.666040420532227 -1.293243646621704 1.699753 0.420537 1.045848 -2.44745
3 3.829706192016602 -27.36196517944336 -0.4927257299423218 0.401479 0.62011 1.123852 1.694443
1 -31.46371841430664 6.652065277099609 -1.061494469642639 3.830961 1.716938 1.463358 -3.13354
6 -3.466043472290039 -5.504368782043457 -1.095196127891541 1.129578 0.921949 1.436252 -2.851204
4 18.20490646362305 -4.855810165405273 -1.26491117477417 1.090375 0.383689 0.927057 -1.123382
4 16.1521110534668 -4.762592315673828 -1.358725786209106 0.680294 0.419816 0.564267 -1.126053
4 17.38759422302246 -5.194552898406982 -1.147698521614075 1.334714 0.439161 0.542448 -1.125364
4 5.867212295532227 -5.202146053314209 -1.267942547798157 2.183048 0.697783 1.146774 -1.878333
1 -11.12277889251709 8.673324584960938 -0.9821498990058899 4.312294 1.989871 1.672477 -3.116211
4 17.867431640625 -5.117673873901367 -1.306895971298218 1.155969 0.390041 0.793615 -1.125364
4 13.78676700592041 -4.803624153137207 -1.28326952457428 1.27286 0.513303 1.043706 -0.9865493
4 25.92591094970703 -4.665458202362061 -1.34354555606842 1.579078 0.455518 1.227133 -1.723094
4 24.96786689758301 -5.052858829498291 -1.105506300926209 1.23078 0.24129 0.504829 -1.80326
4 23.04936218261719 -4.634302139282227 -1.435938477516174 1.417022 0.355817 0.773667 -1.7134
6 -32.45252227783203 -3.04090428352356 -1.279493093490601 1.253623 0.438902 0.655456 2.392961
4 -17.24468421936035 -5.203949451446533 -1.238251447677612 1.508942 0.58642 1.061996 -1.481338
4 20.35887145996094 -4.665485382080078 -1.265033721923828 1.501622 0.349213 1.250284 -1.82493
4 -16.77598571777344 -5.179296493530273 -1.37435781955719 1.173288 0.331924 0.756723 -1.481338
4 -18.91879653930664 -5.574374675750732 -1.360793828964233 1.43275 0.556433 0.842013 -1.463774
4 15.68637847900391 -5.135882377624512 -1.284275531768799 1.487924 0.635622 0.982564 -1.144492
4 -9.7326021194458 -5.575397968292236 -1.581077337265015 1.139747 0.570661 0.503459 -1.981683
3 -14.87603282928467 -4.863241195678711 -1.223807096481323 0.867767 0.502148 1.10759 1.657963
4 -9.075845718383789 -5.589310646057129 -1.264927864074707 1.518693 0.562726 1.099467 -2.02441
6 -0.8648278117179871 -5.633901596069336 -1.597805976867676 1.177002 1.231284 0.442812 -2.82108
6 -20.591064453125 -5.142687797546387 -1.595799326896668 0.830363 0.482626 0.501722 3.139768
4 14.31235885620117 -4.601064205169678 -1.355830669403076 1.187494 0.461825 0.932276 -1.065067
6 -2.227710485458374 -5.45093584060669 -1.09705114364624 1.206054 1.001708 1.448283 -2.826885
4 19.19715881347656 -4.885467529296875 -1.209125399589539 1.432599 0.497182 0.748472 -1.43646
4 3.956141471862793 -5.28289794921875 -1.263322234153748 1.481626 0.670568 1.106214 -1.412633
4 -4.817473411560059 -5.595058441162109 -1.385068893432617 1.734885 0.3588 0.893211 -2.042065
4 24.25899314880371 -4.523210048675537 -1.266489505767822 1.600465 0.508026 1.167494 -1.592197
6 -13.51546478271484 -5.446101188659668 -1.096011161804199 2.379234 1.042719 1.391806 -0.02309787
4 -18.2664852142334 -5.457643508911133 -1.228360414505005 1.172939 0.514178 0.706841 -1.507628
6 -41.52119445800781 -4.274083614349365 -0.4873572289943695 0.803696 1.131067 0.353846 0.02210004
5 -36.79143142700195 14.45889377593994 -1.495643496513367 0.2327 0.28161 0.533405 -3.138023
1 -53.38851165771484 -4.507115364074707 -0.8586596250534058 1.040905 0.439632 0.754963 0.0
4 22.48063659667969 -4.840486526489258 -1.35183572769165 1.560295 0.419233 0.918489 -1.696745
4 15.07816410064697 -5.099823474884033 -1.110022783279419 1.452197 0.319935 0.692399 -1.113933
3 -20.24440765380859 23.3023567199707 -0.03356157243251801 0.488613 0.447614 0.80724 -3.141592
3 3.891088485717773 -20.93145179748535 -0.2558212578296661 0.374027 0.322777 0.952102 3.132525
3 -20.42741203308106 27.46811676025391 -0.2840321362018585 0.390863 0.423296 0.945909 3.141592
1 -24.1931266784668 -4.393499851226807 -0.9464062452316284 4.853776 1.822859 1.760217 -0.5928994
4 16.82447242736816 -5.092031478881836 -1.331992626190186 1.453903 0.461964 0.917911 -1.125364
3 -20.68909454345703 21.85436630249023 -0.2065112590789795 0.523323 0.435614 1.146225 -3.141592
4 27.03936958312988 -4.918609142303467 -1.224733352661133 1.252957 0.312983 0.597291 -1.636499
4 -8.211091041564941 -5.526618480682373 -1.280389070510864 1.63904 0.51522 1.08546 -2.071762
4 -7.22369909286499 -5.527232646942139 -1.300094723701477 1.389241 0.504464 1.096446 -2.179031
1 29.23620796203613 -4.085564136505127 -1.398265957832336 3.456492 0.273651 1.076256 0.0
4 -6.347508430480957 -5.518423557281494 -1.380608439445496 1.280238 0.532646 0.92211 -2.379541
5 -29.3823299407959 14.5358362197876 -1.605809450149536 0.116739 0.140069 0.433598 3.141592
1 -38.10723114013672 -3.077701330184937 -1.248202204704285 2.393481 1.12842 0.983498 -1.576638
6 -11.71127510070801 -5.602516651153565 -1.409116625785828 1.182618 1.05063 0.778015 -3.080536
4 18.59498405456543 -4.811274528503418 -1.300663828849793 1.120783 0.337753 0.947483 -1.127326
1 -40.53475952148438 -0.845756471157074 -1.317702531814575 0.77493 1.613271 0.593506 0.0209412
6 -37.08160018920898 10.00959396362305 -1.465519666671753 1.363965 1.517363 0.580166 -0.002853481
1 9.709044456481934 -4.936532020568848 -0.9466495513916016 4.357639 1.777595 1.753297 0.0469766
3 -20.52667236328125 28.3493766784668 -0.389973908662796 0.407238 0.220932 1.551882 3.141592