2 -3.537698030471802 8.531842231750488 -0.6401582360267639 6.210474 2.224916 2.464658 1.42497
1 23.96513366699219 -6.582268238067627 0.5466839075088501 0.186346 1.378346 0.845559 -1.555138
1 8.27397632598877 6.499485492706299 -1.125592350959778 4.558743 1.840194 1.487195 3.125116
2 -8.391221046447754 -14.72031497955322 -0.3663130402565002 5.905798 2.273858 2.443079 -1.813015
2 21.0837459564209 6.92559289932251 -0.3147192597389221 4.655293 2.264324 2.629791 1.522858
2 10.98997688293457 -4.628931999206543 -0.5593297481536865 6.263012 2.384086 2.490016 -0.04471063
2 12.63258171081543 8.016191482543945 -0.5261189937591553 6.422949 2.672622 2.673831 -1.65778
1 20.25437164306641 2.731232881546021 -0.9905734658241272 4.180134 1.997685 1.669821 -3.140918
6 52.99358749389648 4.5464186668396 0.06382542848587036 0.137019 0.270391 1.289953 0.05699992
1 -16.30459213256836 0.4061696529388428 -1.01323926448822 3.536302 2.053143 1.606912 -0.006331009
2 -30.05622100830078 -2.543985366821289 -0.4564732909202576 5.927478 1.183844 2.826998 -0.04979103
2 26.18856811523438 5.234332084655762 -0.4119764268398285 0.479804 3.960875 2.95039 1.555707
2 -15.85296630859375 -6.057279586791992 -0.5548869967460632 2.475914 2.512979 2.726081 -1.771624
1 51.54203796386719 -9.39299201965332 0.5741636753082275 3.924732 2.069672 2.411861 -1.540514
1 39.13637161254883 5.64283561706543 0.2979772090911865 4.275781 2.265682 1.542188 -0.01455843
2 8.574142456054688 -7.42963981628418 -0.1316327452659607 2.130225 2.402711 1.583745 0.0194397
2 -13.07829666137695 -7.039332866668701 -0.5754808783531189 2.861719 2.715892 2.604097 1.479177
2 -2.489738941192627 -8.499317169189453 -0.6839138269424438 5.343668 2.071431 2.385346 1.506891
1 45.41406631469727 1.928575396537781 -1.208128809928894 3.257981 1.704894 1.194756 3.125371
1 30.57389450073242 -4.620471954345703 -0.9682679772377014 3.35733 1.281556 1.546522 -0.06182137
1 2.488871097564697 6.780050277709961 -1.027650356292725 4.528562 2.059713 1.702227 -0.04326431
6 16.98580551147461 -4.953156471252441 0.5650365948677063 0.492662 0.165714 0.561053 -3.141281
2 -39.08405303955078 6.60605001449585 -0.2563362419605255 4.047053 1.527939 2.690152 -3.08798
2 0.8791622519493103 -8.098705291748047 -0.6083042025566101 6.530129 2.374394 2.388268 1.503888
2 45.79688262939453 4.506001472473145 -0.2450255453586578 4.12845 1.223788 2.449496 -0.03001202
2 -35.77108001708984 4.258488655090332 -0.3373121321201325 4.015334 2.299725 2.858194 3.077433
2 30.34750366210938 -6.905331134796143 0.5573711395263672 4.636315 1.294471 1.024849 -0.01855198
2 -0.9582442045211792 -13.27499008178711 -0.6433324217796326 0.761673 2.577211 2.222934 -1.584695
4 -29.50996208190918 6.221957206726074 -0.3449215888977051 3.526311 0.720921 2.579468 3.079337
2 -14.84469413757324 8.725717544555664 -0.5467672348022461 3.894005 2.070641 2.746182 -1.538046
1 32.04376983642578 5.615683078765869 -0.8211396932601929 3.11151 0.755305 1.221973 3.101887
1 54.58274078369141 -3.529545545578003 -0.9466618299484253 0.950415 0.793856 0.804325 0.1084683
2 -33.93731307983398 6.388803005218506 -0.4371858537197113 1.927691 1.476989 2.591893 3.102202
4 12.54197311401367 -2.488043785095215 -0.9853223562240601 1.619003 0.733785 1.60371 -3.133088
1 17.51847076416016 6.04691743850708 -1.163335800170898 4.160446 1.615244 1.398267 3.097476
2 -10.0490255355835 -9.306050300598145 -0.554787278175354 6.426084 2.482931 2.577726 1.547387
2 -20.05599403381348 -4.06456995010376 -0.4289861917495728 6.193474 2.98942 2.846657 -0.1160103
1 4.862250804901123 -4.493000507354736 -1.059248685836792 4.680611 1.919822 1.503341 -0.2296878
2 -15.20829582214356 4.963641166687012 -0.5071888566017151 6.199104 2.378058 2.718814 0.06333785
2 -7.046113014221191 6.773255348205566 -0.6618327498435974 1.953218 2.229335 2.469176 1.567729
1 -17.21150207519531 8.113964080810547 0.1352331042289734 0.245117 1.379365 1.490165 -3.094255
1 21.14447784423828 -4.830813884735107 -0.7825238704681396 4.387478 1.872045 1.763435 -0.01930743
4 -29.28052711486816 5.326711654663086 -1.507896661758423 1.668808 0.393639 0.657882 2.55459
1 -10.26988315582275 7.006198406219482 -1.135741114616394 4.154341 1.744263 1.562031 -0.0619806
1 3.933694362640381 -7.115137100219727 -1.083316564559937 2.846261 1.553322 1.577867 -0.04703112
6 23.2014274597168 5.329212188720703 -1.55191433429718 0.633574 0.166965 0.285213 -0.09837056
2 -59.54012680053711 -3.427058458328247 -0.446713924407959 2.71518 0.332582 2.61188 2.785618
2 36.76013946533203 -4.093411445617676 -0.3973496556282044 6.158237 2.322806 2.861949 0.07109666