2 -10.48411178588867 7.099342346191406 -0.5586802959442139 6.028036 2.358838 2.602386 -1.517674
1 -7.579146385192871 6.39917516708374 -0.8905438780784607 4.48398 1.761326 1.902172 -1.505753
1 19.85076332092285 -2.383761882781982 -1.032019734382629 4.08311 0.874368 1.535907 0.08535862
2 -45.09968948364258 -6.744293212890625 -0.7378119826316833 1.413388 1.713465 2.858243 -3.043118
2 9.35084056854248 -2.323958396911621 -0.5756676197052002 6.468841 1.908061 2.401516 0.001122263
2 -3.268500328063965 7.294763088226318 -0.6044748425483704 6.444707 2.230075 2.390494 -1.632339
2 13.50264167785645 5.276450634002686 -0.4388185441493988 0.887056 2.938476 2.259834 1.744417
4 0.5308761596679688 -18.65245819091797 -1.014790534973145 1.720469 0.780589 1.539213 1.947192
2 -38.10811614990234 2.26702880859375 -0.7479667663574219 6.02598 1.294649 2.708004 0.1114482
2 47.46329116821289 -4.112864017486572 0.6127073764801025 1.390067 0.237497 1.451239 -1.448669
2 -7.20449686050415 -3.85858941078186 -0.6376720070838928 2.101217 1.994715 2.234951 -2.73013
1 -9.111680030822754 -7.566233158111572 -1.058936238288879 3.907697 0.505953 1.386832 -2.886378
1 -15.35815715789795 4.35788106918335 -1.142726898193359 4.185611 2.126713 1.547656 0.06876171
2 3.689966917037964 -2.704741477966309 -0.6676174998283386 4.723186 1.237339 2.248055 0.004999241
2 10.38752365112305 6.124083995819092 -0.4103437960147858 3.088561 2.649495 2.202885 1.802147
2 -63.22048187255859 0.6265333890914917 -0.7243638634681702 0.867711 0.865354 2.403703 0.0
2 31.25124931335449 8.3706693649292 0.2741601467132568 0.825657 1.769615 1.487275 -1.493987
2 -4.587974548339844 -7.807245254516602 -0.6431912779808044 5.879147 2.56725 2.405833 -1.483182
6 -25.2362003326416 0.3414249420166016 -0.2502053081989288 1.955075 0.444685 0.097859 -0.04151898
2 -22.15083694458008 -3.82666802406311 -0.5056237578392029 7.815301 0.929173 2.961102 0.07247282
2 32.49569320678711 -1.988510727882385 -0.2426814734935761 1.903746 1.114117 3.134777 -3.108323
6 0.5837436318397522 -3.033140659332275 -1.259149432182312 0.293637 0.617025 0.239794 1.587437
2 -5.262481689453125 -16.47402000427246 -0.4642311036586762 2.300406 0.729733 2.563278 -1.31907
1 2.33302640914917 2.369350433349609 -0.9746272563934326 4.41344 1.966308 1.659529 -3.105117
2 28.08496284484863 7.628751754760742 -0.3333458304405212 2.578516 0.881546 2.814637 -2.949311
1 -11.24806690216065 -0.3526949882507324 -1.023042321205139 3.732299 2.113608 1.696142 -0.005835202
2 27.99745941162109 -2.782365560531616 -0.5899771451950073 5.376376 1.725249 1.657536 -3.088528
2 22.15552139282227 0.1238540709018707 -0.2658650875091553 1.508831 2.332837 2.534151 0.0637669
6 36.85027313232422 -5.17086124420166 0.3035709857940674 0.36416 0.742449 1.236863 -1.562409
2 34.36472320556641 2.175357580184937 -0.6766575574874878 4.627405 0.505921 2.219618 0.1129934
2 -48.22938537597656 1.585488557815552 -0.7847375869750977 5.297095 0.286111 2.365671 -3.09772
2 0.3769841492176056 -6.892683982849121 -0.6151078939437866 7.957236 0.346208 2.422672 -1.489598
2 22.58494186401367 7.046686172485352 -0.3423158526420593 2.81611 1.519449 2.850857 0.1179914
2 -57.58584976196289 1.451525330543518 -0.7914808988571167 1.527798 0.924238 3.131092 -3.080959
1 13.82683849334717 -0.2014538794755936 -1.028902769088745 3.153014 2.032335 1.527301 -0.05117548
2 -21.52155303955078 3.977298974990845 -0.4762559533119202 6.107203 2.461615 2.9872 0.06850484
2 -3.2196204662323 -18.05512428283691 -0.5764193534851074 5.53305 2.003787 2.345737 1.640206
2 38.564208984375 4.928945064544678 -0.2920353412628174 1.196442 1.199966 2.892897 0.2167487
1 17.22861289978027 5.819998741149902 -1.037708401679993 4.059266 0.644907 1.453633 -3.04326
2 1.989430904388428 6.716870784759522 -0.650272011756897 6.497338 2.299712 2.32472 1.049489
2 -13.16468524932861 -3.711155414581299 -0.5810456871986389 3.604306 2.559958 2.444675 -2.98666
2 6.765986442565918 8.065021514892578 -0.4942387342453003 6.113636 2.496428 2.298253 -1.537591
2 -30.48735427856445 2.987995624542236 -0.5869504809379578 5.652459 0.952389 2.881877 -3.106612
6 1.029844284057617 -2.710326910018921 -1.155626773834229 0.354782 0.374607 0.186439 -0.139777
2 24.4223804473877 4.811706066131592 -0.2711990475654602 6.435472 2.532313 2.905001 -3.107552
2 42.03821182250977 -4.782351970672607 0.6951176524162292 1.480954 0.278669 0.624235 -1.704198
6 13.09596729278565 -1.621687054634094 -0.0664825513958931 0.287414 0.237547 0.254424 3.11417