2 -5.998937129974365 9.262606620788574 -0.545352041721344 6.339821 2.286565 2.384078 1.839962
2 20.79635238647461 3.203771352767944 -0.4592154920101166 1.703814 1.551584 2.84078 -0.05304845
2 -53.27701568603516 13.23446941375732 0.1001919656991959 4.747705 1.965653 1.315333 -0.1266382
2 -43.31393814086914 -0.784598708152771 -0.7384006381034851 3.572038 1.047386 1.863061 3.003137
2 10.09851741790772 5.302219390869141 -0.6144604086875916 1.782859 2.532838 2.515602 -1.606807
1 55.83465576171875 -11.97581577301025 -1.656293272972107 3.948285 1.466162 0.837348 -3.090646
1 3.270334959030151 -3.381648778915405 -0.9136160016059875 4.097405 2.022794 1.827683 -0.3772271
2 6.080022811889648 7.330354690551758 -0.6105630993843079 6.292928 2.424256 2.454261 1.540636
1 -44.31536102294922 12.03416061401367 -1.20084536075592 0.306477 0.808718 0.505812 -0.06779724
1 -36.52247619628906 6.164247035980225 -1.13717246055603 3.025774 1.039002 0.91337 -0.09974742
2 -15.37669181823731 7.583925724029541 -0.2770247459411621 0.716603 1.749112 2.193331 -1.02926
2 -37.33756637573242 -2.245308637619019 -0.1774642020463944 8.318192 2.678215 3.053858 3.036057
2 22.41787719726563 -9.350067138671875 -0.5241637825965881 4.990892 0.908259 2.997109 -0.07637881
2 -35.06232833862305 11.24972915649414 -0.07302616536617279 6.585964 2.094425 3.1383 -0.08165259
2 23.76165962219238 -7.330140113830566 -0.5204700827598572 5.943155 2.252062 2.996025 -0.1052838
2 16.8498477935791 3.685927152633667 -0.4908468425273895 2.014981 2.339413 2.702848 1.550122
2 -18.47120666503906 7.686813831329346 -0.3643706738948822 1.632835 2.30476 2.593985 -1.044393
1 -27.3199405670166 9.413440704345703 -0.8755282759666443 3.630094 0.315501 1.517468 -0.08656047
2 -4.300055980682373 -6.082979679107666 -0.6414304971694946 6.000796 2.461803 2.304851 -0.5181045
1 -17.40912818908691 0.956584095954895 -0.9135649800300598 3.796728 2.087723 1.663768 -0.03345861
2 13.93343257904053 4.943132400512695 -0.5897318720817566 3.557564 1.880402 2.652841 1.775838
2 18.06100082397461 0.8211801648139954 -0.4958476722240448 6.560737 2.262892 2.862084 2.936814
2 -17.55154418945313 -5.871256828308106 -0.5734005570411682 5.379686 2.226687 2.459051 1.783548
2 13.96840000152588 -12.74898910522461 -0.5114040374755859 6.270525 2.323898 2.78752 -0.3091847
2 21.6641731262207 -16.16572380065918 -0.3587472140789032 1.79331 0.207915 1.06658 -0.1812672
1 -0.1062283515930176 -14.88219928741455 -0.5827177166938782 1.812744 1.667115 0.826096 1.44559
2 -13.31565475463867 9.790446281433105 -0.4327512085437775 6.756311 2.335721 2.613167 2.151861
2 0.2498502731323242 6.438473224639893 -0.672815203666687 6.123561 2.205725 2.341986 -0.09622082
2 37.22808074951172 -1.289306402206421 -0.4716698825359345 1.685086 0.678647 2.955522 -0.00749952
2 1.879934906959534 -7.146573543548584 -0.729525625705719 6.195766 2.554302 2.496838 3.026374
2 32.17119979858398 -7.766661167144775 -0.522106409072876 2.499221 0.796394 3.001363 -0.1595122
1 -10.0664234161377 -5.736769199371338 -1.076619863510132 3.37056 1.636667 1.458561 -0.09011295
1 -21.46621513366699 4.722758293151856 -0.8478078246116638 3.790328 1.899326 1.659402 -0.05976922
2 16.00917816162109 -8.866455078125 -0.5771558284759521 6.316236 2.096897 2.900409 -0.104302