3 37.22580718994141 15.07064628601074 -0.2891952991485596 0.33832 0.491122 0.624489 -0.007158656
4 -20.19493865966797 -4.532593250274658 -1.323564052581787 1.3435 0.920768 1.050016 0.03454234
3 28.33114051818848 -9.976882934570312 -1.064670324325562 0.361746 0.44189 0.757633 0.02992652
1 -35.56354141235352 -5.153564453125 -1.01905083656311 3.401176 1.612428 1.569913 -0.006466795
3 1.64792537689209 -21.59481430053711 -0.3868139386177063 0.548056 0.620237 0.994688 -8.915961e-16
3 39.86007690429688 -3.157308101654053 -1.186591744422913 0.61305 0.679793 1.471921 0.0
6 17.29662132263184 9.854076385498047 -1.548582673072815 0.799516 0.567551 0.593499 3.131805
4 -26.90758323669434 -5.053585529327393 -1.290376663208008 1.285559 0.233793 0.738297 -1.763504
4 -30.62497329711914 -5.331892013549805 -1.355430126190186 1.283531 0.746303 0.912941 -1.498907
1 18.63257217407227 -4.891432285308838 -0.9427004456520081 4.4526 1.725152 1.947353 -0.02155374
4 -21.79358100891113 -4.765219211578369 -1.278413057327271 1.472427 0.628077 1.194911 -1.797907
6 -48.44289398193359 -5.696441650390625 -1.050975322723389 1.496511 0.849799 0.825272 3.141592
1 36.71989059448242 -4.831159591674805 -1.29655134677887 3.756467 1.60525 1.24329 0.0505244
4 12.6779375076294 -6.658089637756348 -1.119141101837158 2.806229 0.985318 1.516194 -2.028711
3 41.17152404785156 -3.610131025314331 -1.04670512676239 0.560583 0.42561 1.566785 -2.068078e-16
4 -31.64920425415039 -5.111928462982178 -1.428710341453552 1.475707 0.545982 0.978959 -1.594457
1 -16.37938499450684 -5.080889225006104 -1.151654720306397 4.501915 1.79407 1.510828 0.03337318
2 60.85043334960938 8.376977920532227 -0.4094226360321045 6.06249 2.322376 2.522429 -3.117396
5 15.98321437835693 6.580202579498291 -1.554229021072388 0.331675 0.232154 0.449696 0.02296441
2 39.99965667724609 8.13162899017334 -0.1727322787046433 9.100327 2.875494 3.538595 -3.099652
4 -23.21252822875977 -4.970558166503906 -1.062022686004639 1.524526 0.237017 1.099946 0.9655029
1 41.40489196777344 -4.490710258483887 -1.088305473327637 2.40072 1.129414 1.667732 1.537802e-16
4 -25.68473434448242 -4.944252014160156 -1.293313384056091 1.515829 0.458988 1.125448 -1.847867
4 -23.86071395874023 -5.001247882843018 -1.262434840202332 1.811095 0.428334 1.16971 -2.178894
1 2.257440328598023 3.92655348777771 -0.987955629825592 4.97743 1.941333 1.641232 -3.111491
4 29.39205169677734 -5.309484004974365 -1.40033757686615 1.999529 1.255989 1.044848 0.024947
1 -56.08337020874023 8.531532287597656 -1.425577998161316 2.034896 1.901406 1.299253 3.123999