1 1.345785617828369 -3.467983484268189 -0.8913586139678955 4.576053 2.078076 1.818973 0.07148065
1 -31.93408203125 42.78125381469727 -1.732580065727234 4.339297 1.603253 1.203686 -1.559095
4 8.550957679748535 -8.494980812072754 -0.995262622833252 1.506787 0.788661 1.650442 0.07898039
1 39.05744171142578 -3.802646636962891 -1.108591198921204 3.770031 1.916102 1.35509 -0.0345754
4 -42.88613128662109 -7.150758743286133 -1.042929172515869 0.706769 0.70192 1.142089 -0.0006134225
3 -20.18662643432617 30.39090156555176 -1.699496269226074 0.941403 0.92461 1.661989 -0.6694209
1 4.656483173370361 13.30978488922119 -1.309792160987854 2.943691 1.715128 1.166381 3.131145
1 -9.832744598388672 22.10302734375 -1.533534049987793 4.361357 1.719682 1.636185 2.89069
1 -43.56586456298828 -3.159781455993652 -1.033931374549866 2.186639 1.965325 1.093773 0.04625849
1 3.870348453521729 21.17389678955078 -1.641004681587219 3.87278 1.792362 1.498153 -3.13727
1 15.75490474700928 -3.793086290359497 -0.9723673462867737 4.380138 1.912378 1.746469 -0.006149614
1 -45.89976119995117 0.6410638093948364 -1.406514406204224 0.862156 1.614777 0.587212 0.009007366
1 -23.51047515869141 -9.023500442504883 -1.015738606452942 4.288135 2.021917 1.710748 0.9080188