2 41.54756546020508 -7.656387805938721 -0.7101747989654541 6.878394 2.719134 3.27702 0.0006841641
3 -38.06483840942383 -11.47798919677734 -0.4301813840866089 0.227689 0.286609 1.712258 0.01747764
1 -34.19412994384766 -0.08026984333992004 -1.17418372631073 0.826029 1.69338 0.638002 0.03919101
4 53.12570571899414 -7.332606315612793 -1.873744130134583 0.953822 0.94163 1.332064 0.03752184
1 30.84763526916504 -2.946473121643066 -1.419723391532898 3.74076 1.687985 1.374368 0.01723019
1 -30.6643123626709 -3.83212685585022 -0.6875743269920349 4.266662 2.00383 1.797019 0.007964183
1 33.89259338378906 -8.090617179870605 -1.183964252471924 4.636142 1.869956 1.938856 -0.04327765
1 -7.874518871307373 -4.124029636383057 -0.8560711145401001 4.368237 2.147475 1.746424 0.03557407
1 20.98861694335938 -7.687003612518311 -1.302354216575623 4.085084 1.709133 1.448852 0.01260837
3 -37.98965454101563 -12.31688690185547 -0.3234932720661163 0.525013 0.55771 1.454564 0.01747764
1 17.18053245544434 14.78341960906982 -1.378056764602661 3.809068 1.767555 1.277668 3.124213