2 15.92947578430176 5.797842502593994 -0.410688579082489 5.471359 0.956188 2.795582 3.095855
2 -5.871771812438965 -14.48945999145508 -0.5222240090370178 6.143459 2.883699 2.524558 -3.094712
1 8.166406631469727 6.351319313049316 -0.6189682483673096 1.443426 1.577322 0.509996 1.48662
2 -22.18329238891602 -8.933460235595703 -0.5186579823493958 5.685017 2.260975 3.010863 1.56428
2 30.19601249694824 6.377516746520996 -0.2066769003868103 5.773106 2.368005 3.094158 3.141278
2 -44.31271743774414 3.216282606124878 -0.4936501085758209 1.836664 2.395656 3.078948 3.087002
6 -17.5052490234375 -12.20706748962402 0.7351720333099365 0.144014 0.77371 0.276369 1.402355
1 28.18110656738281 2.604812860488892 -0.7603840231895447 3.887861 1.881978 1.874778 3.113075
2 -24.73694610595703 4.492207050323486 -0.5031257271766663 6.074047 2.243865 2.969915 0.082178
2 42.12689208984375 -8.331869125366211 0.5958976149559021 2.209983 1.807488 2.137399 1.646014
2 22.00186729431152 -6.994098663330078 -0.2845882475376129 6.78324 2.174104 2.692062 3.010552
1 21.45138168334961 -4.209414958953857 -1.000258803367615 3.920451 1.845031 1.50878 -3.056917
2 52.96719360351563 5.597366809844971 0.8778673410415649 4.219471 0.802638 1.802891 0.1105562
2 -11.77876091003418 -7.128106594085693 -0.7409887313842773 1.873359 2.034072 2.386856 1.508118
6 -25.13374328613281 -6.436211109161377 -0.6476565003395081 2.233928 2.255167 2.804563 -1.804423
6 -38.50777053833008 4.380668640136719 -1.519576907157898 1.139089 0.548252 0.544484 -0.2597307
1 -4.254371643066406 -4.7359299659729 -1.076526761054993 4.991175 2.378611 1.620023 -0.1777925
6 1.008750915527344 -2.804970741271973 -0.9788636565208435 1.509961 0.895842 0.950278 -2.682922
2 -47.76261901855469 5.265093326568604 -0.3850697875022888 0.632588 2.082945 2.769883 1.616322
2 -8.314948081970215 -22.40375518798828 0.5636306405067444 8.982668 3.707392 0.975477 0.1543841
2 -19.23547744750977 -9.477511405944824 -0.5516809821128845 5.912668 2.216342 2.996428 1.597463
1 -0.9989585876464844 6.644110202789307 -1.13900363445282 4.623731 1.976758 1.558419 -3.117035
2 1.621671795845032 -4.302872180938721 -0.7052844166755676 6.077033 1.874917 2.318513 0.01933634
2 35.94292449951172 5.372068881988525 -0.1843299567699432 3.395476 1.054018 3.076587 0.03443852
1 -4.462985515594482 -7.360721111297607 -1.128479599952698 3.977411 1.93612 1.475983 0.01073472
2 11.47869491577148 7.915176868438721 -0.4840825200080872 6.00633 2.362512 2.575485 1.557862
6 6.798670768737793 -5.30675745010376 -0.5505399703979492 2.21149 1.37599 2.285753 -3.07435
6 62.18743515014648 0.8061187863349915 -0.8721054792404175 0.81565 1.431034 0.8844 -2.9783
2 47.82453536987305 -2.580382347106934 -0.1787651926279068 6.241549 2.648306 3.046974 0.06478218
2 -16.77173805236816 6.432802200317383 -0.580413818359375 2.590371 2.267634 2.766427 3.071228
1 -6.84281063079834 6.681131839752197 -1.03731632232666 4.490303 2.056323 1.699801 0.006398241
2 -13.19939804077148 8.454901695251465 -0.6047369241714478 6.582608 2.417878 2.735327 1.467762
6 -12.12136554718018 0.905127227306366 -0.05749276652932167 1.824442 0.611646 0.186242 -0.4188786
1 11.94546413421631 -4.679009437561035 -0.8458251357078552 4.702266 2.076861 1.960024 0.01870714
1 2.204495668411255 2.936232566833496 -0.9260764718055725 5.013498 1.992338 1.761283 -3.104974
1 27.46834945678711 -3.483314752578735 -0.2954517900943756 6.203563 2.122629 2.849825 -3.044116
1 -16.57691955566406 -0.08244723081588745 -1.086381435394287 3.497028 2.092597 1.664719 -0.04146808
2 2.965505599975586 7.963681221008301 -0.5395376086235046 6.099553 2.18589 2.301152 -1.67216
2 33.74732971191406 -7.993644237518311 -0.4325516819953919 3.703106 1.778204 1.134983 3.061727
2 -29.43805122375488 -4.350518703460693 -0.5116273760795593 6.247653 2.267397 3.19801 -0.1291133
2 -8.317137718200684 -8.159518241882324 -0.4046757519245148 6.209907 2.23821 2.022742 1.551535
2 13.06443786621094 -6.524304389953613 -0.501558244228363 5.069793 0.895045 2.75282 3.103303
2 43.68331527709961 5.591192245483398 0.3283789753913879 3.672611 0.443578 1.716252 0.03143899
2 -39.10317993164063 -3.35797381401062 -0.5996345281600952 5.179852 0.865185 3.124291 -0.06641344
2 -43.56902694702148 4.967700481414795 -0.518947958946228 0.37101 2.09843 2.190151 1.595536
1 23.0634880065918 6.059086322784424 -0.9297472238540649 4.276434 1.594649 1.667884 3.139173
1 -20.19278907775879 6.107169151306152 -1.264420747756958 3.496403 0.796293 1.440554 -0.01554782
2 -25.14727401733398 7.148075580596924 -0.4380667507648468 3.593337 1.970832 2.790779 0.01254582
2 39.26095581054688 -9.730302810668945 0.8995665311813354 0.922816 2.262325 1.366089 -1.404871