5 -11.89554023742676 -2.113007307052612 -1.602005481719971 0.309892 0.196178 0.467122 -1.643699
5 -27.35590934753418 8.344385147094727 -1.794308304786682 0.303584 0.177163 0.406821 1.518893
3 -35.56078338623047 -4.903162002563477 -1.171478152275085 0.333156 0.31092 1.055556 -0.006490285
3 -52.98023986816406 14.3544454574585 -0.9407337307929993 0.351592 0.495733 1.062384 3.141152
5 -17.34756469726563 -2.509677410125732 -1.646322369575501 0.281588 0.13262 0.392447 1.593012
1 -6.291344165802002 5.362247943878174 -1.086589574813843 4.365053 1.737712 1.482792 3.018923
6 9.112605094909668 10.41057968139648 -1.379282355308533 2.441459 0.864219 0.981003 -0.03009755
1 -22.33009338378906 -5.427414894104004 -1.124571919441223 4.275626 1.850632 1.618739 0.006087014
1 44.25125122070313 9.4359712600708 -1.275960326194763 1.093108 1.656651 0.599723 -3.101723
1 3.522096633911133 7.721452236175537 -1.061728000640869 4.534182 1.857857 1.572107 -3.097716
3 -44.42434692382813 14.02964973449707 -0.8972453474998474 0.841482 0.356346 1.184955 3.141592
4 -30.59416007995606 -4.512814521789551 -1.251378774642944 1.085301 0.523766 1.457953 -0.07356861
5 -31.84362602233887 6.088936805725098 -1.713000059127808 0.29038 0.345819 0.527825 3.141592
1 -2.429200410842896 -6.479186534881592 -1.041360259056091 4.550715 1.938429 1.694638 -0.01767022
4 47.12127685546875 7.323575019836426 -0.866690993309021 1.76496 0.777565 1.551735 3.140408
1 10.10922336578369 -6.428035736083984 -1.126932382583618 4.27461 1.909764 1.503189 0.01215982