4 -12.74311447143555 -5.080169200897217 -1.086153388023377 1.204329 0.661762 1.535388 0.04104382
3 -20.88551902770996 15.26627063751221 -1.144867420196533 0.700305 0.655865 1.43286 -3.115474
1 37.89612197875977 -6.422230243682861 -1.131247162818909 4.040426 1.88393 1.37589 0.002344812
1 -44.09146499633789 -5.200057029724121 -1.423050999641419 4.197654 1.735976 1.074695 -0.0182564
5 0.5739059448242188 8.528463363647461 -1.761061072349548 0.326614 0.191986 0.428316 3.139436
4 -8.622857093811035 -4.552043914794922 -1.073813438415527 1.661046 0.575103 1.529222 0.1907844
5 -36.34278106689453 9.181373596191406 -1.838313341140747 0.143819 0.268008 0.522525 3.141592
5 15.18007183074951 -2.072205781936646 -1.555097699165344 0.19655 0.296497 0.436933 0.008309923
1 31.31099128723145 7.795840263366699 -1.154461860656738 3.989096 1.679128 1.604499 -3.139714
1 25.13109588623047 -6.441343784332275 -1.005031704902649 3.97195 1.841284 1.609661 0.002344812
1 -48.00484466552734 -4.46948766708374 -1.55326235294342 1.115571 0.342768 0.610494 -0.03004878
1 5.036303997039795 -5.098587512969971 -0.9540812373161316 4.259942 1.789233 1.719817 -9.018294e-17
6 35.40170669555664 10.66465187072754 -1.515070915222168 1.435388 1.158126 0.717277 0.01753044
1 34.18135833740234 5.619371891021729 -1.150859117507935 3.538172 1.861785 1.490674 -2.906738
5 10.42092800140381 -2.279542446136475 -1.525995492935181 0.331718 0.29882 0.442218 0.03285531
3 -16.74098777770996 14.66294002532959 -0.9927698969841003 0.438487 0.617946 1.69105 -0.007486884
5 15.85835933685303 -1.916089296340942 -1.55340313911438 0.287512 0.316839 0.451494 0.008309923
5 -3.818060398101807 6.261782646179199 -1.665447235107422 0.234135 0.212829 0.479092 3.141592
2 -43.02658081054688 7.339709758758545 -0.2994215786457062 11.441337 2.630434 3.471707 3.137159