5 5.813260078430176 -2.311086177825928 -1.536829471588135 0.261153 0.335366 0.433742 -0.02963784
5 -8.535579681396484 6.269299507141113 -1.697768330574036 0.271352 0.37081 0.413674 1.570331
3 9.150444030761719 40.37932586669922 -1.064120411872864 0.173055 0.389823 1.117288 1.869199
1 20.50505447387695 -6.452872753143311 -0.9506376385688782 4.083652 1.976069 1.643425 0.01511993
3 -26.25198554992676 15.15572261810303 -1.075847983360291 0.572491 0.561688 1.565918 -3.095251
1 26.77401924133301 5.125579833984375 -1.22430944442749 2.699096 2.036035 1.450107 -3.137866
1 0.5069029331207275 -5.123760223388672 -0.9149913787841797 4.473942 1.820547 1.747891 -0.01337732
5 10.53775310516357 -2.058121919631958 -1.552532315254211 0.217409 0.308645 0.420417 0.0273461
5 11.33561134338379 -1.93499219417572 -1.554491877555847 0.31551 0.317852 0.486383 -0.03735378
4 -12.22389125823975 -4.379446983337402 -1.118518471717835 1.349903 0.554269 1.507904 0.1215945
6 31.07462882995606 10.53847026824951 -1.320356845855713 2.115422 0.788246 0.601553 -3.129858
4 -16.60477447509766 -5.059445858001709 -1.124126791954041 1.499691 0.665276 1.490188 0.02875813
1 -48.48470306396484 -5.320835590362549 -1.616615772247315 4.033918 1.677648 0.697689 9.94397e-17
5 -4.09627628326416 8.47817325592041 -1.788246631622315 0.289573 0.173236 0.372839 3.134218
1 26.56266212463379 7.852523803710938 -1.204795360565186 4.17191 1.762686 1.406852 -3.117822
3 -21.24822235107422 14.46917819976807 -0.9331340193748474 0.370828 0.685169 1.70451 3.114403
1 33.32992935180664 -6.361632823944092 -1.100185513496399 4.038147 1.68798 1.477373 0.04216266
2 -46.91251373291016 7.20941686630249 -0.3992193043231964 9.881452 2.571351 3.464673 -3.136458