1 3.226502895355225 6.275181293487549 -1.090570092201233 4.414956 1.71723 1.464236 3.130712
2 0.9455937743186951 -13.28254127502441 -0.6333774924278259 0.555337 2.13769 2.498666 -1.5645
1 16.6545581817627 -4.347807884216309 -1.197845816612244 3.786292 1.783762 1.593508 -0.03190231
2 47.14271926879883 -2.302760601043701 -0.5266507267951965 2.385142 2.235871 2.33483 0.07300986
1 28.02080154418945 -7.818191528320313 -0.8250212073326111 2.309417 1.612263 1.021462 -1.505947
2 -52.00529098510742 3.312140464782715 -0.009209888055920601 7.839845 3.102992 2.848244 3.11851
6 31.01166343688965 -8.56023120880127 -0.3335542380809784 1.644372 0.858183 0.187322 -1.51745
2 -17.83109855651856 8.212845802307129 -0.2435239553451538 6.286607 1.984131 2.217429 1.455224
1 -11.56179523468018 6.624917507171631 -0.6629834175109863 3.880257 1.443705 1.149303 0.01273584
2 -24.13350296020508 -8.908723831176758 -0.3168711662292481 4.434001 2.655952 2.902866 1.589861
1 7.240086078643799 -4.622653484344482 -0.9357113242149353 4.782902 1.943082 1.988136 0.01806129
1 41.9163703918457 -2.465596675872803 -1.412034511566162 3.964683 1.345582 1.01594 0.1117244
6 12.57085800170898 -6.967199802398682 -0.3788003623485565 0.196725 0.717708 1.30389 -1.368352
2 22.62174797058106 -3.540229558944702 -0.5917654633522034 6.073431 2.318971 2.955557 -3.038954
1 18.36562347412109 6.239141464233398 -1.132839679718018 4.57393 1.60622 1.669978 -3.136481
2 40.55066680908203 5.723925113677979 0.09872620552778244 3.949326 0.30823 0.929014 -0.04899246
2 36.67849731445313 -8.551276206970215 0.05810124054551125 0.287205 1.609211 1.986806 0.06208858
2 31.67389869689941 5.589545726776123 -0.3145748674869537 4.617868 1.102395 2.132633 0.09221077
2 25.82638740539551 6.580970287322998 -0.4840036928653717 6.475173 2.431274 3.112907 0.02403801
2 7.857010841369629 -7.044626235961914 -0.6554543972015381 5.621905 1.943827 2.63733 -3.099305
2 -3.030746936798096 -4.542348384857178 -0.7183166742324829 6.020309 2.102639 2.371645 -0.004858956
2 -29.84274673461914 -6.810097217559815 -0.3138333559036255 2.459613 2.212982 2.780297 -1.713526
1 -8.831151962280273 -4.549778461456299 -1.061557412147522 4.716108 1.606908 1.442725 -0.2209849
2 55.74373626708984 -0.9097063541412354 -0.6577224731445312 3.102857 0.649221 2.720438 0.1113555
1 19.59247779846191 2.718168497085571 -1.012332201004028 4.378788 1.839274 1.930864 3.140937
2 -21.40138244628906 5.723470687866211 -0.2267588078975678 0.650678 2.161157 2.42161 1.609432
2 -29.53848266601563 4.414308071136475 -0.1575485914945602 5.988523 2.397438 2.925172 0.09921421
3 36.54967498779297 12.23338508605957 -0.09803590178489685 0.139441 0.326995 0.936444 -0.009860097
2 -27.10175132751465 -8.7027006149292 -0.305862694978714 4.922899 2.532671 2.963315 1.534899
2 2.139392614364624 -7.809690475463867 -0.7355116009712219 6.427261 2.173143 2.515419 -1.554957
2 10.78106212615967 5.911551952362061 -0.5873730778694153 6.038166 0.94595 2.630743 3.13745
1 -6.689440727233887 2.792295455932617 -0.8283482193946838 4.407444 1.886342 1.829712 -3.099197
2 -34.13875198364258 -4.726730346679688 -0.1583288311958313 6.075129 2.359627 2.965477 -0.07955345
2 -13.0662145614624 -6.492337226867676 -0.02871497347950935 2.458005 2.362758 1.514228 1.517697
2 48.18193435668945 5.676827907562256 0.2232544422149658 4.322579 0.783855 0.82187 -0.02202322
1 -5.67494535446167 6.5715651512146 -1.037522196769714 4.382857 1.981989 1.499458 -3.102353
4 -5.173087596893311 -2.487269163131714 -0.9871830344200134 1.939247 0.673463 1.58281 -3.099076
2 -43.85493469238281 -3.590497016906738 -0.168953463435173 5.049831 0.741593 2.692761 -0.05234697
1 -24.90073966979981 5.888182640075684 -0.8899021744728088 3.864581 0.651299 1.391949 -0.03934513
2 17.13967704772949 -7.0331130027771 -0.6429333090782166 6.434546 2.114096 2.82963 -0.09886177
2 34.69457626342773 -10.0300178527832 0.3376203179359436 2.308538 1.922713 1.384587 0.1969473
2 -1.713967084884644 7.973611354827881 -0.5871402621269226 6.226086 2.322493 2.375973 -1.647107
1 59.80690765380859 1.146244525909424 -1.782777309417725 0.954739 1.577097 0.725044 -0.02025922
2 6.706264495849609 8.004744529724121 -0.6524850130081177 6.127176 2.158773 2.490236 1.562636
1 -16.84238052368164 -7.032140731811523 -0.4360014200210571 1.450497 0.943442 1.112377 1.455735
1 -17.11041831970215 -0.1850491166114807 -0.8710520267486572 3.775716 2.003972 1.617675 0.04224085
2 -32.84875869750977 -7.87627124786377 -0.07290124148130417 3.017298 2.501243 2.876051 -1.590814
2 -30.36067199707031 6.799840927124023 -0.02728980407118797 3.843278 1.625842 2.363175 -3.119146
6 -16.79294776916504 1.186683058738709 0.09737277776002884 0.508209 0.367399 0.017441 0.08197901
2 -0.5091623663902283 -8.142488479614258 -0.05483825132250786 4.285872 1.715206 1.213146 -1.516971