1 -10.767991065979 0.06340763717889786 -0.9805611968040466 3.621744 2.085273 1.618109 0.0
2 -3.28041934967041 6.954738140106201 -0.6292589902877808 6.172298 2.514458 2.346924 1.735901
1 -6.478567123413086 -5.701853275299072 -0.925383985042572 1.127455 0.999322 1.403615 3.131763
2 -14.40963649749756 -2.652315616607666 -0.5109406113624573 4.84966 0.527415 2.572728 3.125435
1 -31.36295700073242 4.666926383972168 -1.445491671562195 3.774119 1.161924 1.072528 3.13694
2 11.37681388854981 -4.356467247009277 -0.7832813858985901 5.684635 1.949482 2.057924 3.139077
2 21.63683128356934 3.362631797790527 -0.396196722984314 1.848037 2.240896 2.796636 0.07642695
2 26.00483512878418 -7.293889045715332 -0.07687683403491974 1.896389 1.989129 1.884637 1.566702
2 15.11967086791992 -9.2542142868042 -0.02730503864586353 6.153802 2.089565 1.865949 -1.570898
2 -9.249382019042969 5.354270458221436 -0.6124578714370728 1.587438 1.961808 2.418849 1.632089
2 20.74085807800293 -7.4311842918396 0.02550804987549782 1.082826 2.114549 1.895086 -1.551163
2 -14.69899940490723 5.847969055175781 -0.5537708401679993 4.821361 2.551805 2.599256 0.9925677
2 6.196916103363037 8.252493858337402 -0.5942139625549316 6.390417 2.451587 2.454779 1.671201
2 -3.267227649688721 -7.379061698913574 -0.7246928811073303 6.529142 2.256039 2.521235 -1.6276
1 -0.4717041552066803 -6.076136112213135 -1.122919321060181 3.180082 2.071009 1.491133 1.620485
2 -53.81977844238281 4.315342426300049 -0.616433322429657 4.97055 1.312942 2.739552 0.05820704
1 -2.094679355621338 -13.51290130615234 -1.061084032058716 2.512391 1.773988 1.439402 -0.0448963
2 30.06286811828613 -0.1346166282892227 -0.1168167516589165 3.619841 2.398274 3.111689 -0.1082454
2 39.28802871704102 3.60355281829834 -0.2504585683345795 1.115783 0.881417 2.488284 0.02796503
2 -7.079741954803467 -3.126428365707398 -0.6234418153762817 6.212861 2.29606 2.388529 -0.0292613
2 -46.08176422119141 4.2325439453125 -0.4529388248920441 4.435346 0.55768 2.622751 -3.105551
2 -28.92724609375 -2.458563804626465 -0.3410309255123138 1.732871 1.430508 3.063505 -2.924639
2 54.0274658203125 -3.36653995513916 -0.4495003521442413 4.770279 1.242241 2.595815 0.03414978
1 12.40357875823975 -8.763182640075684 -1.001667141914368 4.566479 2.101966 1.433553 1.634664
2 4.561558723449707 -8.171972274780273 -0.2641368806362152 6.090868 2.512621 1.684571 -1.593343
2 -23.77967071533203 -3.062499284744263 -0.3631464242935181 1.533592 1.232067 2.723107 -2.83537
1 1.321264863014221 5.420128345489502 -1.046632289886475 4.925002 1.931476 1.459513 -3.075858
1 -7.773259162902832 -7.532416820526123 -0.9819779396057129 2.99377 1.091111 1.895132 3.082836
2 17.83600044250488 -3.150035381317139 -0.4280465543270111 6.084073 2.436355 2.799488 -3.127656
6 -40.39189910888672 -2.582148551940918 -1.764625191688538 2.80251 0.493912 0.464499 0.1415106
1 1.936529397964478 -7.264609336853027 -1.084163188934326 4.406231 2.035799 1.751649 1.595791
2 -37.86429977416992 5.219270706176758 -0.4387850165367127 6.251412 2.703366 3.135557 0.008489112
1 7.3546462059021 -6.579383850097656 -0.8202847838401794 1.554668 1.39774 0.809655 -1.510005
2 29.31631469726563 -2.42310094833374 -0.04809093102812767 4.419207 0.375919 2.247735 0.03200537
2 -26.44721412658691 5.346110343933106 -0.4716357886791229 1.557167 2.276001 2.315826 -1.542583
1 12.8661642074585 -0.5391027927398682 -1.031358122825623 3.923205 1.844626 1.495901 0.07467768
2 8.227289199829102 3.395129680633545 -0.5470921397209167 6.514919 2.470435 2.42251 3.120327
1 -23.37278747558594 4.895634174346924 -1.341400980949402 0.688952 1.275549 0.861697 1.971609
1 47.75751495361328 2.447851657867432 -0.9378315806388855 2.412617 1.362768 1.221117 3.101559
1 9.587458610534668 -7.308178901672363 -1.052009344100952 2.450624 1.529654 1.239581 -1.510005
2 -5.657342433929443 4.815805435180664 -0.6656210422515869 1.850559 2.294282 2.328006 1.710995
1 3.455941677093506 -3.977988004684448 -1.04884660243988 4.554603 2.021737 1.547152 -3.102916