1 -27.87659645080566 -0.5811567902565002 -1.270869970321655 1.804509 2.059331 1.337609 0.0176647
5 4.963407039642334 -9.248319625854492 -1.533845067024231 0.284167 0.22023 0.48972 -2.627406
2 24.26920318603516 7.74376106262207 -0.3899091184139252 1.802768 1.866147 2.826865 1.951284
2 48.38083648681641 4.688732147216797 -0.3228239715099335 5.928383 2.194565 3.017688 3.077242
5 3.098525047302246 -9.375404357910156 -1.553455471992493 0.186026 0.19731 0.325136 0.2143999
2 17.44680023193359 7.185144901275635 -0.4913240075111389 1.900571 1.019957 2.656895 2.298376
1 20.2308464050293 3.349144458770752 -1.088051319122315 4.075314 1.967657 1.348436 3.126623
2 -4.777750492095947 -5.781825065612793 -0.6536585688591003 6.072908 2.50712 2.40013 -3.115746
2 -5.386113166809082 7.924834251403809 -0.6026445031166077 6.108922 2.324523 2.421392 0.001443482
5 13.44365692138672 -11.91910266876221 -1.517232060432434 0.11897 0.179371 0.30228 0.9910091
5 -23.98007583618164 -7.669026851654053 -1.714106321334839 0.271055 0.125938 0.352421 0.0
6 52.41452789306641 -4.832410335540772 0.2216470092535019 0.751837 0.480169 2.011482 -0.06437083
1 -37.97121047973633 -5.745329856872559 -1.461369395256043 4.107521 1.798167 1.064268 -0.0117675
5 2.070644855499268 -8.779427528381348 -1.605473279953003 0.195665 0.142843 0.367627 1.915105
2 27.25882720947266 -5.27170991897583 -0.3308266997337341 5.991743 2.185056 2.872518 -0.3977652
2 35.78919219970703 -16.93015289306641 0.5174405574798584 1.656142 1.28869 2.037855 1.595051
2 46.08535766601563 8.096858978271484 0.2644292712211609 3.836891 0.367332 2.369499 1.613491
2 13.89512634277344 7.75311803817749 -0.3976191580295563 2.775192 1.375384 2.273754 2.205946
2 30.09380722045898 7.31105375289917 -0.3369876742362976 5.838163 1.00701 3.000736 0.05215339
1 2.413249015808106 7.752818584442139 -0.9547130465507507 4.47607 1.77345 1.671979 -3.080519
5 -0.3233846127986908 -7.812092304229736 -1.645444869995117 0.125311 0.1559 0.3198 -1.38532
2 14.13775062561035 -6.752134799957275 -0.5687587857246399 5.462199 2.32617 2.422413 1.913419
5 12.14500236511231 -9.06342601776123 -1.584200382232666 0.163795 0.184791 0.304884 -2.793976
2 -11.17910957336426 -5.54188871383667 -0.5495070815086365 6.176967 2.191077 2.582067 -0.007936232
2 54.70687103271484 -2.736774921417236 0.2431607246398926 4.50426 2.569207 1.986901 -0.008540289
5 6.964526653289795 -9.240584373474121 -1.472144246101379 0.153299 0.240943 0.33108 2.285163
1 13.83556842803955 -0.4131851196289063 -0.8923740386962891 4.177594 1.83926 1.789032 -0.04485285
2 35.69742965698242 7.19354248046875 -0.2038374394178391 1.534524 0.971798 2.3377 1.699099
2 47.50053787231445 -4.971875667572022 -0.2139871865510941 5.480941 1.640735 2.670902 0.03785404
5 10.46341228485107 -9.15012264251709 -1.520846486091614 0.201024 0.248964 0.47071 -1.141895
5 4.109224319458008 -10.48574733734131 -1.522486090660095 0.171102 0.143405 0.356672 -0.8546482
2 42.68928909301758 -14.80278301239014 0.6069549322128296 5.382404 0.620724 2.04402 1.621502
2 -23.91123008728027 7.428581237792969 -0.794393002986908 5.576793 2.286512 2.346936 0.08371074
1 -16.44852066040039 7.280190467834473 -1.139748811721802 4.103532 2.030887 1.502276 0.03797553
1 37.81115341186523 2.413208961486816 -0.9172700047492981 3.63113 1.949137 1.565371 3.090654
5 14.87438583374023 -9.923040390014648 -1.580139517784119 0.212801 0.123678 0.455956 3.141592
6 50.33159255981445 6.508099555969238 -0.01929217204451561 0.663548 0.215047 1.93134 1.615389
5 8.765201568603516 -9.132210731506348 -1.527168273925781 0.257333 0.150619 0.446256 0.4456424
2 43.69243240356445 7.00251054763794 0.1464709341526032 1.644681 0.313343 1.87414 1.944334
2 10.24713516235352 8.3824462890625 -0.539957582950592 6.164318 2.344656 2.476701 -0.9904286
1 21.63989067077637 -5.605334281921387 -1.099106788635254 3.910124 1.478748 1.383605 -0.008123071