6 -13.83964824676514 13.84232616424561 -0.9241368174552917 0.160599 0.160436 0.185698 1.552947
1 -7.396535873413086 14.6747350692749 -1.252474665641785 3.873411 1.642734 1.070722 3.123177
4 -1.987537741661072 18.1871337890625 -1.507065892219544 1.602748 0.750762 1.716042 3.129425
1 -13.47059631347656 12.05287933349609 -0.7141465544700623 3.474117 1.494152 0.870596 3.068212
1 6.239654541015625 2.364749670028687 -0.8654284477233887 3.959008 2.142996 1.922623 0.9930435
1 39.02494049072266 9.342438697814941 -1.247125864028931 3.904986 1.826034 1.513832 3.02643
4 27.39142227172852 14.96447944641113 -1.393215656280518 1.308668 0.765194 1.62209 3.017693
1 -37.9272575378418 22.07160377502441 -1.78475296497345 1.551195 1.597711 0.81002 3.091054
3 53.94898223876953 16.4061336517334 -0.8807421922683716 0.690422 0.611401 1.504677 2.995186
1 17.2791633605957 7.799731254577637 -1.086758971214294 3.847074 1.497166 1.237995 2.966994
1 -50.59451293945313 24.17376327514648 -1.074874758720398 0.350461 1.229008 0.574953 3.077521