2 33.78318786621094 -7.584878921508789 -0.5554518103599548 5.599761 2.667704 3.211387 0.008994948
3 -45.15343475341797 -11.67070007324219 -0.5749199390411377 0.400828 0.721615 1.469376 0.05557321
1 -33.25106048583984 -0.3399320542812347 -1.136650204658508 0.90491 1.709591 0.665388 0.008641888
4 -22.02678108215332 21.06671524047852 -1.027941584587097 0.629551 0.304195 0.901944 3.094373
1 25.47719764709473 -8.08877182006836 -1.124497771263123 4.719941 1.780327 1.870088 -0.05004185
1 -2.689765453338623 -3.710683107376099 -0.9039473533630371 4.336812 2.017867 1.759547 0.03626063
6 29.68087768554688 -7.200701713562012 -1.40541684627533 0.390735 1.172874 0.206065 0.008422517
4 48.45883941650391 -7.496283531188965 -1.641462445259094 0.867227 0.827023 1.204779 0.02864364
3 -45.02294540405273 -12.65855693817139 -0.02182509005069733 0.197836 0.385342 0.895552 0.003243325
1 32.97470474243164 -3.031312227249146 -1.494401335716248 3.690114 1.748169 1.453842 0.0185957
1 -23.59807014465332 -3.937801837921143 -0.7860012054443359 4.446447 2.06889 1.749161 0.003415936
1 -8.686604499816895 14.93784618377686 -1.026166200637817 3.600379 1.609499 1.326851 3.122349
1 12.60240459442139 -7.628063678741455 -1.224458694458008 4.173529 1.771794 1.492293 0.03953312
3 14.97184467315674 -11.30721187591553 -1.026293754577637 0.195754 0.326975 0.611614 0.02630939