3 13.60665893554688 -7.791356563568115 -0.6401357054710388 0.462475 0.489361 0.918023 2.794704
3 46.13794708251953 -3.282708883285523 -1.42531144618988 0.372694 0.599678 1.531582 0.1165651
2 41.12522125244141 8.021146774291992 -0.324108749628067 5.850947 2.877198 3.53046 -3.121301
1 -0.783189058303833 -4.995277881622315 -0.845889151096344 4.567998 1.96521 1.913023 0.000913995
3 8.978045463562012 -9.821911811828613 -1.143317461013794 0.589338 0.562713 1.318754 0.7466654
6 -39.43788146972656 -4.527528285980225 -1.360616803169251 1.257866 0.556484 0.530539 -0.009127643
3 17.54705429077148 14.91639709472656 -0.6608526706695557 0.58826 0.523904 1.122904 3.130971
3 45.84650421142578 -2.436800956726074 -1.273670673370361 0.366627 0.649618 1.236321 0.1165651
5 33.39724349975586 7.205756187438965 -1.753624796867371 0.245676 0.261412 0.491372 -3.03212
5 -2.340100288391113 9.580706596374512 -1.549764037132263 0.399719 0.249088 0.660034 -0.005261331
1 41.94983291625977 -4.360604286193848 -1.669807434082031 1.318213 1.520063 1.07936 -0.02238537
3 23.16189193725586 -3.088811874389648 -1.199683308601379 0.660317 0.516509 1.575724 0.02027782
3 -14.69703769683838 -21.59871292114258 -0.2772173285484314 0.491071 0.697868 0.99523 3.141592
5 -3.393050670623779 6.434470176696777 -1.57067883014679 0.293886 0.306322 0.433808 -3.135066
1 -34.80695724487305 3.357001304626465 -1.246873259544373 4.281574 1.707042 1.098786 3.135673
1 17.42618560791016 -4.985040187835693 -1.080383062362671 4.113863 1.724514 1.743754 0.01789501
5 -1.815664410591126 9.558428764343262 -1.60015344619751 0.347257 0.410241 0.559971 -0.005261331
2 20.57809066772461 7.899924278259277 -0.4718917012214661 9.071056 2.942286 3.058328 -3.109076
3 11.79613971710205 -9.047568321228027 -0.8154984712600708 0.526337 0.603387 1.168064 -0.1729565
4 -41.21487045288086 -4.470804214477539 -1.015259027481079 0.421666 0.512013 0.581485 3.886326e-16
1 22.61428642272949 -4.847804546356201 -0.9945737719535828 3.580991 1.542847 1.867025 -0.01000979
4 -6.560328960418701 -6.625911235809326 -1.087302565574646 2.294564 1.153336 1.393264 -1.982117
3 24.23315620422363 -3.727554082870483 -1.093666315078735 0.597665 0.595338 1.720706 0.02027873
4 10.28290557861328 -5.445278644561768 -1.314991474151611 2.780642 1.373524 1.15103 -0.007739829