4 -13.17710018157959 -5.073710441589356 -1.2638338804245 1.245207 0.419622 1.081185 -1.14456
3 -47.38588714599609 21.22885894775391 -0.3953962326049805 0.447826 0.424404 0.668914 3.141592
4 -34.62323379516602 -5.700374603271484 -1.673516392707825 0.274366 0.71162 0.514876 -0.001950023
1 39.80654525756836 4.150972843170166 -1.592424631118774 3.712281 1.707049 0.752572 3.116408
6 -39.96773147583008 -5.812444686889648 -1.189141511917114 2.703662 1.137997 1.494169 -0.04553062
4 -12.71401882171631 -4.91420841217041 -1.099046349525452 0.928793 0.565095 0.854115 -0.8606493
1 55.03840637207031 -4.343105316162109 -1.590667486190796 0.978295 0.971467 0.705268 0.03532052
4 -33.50901412963867 -5.657423496246338 -1.410132527351379 0.278828 0.547645 0.542277 -0.0005866868
4 -10.85525226593018 -5.433502197265625 -1.290432691574097 1.588339 0.363595 1.037364 -1.541309
4 -6.075412273406982 -4.993735313415527 -1.200782299041748 1.802676 0.754836 1.177166 -1.541309
4 -22.6048698425293 -5.324073791503906 -1.52173376083374 0.596599 0.204978 0.5836 -1.467773
3 -23.22718048095703 -21.35172653198242 -0.2349122613668442 0.311935 0.449577 0.907717 3.141592
3 56.69298553466797 15.40188217163086 -1.147657155990601 0.373617 0.532744 1.185958 0.0
4 -4.619015693664551 -5.223299503326416 -1.150836229324341 1.365593 0.672583 1.31743 -1.48999
4 -3.866353273391724 -5.012014865875244 -1.128921747207642 1.648401 0.560047 1.361421 -1.541309
4 -7.327595233917236 -5.073360443115234 -1.258777141571045 1.424276 0.503755 1.09544 -1.541309
1 -37.6304817199707 8.235795021057129 -1.237326979637146 4.194609 1.873691 1.657425 -3.135019
4 -11.68703269958496 -5.493594646453857 -1.281426310539246 1.589818 0.475787 1.071586 -1.541309
4 -7.870772838592529 -5.053164482116699 -1.283318758010864 1.258078 0.518959 1.050617 -1.541309
4 48.98468780517578 -4.661715507507324 -1.403848648071289 1.674562 0.539111 0.596226 -0.006171769
1 38.03284072875977 -4.543674468994141 -1.135082006454468 3.99686 1.6277 1.773928 0.0614665
3 -46.97196960449219 30.50025367736816 -0.4883891344070435 0.261419 0.320558 0.795884 -3.141592
3 56.76260375976563 -2.94734525680542 -1.127526521682739 0.333067 0.393117 1.198493 0.0
4 -9.187716484069824 -5.555960178375244 -1.278930306434631 1.457764 0.40895 1.064924 -1.541309
4 -0.5811759829521179 -4.849403858184815 -1.080716729164124 1.798351 0.665736 1.428123 -1.541309
4 -11.23748016357422 -5.419678688049316 -1.170279502868652 1.253263 0.354725 0.52465 -1.561111
4 -10.17899799346924 -5.389869689941406 -1.309094667434692 1.491605 0.32054 1.000752 -1.541309
4 -1.371461868286133 -5.096256732940674 -1.162154078483582 1.467939 0.772213 1.298902 -1.541309
4 -6.743572235107422 -5.223588466644287 -1.232083797454834 1.415426 0.492938 1.160809 -1.541309
4 -2.168067932128906 -4.878679275512695 -1.100604295730591 1.936185 0.643847 1.394174 -1.541309
6 -28.53164672851563 -5.808928489685059 -1.112789869308472 1.090203 1.120842 1.276339 -3.138292
1 -16.28980827331543 -5.246211051940918 -0.9341185092926025 4.689113 1.909205 1.78854 0.06659135
4 32.82651138305664 -5.535072326660156 -1.182559728622437 3.07372 1.327591 1.585967 -2.189916
6 -26.94578170776367 -5.799128532409668 -1.655009031295776 0.382397 0.943407 0.285871 -3.141592
1 2.701829195022583 -4.947007179260254 -1.061009049415588 4.531073 1.904127 1.470878 0.02559466
1 -49.79128265380859 -5.290154457092285 -1.117440223693848 2.589854 1.435919 1.476256 0.02783871
6 -43.40595245361328 -5.295363903045654 -1.514995932579041 0.478174 0.601343 0.873967 3.130899
1 -59.39785003662109 5.347684860229492 -1.379031658172607 3.884342 1.591914 1.212423 -2.720104
4 -20.34161376953125 -4.825894832611084 -1.36216127872467 0.815535 0.484723 0.807387 -2.528013
4 -9.696342468261719 -5.447573661804199 -1.315123081207275 1.509088 0.470738 0.988012 -1.541309
4 -8.563793182373047 -5.350698947906494 -1.268250703811646 1.461922 0.600432 1.07587 -1.541309
4 -3.272216081619263 -5.034493446350098 -1.284682154655457 1.626988 0.583338 1.037846 -1.541309
6 -37.80753326416016 -6.084611892700195 -1.488863229751587 0.381762 1.025539 0.750953 3.141592
2 59.69355392456055 8.52130126953125 -0.2875803112983704 9.174299 2.924978 2.926702 -3.08262
4 -12.12954616546631 -5.122642517089844 -1.254409193992615 1.574223 0.390064 1.12373 -1.541309
3 18.19225311279297 -21.32410049438477 -0.2653039991855621 0.322496 0.467773 0.939112 1.748456e-07