4 -17.22336387634277 -5.636228561401367 -1.257074356079102 1.606314 0.713941 1.44311 -0.4695129
1 -0.2163037955760956 8.885946273803711 -1.081629753112793 3.972537 1.740822 1.645417 2.452377
1 -32.43815994262695 34.93024444580078 -1.322641491889954 3.625906 1.534217 0.710696 2.691941
3 40.52571868896484 1.606198310852051 -1.061835765838623 0.56786 0.453467 1.563169 2.6584
3 40.67375564575195 2.458174705505371 -1.094934582710266 0.462813 0.525804 1.623618 2.6584
1 -28.19461822509766 24.45475578308106 -0.7117149233818054 0.502177 0.94874 0.587845 2.656965
1 -44.90630722045898 41.51709365844727 -1.258831739425659 5.554658 2.034399 1.689126 2.711652
4 -36.69918823242188 35.5587272644043 -1.215120911598206 0.623061 0.424325 1.10986 2.652357
2 42.50388336181641 -8.124038696289062 -0.914196789264679 2.211 1.866495 2.190102 2.668342
2 49.419189453125 -15.96211528778076 -0.256028413772583 6.136418 2.059379 3.206885 2.647112
4 -6.496488571166992 20.29616928100586 -1.306691408157349 1.863142 0.784644 1.565765 2.650577