1 -4.657896518707275 30.10228538513184 -2.447394609451294 3.964902 1.437853 1.092605 -2.079916
3 -32.67527770996094 25.0667781829834 -1.77115273475647 0.394002 0.358305 1.281223 3.119109
1 19.21917915344238 22.3813419342041 -1.887127161026001 4.364885 1.547215 1.626203 2.901765
1 -37.96881484985352 15.64292049407959 -1.854978322982788 2.88968 1.935737 1.528294 3.131804
1 -14.65997886657715 12.39887428283691 -1.638070106506348 4.409166 1.690197 1.457397 -3.106247
1 10.87103939056397 -3.405611515045166 -0.9092037081718445 4.326226 1.978716 1.73126 0.01355871
1 -44.88360977172852 -0.4234040975570679 -1.552230596542358 0.929994 1.715595 0.603546 0.01336938
1 -24.5412769317627 15.84150695800781 -1.997620344161987 4.755886 1.779139 1.206796 -3.140913
6 24.19018363952637 -7.824320793151856 -0.2167309820652008 0.226208 0.343809 0.231404 -0.05712865
4 -23.0751895904541 -7.754854202270508 -0.9870661497116089 1.357985 0.730579 1.456723 0.004570185
1 -3.033177852630615 -3.125858306884766 -0.8803653717041016 4.749368 1.943934 1.801744 0.0008244962
1 3.363913774490356 -13.02283382415772 -0.6680340766906738 4.610183 2.148034 1.785276 1.329226
1 -39.35049819946289 11.9694299697876 -1.833238005638123 1.367351 1.698914 1.32506 3.127733
1 -50.43415451049805 -4.335751533508301 -1.193825006484985 2.374925 1.824646 1.286759 -0.02917361
1 35.55835342407227 -3.14185357093811 -1.051952481269836 3.312037 1.638887 1.014154 0.02665958
1 17.25315856933594 13.98263263702393 -1.625510573387146 3.91297 1.551744 1.517423 3.054489