1 -11.71085548400879 -7.585663795471191 -1.298621773719788 1.998046 0.368324 1.107452 -2.918333
2 -0.01931780390441418 6.487139701843262 -0.6538112163543701 6.923064 2.212751 2.36057 1.050044
2 -23.34695243835449 4.130242347717285 -0.7409997582435608 6.156397 2.451079 2.969638 0.07166688
2 42.49219512939453 -5.108329296112061 0.731416642665863 5.634726 2.861165 1.709371 -5.404102e-07
2 -39.98629379272461 2.605604410171509 -0.8583284020423889 6.028736 1.207399 3.248369 0.1076284
2 36.74499130249023 4.691654205322266 0.09437157213687897 1.282276 1.261835 2.709372 0.160129
2 -46.88227081298828 -6.185075283050537 -1.09261167049408 1.438962 1.640278 2.757675 -3.090509
2 2.131647825241089 -2.741857051849365 -0.6807544231414795 3.847261 1.154532 2.169756 -0.008495123
2 -18.47434806823731 -11.36476039886475 -0.3053397238254547 0.251928 2.300993 2.535884 -2.895332
1 17.91928482055664 -2.529380559921265 -0.9568067193031311 4.065847 0.849866 1.495266 0.09079175
2 20.75008201599121 7.052836894989014 -0.1917253285646439 2.701709 1.879858 2.348539 -3.020169
1 33.85820770263672 2.042774677276611 -0.3934400975704193 4.615294 0.879312 1.878808 0.07213152
1 15.62092208862305 5.778963565826416 -0.9072554707527161 4.766675 0.820591 1.428487 -3.058477
1 29.88168525695801 -5.118083477020264 0.4308685064315796 1.944335 0.464012 1.727509 0.07868306
2 25.87798309326172 7.274723052978516 -0.3618690371513367 1.739554 0.834199 2.405661 -3.098916
2 22.53005027770996 4.520854949951172 -0.2463047951459885 6.422163 2.446135 2.71415 -3.114997
2 -48.63829803466797 1.907425761222839 -1.053395867347717 2.190036 0.338235 1.946058 -0.04899256
1 -2.988303422927856 2.175000429153442 -1.028679609298706 3.978327 1.966661 1.656954 -3.104698
2 26.07055282592773 -2.900923490524292 -0.5113397240638733 5.283914 1.509553 2.205841 -3.090014
2 -16.89224243164063 -3.543023109436035 -0.5799866914749146 7.093056 2.590286 2.601784 -3.009814
1 -9.365283966064453 6.275063037872315 -0.921668291091919 4.099629 1.732793 1.687433 -1.499418
6 -58.80677032470703 1.82510256767273 -0.9655206799507141 0.759367 0.306256 2.206448 1.647605
2 23.84539413452148 0.1028385534882546 -0.3791195750236511 6.718684 2.392392 2.664192 0.05414262
6 -64.96028137207031 1.071577429771423 -1.083088159561157 0.772969 0.665967 1.762564 -1.403759
2 -32.24827194213867 3.41304612159729 -0.9765762090682983 5.586022 1.205903 2.981591 0.01943853
1 -17.06963729858398 4.389775276184082 -1.319900989532471 3.92794 2.042885 1.401273 -0.02744365
6 -1.422004818916321 -2.804551601409912 -0.6013615727424622 0.607979 1.318047 1.813711 1.562076
2 -5.073585510253906 6.513020038604736 -0.5467665791511536 4.592072 2.192151 2.171784 -1.645491
1 -11.11706924438477 -0.2126574963331223 -1.156899809837341 3.664768 2.12007 1.657865 0.08395346
2 4.97099494934082 8.076517105102539 -0.530287504196167 6.397067 2.502528 2.316053 -1.542126
2 -6.677356243133545 -7.097368240356445 -0.6927487850189209 4.502277 2.598686 2.504839 -1.494363
6 34.72777938842773 -5.495408535003662 0.7965009808540344 0.337372 0.515631 0.956613 1.658569
2 -10.22787666320801 -4.200053691864014 -0.6085425615310669 4.589768 2.282552 2.301933 -2.698635
2 -12.43621826171875 6.934922695159912 -0.5568956732749939 6.293334 2.729848 2.604995 -1.534689
2 30.58120918273926 -2.286775827407837 0.1780676245689392 1.76015 1.201189 2.259789 -3.075715
2 8.489934921264648 6.223179817199707 -0.5325084924697876 3.450639 2.579175 2.306549 1.774785
2 7.555741310119629 -2.700488090515137 -0.5881893038749695 6.645163 2.513413 2.281951 -0.02504817
2 11.53465175628662 5.298751354217529 -0.4496325254440308 1.176543 2.718587 2.308176 1.829257
1 11.99595451354981 -0.3341642618179321 -0.9199002981185913 3.134331 1.984528 1.450307 -0.02661696
2 -24.56779098510742 -3.638116359710693 -1.325440526008606 0.959811 6.987521 1.74815 -1.430423