3 -7.902798652648926 -3.366057872772217 -1.021141648292542 0.484044 0.654613 1.608356 0.3805571
3 -8.1846923828125 -2.9456467628479 -1.04948091506958 0.580295 0.587762 1.475804 0.4680447
2 -19.03981018066406 7.61266040802002 -0.4443915486335754 12.6348 2.704985 3.003169 -3.121271
1 -8.553135871887207 -4.904976844787598 -1.0609450340271 4.11093 1.78316 1.488661 0.04393543
5 -32.28674697875977 8.300134658813477 -1.785941958427429 0.287524 0.317994 0.530515 0.01762423
3 -44.1724853515625 -9.626251220703125 -0.8928624987602234 0.293987 0.382966 1.142197 3.137614
1 -41.62014389038086 -5.186933994293213 -0.9526391625404358 5.954942 1.478539 1.985213 -0.05660442
3 -30.70780372619629 -4.467126846313477 -0.9948331713676453 0.362649 0.674312 1.714762 -3.047335
4 -2.010551691055298 -5.586856842041016 -1.262796521186829 1.671861 0.646393 1.076329 -0.01221037
2 3.605246782302856 7.995768070220947 -0.6420023441314697 12.079336 2.954535 2.565333 3.141221
3 -10.37149906158447 -3.100982904434204 -0.9837184548377991 0.500031 0.867248 1.646431 -3.086712
4 50.43351364135742 -4.256192684173584 -1.126492142677307 0.532211 0.423429 1.381451 0.03480577
1 35.27521896362305 -4.358590126037598 -1.102480888366699 3.673612 1.197933 1.408197 0.01357088
1 29.97830581665039 -4.155275821685791 -1.243973016738892 4.145543 0.932443 1.140702 0.01798075
3 30.12626075744629 -19.37010955810547 0.391130268573761 0.603891 0.489653 0.914498 0.02149334
4 55.06970596313477 -4.008097171783447 -1.084377408027649 0.305836 0.534515 1.170132 -0.03572639
1 23.08391189575195 -4.493379592895508 -1.117904782295227 4.255416 1.679549 1.498876 0.001039539
1 -19.06479263305664 -5.034587860107422 -1.112554907798767 4.415639 2.035137 1.528751 0.02682361
3 -31.22164726257324 -3.81246018409729 -1.234108448028565 0.721097 0.577769 1.358149 -2.929615
3 23.61302757263184 -28.37627410888672 0.2379730939865112 0.37779 0.622347 1.263049 -1.546818
1 1.482561349868774 -4.652040004730225 -0.8231513500213623 3.754895 1.725091 1.900253 -0.04927233
3 24.24979019165039 -19.38576316833496 0.3650215268135071 0.284808 0.464874 0.814809 -0.3501578
2 35.52261734008789 8.392369270324707 -0.2672477960586548 11.756359 3.416834 3.435017 -3.128236
1 14.04753589630127 4.084768295288086 -1.069262623786926 4.224106 1.914572 1.49449 3.141221
2 -42.61565780639648 7.596335411071777 -0.2165397554636002 9.649595 2.621701 3.579765 -3.107487
3 20.12788391113281 -34.7699089050293 0.02577893808484078 0.472409 0.311778 1.17514 -2.53917
3 -10.05315399169922 -3.961758613586426 -1.036315679550171 0.673211 0.382288 1.511029 -3.054543
3 28.07468605041504 -20.36216354370117 0.2575008869171143 0.366217 0.503464 0.610348 -0.5794961
1 6.250085830688477 -4.917593002319336 -0.8175362944602966 4.298649 1.820603 1.967765 0.003490163
1 14.49688339233398 -4.76151704788208 -0.9077679514884949 4.249446 1.953819 1.785475 0.03287401
3 19.37109184265137 -34.21331024169922 -0.01000620145350695 0.445284 0.370514 1.230972 -2.097934