1 -50.10879135131836 -2.166816234588623 -1.210215568542481 1.719797 1.92744 1.055261 0.03654522
5 -7.860429763793945 -9.082308769226074 -1.569818735122681 0.266413 0.202313 0.417174 -3.057791
5 -11.2793493270874 -7.110308170318604 -1.501424908638001 0.224119 0.24223 0.397704 -3.057791
5 -8.444683074951172 -8.412498474121094 -1.524833083152771 0.219499 0.203909 0.369208 -3.057791
5 -9.219684600830078 -7.88411808013916 -1.496819853782654 0.206076 0.221882 0.410767 -3.057791
1 44.31145858764648 7.288540363311768 -1.666021227836609 3.507203 1.137055 1.060903 0.01547053
5 4.456279754638672 -7.708067893981934 -1.499976515769959 0.196191 0.160085 0.324414 0.0
5 -7.267743110656738 -10.32562160491943 -1.578417897224426 0.23941 0.223331 0.417933 -3.057791
2 49.84044647216797 -5.349215507507324 -0.7342847585678101 4.85647 2.457951 2.884496 0.008606701
5 -5.730276584625244 -10.50473213195801 -1.516429901123047 0.249239 0.266586 0.604439 -3.057791
1 22.77811050415039 -5.304144859313965 -1.203359127044678 4.283691 1.923143 1.421748 8.7098e-17
5 3.018877506256104 -9.046321868896484 -1.351092100143433 0.323842 0.454813 0.747096 -3.057791
5 0.9908966422080994 -10.38881587982178 -1.488644123077393 0.263613 0.336599 0.584398 -3.057791
5 -4.381680011749268 -10.49830627441406 -1.468195199966431 0.257933 0.236236 0.50291 -3.057791
5 2.503749370574951 -10.24065017700195 -1.545467495918274 0.207247 0.180976 0.385489 -3.057791
2 37.549072265625 7.960773468017578 -1.022029995918274 4.482923 2.213888 2.159602 -5.864994e-17
5 -0.3552088141441345 -10.4202356338501 -1.474952936172485 0.292267 0.251277 0.590644 -3.057791
5 -14.90118885040283 -7.116159439086914 -1.498862028121948 0.165317 0.165778 0.3052 2.776736
2 57.08309555053711 -4.436678886413574 -0.6407855749130249 3.352381 0.332045 2.278826 0.008606701
1 19.21230888366699 -0.1962575018405914 -1.010073781013489 4.011919 1.738065 1.773112 0.0
2 55.92014694213867 8.493339538574219 -0.9977705478668213 5.392067 2.443598 3.081212 0.01547053
5 -3.043769836425781 -10.48751640319824 -1.457954287528992 0.292143 0.256425 0.560992 -3.057791
1 -30.1114387512207 -5.683697700500488 -1.207992792129517 4.263622 1.754311 1.280507 0.0
5 -12.90922164916992 -7.117434978485107 -1.46875524520874 0.209129 0.144858 0.304215 -3.057791
5 -1.705053210258484 -10.44637584686279 -1.4830082654953 0.274077 0.245067 0.583478 -3.057791
5 5.283577919006348 -7.23366117477417 -1.464093804359436 0.228163 0.190701 0.382019 -3.057791
5 -10.0337495803833 -7.445560455322266 -1.468772172927856 0.164314 0.173605 0.396238 -3.057791
5 3.73532247543335 -8.2172269821167 -1.519893646240234 0.222128 0.203073 0.328966 -3.057791