1 -40.72881317138672 -6.783042907714844 -1.438257694244385 3.73672 1.963315 0.952614 0.2949086
4 -3.826381683349609 -8.882471084594727 -0.9971511363983154 1.739877 0.838179 1.705018 -0.01258175
4 -57.5774040222168 -7.896666049957275 -1.063704609870911 1.091498 0.380161 1.169955 0.0118166
1 41.16687393188477 -4.137622356414795 -1.155407309532166 3.70586 1.740829 1.082901 -0.01013195
1 -12.1296968460083 15.98431873321533 -1.278123617172241 4.295567 2.018156 1.865865 3.125404
1 -36.68858337402344 -2.452933788299561 -1.281986474990845 1.897666 1.982422 1.129114 0.00350887
1 -19.40061187744141 20.92173385620117 -1.661860942840576 3.494804 1.670625 1.477031 3.098074
4 -32.3707275390625 21.87561416625977 -1.713380694389343 4.079514 1.725642 1.617269 2.893778
3 26.69794654846191 -12.20001220703125 -0.3725009858608246 0.286332 0.655487 0.73533 2.310489
1 -3.761112689971924 12.28468132019043 -1.50374698638916 2.828983 0.79494 0.866561 -3.132257
1 11.07096862792969 12.76996517181397 -1.742187857627869 4.007885 1.648667 0.621714 3.126438
1 19.95237731933594 -4.259881496429443 -0.9307288527488708 4.189402 1.725405 1.740611 -0.01013195
1 -45.92217254638672 0.558599591255188 -1.483736991882324 0.863168 1.618227 0.632397 0.0
1 7.150276184082031 -3.121769189834595 -0.8938212990760803 4.575287 2.068995 1.806075 0.03922981