1 16.11773490905762 7.896137237548828 -1.059471964836121 4.690085 1.837481 1.676623 -3.103262
5 -10.37609672546387 -7.507022857666016 -1.550118684768677 0.133361 0.129478 0.304742 0.0
1 42.28913879394531 3.216433048248291 -1.365856766700745 3.842432 1.651462 0.706982 3.08939
2 57.60502624511719 7.034591674804688 -0.2545806169509888 1.332865 0.817975 2.236259 1.997766
2 40.21583557128906 -4.860682964324951 -0.3349895179271698 4.46831 2.293448 2.938349 -0.3959846
2 56.22758102416992 -15.17052364349365 0.7191451191902161 4.564026 0.607939 1.778397 1.677519
2 31.34422874450684 6.935637474060059 -0.2366324812173843 1.20815 1.081913 2.564603 2.348388
5 -2.504100799560547 -9.13882064819336 -1.49653434753418 0.269713 0.366643 0.632838 -1.070126e-15
5 -11.29049491882324 -7.229438304901123 -1.56033205986023 0.191436 0.234511 0.41951 6.420755e-16
1 -3.055882930755615 7.343307971954346 -1.106505751609802 4.438094 1.799888 1.53237 0.02656838
1 16.63545989990234 0.1629534065723419 -0.8580735325813293 3.909315 1.765135 1.795447 -0.03408769
2 -10.10875034332275 7.702438354492188 -0.7393854260444641 5.358799 2.330204 2.389518 0.05203361
5 -4.907134056091309 -10.51358222961426 -1.505220413208008 0.204562 0.197497 0.499269 0.0
1 -24.37718200683594 -5.602006912231445 -1.142529010772705 4.294088 1.887219 1.459672 0.0
1 35.30475234985352 -5.017129898071289 -1.035388112068176 3.094181 0.417806 1.359933 0.006133979
2 2.405534029006958 -5.472177982330322 -0.6455814242362976 5.935937 2.425506 2.343307 -0.01107657
1 -32.65089416503906 -0.7922312617301941 -1.422111749649048 1.772596 2.023651 1.228426 0.0
2 27.81553840637207 -6.724878787994385 -0.5969523787498474 5.28194 2.380153 2.31191 1.895959
2 8.153923034667969 8.104525566101074 -0.5981878042221069 5.92922 2.437099 2.553956 0.01693025
2 23.83710861206055 8.594059944152832 -0.3922478258609772 5.994009 2.232443 2.810385 -0.992215
5 -3.332902669906616 -10.58677577972412 -1.523802280426025 0.148109 0.222567 0.505268 1.699612e-15
2 37.70315551757813 7.393543720245361 -0.3664003610610962 1.327564 1.152758 2.731961 2.065295
5 -6.309897899627686 -10.56047058105469 -1.490807056427002 0.201761 0.189907 0.522914 -2.140252e-15
2 49.32563400268555 7.230477809906006 -0.299127608537674 1.773107 0.999275 2.15603 1.683946
2 43.73221206665039 7.402616500854492 -0.2942274212837219 1.228315 5.605938 2.68855 1.537702
2 27.46040916442871 7.100536346435547 0.4402218163013458 1.558878 0.254062 1.373222 2.211479
5 -1.738474011421204 -8.373639106750488 -1.481508135795593 0.325713 0.25414 0.630819 -1.313336e-15
5 -7.921281337738037 -10.33854579925537 -1.698086142539978 0.106046 0.104437 0.306004 0.0
2 8.763391494750977 -5.577858448028565 -0.5305711627006531 6.138196 2.284678 2.471626 -3.138355
2 60.20137023925781 4.787998676300049 0.002472639083862305 1.947942 2.156375 1.792365 3.141592
5 -9.088701248168945 -8.625276565551758 -1.588006615638733 0.094979 0.129639 0.376084 0.0
5 -8.529814720153809 -9.301478385925293 -1.63821268081665 0.205134 0.112636 0.343071 0.0
5 -9.703335762023926 -8.052736282348633 -1.525721430778503 0.151782 0.156532 0.308732 0.0