1 -30.09410095214844 -6.51754093170166 -1.03067946434021 4.07528 1.976697 1.598904 0.002150631
1 -43.6240348815918 6.641736030578613 -1.056312322616577 3.773667 1.724777 1.279257 -3.136281
6 30.98079299926758 8.925763130187988 -1.660196661949158 2.600249 0.535955 1.207945 3.09254
1 17.89836692810059 8.800182342529297 -1.242824196815491 4.230392 1.799865 1.724891 3.135744
6 34.75856781005859 -5.225183486938477 -1.823191404342651 0.389527 1.415913 0.704237 -0.04494427
3 -20.28680992126465 14.49905014038086 -1.077423334121704 0.841157 0.735955 1.012701 -0.01346695
1 -17.32375526428223 -6.677789688110352 -1.119553208351135 4.289702 1.956998 1.508685 0.01361702
3 -52.77083206176758 -3.452064275741577 -0.8365867137908936 0.462493 0.656066 1.191597 -2.659624
6 34.81715393066406 -3.619602918624878 -1.829786777496338 0.319361 1.314427 0.691185 -0.01043903
6 34.14575576782227 9.046464920043945 -1.406741499900818 1.587703 0.208592 0.74957 3.090885
6 37.22286224365234 9.102538108825684 -1.820723652839661 2.563316 0.286394 0.971893 3.136786
1 -19.82359123229981 10.24376392364502 -1.453167080879211 2.433376 0.879724 1.043301 -3.108226
3 16.88294410705566 6.908107757568359 -1.392179131507874 1.264164 0.871591 1.289735 2.974915
3 15.65222930908203 7.071083545684815 -1.175534605979919 1.201605 1.033247 1.608423 -3.130936
1 24.87790298461914 9.207179069519043 -1.318467974662781 4.420124 1.688883 1.761615 -3.08344
6 -49.89850234985352 -6.61829137802124 -1.163532137870789 1.116918 1.03085 0.742768 3.115545
1 -23.87091445922852 7.742792129516602 -1.071039795875549 4.100646 1.755651 1.632552 -3.128639
3 -58.09674072265625 -4.203415870666504 -0.6813510656356812 0.390977 0.281198 0.781952 -3.069149
3 -21.16699409484863 14.34895133972168 -1.113345265388489 0.759483 0.487037 0.765198 -0.01505134
6 -17.8903751373291 10.63849639892578 -1.631670713424683 0.709574 0.73946 0.325718 1.665534
1 -49.10395050048828 -5.120920181274414 -0.8889289498329163 1.890305 1.741178 1.349482 -0.0006019867