2 -50.8538932800293 -5.226420879364014 -0.1469038873910904 1.640751 0.455384 2.58085 -0.02656156
1 51.24789047241211 -6.187250137329102 -1.684961318969727 1.107551 1.578281 0.975187 -0.3600019
2 48.59492111206055 -7.487884998321533 -0.9367780089378357 1.176711 0.855328 2.097749 1.539173
2 -6.985633850097656 6.277903556823731 -0.5867310166358948 6.327055 2.488656 2.403553 0.02124018
2 5.385021209716797 -17.08849906921387 -0.3692205846309662 6.349176 2.320752 2.511196 -1.557774
2 -23.75845336914063 -7.158644676208496 -0.5023060441017151 3.830425 2.250522 2.37926 1.883107
1 -16.42195701599121 -6.476862907409668 -1.195273399353027 2.831228 0.438844 1.086826 -0.00925528
1 -35.49264144897461 1.954089999198914 -0.7740675806999207 3.151248 1.898867 1.626569 -3.088859
2 -10.2767219543457 -6.668713092803955 -0.5537518858909607 5.879437 2.031326 2.488304 -0.4235454
2 11.05821323394775 2.511365175247192 -0.5512205362319946 6.412868 2.337796 2.53079 3.076266
2 -25.78716659545898 5.554176330566406 -0.2290593236684799 2.129854 2.351503 2.779321 2.086668
2 -1.02983033657074 5.407444477081299 -0.689900279045105 1.928996 2.267842 2.206981 1.674327
2 7.969030857086182 -11.37320613861084 -0.5131514072418213 5.115389 2.360115 2.464278 -0.207955
2 -42.67927169799805 7.133013725280762 -0.1357425004243851 5.90038 1.642226 2.737896 -0.005203351
2 -43.55669403076172 -6.280133247375488 -0.07023496925830841 8.476078 2.799995 3.051017 -3.128549
2 13.10021877288818 5.16435432434082 -0.6248756647109985 0.341976 1.108267 2.622695 -0.02947259
1 -52.1551399230957 6.839574813842773 -0.9351048469543457 0.650295 1.016669 0.507757 3.107174
2 2.961450099945068 8.134466171264648 -0.5886455774307251 6.129195 2.521267 2.41252 -1.605205
2 27.45269393920898 -5.183204650878906 -0.4362154304981232 5.120517 1.247031 3.03448 -0.1070876
2 -0.5173080563545227 -4.401611328125 -0.8159869909286499 4.232761 1.871918 1.950718 -0.5373039
2 9.818401336669922 5.018224239349365 -0.5744670629501343 2.363871 2.002516 2.568751 0.1011854
2 -3.99420428276062 -7.167503833770752 -0.6270822882652283 6.160265 2.361445 2.391482 -3.115599
2 7.009364128112793 -15.7229700088501 -0.5507578253746033 2.399618 0.353477 2.180523 1.501381
2 -22.45110130310059 5.719592094421387 -0.1519381105899811 0.628841 1.956683 2.360539 2.317558
2 10.19389152526856 -7.494612216949463 -0.6100806593894958 6.369063 2.277844 2.595097 -0.01914174
2 16.3600025177002 -7.494312286376953 -0.5518313050270081 4.547096 1.200591 2.789258 0.02527732
2 -19.44482040405273 6.425387382507324 -0.4080676138401032 2.531182 2.373635 2.648233 2.244412
2 17.68583488464356 -5.207475662231445 -0.5180906653404236 5.916976 2.322364 2.80572 -0.03588543
2 30.5302848815918 2.306201696395874 -0.4757955372333527 1.702648 0.821883 3.036955 0.0798922
6 -35.86687850952148 6.157191276550293 -1.103311538696289 0.76619 0.141016 0.489138 0.1106649
1 -16.86845970153809 -0.9860072731971741 -0.8662452101707458 3.760533 2.130208 1.598841 -0.001839142
2 -12.88859844207764 6.371708869934082 -0.503775417804718 2.25489 2.233496 2.44358 1.951774
2 6.70363712310791 6.991002559661865 -0.6095018982887268 5.477577 2.37674 2.450878 1.889992
2 58.24534606933594 -6.558180332183838 -0.4530291259288788 4.547143 2.217717 2.303552 -0.02024105