3 -11.8930196762085 -12.27211475372315 -0.7432990670204163 0.596597 0.71779 1.560557 3.141592
1 1.707594394683838 13.31263542175293 -1.367417097091675 5.429345 1.688723 1.506787 -3.106516
1 -42.52341461181641 -0.8227125406265259 -1.356887936592102 0.794149 1.639088 0.571471 0.0
1 23.41019058227539 -0.3716236352920532 -0.9558194875717163 3.423221 2.163686 1.757183 -0.001702669
1 -51.16569900512695 -4.20176362991333 -1.431466102600098 0.911045 1.630483 0.683284 0.0
1 51.26963806152344 17.61405754089356 -1.624637246131897 3.394878 2.595595 0.802085 -3.1223
1 26.64966583251953 -4.928170204162598 -0.944097101688385 4.13744 1.912889 1.631594 -0.001702669
1 56.32429122924805 -19.78401565551758 -1.164072990417481 4.220488 1.627368 1.904157 -1.692081
1 -16.23045539855957 15.94309711456299 -1.539164543151856 3.044978 1.424758 1.442026 3.113782
1 -22.38040733337402 -4.137744903564453 -1.091019749641419 4.056844 1.911658 1.496142 0.0
1 44.61812210083008 -4.018783092498779 -1.307222366333008 3.446414 1.81865 0.675374 -0.05530265
4 -24.94173049926758 -9.017122268676758 -1.03040337562561 1.305799 0.765549 1.624718 0.0