1 -13.70919132232666 -0.04782387614250183 -1.005267024040222 4.331735 2.116909 1.63391 -0.03855376
2 -33.75596237182617 -2.516035556793213 -0.3739240169525147 1.651875 0.937175 2.735072 -2.824837
2 -50.95622253417969 5.434977531433106 0.5711652636528015 2.045187 3.493462 2.730592 3.141592
6 -8.043257713317871 -6.603357791900635 -0.6330509185791016 1.152998 1.770842 0.43623 -1.516645
2 20.3852653503418 -3.21811318397522 -0.3940242826938629 6.35878 0.96414 2.786361 0.006624538
1 -16.4579963684082 -13.28283596038818 -0.6538546085357666 1.745735 1.414842 0.667054 -2.460914
1 -6.095158100128174 -4.068469524383545 -1.063842415809631 4.62759 2.024901 1.487583 0.005366941
2 53.0940055847168 0.3951572477817535 -0.6564618349075317 3.647975 1.244971 2.333598 0.02858019
1 4.974655151367188 6.596086978912354 -0.6549280285835266 0.567619 1.576679 1.526752 -1.41935
2 18.48919677734375 7.161319255828857 -0.474994033575058 1.426489 1.050762 2.792884 1.623637
2 1.454948902130127 -4.53235673904419 -0.7928356528282166 5.341505 2.061085 2.044927 3.113373
2 -5.343486785888672 -8.242472648620605 -0.650809109210968 6.160807 2.505427 2.490966 -1.610516
2 -39.21886444091797 -2.358161211013794 -0.2769937813282013 2.714969 1.792127 3.211245 -2.949708
2 29.72341728210449 3.213427543640137 -0.2455696314573288 1.675118 1.234423 2.98828 0.02020405
2 13.73906803131104 3.184611082077026 -0.4963039755821228 5.853433 2.327952 2.556806 0.07219287
2 -15.42372512817383 4.865707874298096 -0.5639857053756714 1.6347 2.19071 2.707771 1.714925
1 32.44219207763672 1.524169921875 -0.8949536681175232 2.653015 1.911054 1.445686 -3.128398
2 -25.25714302062988 -2.304617404937744 -0.3462955355644226 2.751208 0.340852 2.886638 -0.05944293
1 -35.87479782104492 5.108481407165527 -1.168001770973206 0.179728 0.824956 0.907064 -1.620698
2 -16.96779823303223 -3.029881715774536 -0.4688584208488464 6.244635 2.437613 2.719533 -0.05944293
2 10.34461879730225 5.18179988861084 -0.5628376007080078 2.459791 2.246199 2.475432 -1.436948
2 -24.20170783996582 -7.13420295715332 0.2183677703142166 1.357095 0.239355 1.459421 -1.650443
2 10.47538566589356 -8.658215522766113 -0.5860887169837952 2.741748 1.603264 2.624647 -1.611057
1 -16.68898963928223 -5.187065601348877 -1.051445722579956 1.746893 0.938099 1.678743 -2.680409
2 -1.462648391723633 2.941054821014404 -0.6999237537384033 6.393517 1.571467 2.201734 3.123467
1 10.86331653594971 -0.5347363352775574 -1.035642743110657 3.182623 1.718107 1.484648 0.03761072
1 -9.284547805786133 4.709882259368897 -1.126760244369507 2.337765 0.442332 1.417047 -3.13076
2 7.321884632110596 6.543449878692627 -0.623494565486908 4.735336 2.503499 2.411954 -1.436948
6 -10.44995498657227 -7.364320278167725 -0.5127358436584473 1.450048 1.508482 0.1956 -1.516645
1 2.479631423950195 -8.251701354980469 -0.7036333084106445 2.366657 1.673842 0.605796 1.554113
2 -46.45415878295898 5.582803249359131 -0.5423587560653687 3.902947 2.32285 2.489279 0.04881573
2 -12.96567630767822 6.705348968505859 -0.5794121623039246 5.279768 2.517194 2.60328 1.72911
2 42.54860687255859 -4.771074295043945 -0.3399015665054321 1.308551 1.655356 2.675116 0.04634637
6 -19.11269950866699 4.791560173034668 -1.212383151054382 0.145643 0.729773 0.664743 1.453691
2 25.35965919494629 3.278809309005737 -0.3732852935791016 5.294695 0.840907 2.707137 -3.121388
2 5.156399250030518 -9.489946365356445 -0.2799667119979858 5.914529 2.137772 1.849713 -1.596728
2 -24.7257022857666 5.147429466247559 -0.5004147291183472 1.87404 2.700383 2.873823 2.538803
2 13.32103061676025 5.982634544372559 -0.3807327151298523 1.825879 2.529927 2.270821 -1.520749
1 -53.86849975585938 4.693416595458984 -1.300969362258911 1.919124 0.957507 1.630006 3.141592
2 -19.07753372192383 -15.26406383514404 0.2289896458387375 2.272825 0.471098 1.657766 -0.2592364
2 -13.15644931793213 -7.540771961212158 -0.5268795490264893 6.436127 2.19696 2.567287 -1.634792
2 8.026985168457031 -8.187812805175781 -0.380998820066452 1.679618 2.111579 2.081803 1.535181
2 38.22057342529297 3.202551126480103 -0.2714859843254089 4.691222 0.394526 2.612189 0.0131948
6 -31.17505073547363 6.781582355499268 1.223460078239441 1.386863 1.205292 0.053285 -2.05286
1 -2.481651782989502 -7.858631610870361 -1.094179034233093 4.225531 1.695814 1.520447 -1.572253
2 26.29056549072266 -1.361655473709106 0.08478580415248871 2.459282 2.36775 2.205379 -0.1276029
1 -41.04866790771484 5.206187725067139 -1.291242241859436 3.715995 1.501482 1.523625 0.1635118
2 8.113992691040039 -3.430396556854248 -0.5779556035995483 6.281631 2.4484 2.433442 3.127169
1 6.03113603591919 -19.43380546569824 -0.5694939494132996 2.236847 1.622411 1.395337 -2.987051
1 -0.2639963328838348 -8.293469429016113 -0.7227475643157959 2.801232 2.059274 0.640083 1.574158