1 -47.42192840576172 -18.40835380554199 -1.723561525344849 2.464897 1.640558 1.226119 -1.713753
1 13.495680809021 -5.733681678771973 -0.8936758041381836 4.251616 1.726213 1.504702 -0.05478995
3 -22.43603515625 -13.16948223114014 -1.152808666229248 0.307764 0.475653 1.418098 -3.077048
1 19.09169769287109 -0.07933732867240906 -0.7323693037033081 1.342083 2.010597 1.736708 -0.1195162
1 51.48432922363281 -6.422128677368164 -0.196932926774025 4.808252 2.406014 1.950262 -0.09467161
3 51.81264114379883 -16.6247501373291 -0.277258425951004 0.433637 0.424942 0.982215 -1.324102
1 -37.59603881835938 -0.5383583903312683 -1.970573902130127 0.837541 1.63023 0.73227 -0.2649406
1 41.2573127746582 -9.869575500488281 -0.5958281755447388 3.986532 1.777082 1.636668 -0.05169152
1 22.75304985046387 -3.681478023529053 -0.7935360670089722 4.259731 1.735448 1.505681 0.1137402
1 -20.26329612731934 -3.787213802337647 -1.337487459182739 4.315963 1.996376 1.415188 -0.04492671
3 -50.90312957763672 -12.28717422485352 -1.814912557601929 0.493709 0.509432 1.308153 2.309847
2 33.12431716918945 -0.8631919026374817 -0.1359198987483978 5.236679 2.456964 2.940632 -0.08902232
3 -6.276917934417725 -14.65780258178711 -0.7424689531326294 0.983313 0.551236 1.779756 -0.06370813
3 -22.97703552246094 -13.09719944000244 -1.278469920158386 0.292733 0.251273 1.087442 -3.136218
4 41.07751083374023 -12.9044246673584 -0.7056432962417603 0.747918 0.52534 1.410742 0.1609256