6 12.0361795425415 -3.03438401222229 -1.514785766601563 1.396673 1.089232 0.549226 -3.01589
2 -31.0621395111084 -6.109451770782471 0.1032092124223709 2.776023 2.06389 1.627479 -1.588995
2 16.04057884216309 4.825565814971924 -0.4736089706420898 5.981338 2.198388 2.724131 -0.03616441
2 4.15642261505127 -8.72205638885498 -0.4711035788059235 6.258063 2.279412 2.267812 1.621553
2 56.77078628540039 -2.276572704315186 -0.1384154409170151 4.419466 2.362302 2.892209 -0.137647
2 -21.89415740966797 6.241343021392822 -0.4607951045036316 5.844005 2.285393 2.936735 3.102113
1 -17.01580619812012 -4.13908863067627 -1.063286781311035 1.89479 0.539122 1.549919 -0.01080311
2 -10.50971794128418 -4.107259750366211 -0.6052311062812805 6.332404 2.335811 2.476949 -3.071702
2 34.40534210205078 5.058069229125977 -0.2288012355566025 2.66217 1.85269 2.653594 -1.671492
2 -36.20326614379883 -4.364580631256104 -0.534368097782135 6.190028 1.919492 2.844026 -0.03787765
2 -60.54227066040039 5.341002941131592 -0.517436146736145 2.144974 2.213835 2.57201 -0.05981489
1 -0.8505270481109619 -16.48022842407227 -0.5783001780509949 3.645865 1.900007 1.470252 -1.438574
2 -0.4773572683334351 5.011260032653809 -0.6944664716720581 6.194631 2.255481 2.302176 0.01450277
2 -50.33282852172852 7.379703044891357 -0.5596345067024231 3.425371 0.924446 2.420598 1.419927
2 59.93444442749023 2.029696702957153 -0.2598719894886017 2.342756 2.196489 2.326049 2.942994
6 -43.4654426574707 -3.277057647705078 -1.700441241264343 0.628526 0.134675 0.547483 -0.6093584
6 -49.64397811889648 4.898406505584717 -0.7498605251312256 1.389133 0.600161 0.059092 -0.1085103
2 -34.6963996887207 5.688642501831055 -0.6297197341918945 2.021261 1.132634 2.340183 -0.06338555
1 40.375 -1.167777061462402 -1.148602843284607 1.108462 1.588816 0.754341 0.03630571
2 -25.85879516601563 -7.178722381591797 0.2205668240785599 4.939954 1.473515 1.918095 -3.130803
2 48.60127639770508 2.888855695724487 0.07547501474618912 0.969744 2.947794 2.216177 1.391288
1 29.84688568115234 4.163658618927002 -1.372142434120178 0.234069 0.946584 0.660813 -2.026982
4 -45.91883087158203 -2.141847372055054 -1.101396799087524 0.600073 0.431223 0.959037 0.09958978
1 -44.41536712646484 6.425803661346436 -1.197399139404297 3.475734 0.978278 1.636355 0.03638185
1 21.8953971862793 3.98026967048645 -1.041201114654541 3.935932 0.581451 1.430435 -0.1096521
1 -5.271201133728027 -8.052716255187988 -0.9084447026252747 4.279814 1.984258 1.726296 1.607031
2 22.27825164794922 -3.040765523910523 -0.2873214483261108 6.274345 1.241599 2.881626 -3.005943
1 -25.66355323791504 -4.915477752685547 -1.021037697792053 4.95828 2.076732 1.865727 0.007298419
2 38.76792144775391 4.006561279296875 -0.3637760877609253 2.621505 2.123809 2.827863 0.9348733
2 -40.19741058349609 2.077689170837402 -0.9456103444099426 1.150882 1.858721 1.802104 -0.02889849
1 -18.2695484161377 -0.08454860746860504 -1.093090772628784 3.908392 2.084327 1.538014 -0.005973433
1 9.085310935974121 -4.063565254211426 -0.9314607977867126 4.760765 1.915792 1.549249 0.07670432
1 -14.06202125549316 5.711124897003174 -1.019501805305481 4.147824 1.821041 1.763768 3.137772
2 4.7481689453125 -17.14098167419434 -0.1744699627161026 1.801848 1.510581 2.026052 -1.382857
6 32.11922454833984 5.753483772277832 1.247764348983765 1.307818 1.355099 0.328101 3.109146
2 44.0008544921875 -3.402634620666504 -0.09179642051458359 1.26474 0.781825 2.740465 -0.01407896
2 1.537751793861389 -12.81105995178223 -0.3946236968040466 5.478785 2.243449 2.007406 -1.406935
2 6.908729076385498 5.294656753540039 -0.6066535115242004 6.227859 2.217697 2.499427 3.095635
2 -7.199461460113525 5.548352241516113 -0.6441470980644226 6.07934 2.374724 2.485255 -0.02098632
2 15.74410343170166 -3.824952840805054 -0.4530018270015717 6.181179 2.185364 2.640033 0.01977521
2 27.13501930236816 4.925494194030762 -0.07935714721679688 1.76209 2.3023 2.674374 -1.613086
6 37.94499206542969 -3.552024602890015 -1.526170372962952 1.289701 0.358508 0.341817 -0.03060482
1 -2.205826759338379 -10.17548084259033 -0.7373617887496948 3.939061 1.820335 1.653909 -1.407375
2 -28.21769142150879 5.304636955261231 -0.4934634864330292 6.259323 1.067199 2.894671 3.110833