1 -27.68773078918457 -4.205956935882568 -0.6953436732292175 4.0972 2.120179 1.732512 -0.03459199
1 47.73405838012695 -7.796000957489014 -1.102292656898499 1.919384 1.699272 1.602354 -0.01339394
6 -50.77037811279297 -3.125657320022583 -0.676324725151062 0.315096 0.562756 0.28343 3.097344
3 -26.24832916259766 -12.03834915161133 -0.38030806183815 0.346829 0.500858 1.714373 0.2324833
4 58.37275695800781 -5.182742118835449 -1.826858043670654 0.823776 0.818683 1.026365 -0.07093091
1 -43.25808334350586 0.1220250129699707 -0.9413889646530151 0.903609 1.07219 0.674183 -0.03459199
2 56.16260147094727 -7.249940872192383 -0.7377976179122925 5.909159 2.862589 3.266778 -0.06927949
1 21.43254470825195 -3.441155433654785 -1.28660786151886 4.161857 1.882561 1.504695 0.0373225
3 -26.38253593444824 -11.21989917755127 -0.4515202641487122 0.43704 0.431793 1.576451 -3.104867
1 34.28097915649414 -7.557622909545898 -1.584593534469605 0.376473 1.339852 0.701192 -0.09481865
6 18.75840568542481 -3.83035945892334 -1.364109635353088 1.200824 0.766681 0.961263 -1.543473