2 -19.14737129211426 -8.81965446472168 0.2216622233390808 2.173995 0.239036 1.420723 -1.564281
6 -48.75448989868164 4.479696273803711 -0.4745696485042572 0.218662 0.438425 2.349665 0.08077001
6 -45.79463577270508 7.455261707305908 0.4575015008449554 1.284313 0.472969 1.163533 0.03205971
2 18.08371925354004 3.378046989440918 -0.452366054058075 4.543956 2.292578 2.621087 0.1009288
2 -58.47471618652344 4.599326610565186 -0.7475783824920654 4.829431 1.370389 2.541439 -0.02226333
2 23.95969963073731 6.989356994628906 -0.3680230975151062 1.904842 1.942476 2.841451 -1.523738
2 47.58879852294922 -3.958683729171753 -0.3456555604934692 1.407422 1.447219 2.738233 -0.01871258
2 -11.95488452911377 -3.18347978591919 -0.5534084439277649 6.190489 2.616784 2.5777 -0.05317912
6 -14.18558979034424 -7.107357978820801 -0.2351296544075012 0.208929 0.789735 0.330595 -1.590533
1 4.811672687530518 -7.764050483703613 -1.162665963172913 3.319626 1.701536 1.454314 -1.49754
2 43.17350387573242 3.626876831054688 -0.4304567277431488 4.585315 0.801422 2.775301 0.08963896
1 12.12637710571289 -0.4631899297237396 -1.021815419197083 3.45747 1.835521 1.479233 0.04681101
1 7.367298126220703 -8.47680950164795 -0.7554188370704651 1.850138 1.515307 0.650087 -1.59747
1 12.12775802612305 -19.0934009552002 -0.6647503972053528 4.04986 1.621162 1.501248 0.132693
1 2.454488515853882 -7.532102108001709 -1.11191463470459 3.699505 1.794272 1.539894 -1.581663
1 -14.0652494430542 4.894975662231445 -0.7030147314071655 0.588895 1.85084 1.715485 -1.616379
1 -2.829286098480225 -7.998363494873047 -0.5835257172584534 3.110422 2.063525 0.777537 1.603689
2 -8.098727226257324 -7.526572227478027 -0.6264616250991821 6.519981 2.276698 2.52841 -1.649414
2 34.46583938598633 3.451486825942993 -0.1793433278799057 1.323462 1.058093 2.903723 0.01365781
2 -19.89686393737793 5.52078104019165 -0.4967460036277771 3.692705 2.80624 2.810256 1.000521
1 -12.43186855316162 0.01871557533740997 -1.01462733745575 3.748975 2.063776 1.671511 -0.06284867
2 13.09022521972656 -3.232877731323242 -0.5196316838264465 6.316746 2.528768 2.588006 -3.123072
2 -43.03967666625977 5.232799530029297 -0.17268006503582 7.336207 2.794192 3.793545 0.04330007
2 -28.65579986572266 -2.849294424057007 -0.2805714905261993 1.589334 1.039867 2.99569 -2.868219
1 -5.331849098205566 -6.560516834259033 -1.107528567314148 3.766874 2.063652 1.420218 1.540016
2 -35.21534729003906 -2.716509103775024 -0.1950821280479431 4.869107 2.039879 3.090405 -3.030113
2 1.052953720092773 7.935930728912354 -0.6198317408561707 6.22472 1.577761 2.340065 1.663882
2 15.89231109619141 -7.880939960479736 -0.1883703768253326 1.641636 2.160517 2.07506 -1.576963
6 -53.15606307983398 4.298291206359863 -0.8020274639129639 0.655846 0.874071 2.562236 -0.3633618
2 28.48471450805664 -0.6314291954040527 -0.1069654375314713 3.406883 2.5001 2.636184 -0.08498739
6 29.2049674987793 3.380494832992554 -0.3584398925304413 2.739508 0.271641 3.052081 0.01417426
2 20.6734676361084 -8.227252006530762 -0.3241964280605316 1.355217 0.923883 2.575082 -1.548703
2 -7.974222183227539 7.026254177093506 -0.6047336459159851 6.182071 2.459877 2.500847 1.744507
2 6.501461982727051 -4.502072334289551 -0.8046839833259583 5.457217 2.032706 2.085055 3.130163
2 10.21257877349854 -9.570647239685059 -0.06549639999866486 6.304849 2.228622 1.560699 -1.588782
2 -10.43277645111084 4.69221830368042 -0.5907048583030701 1.460568 2.294003 2.461374 1.712353
1 13.19316673278809 -7.531423568725586 -0.4344671666622162 0.579024 1.101611 0.87522 -1.504969
1 39.89266586303711 1.941909074783325 -0.9384551644325256 2.627406 1.759041 1.230151 3.103062
2 -19.34685325622559 -2.554477453231812 -0.4863553941249847 4.617153 0.481509 2.87156 -0.02859118
1 -11.72009468078613 -5.671459197998047 -1.079055309295654 2.371632 1.311708 1.677116 -2.971386
2 -0.2311413735151291 -5.293705940246582 -0.5289400219917297 0.63035 2.307391 1.915088 -1.566311
1 -3.300373792648315 5.459581851959229 -1.055219769477844 4.634153 2.059984 1.552989 -3.117067
1 -7.587231159210205 -13.50519466400147 -0.7842019200325012 3.038087 1.583313 0.930249 0.001885869
2 25.00442886352539 -2.793563604354858 -0.3887359499931335 5.567895 0.70353 2.896675 -0.008481566
2 15.25346279144287 4.835834503173828 -0.4348347783088684 1.099038 1.9503 2.076308 -1.38317
2 -31.11377906799316 5.104487419128418 -0.5892889499664307 0.762665 1.618032 1.955588 -1.433735
1 -1.143164038658142 -3.955013275146484 -1.037230014801025 4.782758 1.913252 1.513389 0.03207332
2 3.485124349594116 3.483221054077148 -0.6529643535614014 6.358504 2.54761 2.280106 3.125004
3 7.728865146636963 -11.90819835662842 -0.4665181934833527 0.332423 0.51027 0.661023 -1.761974
2 18.20709037780762 5.906692028045654 0.180830642580986 0.634523 2.322341 1.262789 -1.548246
2 -36.20513153076172 5.311955451965332 -0.2509337067604065 3.791263 2.081449 3.457318 -3.11048