4 42.96925354003906 -3.946821928024292 -1.268368124961853 2.427423 1.051032 1.511144 -2.371043
6 -57.73320388793945 -2.023244380950928 -1.544112205505371 0.540837 1.959176 0.361802 0.01390939
3 -14.04531288146973 -21.22619247436523 -0.4242809414863586 0.47414 0.518182 1.009252 1.603292
6 -28.72519111633301 -5.88670825958252 -1.562994003295898 0.806521 0.966555 0.754998 2.939035
3 -37.6551628112793 22.88278770446777 0.080299511551857 0.565868 0.173315 0.56199 -3.101954
4 0.05892755463719368 -5.458742618560791 -1.367777347564697 1.567181 0.480733 0.863688 -1.562751
1 -54.32629013061523 -3.109571695327759 -1.960630536079407 2.106382 1.388422 1.348798 0.0003031566
4 -2.859583139419556 -4.836935997009277 -1.282285213470459 1.371669 0.678541 1.047354 -1.435856
6 -30.81024551391602 -5.652783393859863 -1.249111890792847 2.760833 1.237664 1.348366 -0.07497694
1 11.83066177368164 -4.792716503143311 -1.154805183410645 4.283883 1.562271 1.472924 0.07370785
1 -41.2070426940918 -5.03392505645752 -1.204716086387634 3.980312 1.812567 1.637271 -0.6313882
3 -38.70493316650391 22.51899528503418 -0.3388992249965668 0.345596 0.531722 0.893555 -3.109857
4 -11.03459072113037 -4.972037792205811 -1.391189455986023 1.092038 0.4052 0.973981 1.275135
6 -20.58963966369629 -5.611994743347168 -1.181257843971252 1.007914 0.321767 1.308694 0.3855972
4 -0.9672836661338806 -5.322478294372559 -1.302967309951782 1.77704 0.490602 1.064831 -1.562751
3 -37.60370635986328 30.85989570617676 -0.4034271240234375 0.324503 0.416754 1.561061 3.141592
3 50.04406356811523 12.41280651092529 -0.1380478143692017 0.240381 0.421283 1.269141 -3.141592
3 -37.84115982055664 31.43287658691406 -0.8379096388816833 0.388081 0.34007 0.73556 3.141592
4 3.266222238540649 -5.02384614944458 -1.149216413497925 2.062269 0.655199 1.307713 -1.773302
6 -17.64831161499023 -5.650491714477539 -1.71268630027771 0.176038 0.790914 0.337924 -2.838295
3 -38.55991744995117 31.30044364929199 -0.2502925992012024 0.312288 0.318777 1.259539 -3.141592
4 7.789705276489258 -5.035107135772705 -1.24287211894989 1.452002 0.493182 1.217859 -1.594287
4 2.505022287368774 -5.102484226226807 -1.307796359062195 1.476839 0.591549 0.984379 -1.449194
4 -0.4605619609355927 -5.381002426147461 -1.303847670555115 1.792805 0.493755 1.045288 -1.562751
3 -13.9330587387085 -27.75482368469238 -0.6400496363639832 0.520924 0.412126 0.971285 -0.01374372
4 -1.520840167999268 -5.384315490722656 -1.381842136383057 1.636734 0.428796 0.757743 -1.562751
4 5.976340770721436 -4.980004787445068 -1.259010910987854 1.700309 0.464026 1.156331 -1.594287
3 25.8809986114502 -21.13021850585938 -0.4156293272972107 0.509771 0.32055 0.917776 1.745284
4 -13.30911731719971 -5.496981143951416 -1.475385785102844 1.184823 0.383902 0.746785 -1.459636
4 -26.26909637451172 -6.002982139587402 -1.502614974975586 1.555371 0.315201 0.82162 -1.825348
6 -54.75300216674805 9.781571388244629 -1.637676119804382 2.361644 1.917608 0.685527 0.0
4 -21.76038932800293 -5.489438533782959 -1.496052861213684 0.747855 0.412398 0.667836 0.6811553
1 -28.30645370483398 8.325458526611328 -0.9733157157897949 4.205597 1.865162 1.562411 -3.137477
4 8.72321891784668 -4.825590133666992 -1.192840576171875 1.822229 0.62984 1.309958 -1.674633
4 -23.23822021484375 -5.666114330291748 -1.567622900009155 0.524339 0.165044 0.652626 1.061477
4 0.4396097660064697 -5.438352108001709 -1.291698336601257 1.604702 0.298949 0.997544 -1.562751
4 -3.448676586151123 -5.104076862335205 -1.304611086845398 1.504009 0.5866 1.080025 -1.562751
4 -3.903023719787598 -4.747692584991455 -1.414085984230042 0.807887 0.366931 0.862296 -1.562751
4 0.8203465342521667 -5.276704788208008 -1.304527521133423 1.656282 0.493914 1.042441 -1.562751
6 -34.24562835693359 -5.234511852264404 -1.407875299453735 0.100186 0.354765 0.242272 3.088562
4 1.900205373764038 -5.012251377105713 -1.28860867023468 1.635206 0.564264 1.016622 -1.562751
4 1.355435371398926 -4.915061473846436 -1.306388854980469 1.316813 0.547806 1.069842 -1.562751
1 -7.041269779205322 -5.13293981552124 -0.9663922190666199 4.78543 1.825131 1.765074 0.03236302
4 5.402974605560303 -4.938095569610596 -1.275207042694092 1.717375 0.588278 1.176176 -1.594287
1 46.73108673095703 -4.704941749572754 -1.08258867263794 2.789472 1.619995 1.502802 1.296995e-16
4 -2.355634450912476 -5.297808647155762 -1.353894472122192 1.427785 0.411223 0.941318 -1.562751
6 -19.32792663574219 -5.647211074829102 -1.200142025947571 1.098103 1.012258 1.43913 -2.920695
4 4.645671367645264 -5.105225086212158 -1.285203337669373 1.508223 0.611205 1.17335 -1.594287
4 -1.965614438056946 -5.310732841491699 -1.326675176620483 1.430432 0.30736 0.954165 -1.719507
1 -49.24644470214844 5.980552196502686 -1.20591402053833 3.735915 1.820537 1.459393 -2.989619
4 7.102249622344971 -4.720795631408691 -1.215136289596558 1.796425 0.614179 1.296553 -1.60812
4 -25.48994064331055 -5.925543308258057 -1.428493976593018 1.765573 0.527908 0.743432 -1.90916
4 -24.32501029968262 -5.85998010635376 -1.506737112998962 1.29328 0.278665 0.763746 1.03045