5 4.308811187744141 -4.976758480072022 -1.484203696250916 0.404926 0.34543 0.708859 -2.989897
2 29.67945861816406 -6.653308391571045 0.2593818306922913 1.394362 2.452517 1.36735 -1.543143
1 9.64737319946289 -8.603131294250488 -1.054505944252014 3.893028 1.05706 1.668279 -1.661679
2 0.6800561547279358 -7.019969940185547 -0.6682763695716858 4.374676 2.442271 2.416948 1.546324
1 -9.748270034790039 0.2064418643712997 -1.002145767211914 3.926401 2.075661 1.648105 -0.07095151
2 10.28416633605957 -4.628078937530518 -0.5946393609046936 6.347574 2.403294 2.50451 -0.01089644
2 35.07091522216797 9.128644943237305 0.5136151313781738 3.225341 0.221149 1.136883 -3.128229
1 -6.563898086547852 2.469314098358154 -1.004333972930908 4.234635 1.761912 1.677841 3.069318
2 33.2685546875 5.028608322143555 -0.4598333835601807 5.889538 2.348182 2.843848 -3.129078
5 5.649192333221436 -5.030096054077148 -1.499057054519653 0.349654 0.338713 0.669526 -2.989897
1 -33.83293151855469 2.653279304504395 -1.144177556037903 2.154517 1.909852 1.518344 -0.0961871
6 -58.71034622192383 8.205092430114746 -0.4744595885276794 0.334882 0.564804 1.932381 3.028952
2 33.15080261230469 7.577805042266846 -0.4582633376121521 5.467469 2.009439 2.822685 -3.129078
5 3.121862173080444 -5.092713356018066 -1.52991533279419 0.250639 0.278791 0.614717 -2.989897
2 -25.45466041564941 -0.720079243183136 -0.2707269191741943 4.296319 1.542429 2.774114 3.094358
2 -8.609224319458008 5.068039894104004 -0.6544716358184814 5.399454 1.831622 2.506767 -3.133124
5 -1.17731249332428 -4.360928535461426 -1.536335706710815 0.312386 0.334761 0.582075 -2.980237
5 2.232118129730225 -5.011425971984863 -1.535959959030151 0.278874 0.309534 0.609897 -2.989897
2 -26.38542175292969 8.39763069152832 0.1274272501468658 0.905706 1.472837 1.43169 1.6221
1 16.37516021728516 -3.537726640701294 -1.103842735290527 4.129491 1.74185 1.496502 0.02012019
2 36.40967559814453 -3.438591957092285 -0.4150316715240479 1.489757 0.374684 2.583042 0.01770142
6 44.45601272583008 4.743234634399414 -0.9503608345985413 0.397993 0.359998 1.217274 -1.597784
5 -3.400515079498291 -5.107419013977051 -1.56919276714325 0.34724 0.328243 0.571778 -2.980237
2 24.27103233337402 -3.562928915023804 -0.4298346340656281 5.377129 2.197718 2.855577 -0.01521661
2 -18.2238712310791 4.369335651397705 -0.4982292652130127 6.432548 2.571643 2.855172 -0.3663451
2 4.637543678283691 4.579497814178467 -0.6704380512237549 6.052468 2.52673 2.380915 -0.02986238
2 -12.90820217132568 -7.173061370849609 -0.5596210360527039 6.168338 2.451739 2.649888 -1.592281
1 7.795711517333984 -0.2853014767169952 -1.041620135307312 3.476422 1.848166 1.514843 0.06863376
2 12.94601535797119 6.892168045043945 -0.01271446608006954 0.217443 0.889141 1.512725 1.576093
2 -18.49164199829102 -5.12844181060791 -0.003565554739907384 1.17687 2.096323 1.762338 1.626166
1 20.92720413208008 -5.663284301757813 -0.2097693234682083 1.337439 1.854081 1.657177 1.577352
2 18.60653495788574 -0.1118075326085091 -0.3669521510601044 2.663124 2.359351 2.433349 0.01969049
5 -2.594282388687134 -5.415177822113037 -1.55169153213501 0.305968 0.343883 0.61675 -2.980237
2 -14.29803085327148 -2.188764095306397 -0.5303943157196045 6.470276 2.466607 2.661617 -0.07098585
5 -5.715091228485107 -6.334207057952881 -1.546175003051758 0.254143 0.257518 0.651094 -2.980237
1 -4.180159568786621 -7.680020332336426 -0.9291257858276367 2.885564 1.794647 1.878925 1.555362
2 -2.013120174407959 -8.625297546386719 -0.6191803812980652 6.261572 2.198852 2.498132 1.566732
1 -10.27791213989258 -7.875977516174316 -1.020421028137207 4.926602 2.087967 1.814252 -1.596889
2 -23.80219268798828 7.567422389984131 -1.190197587013245 2.812743 2.375175 3.974859 -1.541674
2 25.9178638458252 -6.276140213012695 0.1770547926425934 1.908448 2.123778 1.657512 1.577352
2 -35.59743499755859 5.331453800201416 -0.4760760068893433 6.162486 0.577573 3.004476 3.063037
2 19.09637069702148 -5.757824420928955 0.4696484506130219 0.160915 1.332659 0.922988 -1.540927
5 -6.074318408966065 -7.015074253082275 -1.70528769493103 0.251083 0.38978 0.423002 -2.989897
2 2.412341594696045 10.17714786529541 -0.6627353429794312 6.648744 1.299685 2.691864 -1.676974
2 -49.47365951538086 0.8558353781700134 -0.5012872219085693 1.947301 1.754733 2.430048 -0.07201821
2 -2.211060047149658 4.796985149383545 -0.7112581133842468 6.005612 2.384733 2.337582 0.04487359
2 -20.83240127563477 8.09261417388916 -0.6002190709114075 1.835535 2.022863 2.676674 -1.669524
6 -23.12992668151856 -6.232823371887207 0.3238114714622498 0.741 0.24033 1.197409 1.532979
2 -15.84541416168213 -5.010897636413574 -0.719515860080719 1.348991 1.964229 2.252562 1.622236
2 43.70359802246094 -3.542006969451904 -0.3631157875061035 0.953176 1.200686 2.708313 -0.1607355
2 14.37830638885498 5.278788089752197 -0.5419808030128479 6.280591 2.222659 2.686468 0.1045979
5 -5.770558834075928 -7.123898506164551 -1.612474918365479 0.304873 0.316456 0.551183 -2.989486