5 20.23056221008301 -19.01408576965332 -1.219120740890503 0.071516 0.227311 0.582492 -3.132208
3 36.91440200805664 17.57509422302246 -1.503040790557861 0.254387 0.297819 0.550105 -3.132073
1 -9.221641540527344 -3.745307683944702 -1.083872437477112 4.463181 2.008309 1.552614 0.002292664
1 45.13318634033203 -4.309863567352295 -1.286174893379211 1.298503 1.70691 0.873908 -0.02940756
2 10.11576175689697 17.56455421447754 -0.6600871086120605 13.219599 3.059253 3.169336 -3.114769
1 25.61927223205566 21.80291557312012 -1.704477787017822 4.335205 1.803708 1.459013 -3.105989
4 -40.85735702514648 -9.116047859191895 -1.120610117912293 0.909689 0.731878 1.544616 0.6132267
1 31.65383911132813 -6.292313098907471 -1.071716785430908 4.161009 1.912959 1.663822 -0.05150096
1 38.76230239868164 13.79898071289063 -1.605239152908325 2.315765 1.847811 0.824554 -3.091776
3 28.30136680603027 -22.74128532409668 -0.8739072680473328 0.237015 0.724497 1.428218 2.210159
1 -44.99626159667969 -4.575209617614746 -1.509550094604492 1.031559 1.385771 0.612488 -0.002339937
1 28.43485450744629 -19.83257293701172 -0.9171791672706604 4.35963 1.615615 1.563646 -1.70211
5 20.19863128662109 -22.7078914642334 -1.352079391479492 0.196109 0.148496 0.987215 -3.132208
5 20.23056793212891 -17.28402709960938 -1.36730420589447 0.201412 0.390769 1.041412 -3.132208
1 -40.63244247436523 -0.7088299989700317 -1.471677660942078 0.991061 1.56133 0.811778 3.126496
4 53.44196319580078 -12.89348125457764 -0.9068751931190491 0.821213 0.226915 1.098057 -0.004216435
1 33.67134094238281 0.07047708332538605 -1.00762927532196 1.395528 1.954306 1.790307 -0.03035733
1 21.47183418273926 12.51596355438232 -1.388004541397095 4.173979 1.774082 1.479543 -3.130706
6 -46.82065582275391 20.16118812561035 -1.603287100791931 0.422374 0.443799 0.894153 -3.082963
3 -39.04402160644531 -12.07291316986084 -0.8445436358451843 0.3169 0.598471 1.564431 0.009677213
3 33.8586311340332 -12.23768997192383 -1.189006567001343 0.347043 0.599121 1.106236 3.100036
5 20.21427726745606 -20.88621330261231 -1.220159292221069 0.121437 0.140066 0.761915 -3.132208