2 -1.056471347808838 7.907242298126221 -0.6577955484390259 6.162204 2.216606 2.336756 0.02772531
2 18.47934341430664 -6.774327278137207 -0.4979868531227112 5.378207 2.377674 2.378629 1.926505
5 6.394669532775879 -8.835009574890137 -1.57174825668335 0.152684 0.151346 0.302923 2.740871
2 -6.731382369995117 -5.651486873626709 -0.6436805129051208 6.127917 2.477575 2.444062 0.002732547
5 8.393218994140625 -10.48916435241699 -1.438821792602539 0.184973 0.218273 0.367849 2.740871
2 31.64561271667481 -5.356078624725342 -0.2015765160322189 6.061812 2.376841 2.964245 -0.3817208
1 14.64834022521973 -0.2456673085689545 -0.8380006551742554 4.330168 1.84703 1.784992 -0.04346878
2 50.91503524780273 4.566442489624023 0.03012819588184357 1.933869 2.144086 2.7192 3.136563
6 54.72917938232422 6.339004993438721 0.3609698712825775 0.163709 0.537076 1.786599 0.0
1 27.53812217712402 3.127255439758301 -1.097737312316895 4.059963 1.68099 1.246314 3.042937
2 34.64643859863281 7.527763843536377 -0.1668757051229477 5.971511 1.69805 3.00599 0.03770204
5 -20.50997161865234 -7.284030914306641 -1.783357620239258 0.16439 0.219967 0.449508 3.141592
5 7.42090654373169 -9.389342308044434 -1.511222243309021 0.154131 0.19634 0.319548 2.740871
2 -0.5069578886032104 -5.75040864944458 -0.6609686613082886 6.190976 2.737963 2.269198 -3.141122
2 50.86947250366211 6.94249153137207 0.4963507056236267 0.841549 1.764286 1.901545 0.002611338
1 6.723052501678467 7.813999176025391 -0.9783363938331604 4.526364 1.925065 1.661894 -3.095663
1 44.34293746948242 2.253087997436523 -0.8729564547538757 2.122051 1.523878 1.744141 3.020963
2 59.96237182617188 -3.36367130279541 0.02933230251073837 6.26685 3.45118 3.073434 -0.0003325623
5 13.10363483428955 -9.13636589050293 -1.431944966316223 0.229259 0.24294 0.408323 -3.118798
2 28.78576469421387 7.463952541351318 -0.2871784567832947 1.446072 1.891387 2.91209 1.969536
2 48.30710983276367 6.847967624664307 -0.1993362307548523 0.762639 1.541243 2.735415 0.3293234
5 -18.2613582611084 -8.573759078979492 -1.791509628295898 0.204551 0.218177 0.474329 3.141592
2 22.01194381713867 7.055337429046631 -0.3280877470970154 1.632243 1.212125 2.76935 2.255362
5 19.19371032714844 -9.957669258117676 -1.539917349815369 0.108953 0.221468 0.33433 3.141592
2 40.38948440551758 -16.68136405944824 0.7401795983314514 2.19224 2.015373 2.074919 1.640765
1 -12.08500671386719 7.386064529418945 -1.189780831336975 4.224199 2.082767 1.493 0.02604355
1 -29.64859962463379 -0.5867644548416138 -1.38089120388031 2.27496 2.0303 1.340143 -0.05559948
2 -19.45254135131836 7.657485961914063 -0.8521797060966492 5.611928 2.224655 2.360409 0.0392402
5 -18.94726753234863 -8.090337753295898 -1.724246621131897 0.283894 0.142886 0.520175 -3.141592
2 48.05433654785156 -17.72809982299805 0.8467665314674377 3.998185 2.47772 2.196049 1.582588
1 -33.6834716796875 -5.620527744293213 -1.560582280158997 3.977457 1.83422 1.083089 0.01456174
5 -19.59845733642578 -7.589754581451416 -1.731082320213318 0.229688 0.187662 0.458948 -3.141592
5 14.78985595703125 -9.205643653869629 -1.445209860801697 0.205011 0.282298 0.386569 -3.118798
5 11.30883026123047 -9.225297927856445 -1.420248746871948 0.265619 0.250283 0.419682 -3.118798
2 14.83061027526856 8.4120454788208 -0.435977429151535 6.19257 2.485258 2.654052 -1.001062
5 16.49074935913086 -9.091351509094238 -1.470988869667053 0.199339 0.296955 0.413017 -3.118798
2 51.54360961914063 -4.807753562927246 0.177386611700058 4.911038 1.156018 2.621588 -0.0003325623
5 9.278203010559082 -9.259730339050293 -1.446855068206787 0.232835 0.20084 0.355311 -2.68787
2 18.27159881591797 7.329514503479004 -0.4056971669197083 2.30968 0.92192 2.70694 2.210567
1 26.04329109191895 -5.496413230895996 -0.933820366859436 3.842843 1.158163 1.430177 0.005378063
2 40.46199417114258 7.149127960205078 -0.02764393202960491 1.708779 1.726013 2.757513 1.682307