1 -23.08820533752441 4.910702705383301 -1.23521614074707 3.967776 0.779538 1.745785 -3.134978
6 38.76701354980469 -3.034544467926025 0.2597218751907349 0.168073 0.182116 1.732049 -0.01666048
2 29.84662437438965 4.322856426239014 -0.1387093514204025 2.88269 2.270551 2.812891 0.9681007
1 20.83036041259766 4.322299003601074 -1.213222026824951 0.369115 1.229344 0.79934 1.212729
2 52.15509033203125 2.299458980560303 -0.1505166739225388 4.300365 2.239653 2.617456 3.120695
1 -14.26030540466309 -8.314481735229492 -1.035549163818359 4.166196 2.169171 1.736324 1.630646
2 60.51003265380859 -4.377594947814941 0.3353741466999054 1.776035 0.647967 2.540039 3.045622
1 52.43649291992188 0.2868601381778717 -0.6281250715255737 2.59577 1.291102 1.625177 3.120695
2 -36.57788467407227 4.951170444488525 -0.7474236488342285 4.859639 1.175502 2.879523 3.114484
2 18.12177658081055 5.860483169555664 -0.2969974875450134 3.292924 2.376269 2.396448 -1.571616
1 -17.37405204772949 -0.1406300514936447 -1.135531306266785 3.498161 2.143301 1.647828 0.01253608
2 -19.28072166442871 -4.368908882141113 -0.5841326117515564 5.934792 2.307234 2.857398 -3.076807
6 21.62234878540039 -2.856577396392822 -1.227400183677673 0.624413 0.405393 0.5477 0.08514015
2 7.069878101348877 4.940162658691406 -0.5966546535491943 6.384225 2.381228 2.402783 -0.007065035
2 31.96718788146973 -3.162229776382446 -0.06311824172735214 7.827591 1.04564 2.98555 -0.01686409
2 39.62320709228516 3.299535989761353 0.2783246636390686 0.753861 3.082886 2.534742 1.54633
2 -44.69793701171875 -4.685356140136719 -0.8764340877532959 5.054859 1.798009 2.539748 0.02473155
2 -23.09501266479492 -8.221123695373535 -0.3639998435974121 1.847396 2.322194 2.068101 -0.0427238
6 -57.41275787353516 -2.789301872253418 -1.664443016052246 0.339512 0.442253 0.752183 0.02473155
2 13.25292778015137 -2.936838865280151 -0.4001510143280029 6.2999 1.44998 2.431449 -3.014047
2 -39.8458137512207 -5.866098880767822 -0.1491502672433853 1.529162 1.689642 1.519168 -1.544088
2 25.31130599975586 5.361578941345215 -0.2414385676383972 2.76447 2.096052 2.802221 -1.680888
2 -30.27327728271484 5.76535177230835 -0.5368272662162781 6.680776 2.034928 3.418778 3.114484
2 -16.28236389160156 4.724537372589111 -0.5797479748725891 5.948232 0.982288 2.912582 0.006614286
1 -57.97608184814453 1.007497191429138 -1.6668781042099 0.701264 1.737977 0.735617 0.02473155
2 48.71456909179688 -1.969074368476868 0.2503926157951355 2.670846 2.352762 2.780976 -0.1649788
1 -11.03390216827393 -9.940018653869629 -0.8037715554237366 3.114196 1.672422 1.742954 -1.421448
2 6.870024681091309 -3.753516435623169 -0.5334187150001526 6.259825 2.286551 2.186733 0.03110752
2 -2.129159212112427 5.036308765411377 -0.6978378295898438 6.34007 1.797549 2.356312 3.067977
2 -8.480936050415039 -10.56273460388184 0.1183042377233505 0.238701 0.832882 1.157271 -1.476995
2 -59.60254669189453 6.096293926239014 -0.9803987741470337 0.990864 2.162424 2.235835 3.017707
6 -26.43467903137207 -4.285604476928711 -1.716069936752319 0.548454 0.126614 0.376619 -0.035923
2 -43.39771270751953 5.038226127624512 -1.169666171073914 0.906898 0.769963 1.668089 3.138832
1 0.2577192187309265 -3.931916475296021 -0.8882001638412476 4.783693 1.775583 1.443011 0.079795
1 12.83382987976074 4.500437736511231 -0.9843217134475708 4.092986 1.413476 1.495524 -0.01492305
1 -34.44557952880859 -4.893259525299072 -1.298397064208984 4.594106 1.219314 1.863859 0.02473155
1 35.21155548095703 -1.068541288375855 -0.8264819979667664 1.124862 1.616863 1.221129 -0.01666048
2 -9.501542091369629 5.040406227111816 -0.6397492289543152 6.24754 2.545275 2.608264 0.04186293
2 -4.722198963165283 -8.45293140411377 -0.5235901474952698 5.530859 2.324167 2.264453 1.638663
6 13.75164318084717 5.892722606658936 0.1356177926063538 0.447826 0.191157 0.51291 0.05599929