1 57.82788467407227 -5.217154026031494 -0.9485606551170349 3.17435 1.27858 1.56304 0.03262338
1 -11.31101036071777 -5.286693572998047 -1.130195260047913 4.416115 1.869614 1.460389 -0.01037147
1 -16.59325408935547 -5.082155227661133 -1.1664799451828 4.267759 1.749172 1.425803 -0.001654407
1 -53.92486190795898 -4.972752094268799 -1.660587072372437 0.906004 0.790024 1.174081 0.001041002
3 -29.3684253692627 -29.23770904541016 0.07282797992229462 0.39253 0.565336 1.059108 0.4062563
3 -16.86075782775879 -20.08205604553223 0.3544407188892365 0.610846 0.382452 0.876625 -0.01958937
3 -29.24207878112793 -31.28378868103027 0.06640990078449249 0.301989 0.643894 1.090753 0.4062563
1 -40.57986831665039 -5.333708763122559 -1.171189665794373 4.139579 1.580964 1.794016 0.007503555
2 -43.20467376708984 7.489103317260742 -0.4157244265079498 12.155416 2.540575 3.195507 -3.13647
5 -3.737293720245361 7.105575084686279 -1.617871284484863 0.456733 0.33947 0.603207 1.5447
3 -30.43698501586914 -29.8868293762207 0.1049970984458923 0.184645 0.419731 0.604132 1.203171
3 -51.85137939453125 -4.388809680938721 -1.341693878173828 0.347566 0.44983 1.336554 0.0
3 16.17805290222168 16.01942443847656 -0.9650008082389832 0.217225 0.425856 1.579957 -2.969982
5 -2.555335521697998 6.293894767761231 -1.676411151885986 0.23007 0.18424 0.433377 0.004507536
1 -31.81559181213379 -5.164055824279785 -1.174753427505493 3.739217 1.724188 1.69664 0.03353998
5 -3.700650691986084 9.213871955871582 -1.692719459533691 0.216276 0.293156 0.644127 1.498814
1 -45.38936996459961 -4.681083679199219 -1.217604160308838 3.223322 0.612781 1.738981 0.002438783
4 13.216965675354 -4.972422122955322 -1.025804162025452 1.615535 0.524919 1.501512 0.03364169
3 -49.68062591552734 -3.653546810150147 -1.301491856575012 1.059878 0.71215 1.346318 -1.080535
1 -23.32730102539063 -5.126712322235107 -1.212679505348206 4.580732 1.688077 1.438847 -0.02686621
3 15.42049694061279 14.79011344909668 -0.8648566007614136 0.41576 0.457115 1.577497 -1.656974
1 37.63799285888672 -4.448746204376221 -0.9692711234092712 3.715105 1.823208 1.440835 0.01049188
4 17.41849517822266 -4.914401531219482 -0.9955600500106812 1.159542 0.513935 1.474239 0.03945257
2 -10.81705570220947 7.420003414154053 -0.5669513940811157 12.330691 2.710316 2.817223 -3.136821