1 39.9080696105957 -8.115354537963867 -0.8037796020507812 4.256361 1.802703 1.664266 0.04124755
1 -20.49606895446777 12.37832641601563 -1.767062187194824 2.423844 0.167645 0.553704 -3.135787
5 -36.48717498779297 -17.53452110290527 -1.765138506889343 0.16709 0.192617 0.553349 -3.139557
1 -28.71215629577637 -4.022864818572998 -1.660737991333008 4.318695 1.762867 0.811783 -0.00273201
1 28.51414489746094 0.623777449131012 -0.7740241289138794 1.322094 1.974885 1.737325 0.04385188
2 48.6487922668457 0.1925245225429535 0.003897674381732941 5.381094 2.259876 2.786121 -0.02745615
1 -39.31227874755859 -0.705586314201355 -1.734469890594482 0.846445 1.646848 0.582414 0.0
3 -28.92878341674805 -13.07987499237061 -1.299635291099548 0.671642 0.741743 1.37572 -3.08388
5 -36.52898788452148 -21.24700546264648 -1.634835839271545 0.200339 0.280572 0.575916 -3.139557
3 -3.031710147857666 -13.39133739471436 -0.8771900534629822 0.37084 0.607054 1.519026 -2.621207
1 10.9254674911499 -4.561424732208252 -1.014263510704041 4.343488 1.75386 1.521084 0.01089098
1 -28.06522750854492 -20.27433013916016 -1.309906959533691 4.334616 1.660174 1.299025 -1.714863
1 34.77266311645508 -3.904627323150635 -0.9069963097572327 5.656148 1.898877 1.481761 0.08324414
3 10.41776084899902 -14.22352409362793 -0.5611627101898193 0.630663 0.500062 1.781269 -0.1015082
3 -3.570506811141968 -13.41251945495606 -1.036556124687195 0.334498 0.517299 1.190894 -1.630424