1 48.12181091308594 -22.70740509033203 -0.9252075552940369 3.992747 1.593626 1.692227 -1.245164
1 -48.73382568359375 -1.700781583786011 -1.150600075721741 1.784187 1.869943 0.959378 0.05933408
6 12.79528999328613 0.2935178875923157 0.334283709526062 0.552968 0.42761 0.636443 -1.485516
1 4.926365375518799 -3.483078479766846 -1.106875777244568 4.458466 1.773432 1.326845 0.03834912
3 -5.004002571105957 24.46192741394043 -1.232288122177124 0.520653 0.239493 1.368613 2.944585
3 37.96942520141602 -14.144775390625 -1.148353338241577 0.377879 0.543894 1.348155 2.166945
4 22.85077857971191 -11.69120693206787 -1.144179940223694 1.438978 0.469617 1.455819 0.04164173
1 31.51640129089356 14.20291423797607 -1.139783978462219 3.688799 1.778618 0.990769 2.998479
1 6.452998161315918 19.63956451416016 -1.278004884719849 4.333719 1.663425 1.310814 -2.958978
2 20.57789993286133 0.5283964276313782 -0.3247449398040772 14.45863 2.729233 2.102766 0.07507143
1 -15.3455228805542 -2.984893321990967 -1.133102416992188 4.12671 1.898731 1.376593 0.01643209
2 32.59087753295898 -4.81891393661499 -0.7682463526725769 4.678068 1.860168 2.327469 0.03396045
3 -17.87411689758301 -15.79325103759766 -0.7547706961631775 0.87914 0.700969 1.693259 0.01185942
2 55.51919174194336 -21.55032539367676 -0.1828722953796387 11.855318 2.84332 2.994427 1.730103
1 24.62007713317871 -5.317543506622315 -1.117921710014343 4.189549 1.791697 1.452722 0.04820108
1 7.701576709747315 0.336217612028122 -0.9000381231307983 3.421141 2.174669 1.813525 0.03787956
1 22.62421417236328 -2.697232723236084 -1.046614408493042 2.386631 1.812387 1.386676 0.04820108
1 57.5956916809082 -5.449893951416016 -1.054033041000366 1.678925 1.404622 1.112638 2.47174
2 48.21724319458008 11.06842613220215 -0.2416708767414093 11.925064 2.832536 2.77358 2.432359
3 -41.23234176635742 -14.74179649353027 -0.9457715153694153 0.840541 0.575397 1.218997 0.007381892