3 58.60163116455078 -2.43067479133606 -1.490681886672974 0.433438 0.571269 1.204298 0.04439751
1 -21.21189308166504 -5.01057243347168 -1.099567651748657 4.311433 1.746639 1.513116 0.05084062
4 24.466796875 -5.5108962059021 -1.439770102500916 2.964856 1.577216 1.112074 0.07115436
1 13.66856956481934 -4.981817722320557 -0.9700148701667786 4.369396 1.794625 1.94296 -0.03573567
1 -6.934189796447754 3.703724145889282 -1.049835920333862 4.577785 1.712728 1.484969 -3.095133
3 36.90210342407227 -3.719844102859497 -1.188422560691834 0.632343 0.516142 1.450113 -0.09740264
3 58.80355453491211 -3.124955415725708 -1.542907476425171 0.784653 0.646033 1.30875 -0.006748501
2 55.78679275512695 7.796510219573975 -0.6671800017356873 6.003308 3.357372 2.823788 -3.126857
6 -24.90143775939941 -4.424752235412598 -1.410436511039734 0.23917 0.51072 0.769296 -0.03925446
6 -30.55425262451172 -4.490947246551514 -1.401923298835754 0.504818 0.572278 0.634856 0.0104307
6 -25.64624786376953 -4.747410774230957 -1.057798743247986 0.136282 0.206107 0.32896 -0.04027818
4 7.796352863311768 -6.441001415252686 -1.158819437026978 2.380975 1.105478 1.50785 -2.066027
3 35.60317993164063 -3.120118379592896 -1.428528070449829 0.790982 0.504193 1.375908 -0.09762746
3 32.28207778930664 14.88551235198975 -0.6720237135887146 0.348816 0.422786 0.808157 -0.01029651
3 -2.487678289413452 -21.51915740966797 -0.3873528242111206 0.503714 0.397029 1.004275 -3.03897
1 31.58134460449219 -5.00551176071167 -1.173697471618652 3.092859 1.778053 1.69633 0.04254031
5 12.13213539123535 9.666120529174805 -1.554420232772827 0.286543 0.268174 0.595228 -3.108963
6 -53.18252563476563 -5.555328369140625 -1.14414918422699 0.875941 0.637868 1.384296 3.110655
5 11.11271476745606 6.523687362670898 -1.570815920829773 0.342724 0.271782 0.395023 3.141592
4 -36.53422927856445 -5.073057651519775 -1.229083776473999 1.250454 0.613719 0.981919 -1.674951
4 -26.66313552856445 -4.407801628112793 -1.224073052406311 0.658678 0.598535 1.258723 -0.03925446
5 12.6929349899292 9.671496391296387 -1.544540643692017 0.350637 0.227867 0.580129 -0.06514058
2 34.99638366699219 7.989909172058106 -0.3027260005474091 9.063877 2.91342 3.372661 -3.113602
1 36.12145614624023 -4.670007705688477 -1.073752045631409 1.476751 1.257864 1.629584 0.01764706