5 -13.27730464935303 10.89630126953125 -1.465617299079895 0.545752 0.523893 0.477829 1.850183
5 -14.84812545776367 -2.890328884124756 -1.550196409225464 0.272509 0.159287 0.318076 1.850183
5 -10.41078662872315 17.49510192871094 -1.476628303527832 0.222229 0.140735 0.350848 0.4507869
6 46.25236511230469 -20.66238975524902 -1.195744872093201 1.21519 0.431039 1.11042 2.073763
6 -13.18496131896973 6.893997669219971 -1.118749260902405 1.278613 0.362773 1.212343 0.7375193
5 -11.24419403076172 -5.74794340133667 -1.625955820083618 0.253798 0.307855 0.351338 0.4964904
1 -25.27455520629883 0.412738710641861 -0.9813299179077148 4.440709 1.76736 1.706611 -2.588062
5 -19.69042015075684 2.961353540420532 -1.373061180114746 0.503742 0.352051 0.693385 0.4480552
5 -19.27832984924316 3.202213764190674 -1.396043658256531 0.218964 0.3044 0.370672 0.4463411
6 36.10315704345703 32.00528717041016 -0.5596286058425903 0.801739 0.380542 0.305463 0.420539
5 -2.96273684501648 -8.916955947875977 -1.677189588546753 0.204631 0.208668 0.437307 2.911588
3 -11.58114337921143 21.32943534851074 -1.134047746658325 1.35665 0.721181 0.830581 1.844857
5 -20.9748477935791 2.486034631729126 -1.047694683074951 0.58913 0.206413 0.931336 0.4795349
6 -17.45625686645508 4.465639114379883 -1.158349990844727 0.930166 0.200932 1.215182 0.4520135
6 -15.12076091766357 5.745966911315918 -1.167238473892212 1.665357 0.279527 1.201253 0.4834276
5 -12.54261875152588 11.84786415100098 -1.43351674079895 0.209934 0.253055 0.379205 0.4507869
6 -10.72686576843262 -6.2926025390625 -1.488360404968262 1.428757 0.514969 0.719791 -1.089281
5 1.130335211753845 -8.899965286254883 -1.704427599906921 0.174967 0.263821 0.434998 0.4433653
1 15.87569427490234 -3.752145528793335 -0.8561002016067505 4.252651 1.917489 1.661177 -1.045216
1 -9.541714668273926 22.6534309387207 -0.8270419239997864 4.204983 2.900054 1.649853 -1.358221
4 -38.91452026367188 -9.794051170349121 -1.182548642158508 2.406315 0.731092 1.507241 -2.664022
5 -11.96841907501221 13.18233680725098 -1.482485413551331 0.217492 0.241764 0.387693 2.064677
5 -18.95067977905273 3.397590160369873 -1.439924001693726 0.316501 0.311479 0.467299 0.4532296
6 -16.75848960876465 4.794466972351074 -1.224806904792786 0.194142 0.229009 0.546656 0.4512931
5 -0.3175966739654541 -8.800971984863281 -1.667366981506348 0.242339 0.26659 0.432348 0.4433653
3 23.74898529052734 -43.62299346923828 -0.7652011513710022 0.241013 0.492103 0.741605 -1.026816
1 -30.82841300964356 -3.331305503845215 -1.019477128982544 4.317395 1.767578 1.59707 -2.663126
1 24.9154052734375 -43.54433822631836 -1.420222043991089 1.09183 0.554613 0.677592 0.7622294
6 -12.11445331573486 8.43387222290039 -1.110861539840698 1.173713 0.244867 1.192289 1.148179
1 -14.63305950164795 34.12980651855469 -0.5978177189826965 1.98544 0.990966 0.95962 -1.280943
5 -1.483019351959229 -8.834301948547363 -1.683510422706604 0.26583 0.194599 0.41547 0.4433653
5 4.323677062988281 -9.717958450317383 -1.635678052902222 0.219761 0.245072 0.347818 -2.572669e-15
6 -12.49899768829346 7.569125652313232 -1.090529203414917 0.686891 0.301698 1.162847 0.8696316
6 -9.992219924926758 -7.677202224731445 -1.558702349662781 1.5898 0.539063 0.717364 1.955806
6 -18.60643005371094 3.95333194732666 -1.36296272277832 1.320754 0.373501 0.866408 0.4532296
5 -11.61987972259522 13.97057151794434 -1.516475677490234 0.253536 0.223361 0.390935 2.064677
1 17.64595031738281 30.50191879272461 -0.5280288457870483 4.34201 1.050132 1.398567 2.431703
5 2.913173675537109 -9.175973892211914 -1.692303419113159 0.2157 0.235178 0.420819 0.4433653
6 -20.41058921813965 2.888922691345215 -1.088869094848633 0.659933 0.515155 0.811672 -2.662058
3 14.40315532684326 -25.78435516357422 -0.9584881067276001 0.551425 0.60018 1.653899 -0.7120022