2 10.83235263824463 7.860783100128174 -0.5137055516242981 9.221337 2.951499 2.610828 -3.104729
5 20.97445106506348 8.569682121276855 -1.576205611228943 0.195504 0.15496 0.424348 0.0111571
3 15.71377658843994 -3.887570858001709 -1.031175017356873 0.576148 0.590374 1.603518 0.005456736
3 7.543315410614014 25.60139846801758 -0.4239640235900879 0.740991 0.569522 1.789409 1.01602
6 39.46845626831055 -2.765712022781372 -0.7467142939567566 0.420301 0.798778 0.777308 0.04247744
1 7.736853122711182 -5.097976684570313 -0.9625014066696167 4.217813 1.746516 1.781988 0.007391043
2 54.16029357910156 8.281942367553711 -0.2955857217311859 6.23502 2.318206 2.674595 -3.08251
3 -22.84967803955078 -21.54730796813965 -0.3054053783416748 0.276316 0.609817 0.97887 0.187818
3 -0.5665653347969055 -9.84683895111084 -0.7351194024085999 0.498416 0.680475 1.370558 1.414326
6 43.08885192871094 -4.678688526153565 -1.055931091308594 1.023339 0.685014 0.839141 0.03253572
3 37.35658264160156 -2.731520414352417 -1.012935876846314 0.665776 0.713571 1.43222 0.00449337
5 -13.12661647796631 6.385122299194336 -1.626487731933594 0.199524 0.214915 0.347733 3.141592
3 7.833567142486572 14.77124118804932 -0.6809808611869812 0.289091 0.668965 1.379979 -1.844625
3 34.37578201293945 14.27266597747803 -0.5677812695503235 0.303616 0.480291 0.981262 -2.928106
6 -16.32904624938965 -5.701858043670654 -1.268139481544495 0.294511 0.34406 0.307952 -1.529661
5 23.5716495513916 7.069131374359131 -1.580321669578552 0.143976 0.199328 0.455429 0.0111571
3 3.196704387664795 -9.157442092895508 -0.7069428563117981 0.481494 0.453091 1.05839 -0.5640083
5 -11.48398685455322 9.524128913879395 -1.629949688911438 0.254998 0.268255 0.60099 0.09533378
1 12.85325813293457 -4.984215259552002 -0.8934634327888489 3.765968 1.523309 1.935854 -0.02880823
2 34.12623596191406 8.076140403747559 -0.2558192908763886 11.530132 2.90125 3.157361 -3.111727
6 -49.28135681152344 -4.564715385437012 -1.777214169502258 0.236645 0.349698 0.712119 -0.09633124
3 8.134160041809082 17.94111824035645 -0.6785918474197388 0.596699 0.363712 1.700859 0.09148415
1 33.57495498657227 -4.750742435455322 -1.465276479721069 3.958264 2.041522 0.943445 -0.006497535
6 53.47140502929688 -4.259573936462402 -0.4037809669971466 0.217615 1.141307 0.39031 0.03538767
1 -52.02616500854492 3.274908542633057 -1.559660911560059 1.248828 1.476496 0.655675 -3.091372
5 -12.0266056060791 9.504659652709961 -1.640047311782837 0.255288 0.266569 0.533987 0.09533378
4 0.776371419429779 -5.505111694335938 -1.251675963401794 3.389756 1.307333 1.120606 0.007391043
3 14.83667469024658 -3.148531436920166 -1.045434951782227 0.726632 0.576016 1.576491 0.005456736
6 -43.79205703735352 -5.366895198822022 -1.656413912773132 1.123356 0.249613 0.328777 -1.682265
3 8.816733360290527 18.22218704223633 -0.692703366279602 0.487188 0.800445 1.574481 -2.418931
1 -10.43814086914063 -5.081257343292236 -0.9205609560012817 4.528697 1.764853 1.870717 -0.00724778
3 3.86023473739624 -7.873109817504883 -0.6409599781036377 0.303265 0.516537 0.985552 2.332839
3 37.44160842895508 -3.54163122177124 -1.114456534385681 0.387368 0.503528 1.24119 0.00449337
3 4.783374786376953 -22.76067543029785 -0.2342358529567719 0.331792 0.32041 1.165907 1.404061e-15
3 10.5886173248291 33.11457443237305 -0.5917369723320007 0.285721 0.557998 1.509746 -1.531621