5 -9.310437202453613 12.22533321380615 -1.395912408828735 0.220617 0.177834 0.524636 1.741881
5 -12.70359611511231 -1.025193810462952 -1.483260869979858 0.296334 0.19705 0.393811 1.850183
1 25.61769485473633 25.56237411499023 -0.8569880127906799 4.26805 0.678359 1.155494 2.404
6 -11.71332359313965 7.534544467926025 -1.114692807197571 1.636943 0.286472 1.261226 -2.813094
4 14.30014610290527 -27.18676567077637 -1.316031217575073 0.727049 0.897483 0.544852 -2.839663
1 21.32001686096191 -46.60074996948242 -1.100721478462219 0.655316 1.537702 0.843775 -1.418401
5 -7.54341983795166 14.46467781066895 -1.521222352981567 0.231213 0.217969 0.334351 1.247964
3 13.03200340270996 -24.70910835266113 -0.9766054749488831 0.424454 0.273597 0.97282 -2.843043
3 -5.979643821716309 22.49990463256836 -1.202770113945007 1.310108 0.701217 0.810522 1.585971
6 -14.27901649475098 6.558910369873047 -1.100448131561279 1.169035 0.233438 1.205147 -2.844797
5 2.250434875488281 -9.273344993591309 -1.637111902236939 0.265913 0.203486 0.481377 1.247964
5 -16.69020652770996 5.483977794647217 -1.08794629573822 0.49329 0.343447 1.200982 0.3015599
6 -13.46193027496338 6.806581020355225 -1.129805088043213 0.16666 0.123797 1.135893 -2.796442
3 12.90891075134277 -27.70296669006348 -0.9186911582946777 0.408148 0.587851 1.537013 -1.202811
5 -5.330005645751953 18.41859245300293 -1.472564458847046 0.251975 0.210473 0.372579 0.2974226
3 19.92879295349121 -47.44746780395508 -1.082603335380554 0.324647 0.595523 1.311207 -1.243493
5 0.8442836999893188 -8.938454627990723 -1.595386981964111 0.239634 0.272696 0.496166 -0.02337421
6 46.89661026000977 -32.5001220703125 -1.225209474563599 1.186985 0.497922 0.878745 1.916909
5 -16.23521423339844 5.640766143798828 -1.398045182228088 0.366845 0.293004 0.470774 0.2976695
5 -7.060288906097412 15.19239044189453 -1.514588713645935 0.266719 0.233165 0.489493 1.247964
5 -15.88512325286865 5.747186183929443 -1.370748281478882 0.349175 0.329765 0.453473 0.2976957
5 5.348042488098145 -10.5424861907959 -1.635404825210571 0.204761 0.198022 0.362223 1.697675e-15
6 -9.017501831054688 -4.9700608253479 -1.43425726890564 1.479688 0.327305 0.708025 1.863438
5 -8.2808837890625 13.25983047485352 -1.526920676231384 0.194762 0.276859 0.35298 0.2970045
6 -8.558710098266602 -6.46214771270752 -1.477326035499573 1.632561 0.582067 0.728413 1.893336
1 -17.36746406555176 5.336616039276123 -1.089190602302551 1.08764 0.164259 1.198494 0.3015499
5 3.99878191947937 -9.818338394165039 -1.674708843231201 0.283047 0.295592 0.416743 1.247964
1 -28.61134719848633 0.8298308849334717 -0.8680126667022705 4.225833 1.845004 1.574057 -2.79542
5 -18.06816101074219 5.117586612701416 -1.048384308815002 0.432808 0.206101 1.036907 0.3015532
1 -9.583192825317383 41.69112014770508 -1.360787630081177 1.148866 0.755163 0.773614 -1.20961
1 -7.100086212158203 36.31006240844727 -1.075172305107117 3.8712 1.706592 1.522107 -1.211301
5 -9.422502517700195 -4.351841449737549 -1.606825232505798 0.170567 0.108683 0.314514 1.819501
6 -9.670321464538574 8.425951957702637 -1.124253630638123 1.298125 0.307633 1.197196 -2.497633
5 -1.826246500015259 -8.751299858093262 -1.641246914863586 0.308137 0.312443 0.367351 1.892321
6 -8.343608856201172 9.716585159301758 -1.111059784889221 1.32987 0.285976 1.171358 -2.060451
5 -0.322132796049118 -8.860845565795898 -1.59194540977478 0.206018 0.227053 0.424153 -0.02153801
6 -15.49956798553467 6.260684490203857 -1.364849448204041 1.219348 0.277111 0.686568 -2.844901
3 -36.94260406494141 -4.12722635269165 -0.8895610570907593 2.293457 0.93302 1.045329 0.2999306
1 -22.49606704711914 3.755189895629883 -0.86827152967453 4.529612 1.834784 1.7086 -2.717
6 -8.889643669128418 8.939786911010742 -1.180769324302673 0.220214 0.296883 1.024498 -2.404726
1 -3.761216402053833 23.44348907470703 -0.9226221442222595 4.314605 2.749637 1.555266 -1.443323
1 15.23918437957764 0.3034277260303497 -0.9322410225868225 4.474725 2.029416 1.585453 -1.23486