2 20.38908386230469 7.395463466644287 -0.3472065925598145 2.250169 2.069019 2.660541 1.672158
2 24.6110954284668 7.233870506286621 -0.196198582649231 0.410581 1.508656 1.10596 1.682188
2 27.78762817382813 7.172398567199707 0.2231837958097458 2.259697 0.298693 1.97228 1.905496
2 31.30083084106445 6.468156814575195 0.2037302851676941 0.737421 2.047796 2.585516 1.723916
2 35.45623397827148 6.651465892791748 -0.0369267538189888 1.018719 1.895311 2.649294 1.500531
2 1.279802680015564 8.390483856201172 -0.6527608633041382 4.53884 2.269992 2.357472 2.300978
1 5.961383819580078 -5.808761596679688 -1.025903582572937 4.065189 1.904207 1.489119 -0.01201184
2 -20.3293399810791 -5.917123794555664 -0.4890281558036804 5.800148 2.38328 2.923188 -3.126817
2 27.02218437194824 -16.85840606689453 0.2714479565620422 2.927905 0.930393 2.086236 -1.53248
5 -6.938457489013672 -9.257001876831055 -1.540884375572205 0.237481 0.262426 0.470394 -0.01337116
1 9.876317024230957 -0.8682495951652527 -0.8104487061500549 4.11635 1.839331 1.826176 -0.02802907
4 -23.83612823486328 -16.49704360961914 -0.8891276121139526 2.277329 1.117404 1.518131 -0.1811923
2 9.57724666595459 -4.508724212646484 -0.5860608220100403 1.796917 2.138135 2.355989 -0.3541605
2 -1.493757843971252 -6.950027942657471 -0.6463898420333862 5.607133 2.270667 2.233057 1.952223
2 -2.72648549079895 9.49499225616455 -0.6425947546958923 7.379669 2.526926 2.464162 2.23619
1 17.42222785949707 -10.5710506439209 -0.9342185258865356 2.003049 1.376058 1.200862 -0.2010761
2 -4.190950393676758 6.667133808135986 -0.6530042886734009 2.063194 2.543691 2.382787 -0.9715708
2 31.91655731201172 -5.327402591705322 -0.1920574307441711 5.802494 1.960979 2.862851 0.03428473
5 11.44830703735352 -7.223477840423584 -1.397778987884522 0.200316 0.200739 0.425873 -0.1052793
1 -52.36161422729492 -5.542763710021973 -1.501212477684021 1.508097 0.912979 0.650487 -0.07181717
5 -10.74406814575195 -9.404581069946289 -1.551734685897827 0.262926 0.306652 0.411622 -2.287712
5 3.606389999389648 -9.2741117477417 -1.484541416168213 0.153774 0.20388 0.426687 1.677435
2 32.87009429931641 4.575967788696289 -0.1610480546951294 6.442719 2.189928 2.949395 3.090295
5 -8.744855880737305 -9.323749542236328 -1.513806819915772 0.191707 0.241691 0.394183 -2.287712
2 17.86757469177246 -5.139508247375488 -0.372796893119812 6.110804 1.448718 2.634466 -3.11478
2 39.76411437988281 -4.774002075195313 0.6041593551635742 6.428601 0.533365 1.423394 0.04629001
2 7.730296134948731 9.91768741607666 -0.5398707985877991 6.729095 2.734159 2.488223 1.968684
1 -22.40380859375 -0.3729261159896851 -1.204240441322327 2.636631 2.046121 1.474473 0.02534149
5 0.9838950037956238 -8.418745040893555 -1.605465412139893 0.213905 0.214794 0.341337 -2.834093
2 -39.36678695678711 7.399565696716309 -0.959397554397583 4.877246 1.904973 2.322623 -3.104116
5 3.94639778137207 -11.06815433502197 -1.436699509620667 0.160975 0.176899 0.376196 1.890028
5 3.437140226364136 -7.535507678985596 -1.477959394454956 0.188481 0.253243 0.380251 1.648775
1 9.91348648071289 3.129196643829346 -0.9358630180358887 4.100394 2.02879 1.654635 3.075165
1 -32.18332672119141 7.199239730834961 -1.388868570327759 4.085047 1.870196 1.520819 0.03747702
1 -12.94902801513672 7.776749134063721 -1.080986738204956 4.000472 1.884025 1.635322 -3.082145
2 -26.72418975830078 -5.056955337524414 -0.5368706583976746 6.196798 0.944175 2.786479 -0.00435487
2 -21.1541862487793 7.866184711456299 -0.4433860778808594 6.25666 2.430883 2.996077 0.03747702
2 38.87652206420898 -2.819851160049439 0.6829600930213928 4.432171 2.286823 1.579252 0.03428473
5 -13.68555736541748 -8.962687492370605 -1.659118890762329 0.234092 0.181317 0.331059 1.276653
2 14.50704097747803 7.735478401184082 -0.4980236887931824 6.225003 1.984946 2.653936 0.03570953
1 -7.066061496734619 2.904329299926758 -1.071814060211182 4.118281 1.770571 1.481057 -3.098185
6 46.99134826660156 -1.891038179397583 0.6972239017486572 0.374528 0.360388 1.78369 0.06722916
5 -12.63318538665772 -9.507347106933594 -1.606382608413696 0.154391 0.16043 0.324372 3.01864
2 51.91011428833008 4.85727071762085 0.02601821906864643 1.072144 0.450373 2.640425 0.07151635