6 -45.61254119873047 -4.212158679962158 -0.4017463326454163 0.1974 0.719041 0.071251 0.07425272
4 -13.32202911376953 -5.580629825592041 -1.38196063041687 1.502647 0.432566 0.902937 -2.084286
6 -7.617393970489502 -5.497552871704102 -1.124679088592529 1.118463 0.82315 1.498928 -2.890363
5 -38.08189392089844 14.53774642944336 -1.535686135292053 0.365843 0.168099 0.55509 0.007038607
1 24.88958358764648 -4.869812488555908 -1.227427959442139 4.13412 1.618396 1.400206 0.0
4 11.42715835571289 -5.221632480621338 -1.238375425338745 1.527343 0.496479 0.982644 -1.558052
4 18.31106948852539 -4.931800842285156 -1.303333401679993 1.569277 0.620292 1.021244 -1.634372
6 20.9009895324707 -4.63740873336792 -1.044604778289795 0.263151 0.184227 0.175234 -1.590276
3 -24.79357528686523 21.96237754821777 -0.1910181194543839 0.530115 0.648107 1.143683 3.141592
3 -0.6605137586593628 -27.50174903869629 -0.3220133483409882 0.212997 0.320953 0.781752 3.088266
3 -24.27889251708984 23.38177108764648 -0.1185551434755325 0.431755 0.367458 0.622487 3.141592
3 -24.45991897583008 28.44155120849609 0.1619788408279419 0.502758 0.18497 0.474368 3.13524
6 10.88613796234131 -5.024857044219971 -1.17373788356781 0.889567 0.548054 0.493245 -1.494001
4 17.66486740112305 -5.208452224731445 -1.385543346405029 1.326342 0.478705 0.980287 -1.697438
4 12.0192985534668 -5.166588306427002 -1.336096525192261 1.352497 0.462697 0.939299 -1.603065
1 -41.90886306762695 -2.797205448150635 -1.237200260162354 2.199751 0.527639 0.730493 1.6983
4 9.738122940063477 -4.947863578796387 -1.301830768585205 1.350024 0.482206 1.076126 -1.347583
6 -5.032250881195068 -5.569209575653076 -1.59429395198822 1.123022 0.980457 0.428282 -2.858771
4 16.2021369934082 -4.876777172088623 -1.189730882644653 1.678929 0.431544 1.209988 -1.690077
1 5.637623310089111 -5.153060436248779 -0.9205489754676819 4.391429 2.139943 1.746027 0.04274164
1 58.75358963012695 -5.025414943695068 -1.290227890014648 0.901033 1.600044 1.527893 -0.007567975
1 -15.18398857116699 8.70014476776123 -1.00847852230072 4.30648 1.952746 1.676181 -3.129922
6 -15.85973167419434 -5.624544143676758 -1.414758443832398 1.114178 1.021586 0.762021 -3.020357
4 20.12255477905273 -4.842812538146973 -1.218432307243347 1.959142 0.690729 1.399877 -1.70963
4 -11.43239116668701 -5.615438938140869 -1.390474438667297 1.454932 0.398845 0.882259 -2.084286
4 57.1539192199707 -3.131518363952637 -1.38635516166687 2.344378 0.543207 1.186118 -2.694716
4 -21.03377723693848 -5.121878147125244 -1.317877650260925 1.386523 0.579275 1.060221 -1.179808
4 -10.55983829498291 -5.71033525466919 -1.373246192932129 1.518971 0.571084 0.86099 -2.152307
4 12.53109073638916 -5.203745841979981 -1.348298311233521 1.353552 0.424366 1.047786 -1.667287
6 -36.63675689697266 -2.967481374740601 -1.288939952850342 0.906827 0.790357 0.778065 -0.000721974
4 13.66944408416748 -5.26136589050293 -1.350727319717407 1.484515 0.58335 1.050141 -1.695884
4 10.3156852722168 -5.10245418548584 -1.274495959281921 2.083964 0.650747 1.12531 -1.428992
4 1.755212664604187 -5.216331005096436 -1.261191129684448 2.149686 0.561252 1.078135 -1.853513
3 -0.7812869548797607 -20.91499328613281 -0.2420741021633148 0.566124 0.407439 0.924894 -3.133285
1 -28.44958114624023 -4.32633638381958 -0.977360188961029 4.954611 1.750792 1.71426 -0.5659012
4 14.86883163452148 -4.820322513580322 -1.314548134803772 1.199516 0.503097 1.025803 -1.644445
5 -39.52914810180664 14.53249454498291 -1.499641299247742 0.25152 0.373266 0.379779 0.007038607
4 -23.15752792358398 -5.458189964294434 -1.443302392959595 1.283026 0.552045 0.882112 -1.029088
6 -13.82369518280029 -5.232484817504883 -1.515713691711426 0.508751 0.567076 0.340921 -2.084286
6 -24.73247909545898 -5.050642490386963 -1.596298575401306 0.824655 0.324763 0.408657 0.02382142
6 -17.68645477294922 -5.461380004882813 -1.107608079910278 2.370552 1.01359 1.420172 3.122335
4 14.27596569061279 -4.862377166748047 -1.308328628540039 1.063567 0.546815 1.085951 -1.648293
3 -24.28791618347168 27.40632820129395 -0.0662151500582695 0.37673 0.390382 0.508013 3.141592
1 -35.58478164672852 6.685765266418457 -1.202765464782715 3.811389 1.748555 1.608401 3.128509
4 -0.1472195684909821 -5.437195777893066 -1.26365852355957 1.722936 0.414733 1.111193 -1.373419
4 13.06863498687744 -5.373242378234863 -1.289756536483765 1.431457 0.561489 0.972354 -1.739832
4 21.64753723144531 -4.793784141540527 -1.294438123703003 1.688759 0.519456 1.203342 -1.575667
4 -12.38882637023926 -5.435935974121094 -1.389348268508911 1.429983 0.560643 0.8788 -2.084286
4 19.05110359191895 -4.834056377410889 -1.327094554901123 1.360376 0.595346 1.013539 -1.602616
4 -8.92835521697998 -5.480248928070068 -1.28547215461731 1.714693 0.29752 1.077543 -2.114987
1 -45.47557830810547 -0.7238380312919617 -0.9453505873680115 1.959681 1.066513 1.140174 0.02779579
4 -9.865309715270996 -5.793096542358398 -1.376574754714966 1.573532 0.640881 0.861201 -2.152307
4 9.228201866149902 -4.977735996246338 -1.230393052101135 1.541005 0.541275 1.212033 -1.325109
3 -19.00659370422363 -4.928803443908691 -1.263302803039551 0.396841 0.607194 1.159119 3.118229
6 -6.399935245513916 -5.46555757522583 -1.086828947067261 1.223905 0.888664 1.444354 -2.8481
6 -41.16573715209961 10.03995895385742 -1.380026340484619 1.305248 1.636747 0.612181 0.007038607