1 -43.79400253295898 -0.7677464485168457 -1.412542581558228 0.879695 1.685637 0.562743 0.02932175
1 -35.32341384887695 13.40044689178467 -1.794408321380615 3.741528 1.643371 1.027939 -3.134871
4 34.71023178100586 -8.213703155517578 -0.9950896501541138 1.255336 0.652139 1.555834 -0.02850852
3 22.00856018066406 31.9078311920166 -1.64181399345398 0.562779 0.904095 0.767446 0.3731902
1 25.33501243591309 47.33550262451172 -2.307135105133057 4.28575 1.746688 1.681589 1.62185
1 -53.76229858398438 -4.293909072875977 -1.153810381889343 2.358542 1.720474 1.352578 0.02932175
6 26.2300968170166 32.44146347045898 -2.284543514251709 1.986929 0.668537 0.41746 2.252624
3 -15.10071659088135 25.19618034362793 -1.476893424987793 0.373817 0.490285 1.270875 2.166162
1 8.783514022827148 -3.478248119354248 -0.9208592176437378 4.429292 1.994092 1.740418 0.01018236
1 -8.110301971435547 15.9204626083374 -1.119964122772217 3.666564 1.603126 0.853526 -3.117147
1 10.34054660797119 16.19494438171387 -1.705634236335754 4.949527 1.659567 1.385635 -3.102753
1 20.68194389343262 -16.49258995056152 -0.7573354244232178 4.442431 1.703653 1.694248 1.441634
1 -5.409543991088867 -3.022461891174316 -0.8259769678115845 4.732923 2.005752 1.8862 0.01381627
1 33.78437805175781 -3.011022806167603 -1.341625213623047 3.722213 1.662197 1.091591 0.09574919
1 15.35576725006104 37.03278732299805 -2.53440260887146 4.22733 1.711488 0.707501 -1.587267
1 25.322509765625 37.50453948974609 -2.142224311828613 4.497467 0.246346 0.702881 1.563388
6 -11.17002201080322 -8.16101360321045 -0.4175905287265778 0.31709 0.413247 0.273203 0.03434173
1 -5.634620189666748 12.42128086090088 -1.493757724761963 4.752848 1.949941 1.443016 -3.117147
1 -17.84028434753418 18.20071792602539 -1.972320199012756 4.172119 1.826109 1.095634 -3.137521
2 -55.47810745239258 -8.488585472106934 -0.2125880867242813 5.076765 2.730181 3.022254 0.02932175