2 8.531431198120117 5.145998001098633 -0.5810709595680237 1.619686 2.415529 2.388953 1.74731
2 -35.00680923461914 4.09911060333252 -0.6512752771377563 5.41644 0.735046 2.947211 3.135304
2 -10.33775043487549 -4.942130565643311 -0.4396266043186188 0.326339 1.188552 2.14362 -1.489199
2 24.04966545104981 6.897294044494629 -0.3714034557342529 3.741634 0.872074 2.653023 0.1966722
2 -15.04023361206055 6.738696575164795 -0.4745270311832428 4.479594 2.417027 2.548712 -1.568904
6 7.973471164703369 -2.309764385223389 -0.1463349014520645 0.923149 0.477841 0.259462 -0.002267372
2 22.99615097045898 -3.853953361511231 -0.6330487132072449 5.299182 1.822078 1.955052 3.141592
1 35.20264053344727 1.403227806091309 -0.9278261661529541 2.353425 0.265497 1.391209 0.1339819
2 4.367513656616211 -3.121145486831665 -0.6627476215362549 6.050517 2.916965 2.300584 -0.02847371
1 12.85346412658691 5.457086086273193 -0.9967326521873474 4.837248 1.199674 1.454119 -3.08285
2 42.42941665649414 -6.068562030792236 0.7614859938621521 0.209006 1.06442 0.832992 0.04742255
2 -1.832614302635193 -3.438399314880371 -0.6966602206230164 5.974364 2.369104 2.239507 -0.008304944
2 -26.30546569824219 4.866221427917481 -0.04435093700885773 6.040247 2.579879 2.526129 0.01667109
2 40.04154586791992 -6.343384265899658 0.6165724396705627 1.773805 1.352751 1.04622 1.472778
2 -22.07099151611328 -9.273200988769531 -0.2794048488140106 0.260163 1.851702 2.624382 0.25089
1 14.91287326812744 -3.444936037063599 -0.9928982257843018 4.197231 1.586552 1.500937 0.06326307
2 32.21110534667969 -6.534198760986328 0.5456039309501648 1.767128 0.429767 0.865088 0.1062258
2 27.53263473510742 -3.030477285385132 -0.009988903068006039 1.800922 1.432693 2.401412 -3.117427
1 -19.28722381591797 4.903391361236572 -1.241203308105469 2.791191 1.420793 1.462948 1.360033e-16
2 37.43513870239258 -6.186861038208008 0.3917330801486969 1.368595 1.997277 1.495898 3.140151
6 -61.69248580932617 3.551176071166992 -0.2645569741725922 0.90525 0.274691 1.537811 -1.403337
2 5.647357940673828 6.333371162414551 -0.6009579300880432 4.229714 2.310844 2.304561 1.731632
2 -49.72330474853516 -4.805772304534912 -0.6241829991340637 0.50256 1.41012 2.156062 -3.07273
2 -13.33095169067383 -4.070380687713623 -0.4988027513027191 4.534853 2.04086 2.539511 -2.741977
2 19.71233749389648 3.880433797836304 -0.336821049451828 6.460254 2.343063 2.684737 3.141592
2 -17.65305328369141 -2.795644998550415 -0.5267943739891052 2.458979 1.670034 2.655639 -2.96635
2 -42.83413314819336 3.756126403808594 -0.6383864283561707 5.997196 1.370648 3.113268 0.05679403
1 -10.70957183837891 0.09550081938505173 -1.038846254348755 3.807439 2.106839 1.630894 1.748456e-07
2 -2.65637469291687 6.574928283691406 -0.6508023142814636 6.329803 2.245752 2.348217 1.036713
2 34.08076095581055 3.680145502090454 -0.1068704053759575 1.62815 1.502202 2.919708 0.2148208
1 8.999611854553223 -0.6109870076179504 -0.9918641448020935 3.197856 1.755006 1.480212 0.0
2 -29.86068725585938 -2.686103820800781 -1.455008745193481 2.342673 1.657361 1.566373 0.1405008
6 -67.69938659667969 2.97001576423645 -0.7855119109153748 0.764664 0.367384 1.848716 -1.403337
2 -7.931267261505127 5.57361650466919 -0.6333617568016052 2.323055 2.26663 2.436224 -1.690198
6 27.42569732666016 7.726570129394531 0.9162804484367371 0.169161 0.6689 0.505049 0.1782086
2 17.96223449707031 6.769415378570557 -0.3089570999145508 2.585966 2.721968 2.442341 1.676749
6 -48.26924896240234 4.26449728012085 0.6324365735054016 1.66238 0.068006 0.020665 -1.568904
2 26.79717826843262 -6.63043212890625 0.1983590871095657 1.984083 1.676858 1.711422 1.523831e-16
1 2.170856952667236 -7.452543258666992 -0.4549446105957031 1.683774 1.251341 0.915555 -1.616516
1 -12.09573173522949 5.700068473815918 -1.002801299095154 2.404285 1.741629 1.751535 -1.568904
2 2.281641244888306 7.886573314666748 -0.5828909277915955 6.472984 2.423111 2.371634 -1.579543
2 16.2112979888916 -5.011185646057129 0.08079802989959717 2.197153 0.385736 1.517137 0.0
1 -13.04246330261231 2.331797361373901 -1.093788266181946 3.981568 1.814654 1.563164 3.141592
2 23.23732376098633 -0.2885296642780304 -0.2868877351284027 6.800599 2.370018 2.661066 0.1246158