2 27.73239517211914 -2.625593662261963 -0.3039611279964447 5.933238 0.526445 2.51597 -0.02474457
2 -7.927608966827393 4.784248352050781 -0.6079933047294617 1.670233 2.469791 2.360771 1.742644
2 37.39381408691406 3.634094715118408 -0.4779245257377625 1.920745 0.935811 3.04814 0.02645401
2 -11.35897445678711 -7.223462104797363 -0.3073636889457703 0.518786 2.366892 0.654792 -1.66617
2 -40.06658554077148 5.07377290725708 -0.2599067986011505 5.999115 2.432054 2.992515 0.05855979
1 1.199867963790894 -3.923944711685181 -1.038284301757813 4.500834 1.880492 1.572473 0.05621164
2 23.4120979309082 -7.613883972167969 -0.3400534093379974 1.659831 1.391881 2.203831 1.664278
1 7.308504581451416 -7.386836051940918 -1.212578058242798 2.548338 1.665887 1.470914 -1.512926
2 51.87558364868164 -3.230931997299194 -0.4420929551124573 4.925993 1.253478 2.952088 0.2073516
2 18.42373085021973 -7.58142614364624 -0.1603048294782639 1.241876 2.196175 2.122879 -1.571218
2 2.242471933364868 -8.278594017028809 -0.4434462487697601 6.36127 2.594103 1.97461 -1.559585
1 -9.001015663146973 -5.748269081115723 -0.9998968243598938 1.614866 1.286723 1.691337 -3.132746
3 10.52111434936523 -11.3957986831665 -0.5174202919006348 0.595561 0.412386 0.63757 -1.266402
2 15.54794502258301 -3.150670528411865 -0.515752911567688 6.211611 2.410555 2.73555 -3.113042
1 4.949606895446777 -6.735090732574463 -1.159725069999695 2.117568 1.76411 1.546926 -1.623498
2 -46.82769775390625 4.369203567504883 -0.3634716272354126 0.551509 1.223005 2.844937 -1.545563
2 -33.98336029052734 6.064925193786621 0.5236966609954834 1.253963 1.783363 1.727013 -1.538889
1 -2.768976211547852 -6.931699752807617 -1.030443906784058 4.753956 2.011239 1.793061 1.616246
2 8.962543487548828 -4.427571773529053 -0.8567731976509094 5.499677 1.908007 2.074965 3.135535
1 9.81546688079834 -8.186430931091309 -1.244863390922546 2.502142 1.703027 1.508582 -1.535375
2 26.60473251342773 6.422816753387451 -0.5729519724845886 0.847762 2.042075 2.898054 -1.43184
1 -32.73638534545898 4.690963268280029 -1.069021701812744 2.001776 1.007118 1.433953 0.02315153
2 -31.21198272705078 -2.312018394470215 -0.05356317758560181 1.791017 1.327043 2.9557 -2.967457
2 -16.88021850585938 -2.599363565444946 -0.4485805630683899 4.503857 0.484267 2.616047 -0.05487362
1 44.22882843017578 2.398406028747559 -1.238445401191711 3.584376 1.884399 1.755105 0.1134999
2 12.83159637451172 -9.360535621643066 -0.05635454505681992 5.964524 2.148362 1.736376 -1.579898
2 -11.65062522888184 5.01791524887085 -0.4725414514541626 0.880984 2.158583 2.181896 -1.553752
2 29.34183883666992 -0.3521178960800171 -0.4025384485721588 3.54638 2.431592 3.13881 -0.1241615
2 17.33098983764648 4.399921894073486 -0.8938817977905273 0.275041 1.049998 1.356356 -1.350827
2 -28.83086013793945 5.213362216949463 -0.3572668433189392 1.161789 2.457591 2.217504 -1.624465
2 -55.97445678710938 4.346811294555664 -0.3566574156284332 4.755118 1.238976 2.534272 0.08370152
2 -5.580758571624756 -7.438180446624756 -0.6574167013168335 6.212025 2.461428 2.441442 -1.653229
2 -9.453241348266602 -3.057491779327393 -0.5787909626960754 6.192595 2.255595 2.46508 -0.03694757
1 14.64843082427979 -18.99138259887695 -0.8008604049682617 3.952749 1.642986 1.362004 0.1597148
1 -11.54830265045166 0.03128232061862946 -0.9519926309585571 3.458156 2.067726 1.601946 0.005830477
2 -5.633728981018066 7.111759662628174 -0.589169442653656 6.410009 2.579915 2.39689 1.740372
2 3.734886407852173 8.014575004577637 -0.6155933737754822 6.13672 2.279225 2.427502 1.672593
2 19.55968856811523 3.331149578094482 -0.4978465139865875 2.367563 2.20457 2.773952 0.1106178
1 12.52436923980713 -0.4601200222969055 -1.10455584526062 3.569714 1.79463 1.464761 0.09140998
2 45.66046905517578 3.815297603607178 -0.5667703747749329 4.640486 0.408167 2.818719 0.06417748
2 -26.15255355834961 -2.997404336929321 -0.2331594079732895 1.639178 1.113863 2.846125 -2.821399
2 -16.93918037414551 5.508116245269775 -0.4599712491035461 4.079939 1.962758 2.589018 1.014635
2 31.34183502197266 3.448542594909668 -0.3441490232944489 1.56981 0.454364 2.216445 0.06118464
1 -25.63578033447266 4.797675132751465 -1.176796913146973 1.038532 0.320115 0.700959 -2.7995
2 5.939426422119141 3.374577045440674 -0.6186324954032898 6.469041 2.533147 2.38339 3.119481
1 -0.3682713806629181 -7.165188789367676 -1.045238494873047 3.814885 2.085924 1.694667 1.605351
1 -4.67534065246582 -13.53364181518555 -1.065989375114441 3.703307 1.862162 1.537188 -0.06730729
1 -0.9418858289718628 5.377739429473877 -1.059220671653748 4.879652 1.902687 1.487797 -3.094275