2 36.20364379882813 7.005496025085449 -0.3960335850715637 1.064301 1.144869 2.657712 0.6789632
2 32.33682250976563 7.02803373336792 0.3781355917453766 0.27546 1.303963 1.260267 0.6242044
5 -3.74107551574707 -9.198760986328125 -1.59606397151947 0.222989 0.272822 0.329174 2.401391
5 5.587510585784912 -7.059979438781738 -1.620835304260254 0.244506 0.213514 0.337367 3.119297
2 -5.352359294891357 7.722124099731445 -0.7247903347015381 5.330283 2.329402 2.376857 0.04701778
5 -4.310701847076416 -8.50299072265625 -1.550881028175354 0.232128 0.293222 0.38143 -0.7508319
1 1.485986351966858 7.338969230651856 -1.096374750137329 4.420154 1.806345 1.528653 0.04342816
1 48.30514144897461 3.40731954574585 -1.611265063285828 0.950279 1.457953 0.669198 -3.121313
5 -1.587864995002747 -10.54680824279785 -1.516856074333191 0.280488 0.359359 0.638594 -0.1015621
2 44.91462707519531 -4.653733253479004 -0.4027581512928009 4.24328 2.34397 2.867693 -0.3729608
1 20.52508735656738 7.987998962402344 -1.146765232086182 4.318953 1.81915 1.600357 -3.098514
1 10.2892017364502 -16.28300094604492 -0.6926029920578003 2.509185 1.289869 1.640404 -0.2119908
5 -3.077979564666748 -10.32717418670654 -1.648787140846252 0.299601 0.358895 0.363129 0.8846179
5 -4.93394660949707 -7.928515911102295 -1.525169610977173 0.276471 0.208155 0.41176 0.9572527
1 17.59988975524902 0.1777064651250839 -0.9572988152503967 4.17254 1.85611 1.740283 0.02176713
5 2.233973503112793 -9.143906593322754 -1.433476328849793 0.245005 0.366782 0.601435 0.6186433
1 -19.71640777587891 -5.561642169952393 -1.059221625328064 4.411591 1.82076 1.507041 0.003221034
2 48.32567977905273 7.590925216674805 -0.5660828948020935 5.647869 1.318416 2.677044 -0.005391994
1 -34.47868347167969 -1.040657639503479 -1.278992772102356 1.789204 2.131862 1.205446 -0.003696703
2 56.05686950683594 7.595644474029541 -0.4826728999614716 5.121816 1.691974 2.514967 0.09730902
2 28.54569053649902 8.736407279968262 -0.5264797806739807 5.928955 2.27564 2.877185 -0.9853397
2 7.075639247894287 -5.552502155303955 -0.6287184357643127 5.880502 2.425901 2.44499 -0.01286029
2 42.33330154418945 7.270151138305664 -0.5086541771888733 0.730625 0.936798 2.350044 0.4327993
5 -5.643362045288086 -7.448483467102051 -1.522658824920654 0.238238 0.386805 0.421736 2.665582
2 32.51654052734375 -6.376029491424561 -0.7093788981437683 4.762292 2.272436 2.437108 1.923542
5 2.982625007629395 -8.315299987792969 -1.421542882919312 0.335183 0.296174 0.726818 -2.848719
2 13.55698204040527 -5.243095874786377 -0.5110030770301819 6.118208 1.787956 2.704557 -3.111442
5 -0.1973360180854797 -10.43064498901367 -1.470484614372253 0.277684 0.266543 0.570394 -1.577334
5 -6.548346042633057 -7.135571002960205 -1.494674563407898 0.267606 0.215713 0.435847 -3.133801
2 12.83988380432129 8.271429061889648 -0.5564417243003845 5.951285 2.752295 2.728493 0.030268
5 1.329271793365479 -10.59304332733154 -1.519874095916748 0.384076 0.340295 0.600497 3.086543