1 -53.98931503295898 -4.292150974273682 -1.496925473213196 0.776075 1.626099 0.638032 0.07362931
4 -6.911307334899902 -8.055404663085938 -1.017806053161621 1.793998 0.933101 1.531334 -0.02012547
1 31.66146087646484 47.39044189453125 -2.123264789581299 4.41905 1.700829 1.750126 1.635425
1 -5.859683990478516 -2.973716497421265 -0.8831765055656433 4.686717 2.057739 1.787136 -0.02012547
1 -43.33835601806641 -0.7694653868675232 -1.649815559387207 0.810924 1.558787 0.625094 0.1099067
4 37.66527938842773 -8.256885528564453 -0.9430018663406372 0.878801 0.681223 1.255836 0.3569855
1 33.4575080871582 -3.145260334014893 -1.260344862937927 3.945046 1.816721 1.194541 -0.02012547
1 8.14547348022461 -3.509441137313843 -0.9067354202270508 4.396538 2.018813 1.733307 -0.01590374
3 -9.121929168701172 25.26768493652344 -1.108217358589172 0.445499 0.602594 0.728601 -3.031648
1 43.67188262939453 25.08932304382324 -2.058181285858154 1.518411 1.135089 0.733504 2.485097
2 -49.44178771972656 -8.313605308532715 -0.4684244692325592 5.62821 2.657977 3.315704 -0.01813889
1 -34.37933349609375 15.79317569732666 -1.94019365310669 2.080579 0.70037 0.768651 -3.12637
1 32.12383651733398 33.28596878051758 -1.892116785049439 3.915962 0.778982 0.789688 -1.360416
1 22.7790584564209 16.39909172058106 -1.595136404037476 4.717309 2.025392 1.477412 3.132459
1 31.50541496276856 41.15874099731445 -2.37492561340332 3.572867 0.651612 0.745968 1.496712
1 26.65645217895508 -18.39058685302734 -1.125233888626099 4.024831 1.91645 0.986742 1.509801
1 -7.651660919189453 18.60411643981934 -1.745958566665649 4.163472 1.715024 1.351923 -3.097677
1 7.153510570526123 12.48667335510254 -1.435748100280762 4.75255 1.752376 1.484967 -3.133954
1 2.724620342254639 15.95931148529053 -1.457975029945374 5.0413 2.036721 1.808142 3.129674
1 -22.20388984680176 13.42304229736328 -1.569205641746521 2.439557 1.682793 1.439459 -3.129818
1 36.37702178955078 12.10350799560547 -1.636530041694641 2.223428 0.230364 0.748406 -3.109402