2 -9.709661483764648 -2.639460325241089 -0.5626539587974548 6.249333 0.594024 2.457141 -0.04460497
2 15.22758769989014 -4.345633506774902 -0.9167240858078003 5.516846 1.899618 2.161839 -3.132925
1 -58.84406661987305 1.549138307571411 -0.9814877510070801 1.184174 1.381834 0.871194 3.118935
1 5.82179069519043 -7.243536472320557 -1.048450946807861 4.35496 1.972137 1.650603 1.582616
2 12.1524248123169 3.420979976654053 -0.5676286220550537 6.45723 2.426579 2.657825 3.134121
2 21.96924018859863 -3.175854206085205 -0.4508377909660339 6.394416 2.475394 3.063368 -3.098768
2 -49.94545745849609 4.362724304199219 -0.3130328357219696 5.207242 1.495002 2.856488 -0.02856095
2 0.7190772891044617 -6.647125720977783 -0.6726199984550476 4.90567 2.148376 2.454551 -1.627183
2 15.40167045593262 6.566217422485352 0.03785638883709908 0.550892 1.357699 1.548122 1.622216
2 -20.20000457763672 -3.280521154403687 -0.3419748544692993 2.496905 1.590424 2.46541 -2.790439
2 29.84568977355957 -0.08697536587715149 -0.3981641829013825 1.815584 2.312931 2.996485 -0.04500157
2 59.38671493530273 -3.035435914993286 -0.8006898760795593 7.388371 0.825109 2.639337 0.1072525
2 -35.54618072509766 4.937536716461182 -0.0004195822402834892 9.553205 2.451491 3.256122 0.06773133
2 -3.244685649871826 -3.283338785171509 -0.6539232134819031 6.088411 2.650541 2.230058 -0.04648113
2 19.12724685668945 -8.613791465759277 -0.0821797326207161 4.583046 2.029211 2.205581 -1.580135
2 -10.25117301940918 6.216328620910645 -0.5798617005348206 5.692294 1.958493 2.500298 1.007907
2 55.76961517333984 2.677541971206665 -1.239481925964356 2.545643 1.355224 1.424682 3.120377
2 29.90241241455078 -7.042484760284424 -0.2037057429552078 2.060882 2.234556 1.502714 1.604618
2 -2.574210405349731 -7.980299949645996 -0.5770944356918335 1.391495 1.666549 1.192598 -0.1074918
2 25.80236625671387 3.235738754272461 -0.5058532357215881 1.874606 2.104424 2.945281 -0.04500157
2 -15.73209476470947 4.652486324310303 -0.8023669123649597 0.405409 2.548739 1.227465 1.516863
1 -0.5459916591644287 -13.2668399810791 -1.210854530334473 1.130759 0.934952 1.148668 -1.454695
1 -27.40272903442383 4.889772415161133 -0.9852505326271057 3.883285 1.381575 1.36353 0.006718269
1 5.139400005340576 5.517782688140869 -1.163125157356262 4.801484 2.024294 1.524061 -3.100637
2 10.14616107940674 8.068024635314941 -0.5836774110794067 6.075892 2.457273 2.612624 1.667864
2 -22.64838409423828 5.751055240631104 -0.2409156709909439 2.199821 2.516532 2.521928 -1.556057
2 24.64493942260742 -7.334228515625 0.01761677861213684 0.786312 2.147826 1.596328 -1.569622
1 -43.11258697509766 4.412598133087158 -0.6728178858757019 4.298197 0.434393 1.701906 0.04577933
2 32.98212432861328 -2.482235193252564 -0.4496945142745972 7.526974 0.428257 2.417122 0.01213063
1 -9.119148254394531 0.1361418068408966 -0.9374247193336487 3.766924 2.105175 1.719704 0.008667707
1 7.258433341979981 -3.886627674102783 -1.111329793930054 4.179311 1.849077 1.556088 0.04035011
2 43.47128677368164 3.409777164459229 -0.7041773200035095 1.464632 0.647244 2.736297 -0.08843929
2 -4.549194812774658 -15.9119987487793 0.005714289844036102 1.759373 0.88607 0.851118 2.752052
6 25.80676460266113 -5.913925170898438 -0.777305006980896 0.813186 0.266976 0.332394 0.2063256
1 -19.37871360778809 5.08571720123291 -1.222697615623474 1.184359 0.999594 1.013704 3.109429
6 13.57954597473145 -6.761201858520508 -0.765379786491394 1.149494 1.287187 0.321068 1.607685
2 0.6977435946464539 6.947963714599609 -0.6504113078117371 5.971306 2.449613 2.348145 1.730253
1 16.51002883911133 -7.825211048126221 -0.9367278218269348 3.473541 1.925256 0.696969 1.643803
6 34.82521820068359 -8.281049728393555 0.69492506980896 2.170781 0.092323 0.317072 -1.497904
2 -3.275646209716797 -12.50938129425049 -0.3434487283229828 1.230658 0.539353 1.472031 0.05181248
2 8.496927261352539 -8.07917594909668 -0.254606306552887 5.825771 2.295649 1.887564 -1.600719
1 3.449284076690674 -5.859335899353027 -1.189794540405273 2.707809 1.819211 1.362929 1.683862
2 -1.747950792312622 5.015836715698242 -0.6990661025047302 2.498161 2.619721 2.21119 1.75656
2 -25.31014060974121 -2.424573659896851 -0.2313647717237473 2.502246 1.357538 2.711177 -2.980599
1 12.41648197174072 -0.7796642780303955 -1.140759706497192 4.131262 1.699672 1.49635 0.1263851
6 -36.19341278076172 -2.421781301498413 -1.488306760787964 3.280813 0.568538 0.457916 -3.096928
2 -5.154282569885254 5.879267692565918 -0.6594858765602112 2.644515 2.376642 2.328366 -1.636403
6 -57.29494094848633 -3.69832181930542 0.1361868530511856 0.281358 0.689491 2.159179 0.04051647
2 31.90133476257324 -7.36808443069458 0.2067490220069885 0.873144 0.226986 1.232807 1.643689