2 -0.398942232131958 5.208783149719238 -0.6662114262580872 1.949266 2.515867 2.248707 -1.594933
2 -11.50813484191895 4.678174495697022 -0.5227505564689636 6.244366 2.228689 2.535939 0.02145577
6 48.19541549682617 2.828928470611572 0.03812425956130028 0.325703 0.857189 1.836136 3.102
2 -11.58452606201172 -3.40074348449707 -0.4877059459686279 6.184317 1.755265 2.449728 0.05607527
2 42.08560180664063 -3.481744050979614 -0.6503555774688721 2.092478 1.266506 3.01429 3.06457
6 -38.68901824951172 -7.409852504730225 -1.326272487640381 1.051847 1.049971 0.769802 1.741173
2 20.51491546630859 4.871917724609375 -0.4139740169048309 1.907319 2.407023 2.77873 1.720428
6 17.12529563903809 4.750695705413818 -0.6375167965888977 0.448098 2.202102 1.878699 -1.495179
2 0.2876612842082977 -4.440777778625488 -0.6001192331314087 6.501473 2.178903 2.00454 -2.777533
1 30.19208908081055 -3.075557947158814 -1.284980416297913 3.076484 0.369604 1.251964 0.08120506
6 9.692635536193848 6.648009300231934 -0.2151717841625214 0.643168 0.673265 0.601292 -0.06560823
2 10.90491580963135 -6.594604969024658 -0.6135334968566895 3.735238 2.249971 2.49708 1.585586
2 11.61753845214844 5.778791904449463 -0.5331916213035583 4.811534 2.033924 2.546332 1.024297
2 22.74663352966309 4.277987003326416 -0.3679452836513519 0.561291 1.169828 2.67632 1.745942
6 37.33055114746094 5.652652740478516 -0.7278467416763306 0.701768 0.593808 1.68865 -0.005749405
6 31.6250114440918 5.301221370697022 -0.1367638111114502 0.575147 0.351235 2.012284 1.671343
2 -42.54999542236328 -8.785568237304688 -0.3850540816783905 4.372827 1.265472 2.224972 -0.0812012
1 23.03914833068848 -0.8458397388458252 -1.127152919769287 2.960547 1.803702 1.409047 -0.007785085
2 38.3598518371582 -3.593570232391357 -0.9229711294174194 3.467124 0.603188 2.033719 0.03228049
2 34.8829231262207 3.546642780303955 -0.4622340202331543 7.258355 2.419266 2.834573 -3.12637
6 45.12987899780273 6.436745643615723 0.1678725779056549 0.447735 0.133869 0.756157 1.652488
1 27.6949634552002 4.72043514251709 -1.352673530578613 2.748642 0.290483 1.036287 -3.037005
1 -17.52880096435547 -3.39174485206604 -1.060930609703064 5.502835 1.163402 1.504641 0.06905714
2 -28.1136531829834 3.860236167907715 -0.4483523666858673 6.003712 1.381779 2.787783 0.07921484
2 -53.24619293212891 3.25895094871521 -0.3511754274368286 0.869851 0.944358 2.260978 -2.992931
2 -37.32489395141602 -5.343505859375 -0.3995737135410309 5.414688 2.305883 2.874726 -3.080663
2 31.3991870880127 -0.9389525055885315 -0.2601197063922882 2.546013 2.445519 2.932481 -0.04949439
1 -5.443776607513428 4.736099243164063 -1.012088656425476 4.402391 1.995197 1.536546 0.004499154
2 -5.02392578125 -3.559085369110107 -0.5534260272979736 6.559274 2.370314 2.13293 -2.959241
6 16.57929801940918 -7.797743797302246 -0.2083004415035248 0.321156 0.525256 0.305357 1.549879
1 2.444593667984009 6.875444412231445 -0.8300570845603943 5.25427 1.958127 1.865241 -1.594933
2 -46.98315811157227 3.823214292526245 0.01466104574501514 0.396587 1.046287 2.140438 -2.9923
6 -48.83710098266602 3.486543893814087 -1.540149807929993 1.426976 0.395105 0.62949 0.1467843
1 -13.88196086883545 -0.03276395797729492 -0.8988819718360901 5.045383 2.165416 1.818286 0.06092989
2 23.08588027954102 -2.08063006401062 -0.8442056775093079 2.872283 0.545625 2.0044 0.02921429
6 -41.72566986083984 3.512760400772095 -1.566876411437988 3.49842 0.476598 0.731765 -0.06113443
2 7.028452873229981 7.343111991882324 -0.5752492547035217 6.352679 2.576293 2.444025 -1.672637
2 18.37548828125 -2.684833526611328 -0.4642881751060486 4.838029 1.383091 2.692561 0.0132077
6 42.40776062011719 6.292961120605469 0.196314737200737 0.702491 0.49178 1.383719 1.556181
2 12.62964248657227 -3.606836318969727 -0.5611987113952637 6.057015 2.236916 2.475871 -0.04902131
2 -36.18500900268555 3.540072441101074 -0.3045947551727295 3.543213 0.46169 3.11947 3.104201
1 23.78395462036133 1.82804799079895 -1.051217794418335 4.061204 1.938219 1.587972 3.107746
2 -20.63249397277832 4.136270046234131 -0.4030898213386536 6.052076 0.81122 2.798411 3.130374
1 40.98653030395508 0.3314893841743469 -1.289376735687256 4.594647 0.525627 1.267077 0.01899926