2 12.10856437683106 6.20711088180542 -0.408035546541214 1.551875 1.406567 2.209897 -1.580979
1 -6.094155788421631 -0.2319727540016174 -0.9351388812065125 3.533906 2.117634 1.692157 -0.01555307
2 17.14557266235352 -1.827635526657105 -0.1630463153123856 1.670598 2.351237 1.9103 -0.184984
1 -16.83144569396973 6.768968105316162 -1.378319621086121 0.735103 1.234744 0.780646 -1.585784
2 59.84466934204102 3.585104942321777 -0.2735877633094788 1.586726 3.52947 1.44013 3.008515
2 51.16682815551758 5.867585182189941 -0.91242915391922 5.817191 1.238976 2.621999 -1.63356
2 -22.42535400390625 7.439553260803223 -0.4609189331531525 2.291798 1.814722 2.947844 1.602001
2 -50.08388519287109 -2.979004144668579 -0.2406798750162125 5.67418 2.038067 2.831559 -0.06904208
2 -18.44570732116699 2.208447694778442 -0.4205511808395386 6.177602 2.53002 2.728265 0.3262881
2 -59.53750228881836 -1.628822922706604 0.1648984700441361 0.442807 1.352117 2.20934 -0.06904208
2 -4.115322113037109 -7.494006156921387 -0.5504739880561829 6.184408 2.535557 2.332196 1.598222
2 -2.615354299545288 4.25505256652832 -0.6978126764297485 6.077735 1.414522 2.31255 -3.136512
1 36.57688522338867 -8.684877395629883 -1.194945335388184 2.70475 1.286098 1.379424 3.136929
2 34.84539413452148 -6.724410533905029 -0.4400115311145783 1.912683 1.709724 2.884611 3.136929
2 -14.10745525360107 -7.402423858642578 0.3161867558956146 0.813662 0.673459 0.8697 1.589138
2 1.911795735359192 12.29885005950928 -0.7392036318778992 1.71389 1.126192 2.787667 -3.138119
2 42.4262580871582 -9.633122444152832 0.07437358051538467 1.228516 1.435743 1.095737 3.136929
2 -13.32931518554688 8.323695182800293 -0.5468570590019226 5.232206 2.574782 2.674387 -1.5353
1 7.488727569580078 -0.8788518309593201 -1.076216816902161 3.269722 2.044128 1.491874 -0.01800134
6 32.23930358886719 13.54762935638428 -2.229830265045166 0.31919 0.514768 0.477616 1.91362
1 38.04084777832031 0.2929024994373322 -1.200416803359985 3.145638 2.014621 1.466856 0.05604845
2 56.93064880371094 3.853134870529175 -0.1408726274967194 1.670682 2.157346 1.137748 -1.790652
2 -25.99587821960449 -4.695716857910156 -0.0872727781534195 6.156244 1.323746 2.593783 0.02801437
2 -1.008868336677551 -7.363853454589844 -0.619979739189148 1.863521 1.235082 2.208305 -1.610025
1 -46.32236862182617 -6.573485851287842 -0.9811116456985474 1.744489 0.611288 1.285643 -0.02533821
1 32.42025756835938 2.816407918930054 -1.521513342857361 4.75431 1.400321 1.105552 2.194375
2 -19.60626220703125 5.158370494842529 -0.4623309373855591 2.008269 1.903064 2.831373 0.1493852
2 9.060591697692871 5.234828948974609 -0.6747778058052063 1.889892 2.298414 2.544594 -1.548365
5 33.33467102050781 6.878830432891846 -1.917887449264526 0.186983 0.13417 0.434894 1.91362
2 2.409821271896362 8.015440940856934 -0.5748765468597412 1.719097 2.205667 2.230062 -3.111966
2 4.428538322448731 5.539375305175781 -0.686001181602478 6.282528 2.529598 2.43257 -3.111966
1 31.7941780090332 -8.353032112121582 -1.161539077758789 3.489775 1.343289 1.622249 -0.00466409
1 -29.90326309204102 -0.2074157446622849 -0.694516122341156 2.218437 1.470888 1.102282 -0.01103881
2 48.28246307373047 0.2896216213703156 -0.1732388883829117 4.450156 2.458577 2.415494 0.07279254
1 -6.801694393157959 -6.548762798309326 -0.7840518951416016 4.287893 1.894881 1.838118 1.52789
6 -38.1884880065918 -5.453564167022705 -1.408173680305481 2.39808 0.80433 0.497068 0.03101959
2 8.011653900146484 -5.154092788696289 -0.5954363942146301 4.460621 2.298429 2.348959 -1.771394
2 -12.39529418945313 -7.360631942749023 0.2770733237266541 1.972443 1.944152 0.951333 1.589138
2 -19.92470741271973 8.0488920211792 -0.5306713581085205 2.896121 2.698275 2.836471 -1.542399
2 13.75388813018799 -4.570651531219482 -0.5115672945976257 5.229299 0.655141 2.515449 -0.1054379
2 2.516937494277954 -4.733900547027588 -0.6262176036834717 5.855106 2.148123 2.202013 -0.07242347
1 -18.93138313293457 -3.739984750747681 -0.9645598530769348 3.885754 1.260696 1.428641 0.01209961
2 -11.1446533203125 -3.838191509246826 -0.485398530960083 6.319601 2.258069 2.426265 0.01636388
2 -9.859752655029297 -7.763946056365967 -0.5073962211608887 4.845849 2.373123 2.312543 1.589138
5 32.22601699829102 11.11151790618897 -2.158083200454712 0.330154 0.196384 0.442515 1.91362
2 -50.78662490844727 -5.973589897155762 -0.1454188376665115 6.278878 1.952878 2.945435 3.107261
5 32.77750396728516 8.775200843811035 -1.922641158103943 0.210783 0.124554 0.447245 1.91362