1 -5.860815048217773 13.44916248321533 -1.93684196472168 0.804693 1.235271 0.644076 -3.141593
6 9.836318016052246 -7.742025375366211 -0.3947795629501343 0.427964 0.359424 0.298365 0.0
2 -25.47684097290039 -7.809841632843018 -0.1122880727052689 7.537172 2.758556 2.530997 0.03624073
1 5.688251972198486 -3.49474048614502 -0.916826069355011 4.2554 2.029965 1.748286 0.000113897
1 -57.12566757202148 -4.689322948455811 -1.360467672348023 0.610398 1.627152 0.512365 0.04756691
4 51.78153228759766 -8.307506561279297 -1.053278684616089 0.555357 0.510641 1.083472 0.006609881
1 32.21819305419922 -3.188949584960938 -1.14504873752594 3.142572 1.738609 1.489909 0.0
1 -40.56125259399414 -0.8249644041061401 -1.531821608543396 0.887176 1.69512 0.612115 -0.02598578
2 -33.4485969543457 -7.567080020904541 -0.875177264213562 3.626375 1.278013 2.003641 0.01438405
1 -44.9388427734375 -8.616876602172852 -1.177604198455811 2.620348 2.199242 1.216502 0.05342083
1 -7.709934234619141 -2.865023612976074 -0.8484626412391663 4.752356 2.051368 1.833526 -8.24767e-17