4 29.5681095123291 15.52856159210205 -1.309686183929443 1.633571 0.731344 1.33747 3.025625
1 25.11527633666992 7.391449928283691 -0.9480185508728027 3.2087 1.84143 0.778793 3.120764
1 6.774702072143555 2.540731430053711 -0.9945008754730225 3.970145 2.031139 1.73709 1.045306
2 -48.52174377441406 18.12240219116211 -0.7950074672698975 6.785137 2.333977 0.661429 3.080795
1 -0.04639577865600586 13.70033073425293 -1.41496741771698 4.279414 1.246471 1.528223 3.084906
1 -37.69515991210938 21.20479393005371 -1.768674254417419 1.194372 1.637999 0.872589 3.070616
6 0.533277153968811 17.91434860229492 -0.8610867857933044 0.297638 0.178936 0.275694 2.967455
1 -5.812693595886231 11.21739768981934 -0.7139469385147095 3.267353 1.63689 0.95295 3.030359
1 46.92889404296875 9.508007049560547 -1.111342072486877 3.697456 1.700602 1.433053 3.042302
6 -50.56841659545898 22.71846389770508 -1.393898129463196 0.242746 1.548575 0.358857 3.08145
3 54.71044158935547 17.61018943786621 -0.5275521278381348 0.232444 0.467901 0.785494 3.018062