1 -20.00344276428223 -4.519817352294922 -0.9622192978858948 4.460449 1.824936 1.876576 -0.5748258
6 -33.05523300170898 10.08616924285889 -1.262909054756165 1.458916 1.239458 0.922486 0.004567537
4 23.05932807922363 -4.604158401489258 -1.389943361282349 1.046543 0.338246 0.876101 -1.597156
4 -1.597271800041199 -5.671399593353272 -1.295697927474976 1.592296 0.650243 1.071635 -2.364217
4 9.98978042602539 -5.200366497039795 -1.308641910552979 2.160562 0.805489 1.08426 -1.877963
1 -59.68297576904297 -4.399146556854248 -0.8445701599121094 3.727061 0.878912 1.967668 -0.1564332
5 -22.43478393554688 14.52495670318604 -1.414821267127991 0.313922 0.375621 0.165747 -0.002009895
1 -7.162551403045654 8.606328010559082 -1.006067395210266 4.381425 1.843939 1.681636 -3.122399
4 17.42683792114258 -4.375566482543945 -1.417477488517761 0.471848 0.672962 0.804376 -1.42891
4 -2.38494610786438 -5.595956802368164 -1.269145727157593 1.494501 0.636304 1.145895 -2.323832
6 -9.349313735961914 -5.463070392608643 -1.14044189453125 2.14364 0.993354 1.432861 -0.03697667
1 -36.75870895385742 -0.878012478351593 -1.455239653587341 1.037264 1.782925 0.736729 0.07080952
4 24.45923233032227 -4.604129314422607 -1.270745515823364 1.529267 0.42211 1.09442 -1.718526
3 -16.65848350524902 28.26318168640137 -0.2097166180610657 0.357194 0.416551 1.211588 1.754229
4 -4.332872867584229 -5.46073579788208 -1.310711741447449 1.668859 0.559593 1.121019 -1.962662
6 29.20986175537109 -4.540109157562256 -0.9950850009918213 0.372861 0.303665 0.191836 -1.459389
3 -16.73229598999023 21.81490325927734 -0.2037254571914673 0.242865 0.516987 1.189796 2.354529
4 29.82717895507813 -4.558885097503662 -1.292081952095032 1.53536 0.437661 1.162466 -1.588472
1 -49.42353057861328 -4.733744144439697 -0.7740355730056763 1.136354 0.546432 0.708422 -2.810611
3 8.512345314025879 -27.30919647216797 -0.5214685797691345 0.376176 0.441444 1.077346 -1.478375
3 -16.34889984130859 31.58387565612793 -0.5465172529220581 0.843543 0.628265 1.557869 -1.503701
4 -15.29725646972656 -5.500636100769043 -1.42854368686676 1.240874 0.390099 0.827219 -1.526676
4 22.51070213317871 -4.683527946472168 -1.361598134040833 1.045273 0.263098 0.912617 -1.451081
1 -34.31904983520508 -3.34753155708313 -1.020193338394165 2.933416 1.560119 1.272287 1.597711
6 3.113057136535645 -5.44169807434082 -1.62946343421936 1.153671 0.892367 0.427979 0.2755588
4 -14.76482105255127 -5.573301315307617 -1.426447510719299 1.404703 0.375914 0.746106 -1.487252
6 19.19474601745606 -4.527797698974609 -1.214501619338989 0.132509 0.808561 0.180201 -1.435431
5 -27.46925354003906 -2.726945161819458 -1.531898021697998 0.284517 0.167355 0.547491 -2.711395
6 21.38897895812988 -5.045712471008301 -1.094889760017395 1.12697 0.238498 0.395185 -1.174434
4 -13.24643802642822 -5.332687377929688 -1.308585166931152 1.728034 0.614439 1.08058 -1.580011
5 -29.99708557128906 14.43632698059082 -1.582828998565674 0.117875 0.138599 0.443553 -3.141592
4 18.37668037414551 -4.55394458770752 -1.31314480304718 1.177974 0.403684 0.952929 -1.162391
1 13.69171810150147 -4.903294086456299 -0.9860132336616516 4.279632 1.766527 1.75037 0.03722252
4 -5.632219791412354 -5.423572063446045 -1.581334233283997 0.92564 0.583146 0.541726 -1.84809
4 -28.44193077087402 -3.144387006759644 -1.408961176872253 1.246051 0.521227 0.940144 -0.6152232
4 28.28866958618164 -4.490119934082031 -1.300249099731445 1.629463 0.385734 0.956504 -1.643542
6 1.775996208190918 -5.39554500579834 -1.106921672821045 1.018943 1.167961 1.443376 1.840034
4 26.97315216064453 -4.767808437347412 -1.165913105010986 1.894907 0.663297 0.804262 -2.126383
5 -32.84889221191406 14.43242740631104 -1.476001501083374 0.297768 0.148379 0.485429 -3.141316
6 -7.393829345703125 -5.573654651641846 -1.468985319137573 1.764946 1.053722 0.824636 0.07257466
4 7.891291618347168 -5.280561447143555 -1.321827292442322 1.486795 0.596313 1.100749 -1.252714
4 26.18976402282715 -4.707228660583496 -1.469840884208679 1.62115 0.436558 0.743823 -2.153821
6 0.5680505633354187 -5.426554203033447 -1.11714231967926 1.178167 0.901958 1.455328 -2.876487
6 -25.15566635131836 -3.199934720993042 -1.413031697273254 0.339645 0.251887 0.635008 0.0
6 32.88376617431641 -4.473907470703125 -1.547872304916382 3.931496 1.19601 0.899201 0.01940802
4 -14.18650150299072 -5.472246170043945 -1.392831563949585 1.332515 0.467498 0.811946 -1.522125
5 -25.40986061096191 14.50642681121826 -1.51960301399231 0.166299 0.228226 0.430421 3.141592
3 -15.68732261657715 24.70351219177246 -0.1460379511117935 0.283508 0.471671 1.095016 2.413666
3 -16.66131019592285 27.51350212097168 -0.2975510954856873 0.264741 0.407832 0.996713 2.28975
1 -27.53256416320801 6.584815979003906 -1.15185010433197 3.95492 1.672546 1.391663 -3.123438
6 -16.65742111206055 -5.393186569213867 -1.636961102485657 1.068858 0.927019 0.500251 4.706639e-05
3 -17.12921142578125 31.90675354003906 -0.5577126145362854 0.605776 0.667944 1.578802 -1.510725
6 -36.93338012695313 -4.317476749420166 -0.6224885582923889 1.205183 1.117377 0.331592 1.590125
5 -23.85651779174805 14.46744728088379 -1.619468808174133 0.083462 0.227561 0.382169 -3.141592
3 -10.83458137512207 -4.937786102294922 -1.216570258140564 0.722837 0.54717 1.150979 1.546092
3 8.397552490234375 -20.8892822265625 -0.3641898036003113 0.412442 0.376159 0.86532 0.03230644
4 21.94282341003418 -4.982299327850342 -1.524155259132385 1.236451 0.281633 0.70755 -1.481172
4 -3.244410037994385 -5.608493804931641 -1.454050660133362 1.545167 0.476477 0.755171 -2.061007
4 20.27024269104004 -5.015943050384522 -1.299766898155212 1.42505 0.486981 0.893854 -1.36407
4 21.03039932250977 -5.032245635986328 -1.254063010215759 1.371213 0.318008 0.786206 -1.312771
4 -5.066953659057617 -5.586976528167725 -1.312577843666077 1.583266 0.593471 1.054834 -1.946327
3 -16.3480224609375 23.32202529907227 -0.1339065432548523 0.443521 0.685593 1.060878 1.248533
4 -0.7701889872550964 -5.503077507019043 -1.304072976112366 1.695001 0.526629 1.068541 -2.03812
3 -31.5346794128418 -25.80835723876953 -0.470272421836853 0.361984 0.379378 1.310089 -2.315753
4 -12.7838945388794 -5.217318058013916 -1.30012059211731 1.342218 0.367784 1.009905 -1.455895