1 14.60733032226563 -3.595341920852661 -0.9632706046104431 4.268561 2.044912 1.688886 -0.004471455
4 -38.93658828735352 -7.155633449554443 -1.172271490097046 0.795829 0.890472 1.327386 -0.1057363
1 -18.5640869140625 -9.873556137084961 -0.9847935438156128 4.595257 2.114456 1.688898 1.044109
1 -44.99961471557617 -3.495029449462891 -1.205495238304138 2.143957 1.735263 1.156597 0.03845557
4 11.42942237854004 -8.288305282592773 -0.9553202986717224 1.645155 0.788564 1.666211 -0.0655306
1 0.3585430085659027 -3.328197002410889 -0.8801870346069336 4.580009 1.948423 1.77299 -0.03593408
3 -15.07063388824463 30.50991058349609 -1.816052436828613 0.76291 0.818197 1.573439 1.519095
1 -4.061638355255127 22.16127586364746 -1.699747323989868 4.327588 1.666655 1.655735 2.901563
1 9.216287612915039 21.26143455505371 -1.728160500526428 4.568635 1.835773 1.479822 3.130909
1 -26.31898307800293 45.62477493286133 -2.042897462844849 4.240862 1.709006 1.216864 -1.589674
1 -45.70298004150391 0.4310357570648193 -1.510763287544251 0.810548 1.600263 0.599349 0.01061014
1 37.26762390136719 -3.582406997680664 -1.187741041183472 1.334035 1.766698 0.979362 0.02698039