3 -5.239288330078125 -27.52943992614746 -0.4794840812683106 0.403948 0.430299 1.089853 0.04235591
1 55.49313354492188 -5.09183406829834 -1.187590479850769 2.89 1.549003 1.402312 0.01879543
1 20.60426902770996 -4.989153385162354 -1.249014377593994 4.177918 1.590183 1.452082 0.03710375
4 5.897932529449463 -4.994931221008301 -1.30616819858551 1.708025 0.535714 1.109557 -1.439867
6 -18.04132652282715 -5.227978706359863 -1.52664065361023 0.431748 0.379958 0.246313 -1.583459
6 -45.57562637329102 10.02607917785645 -1.490216135978699 1.904589 1.714282 0.651452 -0.0008948823
4 9.139270782470703 -5.428361892700195 -1.298056840896606 1.478328 0.455607 0.985869 -1.504992
4 10.68919277191162 -4.905147075653076 -1.32588517665863 1.189162 0.591236 1.004594 -1.695822
6 -10.76149463653565 -5.524487018585205 -1.104027271270752 1.439459 0.87538 1.408243 -2.874421
4 -15.66343307495117 -5.623977184295654 -1.384961247444153 1.511067 0.391302 0.896266 -2.038795
3 -28.971923828125 21.88487815856934 -0.01864905655384064 0.383145 0.536953 0.870874 2.563882
6 -11.86676406860352 -5.475849151611328 -1.105604410171509 1.21842 0.732837 1.439273 -2.874421
4 -14.69631099700928 -5.664180278778076 -1.442184925079346 1.350937 0.544147 0.810759 -2.354582
1 1.426603674888611 -5.052589893341065 -0.9572152495384216 4.509917 1.917664 1.74923 0.01422334
3 -29.59153556823731 39.5158805847168 -0.5816171765327454 0.268427 0.508255 1.54983 2.80018
6 -48.98881530761719 -0.6749742031097412 -1.324934601783752 0.621231 1.630917 0.59748 -3.106905
6 -40.92379760742188 -2.894594669342041 -1.183595418930054 0.811408 0.81025 0.670828 1.590178
4 -4.490854740142822 -5.422152519226074 -1.303898453712463 1.513117 0.62438 1.076723 -1.380414
4 10.07042121887207 -5.052117347717285 -1.326178669929504 1.452246 0.510523 1.104302 -1.695822
3 -27.83197212219238 38.04268264770508 -0.4287566840648651 0.37305 0.481048 1.249874 2.437242
4 -14.0475025177002 -5.824218273162842 -1.43423593044281 0.892654 0.286485 0.840677 -2.338356
1 -19.39361381530762 8.650540351867676 -1.018745064735413 4.21681 2.017413 1.54905 3.126441
1 -46.18888854980469 -2.673178911209106 -1.244755506515503 1.628054 0.42999 0.502127 1.631528
4 -13.11941146850586 -5.321747303009033 -1.459898114204407 0.893313 0.328942 0.764068 -2.162589
4 8.846142768859863 -5.38693904876709 -1.304532051086426 1.328045 0.446082 0.94999 -1.504992
4 4.96153450012207 -5.205076694488525 -1.207739353179932 2.048693 0.566962 1.330069 -1.190912
3 -5.32921314239502 -21.04392814636231 -0.2701841592788696 0.294169 0.492465 0.920268 -1.479907
3 -29.56402778625488 22.98410797119141 -0.1362174898386002 0.286185 0.642345 0.662627 2.915543
6 -20.12035369873047 -5.578221797943115 -1.397032141685486 1.19959 1.013058 0.677269 -3.098209
1 -39.86509323120117 6.682929039001465 -1.108932256698608 3.875206 1.605545 1.317792 -3.101827
4 15.83672428131104 -4.76671838760376 -1.261200547218323 1.712143 0.584177 1.130681 -1.628492
4 12.01222515106201 -4.959051132202148 -1.297911405563355 1.721728 0.94728 1.193643 -1.695822
6 16.50736236572266 -5.301741123199463 -1.177000522613525 1.542543 0.352822 0.447991 -1.790759
4 -27.32538986206055 -5.637482166290283 -0.8600144386291504 1.699276 0.716599 0.825673 -0.001075269
4 5.421417236328125 -5.150564193725586 -1.241315484046936 1.753432 0.524731 1.203081 -1.265341
4 52.72692489624023 -3.477199554443359 -1.421384811401367 2.219249 0.774671 1.389506 -2.856871
1 -51.8793830871582 -8.808328628540039 -0.7764953970909119 2.625177 1.353801 1.37608 -0.3725198
1 -32.66439056396484 -4.317691326141357 -0.8375499844551086 4.77492 1.863491 1.763492 -0.6051145
4 6.811231136322022 -5.24893856048584 -1.315373539924622 1.212701 0.428713 0.901051 -1.648763
4 11.21932029724121 -5.122787952423096 -1.243278861045837 1.384193 0.400669 0.863375 -1.695822
6 -22.01461410522461 -5.438882827758789 -1.096434473991394 2.60619 1.147427 1.402221 0.0
4 13.39797210693359 -5.301944732666016 -1.264828205108643 1.161688 0.483988 0.732081 -1.695822
4 -2.375298738479614 -5.06365442276001 -1.191226243972778 1.646863 0.700423 1.320881 -1.929506
4 6.338476181030273 -5.332255363464356 -1.292432546615601 1.537871 0.552568 0.945745 -1.648763
3 -28.66191291809082 34.70759201049805 -0.7578442096710205 0.377673 0.744843 0.87562 2.572882
4 14.09628868103027 -5.068353176116943 -1.290099263191223 1.835604 0.576109 1.036045 -1.695822
4 7.801471710205078 -5.280573844909668 -1.352757811546326 1.610357 0.458339 1.03722 -1.585154
4 9.58167552947998 -5.350203990936279 -1.349240183830261 1.619977 0.519905 1.008084 -1.504992
4 8.360280990600586 -5.405158996582031 -1.317639827728272 1.683264 0.609146 1.077924 -1.585154
4 -16.64888191223145 -5.505855083465576 -1.429128050804138 1.469447 0.40358 0.826773 -2.042056
4 7.226674556732178 -5.377005577087402 -1.316281914710999 1.746793 0.604263 1.092302 -1.648763
3 -28.98872184753418 40.56686401367188 -0.2559861242771149 0.272433 0.32061 0.896964 2.80018
3 32.82781982421875 -21.37733459472656 -0.68733149766922 0.225581 0.479283 0.739696 -0.2813903
3 -27.65966987609863 24.42795753479004 0.06640943884849548 0.22969 0.29571 0.706146 2.061808
4 14.80071067810059 -4.931675434112549 -1.49588930606842 1.426786 0.657591 0.830061 -1.695822
6 -25.53377914428711 -4.814206600189209 -1.446329593658447 1.187813 0.638528 0.677165 2.508863
4 -17.48307609558106 -5.573616027832031 -1.377506852149963 1.411357 0.433115 0.901021 -1.930741
6 -9.301812171936035 -5.525371551513672 -1.616545915603638 1.045285 0.866431 0.419076 -2.874421
3 -23.20078277587891 -4.862100124359131 -1.218305587768555 0.525997 0.648128 1.00098 -5.518418e-16
4 17.46624755859375 -4.88828706741333 -1.228642225265503 1.777966 0.54452 1.399673 -1.636379