3 38.09910202026367 -14.09291362762451 -1.164086818695068 0.50029 0.346316 1.345851 1.141276
1 47.79773712158203 9.456990242004395 -1.178677678108215 3.994321 0.748418 1.075902 2.413033
3 -41.50024032592773 -14.56660652160645 -1.145144701004028 0.355391 0.233706 1.181524 -3.114355
2 32.86144638061523 -4.788651466369629 -0.3329743444919586 5.082736 1.861001 1.428291 0.02834778
1 8.250564575195312 0.3434496223926544 -0.9057646989822388 3.37613 2.245147 1.797962 0.01878599
2 35.25820159912109 16.56027603149414 -0.3009105622768402 11.918761 3.152123 2.914608 2.918995
3 -40.93514251708984 -14.69727230072022 -0.8938487768173218 0.246717 0.415483 1.134537 0.004342967
1 24.46318054199219 -5.474063873291016 -1.119627475738525 2.158356 1.530286 1.4024 0.08296794
2 16.41757583618164 0.0295596718788147 -0.3010713160037994 5.364258 2.29193 2.205468 0.02641192
1 -27.57625198364258 -1.191369533538818 -1.241357684135437 1.481392 1.96866 1.210556 0.03275982
3 -14.24730491638184 -15.83759498596191 -0.6448763608932495 0.691241 0.529868 1.730245 0.004444411
4 22.87775611877441 -11.68716049194336 -1.166372179985046 1.546674 0.505286 1.481571 0.04080155
2 51.761962890625 -8.55820083618164 0.06966344267129898 12.790477 2.870935 2.76785 1.914404
1 -2.585501432418823 -2.916413545608521 -1.062613964080811 3.487598 1.838063 1.431198 -0.05307765
1 29.33633422851563 -2.60777735710144 -1.200419783592224 3.419069 1.614543 1.377484 0.01245471
1 22.8002872467041 13.34483051300049 -0.8969677090644836 3.044615 1.77643 0.599561 2.968473
1 17.74681663513184 -2.938323736190796 -1.108498454093933 4.589954 1.875677 1.430177 0.0590863
1 -3.33733344078064 18.0399227142334 -1.239661693572998 2.066096 1.592064 1.449448 -3.01278
1 7.095322608947754 13.96222019195557 -0.8575292825698853 3.964286 1.882188 0.906727 -3.072498