6 -20.25958061218262 -3.642417192459106 -1.254283785820007 5.032863 0.998222 1.333405 0.06191617
2 9.82840633392334 -3.414040088653565 -0.5423557162284851 6.238898 2.060748 2.405097 -0.01991035
6 -17.72776603698731 0.810842752456665 -0.1647786647081375 0.893377 0.421743 0.165739 0.08116588
2 19.98769950866699 5.117542266845703 -0.3118626773357391 1.829141 1.595003 2.611235 1.727849
2 -2.382717609405518 -4.48590898513794 -0.6378176212310791 6.260402 2.189889 2.164954 -2.785858
2 8.159862518310547 -7.661599636077881 -0.5958197116851807 6.193319 2.360903 2.513338 1.600336
3 8.710359573364258 -12.47269248962402 -1.18952739238739 0.489621 1.158033 1.165821 -0.7594347
2 14.01459407806397 5.276490688323975 -0.4293709695339203 1.169447 2.526523 2.52109 -1.565568
2 31.27860832214356 3.845719814300537 0.1367193311452866 5.92205 2.390144 2.39124 -3.118554
2 2.013471364974976 -5.879900932312012 -0.6900137662887573 2.396337 2.311485 2.253182 -1.507646
2 3.937360525131226 7.359662055969238 -0.5655554533004761 6.354977 2.202186 2.352736 -1.653114
2 -3.327102899551392 7.410537242889404 -0.6073848009109497 6.398046 2.52491 2.411085 -1.575904
2 35.43959045410156 -3.235785484313965 -0.6664079427719116 4.607744 0.72822 1.894131 -3.082948
1 18.22067070007324 2.099159717559815 -0.848127543926239 4.164474 2.0103 1.625105 -3.132277
2 -58.95175170898438 -10.77952480316162 1.340476155281067 0.552592 2.432845 1.59609 1.664393
1 20.75434112548828 -0.8190552592277527 -0.9502391815185547 3.362342 1.757715 1.409855 -0.1105709
6 34.44992065429688 6.106005191802979 -0.3522183001041412 0.598114 0.780057 1.751736 1.7006
2 54.254150390625 -5.587393760681152 0.8983326554298401 1.315672 0.342327 0.810946 -1.654455
2 28.55416297912598 -0.6409811973571777 -0.1262165307998657 2.365141 2.434552 2.861806 -0.05540674
1 24.52019882202148 5.03406572341919 -0.9749444127082825 3.435033 0.418387 1.249166 -3.084936
2 45.60890197753906 3.45731258392334 0.09969499707221985 1.101372 0.92433 2.552871 0.1740964
2 -57.86701965332031 2.612845897674561 -1.036194562911987 4.314741 1.16816 2.945646 -3.09054
1 -0.4274994730949402 6.186127185821533 -0.8330342769622803 3.852704 1.872236 1.892949 -1.57219
2 39.28629302978516 -3.058588027954102 0.01359425857663155 1.87953 1.397356 2.402723 -3.101665
2 -46.44102478027344 -8.685359954833984 -0.8155214190483093 0.372402 3.180251 2.367464 -1.590665
2 16.53952980041504 -2.54152512550354 -0.4173534512519836 7.009557 1.398208 2.600584 -0.01530275
2 -38.62886810302734 3.110724449157715 -0.5938395261764526 4.445058 0.319224 2.929408 -3.065091
2 -40.26388931274414 -6.136466503143311 -0.8850892782211304 5.498276 2.561269 2.778321 -2.98754
1 -8.320003509521484 4.575310707092285 -1.101771593093872 4.335207 1.756001 1.477942 0.04108022
2 -53.7104377746582 -10.12306594848633 1.25360095500946 0.81307 1.689982 1.378718 1.628
2 -31.06560516357422 3.437125682830811 -0.6115690469741821 6.013943 1.375308 2.879722 0.0796086
1 26.90213775634766 -3.048245906829834 -1.072511911392212 3.0961 0.786921 1.271386 0.04345338
2 9.011224746704102 6.356990337371826 -0.5034833550453186 6.157012 2.147812 2.443235 1.00787
2 -51.83632278442383 3.150501251220703 -0.6329837441444397 4.333287 0.880808 2.640301 -3.09054
1 38.96459197998047 0.8366591334342957 -0.7573678493499756 3.753991 0.271852 1.718619 -3.034282
2 -23.5373706817627 4.155644416809082 -0.5525879859924316 5.95922 1.366524 2.936942 3.136693
2 -14.48732376098633 4.520846843719482 -0.5642400979995728 6.189047 2.348414 2.750131 0.05105233
6 42.12168884277344 7.049360752105713 0.6975520253181458 0.4951 0.196346 0.862227 1.7006
1 -44.92223358154297 3.023029088973999 -1.896318197250366 3.156217 0.23877 0.758012 -3.09054
2 29.59383773803711 5.826131343841553 0.003612246364355087 0.822881 2.253401 2.595384 1.7006
2 -10.09750461578369 -10.15838623046875 -0.0707545131444931 1.181645 0.224037 1.487919 -1.429623
2 17.49424552917481 5.42063570022583 -0.3807478547096252 2.647221 2.413502 2.606082 1.775923
2 -7.399246692657471 -3.616904735565186 -0.6626093983650208 5.912948 2.442462 2.39558 -2.966324
2 -14.27888202667236 -3.498077154159546 -0.5514768958091736 6.644621 0.979658 2.682041 0.07106278
1 -12.43026924133301 -0.1312002539634705 -1.103679656982422 3.475621 2.13873 1.64412 0.08116588
2 39.42461395263672 6.904809951782227 0.4909141361713409 0.827506 0.563606 1.557522 1.7006