1 -13.22445392608643 -4.311081886291504 -1.012537002563477 4.45823 1.902582 1.545632 0.0
1 32.83411026000977 0.07307286560535431 -1.001508235931397 2.916351 1.940581 1.323658 0.008231408
1 -27.31917190551758 -3.72009801864624 -1.110835433006287 4.094181 1.002622 1.306624 0.0
4 7.276420593261719 -6.863773345947266 -1.008399963378906 1.767481 0.627341 1.583324 0.03846381
4 -15.052734375 -7.033102989196777 -0.818536102771759 1.48634 0.659566 1.314455 -1.877414e-16
1 -33.78367614746094 -1.183813691139221 -0.8240116834640503 2.388181 2.058285 1.31037 0.0
1 0.3622738122940064 -4.050299644470215 -1.074438333511353 4.535889 1.982894 1.467114 -1.670601e-16
1 38.14294052124023 -3.772433757781982 -1.013738632202148 1.359605 1.694154 1.100341 -0.001416206
1 -17.75762557983398 -0.1970431953668594 -1.054039120674133 3.697502 1.722841 1.357438 -9.943888e-17
3 -0.7358152866363525 -7.789768218994141 -0.7184483408927917 0.292115 0.565871 0.551658 -1.918679
3 -21.56562042236328 -13.11002159118652 -0.5436050295829773 0.262335 0.516038 0.981217 3.072543
3 45.08616638183594 12.30202007293701 -0.3810319304466248 0.27602 0.527417 0.615684 0.03495264
1 16.75837898254395 -3.878506422042847 -1.074604272842407 4.079594 1.785175 1.418656 -0.01255664
1 -20.29617309570313 -4.214280128479004 -1.003874897956848 4.298355 1.946102 1.453856 -1.647525e-16
3 50.19890594482422 12.50585269927979 -0.3212782144546509 0.262601 0.495822 0.95084 0.1100516