4 -19.05557823181152 27.01591110229492 -1.611301302909851 2.154294 0.844544 1.295431 0.03168483
1 -47.34004974365234 -0.1106013059616089 -1.000065922737122 2.32281 1.790687 1.197517 0.01252728
2 -47.81574630737305 17.44702339172363 -0.553881049156189 12.006858 2.621129 2.590085 -3.045615
3 -23.51633262634277 -7.649201393127441 -0.540027916431427 0.32068 0.334763 1.229405 0.0
3 5.006736278533936 23.18429183959961 -1.455234885215759 0.28443 0.63939 1.400668 -1.413079
1 41.75160217285156 -3.953374147415161 -0.9711877703666687 3.351706 1.771776 1.338212 -0.6758124
4 23.54288482666016 -3.917659282684326 -0.89078688621521 1.240365 0.553602 1.654773 0.0
4 30.82143402099609 -3.252127408981323 -0.8543574810028076 0.912579 0.593225 1.385769 3.139716
2 21.85332489013672 19.68818092346191 -0.6203283071517944 11.467476 2.816765 3.275827 3.102942
1 19.5416259765625 0.1605171263217926 -1.016038060188294 2.91838 1.980796 1.48808 0.0
4 -4.389864444732666 -3.391164302825928 -0.9312734007835388 1.758279 0.627524 1.648641 3.141592
4 30.20284080505371 -4.191584587097168 -0.9266003370285034 0.730945 0.548915 1.544371 -0.00187651
1 -41.26990509033203 2.641494512557983 -1.200493216514587 2.012504 1.57114 1.342373 0.01252728
3 10.53892135620117 24.07702827453613 -1.316818475723267 0.314432 0.540515 1.478865 1.52212
4 12.93290901184082 11.74697875976563 -0.7616150975227356 0.528856 0.710809 0.925018 1.448652
4 -57.40209579467773 -3.428587436676025 -1.245710849761963 1.932069 1.105256 0.832379 3.141592
1 -33.85702896118164 5.801354885101318 -1.360705733299255 4.018849 1.736036 1.097614 0.01252728