3 25.40783500671387 -10.23449325561523 -0.1090777963399887 0.680322 0.497962 1.069629 0.1483525
6 57.93791580200195 1.252294182777405 -0.7533912062644958 0.216782 1.373019 0.446302 0.04643936
3 -45.70824432373047 -13.87016582489014 -0.6515515446662903 0.246059 0.40914 0.728706 -0.01374912
3 1.014023661613464 -9.127975463867188 -0.7382434606552124 0.519568 0.549357 1.432656 -0.8231764
3 51.96269226074219 -8.62786865234375 0.1761016845703125 0.211859 0.631691 0.765521 0.1561066
1 -12.83026885986328 15.76052474975586 -0.891537070274353 2.297645 1.827975 2.053286 1.581111
1 23.02915573120117 33.70419311523438 -1.176728367805481 1.678318 1.403261 1.320001 -1.526767
4 -3.661209583282471 8.800127983093262 -1.180429458618164 1.901053 0.849944 1.941628 0.5638272
1 -26.61486434936523 16.78996086120606 -1.432069897651672 3.71452 0.300798 0.851614 1.630601
3 10.61385917663574 -1.667568325996399 -0.8159453868865967 0.458341 0.673273 1.748984 -0.70522
4 -3.214945793151856 -6.596968173980713 -1.239094138145447 1.770726 0.505309 1.10153 -0.1309471
4 -5.563670158386231 8.581840515136719 -1.444857597351074 2.076847 0.689784 1.339392 0.6148261
4 14.70626831054688 9.46360969543457 -1.290194749832153 1.323781 0.593643 1.215507 0.495162
1 16.13380241394043 19.2831916809082 -0.992509663105011 4.252043 1.759442 1.146302 -1.452147
1 37.56611633300781 19.09571838378906 -0.6024325489997864 1.907436 1.205443 1.119199 -1.485301
1 13.05659198760986 -1.512336254119873 -0.8838459849357605 4.017751 1.773704 1.581366 0.03595103
1 52.02926254272461 3.845627784729004 -0.6795110106468201 0.984277 1.776085 1.143496 0.04643936
1 -58.41823577880859 -3.095348358154297 -1.55606210231781 0.823619 1.785478 0.708216 -2.813963
3 2.665419578552246 -9.14261531829834 -0.7863749861717224 0.52179 0.667403 1.367693 2.312381
3 -7.295596599578857 35.18303680419922 -0.9961071610450745 0.366245 0.402944 1.545319 -1.505253
1 -3.721348524093628 28.49280548095703 -1.304413795471191 3.49731 1.992637 1.562293 -1.520135
1 8.311388969421387 18.61042785644531 -1.393863320350647 1.883525 1.707321 1.156995 -1.597439
4 20.92130279541016 10.05301094055176 -1.101249694824219 1.988617 0.560182 1.028858 0.1892736
3 9.047032356262207 -1.176327347755432 -0.8541463613510132 0.692678 0.554847 1.733398 -0.8292634
1 -11.93637847900391 -3.301272869110107 -1.099875092506409 4.633219 1.773929 1.48695 0.05361536
4 3.410714864730835 8.43392562866211 -1.394873857498169 1.959732 0.637223 1.228808 1.553159
4 7.342828750610352 -4.781423091888428 -1.025597214698792 0.937354 0.683342 1.246196 -1.823103
4 6.00974178314209 -4.989104747772217 -1.030415296554565 1.788666 0.660085 1.364272 -1.379092
4 8.336463928222656 -4.851234436035156 -1.038378119468689 1.373742 0.667012 1.273019 -1.814711
4 -54.99100494384766 7.203859806060791 -1.275410056114197 2.134542 0.930938 1.212574 0.03946695
4 5.49966287612915 -3.225330352783203 -0.8971373438835144 1.981591 0.716937 1.660936 0.1049121
4 -2.930979251861572 -6.063720226287842 -1.216124296188355 1.59896 0.54933 1.107234 -0.1212267
4 -36.0948371887207 3.749275207519531 -1.34587824344635 1.187609 0.674725 1.366224 -3.112267
1 -15.1154956817627 16.41939544677734 -1.115398764610291 2.206127 1.766039 1.579836 1.651806
3 36.37046813964844 -8.679844856262207 -0.01031002588570118 0.367079 0.452488 0.603243 0.06286886
1 26.17189979553223 19.47785186767578 -0.9305270910263062 4.385211 1.806075 1.470424 -1.497453
3 13.15379524230957 14.12919425964356 -0.807324230670929 0.500977 0.68673 1.079247 -0.00028855
4 4.070827960968018 9.400879859924316 -1.282677888870239 1.784102 0.676175 1.332877 1.765008
1 49.36756134033203 20.45979881286621 -0.4715680480003357 1.961759 0.391685 0.695585 -1.502882
3 31.15728950500488 15.88060092926025 -0.4940262138843536 0.374947 0.404829 0.531384 -3.105005
1 36.60174942016602 31.87409973144531 -1.017374396324158 1.654987 0.424215 0.718692 -1.502181
1 18.69648361206055 17.8249626159668 -0.9884506464004517 1.508769 1.538427 0.845724 -1.469855
4 0.2258616238832474 8.920446395874023 -1.361457228660584 1.975215 0.923571 1.376409 0.4955823
4 9.094261169433594 -4.59157657623291 -1.060895085334778 1.432244 0.6199 1.239527 -1.561214
1 -19.97580718994141 16.9893798828125 -1.127408027648926 4.206385 2.014137 1.903231 1.651806
1 10.54454135894775 43.19276809692383 -1.287868738174439 3.885949 1.458817 1.908857 1.936375
1 30.67295837402344 19.24673271179199 -1.026763796806335 3.331165 1.550742 1.219473 -1.445517
3 10.01296043395996 -0.8487210273742676 -0.8533750772476196 0.51877 0.588572 1.67933 -0.8292634
6 50.42014694213867 -2.791028738021851 -0.608845055103302 0.329019 1.550205 0.278107 0.04554605
1 3.221564769744873 37.25231170654297 -1.554388403892517 1.626768 1.266091 1.242392 0.01334053
3 9.319720268249512 -3.344929218292236 -0.8571807146072388 0.889759 0.622795 1.628063 3.080398
3 -8.276463508605957 34.93289947509766 -1.091613173484802 0.422053 0.40428 1.376777 -1.505253
4 11.31966781616211 -4.85454273223877 -1.043484210968018 1.378182 0.385404 1.311958 -1.526629
4 -12.1756534576416 8.44467830657959 -1.491310119628906 1.966874 0.651645 1.2781 3.024684
4 -1.90208101272583 8.78460693359375 -1.443515062332153 2.025177 0.823778 1.278499 0.5206764
1 -6.133001327514648 -3.262508869171143 -1.096666932106018 4.083564 1.920678 1.449367 0.06824154
3 9.95169448852539 -2.270188570022583 -0.7826599478721619 0.813559 0.692316 1.805249 -0.70522
1 -13.01472187042236 28.66284370422363 -1.379242539405823 4.002653 1.137262 1.680191 1.581046
3 -45.85125350952148 13.40769481658936 -1.241639137268066 0.29381 0.290474 0.579301 0.04546662
1 -0.6686882376670837 17.86167526245117 -1.210264325141907 3.028434 1.920294 1.64672 1.615164
4 12.75940227508545 9.383219718933105 -1.268922090530396 1.936977 0.680214 1.315458 2.662827
1 -10.41900539398193 16.17290496826172 -1.286583423614502 1.678716 1.539773 1.430128 1.615164
4 2.208473205566406 9.135068893432617 -1.363795757293701 2.031044 0.766297 1.309391 0.2652823
4 -7.271566867828369 8.508021354675293 -1.474667072296143 1.858812 0.717977 1.191361 0.3789288
4 10.25967216491699 -4.443892478942871 -1.08078396320343 1.334549 0.731711 1.257473 -1.561214
3 -7.598361968994141 34.66272354125977 -0.9990425109863281 0.464273 0.427923 1.561084 -1.505253
4 5.146443843841553 -5.020055294036865 -1.032286286354065 2.155742 0.780844 1.397294 -1.224542
4 -14.01442432403565 7.494927406311035 -1.296229481697083 1.525715 0.609664 1.609988 -3.135926
1 -9.026968002319336 0.255424976348877 -1.073830246925354 3.975533 1.729136 1.525412 0.02278911
4 12.66821670532227 -4.749887943267822 -0.9980500340461731 1.568968 0.790922 1.280174 -1.526629