3 22.90884399414063 -10.57669925689697 -0.4824645817279816 0.559657 0.457878 0.809132 0.3838756
1 9.373923301696777 -3.836568117141724 -1.01653003692627 4.231462 1.644069 1.55508 -0.03226861
6 -17.1825122833252 -7.636114120483398 -0.62502121925354 0.540204 0.590402 0.482723 0.001911402
3 -50.59482574462891 -8.784554481506348 -1.062511444091797 0.34505 0.343832 1.045751 -1.452015
4 23.3416919708252 12.92207145690918 -0.600297749042511 2.597466 0.66209 0.760492 3.057701
4 56.04355621337891 -10.89581203460693 -0.4947954118251801 0.914391 0.524278 0.741007 -3.135695
1 28.14304924011231 -7.17401933670044 -1.15564751625061 4.069128 1.818326 1.051728 -0.8056101
1 42.78333282470703 -15.9971284866333 -0.9550063014030457 1.924375 0.510252 1.204407 -1.891159
3 20.87838172912598 -12.01772022247315 -0.2914460897445679 0.3317 0.452212 1.171757 -2.944525
4 -43.78414916992188 -7.356308460235596 -0.9789801239967346 0.848182 0.583704 0.633131 0.01275596
1 35.07696914672852 -16.19290351867676 -0.7137523889541626 4.175835 1.575852 1.429442 -1.238707
1 -9.676053047180176 -4.017200469970703 -1.094168305397034 4.28004 1.961732 1.649329 0.03741224
1 33.10715103149414 23.27229309082031 -1.021816372871399 2.53892 0.937111 1.537117 -0.1081105
6 -47.03411483764648 -4.614829540252686 -1.502705812454224 0.682976 1.014153 0.354087 0.01326124
1 32.20851898193359 34.81146621704102 -0.9786920547485352 2.403682 0.737446 0.783367 -1.669902
3 0.5972687005996704 11.44042015075684 -0.5730058550834656 0.372461 0.852955 1.042124 1.61315
3 20.23092079162598 -11.29165458679199 -0.5364028215408325 0.29305 0.662404 0.455136 -0.005366164
1 44.37165832519531 27.32221984863281 -0.7943657040596008 3.121978 1.185943 0.770896 1.538348
1 44.05146789550781 0.2842037081718445 -1.031246304512024 0.887469 1.711643 1.418649 0.02384574
6 34.31595611572266 16.15322113037109 -1.291645407676697 1.220798 0.519037 0.287311 -1.340001
1 42.18148803710938 -22.04489898681641 -0.6668450236320496 2.53239 0.244522 0.587502 -1.544617
3 20.90054321289063 -12.55988311767578 -0.5826593041419983 0.405914 0.589594 1.167217 -0.1769651
1 43.70589447021484 17.06587982177734 -1.221670985221863 3.118466 1.693952 1.289014 1.611366
3 0.3738968372344971 12.20221900939941 -0.4884673953056335 0.474239 0.70847 1.035526 -0.6286263
1 44.76619720458984 12.72329616546631 -1.213950037956238 4.575119 1.004014 1.270724 2.266653
3 -11.76836204528809 12.12209033966065 -0.7269291281700134 0.306115 0.771573 0.871612 -0.4954915
1 32.02568817138672 -10.53496360778809 -1.009224772453308 3.713234 1.221681 1.323357 -0.9372466
1 37.18130111694336 -31.39481544494629 -0.6365987658500671 1.97994 0.702789 0.762813 -1.772796
1 40.67460250854492 7.378472328186035 -1.346962094306946 1.437915 1.621345 0.610483 -2.441903
1 -1.772740364074707 -4.00614070892334 -1.09878420829773 5.113429 1.92391 1.463938 0.0881522
1 36.39215087890625 23.01480674743652 -1.1146399974823 3.865149 1.656097 1.198233 -1.733541
1 45.38401031494141 -10.7620849609375 -0.8369929790496826 3.150352 0.390397 0.958572 0.9193675
1 -50.12339019775391 -1.391274690628052 -1.173465132713318 1.824158 1.920071 0.766413 0.01326124
1 -21.74593162536621 -0.1318056434392929 -1.216072082519531 4.037591 1.765768 1.47992 0.0278463
1 -32.35984420776367 -4.509294986724854 -1.365663886070252 3.908013 1.980592 1.38441 0.01326124