4 3.056215286254883 -6.972682476043701 -0.9737082123756409 1.632928 0.780168 1.650328 -0.1364184
4 -30.03559875488281 -32.61575698852539 -0.4559881985187531 1.473494 0.63257 1.272019 -0.06622511
5 -4.430119037628174 11.96073341369629 -1.550354599952698 0.246525 0.240444 0.399379 -0.4905013
6 -22.34723091125488 -28.21667861938477 -0.2989089488983154 0.481311 0.436855 1.001965 1.353766
5 -12.64098930358887 -9.944093704223633 -1.343686461448669 0.206957 0.231839 0.368263 0.2753457
1 34.92853546142578 -8.300178527832031 -1.601851224899292 1.053835 1.627382 1.062301 -0.139282
5 -8.585545539855957 -8.285000801086426 -1.377828001976013 0.233952 0.177243 0.365517 0.08999021
5 -7.602729320526123 15.52324104309082 -1.512426376342773 0.236827 0.19493 0.389439 -0.443869
5 -10.41786098480225 -8.841257095336914 -1.385457038879395 0.170589 0.20397 0.380378 0.1785461
6 -12.41128635406494 46.61394119262695 -1.488358497619629 1.582306 1.665787 0.372257 1.35709
1 52.63908004760742 -10.56893920898438 -1.700642585754395 3.466964 1.382732 1.095757 -0.09344926
1 8.586210250854492 -4.639724731445313 -1.144327640533447 4.447265 1.978394 1.507778 -0.1600201
4 21.0212516784668 -9.18469524383545 -1.077183365821838 0.778817 0.621272 0.955019 -0.1364184
2 -46.23430252075195 -28.73359489440918 0.6786822080612183 11.648561 2.670588 2.343745 -1.770122
3 13.19858169555664 -14.00306797027588 -0.6359665989875793 0.403572 0.31489 0.873347 -0.2600822
3 13.4467830657959 -14.56830978393555 -0.7204025387763977 0.394291 0.489312 1.016667 -0.03651407
5 -5.532045841217041 12.86420154571533 -1.594673037528992 0.22565 0.164643 0.491563 -0.3570708
1 15.55334949493408 -5.638586044311523 -1.156892895698547 4.037249 1.632127 1.57694 -0.139282
1 -19.64435195922852 -10.01662540435791 -0.7179690003395081 4.31763 1.870957 1.621846 1.094244
5 -1.235429048538208 9.956191062927246 -1.480447173118591 0.215392 0.249696 0.440804 -0.5136409
5 -9.212945938110352 19.52275466918945 -1.436697959899902 0.225428 0.186015 0.452268 -0.5969778
5 -6.709002017974854 -7.716634750366211 -1.30943763256073 0.208604 0.199183 0.391716 0.04564204
1 -9.261686325073242 -1.964475393295288 -0.921034038066864 4.132004 1.781771 1.522647 0.4473162
4 -7.610228538513184 39.06760406494141 -1.351105332374573 0.713195 0.510743 0.995067 1.347831
1 -35.89304733276367 -0.6745139956474304 -1.019402265548706 2.886439 0.146157 0.548267 -1.728449
5 -3.183964729309082 11.09724235534668 -1.57332193851471 0.209433 0.21803 0.474629 -0.5725886
5 -6.647379875183106 14.13364887237549 -1.56535279750824 0.244132 0.190606 0.422457 -0.7603046
1 22.7117805480957 -6.653581142425537 -1.249152183532715 4.174686 1.452244 1.510146 -0.139282
1 59.55734252929688 -7.680573463439941 -1.504603862762451 1.283635 1.59589 1.308967 -0.08988883
5 -8.32459545135498 17.23953628540039 -1.484227895736694 0.253543 0.209438 0.433608 -0.6294795
6 34.86688232421875 -12.15064430236816 -0.9815574288368225 0.281394 0.510879 0.493532 -0.1352075
1 20.44295692443848 -2.250324964523315 -1.227924585342407 2.937501 2.043275 1.422579 -0.139282
5 -4.934748649597168 -7.516844272613525 -1.343934059143066 0.206538 0.218234 0.385082 0.02283291