3 -43.12258911132813 -32.73811721801758 -0.3343455195426941 0.187558 0.479107 0.439226 -2.877237
1 35.1771354675293 32.12300109863281 -1.626418948173523 2.975511 1.277711 1.215437 1.891189
1 -33.65489196777344 -36.37665557861328 -0.7461791634559631 2.171414 1.364393 1.328459 -1.553556
5 -56.38046264648438 -5.275858879089356 -1.085583448410034 0.67946 0.692839 1.130486 -0.1622103
4 7.5386962890625 20.91000938415527 -1.485963463783264 0.956499 0.721174 1.581633 -3.136032
5 -16.29022026062012 -9.050736427307129 -1.449809432029724 0.228299 0.167556 0.512243 0.4571636
1 10.37919616699219 -1.262428283691406 -1.061652898788452 4.188527 1.928011 1.448929 0.02223568
4 -2.757904291152954 21.25606155395508 -1.456785798072815 1.598433 0.600326 1.584041 -3.136032
1 -18.15438270568848 1.24912428855896 -1.13810932636261 3.553263 2.134719 1.394064 0.007570026
5 -17.83720016479492 -10.14049530029297 -1.440060615539551 0.280561 0.256357 0.411599 0.4571636
1 20.11323356628418 27.69573593139648 -1.590255379676819 4.142652 1.563115 1.074632 -2.279391
1 -33.18026733398438 -44.00164794921875 -1.017706751823425 2.902699 1.417289 0.572909 -1.449046
3 -10.6000337600708 -8.924936294555664 -0.7823454737663269 0.826647 0.770912 1.57995 0.3118925
5 -19.0623950958252 -11.38405990600586 -1.442140817642212 0.179884 0.158883 0.445781 1.055416
5 -14.30693054199219 -7.744880199432373 -1.39366090297699 0.362969 0.330601 0.623523 0.4571636
1 40.91229629516602 28.90640640258789 -1.594817399978638 3.539486 0.442287 0.999604 2.097102
4 -26.4765510559082 -10.35091781616211 -1.022492408752441 1.723134 0.620683 1.497548 -0.3127784
1 10.06427764892578 12.28845977783203 -1.277359008789063 5.285449 1.779806 1.810526 3.102541