4 -11.44775485992432 -0.7563685178756714 -1.387778520584106 1.567846 0.500098 0.994022 -0.8472221
4 -11.91412830352783 -0.9386188387870789 -1.415780782699585 1.704002 0.432493 0.988557 -0.7711796
1 37.16338348388672 -43.53693389892578 -0.3870433568954468 2.163217 1.372125 1.091009 -0.744711
4 -38.81923294067383 44.99703979492188 -0.3794296681880951 0.834754 0.536741 0.524762 -0.7209217
1 -13.47203636169434 31.16790962219238 -0.6277367472648621 0.805481 1.155718 1.3376 0.8857308
1 13.39078426361084 25.28389358520508 -0.3856576681137085 2.077799 1.631223 1.204714 0.8730035
3 14.66196537017822 31.59446525573731 0.1487800627946854 0.237869 0.455601 0.858242 -2.210661
3 1.418001174926758 -6.49689245223999 -0.9839986562728882 0.549633 0.583262 1.654996 -0.8285655
4 10.65390300750732 -0.8900843262672424 -1.178390026092529 2.066049 0.629093 1.243525 1.861098
4 -2.672709226608276 -7.834072589874268 -1.21051549911499 1.754545 0.619501 1.272432 -2.541574
4 -0.189624547958374 -7.813694953918457 -0.993208646774292 1.755266 0.579432 1.666189 -1.004503
4 -4.204681873321533 12.72946834564209 -1.239473819732666 1.78475 0.860682 1.290298 -0.2867494
1 35.10960006713867 -11.34160709381104 -0.4142946004867554 1.812363 1.090431 1.211964 0.8260876
4 17.00871849060059 -6.089987277984619 -1.089855551719666 2.229223 0.66261 1.297187 -0.5954897
4 11.57511138916016 -21.59132766723633 -1.368545055389404 0.960502 0.2103 0.503693 -0.7516014
1 48.87392044067383 -1.617955446243286 -0.07970729470252991 0.807882 0.199872 0.502491 0.8449247
4 3.275225639343262 4.958882808685303 -1.209154963493347 1.733156 0.76963 1.300594 0.8361108
4 -13.75168704986572 21.00875663757324 -1.093220353126526 1.052612 0.790555 1.385264 2.41362
4 -4.79051399230957 -5.548962116241455 -1.246353149414063 1.777202 0.710981 1.20242 -2.009089
3 1.71437418460846 -6.976165771484375 -0.9434520602226257 0.425823 0.641057 1.660632 -0.7213224
1 20.05319213867188 3.906463146209717 -0.8579074740409851 4.277265 1.784153 1.491709 -2.245551
4 -7.651642799377441 15.92300605773926 -1.365199089050293 1.591155 0.477283 1.004099 -0.7872497
3 28.30432891845703 -9.188545227050781 -0.4464716017246246 0.4743 0.389351 0.997888 2.344319
4 -0.1371163725852966 9.044780731201172 -1.265764117240906 2.01284 0.760045 1.278448 -0.2723985
1 21.05646133422852 1.464487552642822 -0.7544602155685425 2.38709 1.355831 1.241166 0.8696771
1 -16.07793426513672 7.762640953063965 -0.9749657511711121 5.019129 1.707815 1.136932 -0.7483713
1 32.986083984375 24.88956642150879 -0.3793052732944489 4.028716 1.649708 1.622028 1.091463
3 1.097978949546814 -7.55905294418335 -0.6027356386184692 0.551349 0.547793 1.132925 -0.7259234
1 44.05498886108398 -19.17945098876953 -0.3925262987613678 1.345557 0.438499 0.641321 0.7868243
1 -3.046591997146606 21.78327751159668 -0.4304692149162293 2.346516 1.887204 1.777603 0.8308813
3 17.31450271606445 -32.31107711791992 -0.4329833984375 0.409469 0.475245 0.806829 -0.7429385
6 28.78193664550781 -35.91112518310547 -0.8626889586448669 0.444912 1.457466 0.537325 -0.7376602
1 -6.043807506561279 2.993923902511597 -1.036537647247315 4.348457 1.803939 1.526605 -0.8698252
1 33.09877395629883 10.79573726654053 -1.019381165504456 1.404702 1.847297 0.711142 -2.351183
1 5.833779811859131 31.34397315979004 -0.5324461460113525 4.329011 1.766608 1.497748 0.7993812
4 1.405453443527222 7.66600513458252 -1.237319231033325 1.809125 1.00702 1.25919 -0.2759735
3 11.40817642211914 10.91108894348145 -0.3794152736663818 0.404363 0.694182 0.856227 0.7914569
4 -1.778813362121582 -8.12949275970459 -1.22164249420166 1.453934 0.743599 1.281463 -2.358979
4 4.530617237091065 5.267513751983643 -1.187022209167481 1.701041 0.660654 1.238554 0.8423175
1 -4.223286151885986 23.76666831970215 -0.746110737323761 1.979789 1.709451 1.704574 0.8831868
1 46.63398742675781 0.7439514994621277 -0.0753612071275711 1.721573 1.160547 0.5037 0.8277329
4 -1.037532329559326 -9.099042892456055 -1.232865810394287 2.018669 0.723437 1.26752 -2.361417
4 2.878824234008789 6.510333061218262 -1.263207793235779 1.695246 0.655855 1.17709 -0.6180503
4 -3.557249784469605 -7.288449764251709 -1.199837446212769 1.90671 0.719721 1.336943 -2.550063
1 0.03282172977924347 21.29036521911621 -0.880943775177002 4.311675 1.634438 1.525674 0.8404664
1 -11.58856296539307 3.547600269317627 -1.136018395423889 3.980566 1.873686 1.440839 -0.7335126
3 23.41045188903809 -39.03803634643555 -0.1805321872234345 0.241115 0.556398 0.629068 -0.6817225
3 13.32205390930176 31.87520599365234 -0.05675050243735313 0.525961 0.330281 0.928297 2.784401
3 0.5508615374565125 -6.665567398071289 -0.9695813059806824 0.625881 0.62004 1.710276 -0.6612444
1 32.0320930480957 -8.385171890258789 -0.2210485935211182 2.703511 1.584728 0.528234 0.8051059
3 14.57376480102539 30.62782669067383 0.1449088305234909 0.3247 0.594202 0.850978 -2.14112
4 -42.25310897827148 42.21614456176758 -1.251130342483521 0.893888 0.527461 0.878595 2.40451
3 -10.62624645233154 -5.741949081420898 -0.9980556964874268 0.629924 0.605614 1.439942 -0.1343369
4 -1.391948103904724 10.54968547821045 -0.957326352596283 1.75801 1.342954 1.887007 -0.2497557
1 14.7880916595459 9.753214836120605 -0.8021355271339417 4.157009 1.869871 1.441946 -2.345146
1 7.47042989730835 14.91300201416016 -0.8500797748565674 3.931456 1.646469 1.65295 0.831218
1 40.24160003662109 -16.71773147583008 -0.5821693539619446 1.140257 0.645297 0.508186 0.8100849
3 -9.470190048217773 -6.890701293945313 -1.065696358680725 0.6189 0.640249 1.381317 1.121427
1 3.183667659759522 -8.781030654907227 -0.9339753985404968 4.162099 1.702266 1.716072 -0.7277767
1 30.35196685791016 -6.479055881500244 -0.7592548727989197 3.165582 1.699987 1.213648 0.7991057
1 47.93707656860352 -22.25650978088379 -0.457276463508606 1.161924 0.367881 0.659252 0.7658138
1 24.62063789367676 24.81089401245117 -0.5960552096366882 4.448838 1.546984 1.600656 2.441658
4 12.22408580780029 -2.124971628189087 -1.196245551109314 1.524298 0.599424 1.171486 -0.2101223
1 -7.583643436431885 27.21797943115234 -0.5934039950370789 3.005718 1.805259 1.632916 0.832724
1 41.24587631225586 5.274640560150147 -0.3247860074043274 1.533253 1.524784 0.606826 0.8199518
3 29.69772338867188 25.40639495849609 -0.1847416460514069 0.414075 0.533174 0.761817 0.7245356
1 38.87794494628906 -16.39386749267578 -0.6417737007141113 1.751315 1.162019 0.682729 0.810573
3 33.06718063354492 20.06812858581543 -0.4223915338516235 0.437252 0.427918 1.234519 2.302994
3 8.003894805908203 -25.53581809997559 -0.4768976271152496 0.640811 0.522229 1.048547 -0.7191253
4 -4.124003887176514 -6.179851531982422 -1.173640131950378 1.689268 0.651092 1.334052 -2.130297
4 -0.5462241768836975 -10.30607128143311 -1.20442545413971 2.445222 0.825753 1.324339 -2.370987
1 35.71132659912109 10.1387186050415 -0.5362544059753418 3.351444 1.542535 1.892448 -2.32188
3 -3.748680353164673 -4.826797962188721 -1.046349763870239 0.942798 0.467355 1.612518 2.545769
1 43.70243453979492 -1.433635473251343 -0.3407862484455109 0.807844 0.479542 0.600557 0.847145
1 23.11600875854492 8.798373222351074 -0.5934818387031555 0.924039 0.428996 1.367584 2.486041
1 27.3393440246582 -3.057886838912964 -0.6768173575401306 4.401404 1.842422 1.497002 -2.313272
4 -3.028141260147095 11.58218383789063 -1.270801186561585 1.884908 0.60214 1.281384 -0.2710155
3 14.27535533905029 32.42641830444336 0.1407330334186554 0.596957 0.309238 0.886283 -0.6072196
1 -1.747782468795776 37.16364288330078 -0.04003915190696716 2.182009 1.173945 0.502121 0.7835746
1 39.17989730834961 0.891215980052948 -0.6687383651733398 2.63113 0.508939 0.776425 0.8839117
4 0.74788898229599 -10.64894962310791 -1.190818786621094 1.270175 0.915173 1.366288 -2.337441
5 -4.236503601074219 4.248146533966065 -1.467092514038086 0.275658 0.287283 0.655766 2.301619
1 -33.31968688964844 26.71146202087402 -0.9875010848045349 2.243722 1.827081 1.358292 -0.6999136