4 13.85640621185303 -4.004697799682617 -0.8544083833694458 1.847696 0.762005 1.673494 -0.07352418
3 -37.25521469116211 -8.075835227966309 -1.060314178466797 0.256605 0.337874 1.23185 -3.047925
2 1.233611464500427 19.94981575012207 -0.6300406455993652 11.864111 3.061231 3.184562 3.128258
1 -35.75670623779297 2.143466234207153 -1.333447694778442 3.522557 1.667493 1.233865 0.042867
4 -2.688881158828735 9.368006706237793 -1.011225700378418 1.41962 0.907546 1.474493 -1.600331
1 -45.88677215576172 -0.4437399506568909 -1.545452952384949 1.62401 1.916807 1.140351 0.042867
4 -1.275326609611511 10.41324329376221 -0.9218282103538513 1.852358 1.035038 1.694888 -1.600331
3 -9.061017036437988 23.07133674621582 -1.459548830986023 0.270855 0.614814 1.559354 1.935091
1 15.58608245849609 0.04128420352935791 -0.9968305230140686 3.756362 2.060432 1.505595 -0.06500275
1 32.19646072387695 -9.592954635620117 -0.9100140333175659 4.220974 1.825113 1.472935 -1.08163
5 22.78987884521484 -8.73508358001709 -1.45622706413269 0.220461 0.183016 0.365914 2.948783
4 21.40596199035645 -6.386285305023193 -0.851960301399231 1.261106 0.401329 1.633013 -0.4273283
4 -25.99168205261231 -3.827901124954224 -1.177992701530457 0.851553 0.602751 1.466516 -3.098726
3 -8.879623413085938 23.73037338256836 -1.302284717559815 0.559555 0.61663 1.493239 -0.7328335
4 14.63084602355957 -2.947117805480957 -0.8713127374649048 1.111317 0.686857 1.67727 3.068069
1 39.37354278564453 -15.11372661590576 -0.7785688042640686 2.45343 1.825195 1.556012 1.58336
1 -20.68100547790527 5.445967674255371 -1.170830368995667 4.216603 1.853229 1.474974 0.042867