3 -6.251151561737061 25.52194213867188 -1.395279049873352 0.390687 0.581041 1.635456 -1.462897
4 -17.49037933349609 7.192668914794922 -1.136160969734192 1.430485 0.84812 1.582734 -1.452096
5 6.148036479949951 -5.64402437210083 -1.407003045082092 0.239849 0.188513 0.304886 -0.8179681
4 -15.93682956695557 7.104514598846436 -1.052863001823425 1.364932 0.896425 1.695656 -1.452096
6 20.67256927490234 -26.52915954589844 -0.8065775036811829 4.199484 2.00447 0.390868 -1.359861
1 27.84686470031738 -4.444380760192871 -0.8827253580093384 4.811987 1.723881 1.519352 1.134875
1 -39.85277938842773 -2.957432985305786 -1.510889172554016 1.7618 2.01199 1.012228 0.06987366
5 13.26011085510254 -12.76515483856201 -1.305189371109009 0.225646 0.234431 0.375249 -1.033687
1 21.62180137634277 -33.03460311889648 -0.4431972205638886 2.716778 1.675702 1.037736 -1.452057
3 -31.54347610473633 22.46683883666992 -1.697170376777649 0.218327 0.600442 1.434585 3.085609
1 23.02569770812988 -19.67428779602051 -0.853932797908783 4.279706 1.813609 1.437678 -1.314945
4 6.043280124664307 -4.537601947784424 -0.9256731867790222 1.575572 0.666732 1.681173 -0.4420965
5 7.917049407958984 -6.549155235290527 -1.460896372795105 0.188054 0.157714 0.356444 -2.74912
4 -0.4192232191562653 -3.516847372055054 -0.8529310822486877 1.773671 0.876755 1.519722 -2.448007
2 -18.04486656188965 18.83245086669922 -0.5872264504432678 11.841923 2.729842 2.872461 -3.066118
4 -49.43822479248047 -7.162549018859863 -1.339515447616577 0.523516 0.575609 1.353521 -3.087732
1 1.284172296524048 5.766045570373535 -0.814558744430542 4.637978 1.901317 1.880597 0.08952594
5 12.10647201538086 -11.16741466522217 -1.349159479141235 0.261131 0.196719 0.382786 2.743045
5 38.65278625488281 -2.439574241638184 -1.256352066993713 0.272181 0.15706 0.536945 -2.638177
1 11.37798309326172 -2.002897024154663 -0.9749065041542053 3.919461 1.837038 1.468224 -0.4801596
4 13.43174076080322 -11.46212482452393 -0.8989696502685547 1.63841 0.631211 1.66314 -1.114634
5 9.370499610900879 -7.779248237609863 -1.479092955589294 0.203577 0.199077 0.456878 2.630616
1 -24.31121253967285 0.0278942734003067 -1.29932713508606 3.986375 1.679135 1.320483 0.04764027
5 11.06820392608643 -9.560079574584961 -1.492261648178101 0.145575 0.154309 0.421898 2.743045