6 13.40224456787109 10.19698905944824 -1.107173323631287 0.423317 0.457789 0.094402 -3.136419
5 18.69835472106934 -7.490585803985596 -1.365158677101135 0.254263 0.279711 0.60799 -3.060279
1 -6.833693504333496 12.66545486450195 -1.144466876983643 4.184474 0.694072 1.014799 -3.108482
1 -24.91191482543945 24.57187843322754 -1.206623673439026 4.578349 1.850546 1.70889 2.159157
4 48.19121551513672 -6.093602180480957 -1.019051671028137 0.883194 0.640575 1.272985 0.0556493
1 -21.12290191650391 14.23320579528809 -1.176723957061768 4.879376 1.657259 1.597444 -3.104577
2 53.90203094482422 16.69328689575195 0.1144587323069572 2.645708 1.589353 1.365131 -3.080017
5 27.30428314208984 -8.340548515319824 -1.406259179115295 0.143632 0.109005 0.361656 3.071652
6 -21.33763313293457 25.05006790161133 -1.674563646316528 0.302858 0.412346 0.23834 2.159157
1 -8.170104026794434 -3.153418302536011 -1.061951398849487 4.534764 1.941349 1.481507 0.05233748
4 -21.58282279968262 -10.30470180511475 -0.8163183331489563 0.917856 0.479773 1.498385 -3.061956
5 21.81623649597168 -7.459226131439209 -1.34245502948761 0.208865 0.230895 0.658848 3.120423
4 34.38206481933594 -6.30310869216919 -0.9737811088562012 0.793935 0.4951 1.177327 0.1235521
5 24.68788909912109 -7.38295316696167 -1.32348895072937 0.150985 0.053189 0.471748 -3.071288
1 -42.57254028320313 25.67377281188965 -1.525967836380005 2.554427 0.34959 0.816397 -2.14759
1 4.258481979370117 11.49838542938232 -0.9799309372901917 5.11317 1.835672 0.962892 -3.127466
4 11.25256633758545 18.94379043579102 -1.100415468215942 0.831516 0.608858 0.990557 -1.450681
6 26.61836624145508 13.490891456604 -0.8402916193008423 1.745477 1.006782 0.262842 -3.086318
1 -18.74753379821777 -0.5105302929878235 -1.152171611785889 3.761747 2.064792 1.392237 -0.03348232
4 -30.36387062072754 -9.786623001098633 -0.8596937656402588 0.855018 0.554857 1.372307 -2.925964
4 12.25235843658447 18.85701942443848 -1.395862102508545 1.24525 0.649099 1.59292 -1.364563
4 13.80784893035889 18.89738845825195 -1.469132304191589 1.56171 0.615024 1.442834 -1.14711