4 -5.298777580261231 10.2157506942749 -1.338655948638916 1.52884 0.544635 1.031407 -2.009341
4 -5.668183326721191 10.40632343292236 -1.382267355918884 1.555622 0.328582 1.020977 -2.02849
6 -14.24374771118164 -19.3161506652832 -1.519360065460205 0.848669 0.188198 0.342838 -1.897052
4 22.29034042358398 52.99753570556641 -0.3592227399349213 0.551986 0.628108 1.03484 -1.991191
3 27.36557769775391 -11.69694805145264 0.01301985420286655 0.24899 0.444616 0.408601 2.903929
3 1.345036149024963 -35.94309616088867 -0.6726624965667725 0.224347 0.527098 0.560544 -1.964386
1 16.58844947814941 -34.68959426879883 -1.093747138977051 1.993293 0.891925 0.657007 2.823559
3 -5.407368659973145 -3.568689346313477 -0.9820384979248047 0.662314 0.73153 1.780838 -1.848764
3 -19.7160816192627 15.46206188201904 -0.3977254629135132 0.357635 0.646075 0.93748 2.491209
4 -9.1529541015625 -4.913885593414307 -1.269059538841248 1.552321 0.713335 1.355932 2.802978
3 -9.509157180786133 7.48438024520874 -0.9791268110275269 0.356791 0.655455 1.272272 -1.354132
4 -7.006546497344971 2.208712100982666 -1.254148483276367 2.240888 0.679345 1.418518 3.07718
4 -7.219433784484863 1.406384468078613 -1.227588057518005 1.840708 0.684221 1.360186 2.994413
3 -5.264120578765869 -4.404271602630615 -1.052485108375549 0.577881 0.626124 1.623673 -2.135536
4 -8.126540184020996 -1.569865345954895 -1.317199110984802 2.054884 0.700124 1.332063 2.796195
1 22.83004379272461 25.96501922607422 -0.6827298998832703 0.913258 1.473026 0.929714 -0.1039613
3 33.91008758544922 0.6384420394897461 0.5462894439697266 0.392925 0.299528 0.828079 -0.2526291
1 0.3311384618282318 17.70738220214844 -1.041712880134583 4.495588 1.751178 1.471452 -1.823517
1 10.37400913238525 -18.29981231689453 -0.8517287373542786 2.283956 1.629541 1.468646 2.860662
1 -19.96245956420898 -43.01363372802734 -1.451661944389343 3.820994 0.931887 0.941455 -1.777441
3 -19.41445732116699 -20.57634735107422 -0.8488383889198303 0.394294 0.422199 0.724307 -1.867891
4 -7.931183338165283 0.3025257587432861 -1.273432612419128 1.98082 0.656168 1.343816 2.62689
1 -23.12152481079102 -51.98904418945313 -1.241574645042419 2.176947 1.329326 1.529014 -1.879978
3 -23.68122863769531 -32.21828842163086 -0.7978817224502563 0.261274 0.623416 1.00145 -2.478291
1 19.5279655456543 9.264947891235352 -0.5188368558883667 4.276666 1.537826 1.304857 -0.2985267
1 -1.556271314620972 12.3056755065918 -1.0570228099823 4.050281 1.844475 1.505455 -1.861062
1 -6.433626651763916 -6.430660724639893 -0.9881796836853027 4.163912 1.817467 1.699706 -1.860829
1 5.14687442779541 -36.11925888061523 -0.570292055606842 1.913107 0.587725 1.156171 2.92667
4 7.365549564361572 0.4228195250034332 -1.169799327850342 1.614006 0.617435 1.180169 -1.730317
1 24.4312858581543 -25.14015960693359 -0.9598008394241333 1.983641 1.741836 1.154385 2.950306
3 -3.529128789901733 36.09689712524414 -0.4866141676902771 0.239796 0.484164 0.938403 -1.834361
3 -10.05134296417236 5.815272808074951 -1.023270130157471 0.749303 0.613651 1.431182 -0.1691583
4 -8.966570854187012 -3.763480424880981 -1.291403412818909 1.778722 0.756246 1.297371 2.597122
3 -6.654356956481934 -3.972226858139038 -0.8807650208473206 0.274729 0.340353 0.746038 -1.532575
4 7.728890895843506 2.153525829315186 -1.07670521736145 1.777895 0.801291 1.388393 -1.296366
1 7.455562114715576 -29.98089027404785 -0.8831368684768677 3.300271 1.620954 1.174583 2.889071
3 33.52124404907227 -0.1196844950318337 0.5612634420394897 0.149911 0.262153 0.443395 -0.3463185
1 31.07651519775391 8.332268714904785 -0.4008200764656067 4.409502 1.759963 1.597251 -0.3312481
1 28.22453308105469 -1.561915397644043 -0.3501507639884949 2.789904 0.589744 1.429724 -0.2628704
1 24.82931709289551 -27.78958129882813 -0.629691481590271 3.344834 1.568137 1.671218 2.84392
4 8.373687744140625 4.303667545318604 -1.148028492927551 2.206319 0.860476 1.234161 -1.388043
3 34.25266265869141 0.9930757284164429 0.3992219269275665 0.113004 0.355923 0.869881 -0.2770509
3 -5.933420658111572 -4.287324905395508 -1.11101245880127 0.570569 0.541216 1.555362 -1.773543
1 -14.09157085418701 -40.75725173950195 -1.209939956665039 2.86272 1.800977 1.405694 -1.845638
4 6.991916179656982 -1.620550155639648 -1.052557706832886 1.868108 0.665579 1.430576 -0.2469658
4 -5.315431118011475 2.519732475280762 -1.044880867004395 1.681074 0.698987 1.645392 -1.795528
4 -18.15445518493652 -36.906982421875 -0.9205342531204224 0.417522 0.584023 0.865507 -2.386936
4 -8.120999336242676 -0.7767812013626099 -1.284383416175842 1.865925 0.69407 1.321622 2.649915
3 34.5993537902832 1.452553868293762 0.2708181738853455 0.515923 0.556407 0.607472 -0.2664282
3 33.93564224243164 0.2255439460277557 0.4704618155956268 0.189118 0.343792 0.674305 -0.3198772
4 9.510299682617188 7.87945556640625 -1.13145911693573 1.937101 0.777915 1.344739 -1.332527
4 9.331326484680176 6.022341728210449 -0.867458701133728 1.791846 1.560514 1.836474 -1.351949
1 21.19151115417481 18.6295166015625 -0.4476094245910645 3.104123 1.512255 1.916288 -0.2631568
1 4.726160526275635 -5.260378837585449 -1.059641003608704 4.318617 2.02721 1.443583 2.71141
1 12.26001930236816 -16.26890754699707 -0.8413671255111694 4.474582 1.779208 1.486157 2.883061
1 20.05031204223633 12.02877807617188 -0.4335503280162811 3.462746 1.836431 1.905503 -0.3139443
1 19.91242980957031 14.1543140411377 -0.4562779664993286 1.955304 1.68586 1.662208 -0.3164102
4 0.6015270352363586 -17.31247901916504 -1.09269917011261 2.192428 0.663235 1.459687 1.290809
4 2.042323589324951 -17.75687789916992 -1.175191164016724 2.151247 0.639993 1.326892 -1.692823
4 4.130590438842773 -9.748560905456543 -1.18876576423645 1.927632 0.742128 1.298975 0.7345506
1 16.91031646728516 -0.1205478981137276 -0.5790146589279175 3.984277 1.782423 1.487192 -0.2560937
1 9.218547821044922 -25.97846221923828 -0.7216050624847412 4.566642 2.155939 1.611352 2.83261
1 11.96541404724121 -8.027162551879883 -0.6910101175308228 4.956997 2.016309 1.703941 2.840304
4 -8.524988174438477 -2.81391191482544 -1.296526670455933 2.180646 0.735038 1.326814 2.878141
1 36.7905158996582 -18.79373359680176 -0.2385231554508209 4.060286 1.732495 1.734226 -0.003534657
1 6.722317218780518 -32.19442367553711 -0.4329666793346405 3.158436 1.247536 0.545156 2.92002
4 5.83004093170166 46.74065017700195 -0.5842099189758301 0.604283 0.482666 1.002749 -1.684522
3 25.00412940979004 -9.317387580871582 -0.5305649042129517 0.674905 0.706726 1.508641 2.778608
4 6.288810729980469 -0.7333439588546753 -1.177388191223145 2.043279 0.79765 1.164855 -0.3963369
4 9.933576583862305 9.465130805969238 -1.113032579421997 1.720296 0.590944 1.27501 -1.519585
1 32.9959831237793 -11.41712188720703 -0.361869752407074 4.294891 0.947644 1.539457 1.309871
4 11.49939060211182 13.85499382019043 -1.173378586769104 2.243815 0.686812 1.21653 -1.94227
4 3.618517160415649 -11.8516902923584 -1.218990683555603 1.718604 0.571312 1.261942 -1.323334