4 -3.411090135574341 -5.437846183776856 -0.9851561784744263 1.61068 0.722851 1.6427 0.0005543242
3 56.64450836181641 -8.969477653503418 -0.4056388735771179 0.126064 0.342125 1.010249 -0.5393191
1 16.64380264282227 -20.93599510192871 0.501990020275116 1.195312 0.721033 0.966726 -1.575164
3 -21.56658172607422 -9.534177780151367 -0.5826789736747742 0.210962 0.397094 1.001731 -0.006334129
1 14.53488349914551 -21.18743324279785 0.03215690329670906 1.678106 1.155078 0.634495 -1.579885
1 4.683939933776856 -21.98198318481445 0.1173578053712845 3.185224 1.699519 1.022747 -1.521506
3 58.16009521484375 -10.74363040924072 -0.2328695952892304 0.469484 0.432949 1.413948 2.30635
3 -21.67239952087402 -10.06013488769531 -0.3685280680656433 0.248278 0.475312 0.908876 -0.08293968
1 -11.95412731170654 11.42462825775147 -1.169358611106873 3.741049 1.592408 0.640255 3.139801
2 40.73876571655273 0.3795746564865112 0.1016257330775261 3.755779 2.703949 3.062289 -0.001791934
1 -5.054707050323486 3.283637285232544 -0.8504670262336731 5.20365 2.001078 1.960095 0.0
1 -2.534761905670166 -22.44998550415039 0.07990261912345886 4.443258 1.525811 1.086958 -1.509893
6 -40.96767807006836 -2.209192276000977 -1.685092091560364 0.545753 1.534967 0.321195 -0.001727888
1 -0.2692723870277405 -21.31540107727051 0.0697103962302208 1.707626 1.536854 1.061985 -1.564172
1 -12.7583703994751 -20.99384689331055 -0.4654338359832764 1.233084 1.670017 0.540214 -1.565454
4 -1.142263412475586 -5.981927394866943 -0.9964589476585388 1.571228 0.654112 1.565115 0.0005543242
4 52.68229675292969 -7.980703353881836 -0.5729250907897949 1.163444 0.562766 1.432012 0.2895318
1 12.26600456237793 -21.08765411376953 0.02528105303645134 0.825078 1.657823 0.585852 -1.517719
1 -7.40023136138916 -22.18420791625977 0.06282723695039749 3.444434 1.669666 1.135567 -1.554421
1 16.1271915435791 3.595735788345337 -0.9792522192001343 4.050029 1.598275 1.514156 0.01758495
4 -17.92247772216797 -6.123825073242188 -0.9082691073417664 1.158149 0.501173 1.285196 0.03276996
1 8.154217720031738 3.5637526512146 -1.019176483154297 4.229982 1.78054 1.503661 0.01981839
1 -4.928843975067139 -22.31039619445801 -0.07959387451410294 3.988557 1.679576 1.072828 -1.505603
1 -5.837347030639648 -2.551344156265259 -1.113633632659912 4.259265 1.986924 1.38669 -0.01780237
6 30.5575008392334 2.816869974136353 -1.077522397041321 0.501756 0.491751 0.596836 -0.001791934
1 2.140937328338623 -21.08748435974121 0.08419305831193924 1.819028 1.412643 1.067575 -1.573637
3 57.07025146484375 -9.441784858703613 -0.3910332024097443 0.220845 0.592939 1.049801 -3.133414
3 58.03981399536133 -8.1607027053833 -0.4082001447677612 0.232355 0.501494 1.046141 -2.373713
1 18.56147766113281 0.7404088377952576 -0.77433180809021 2.456559 1.733535 1.76742 -0.001791934
1 1.853549122810364 3.514608383178711 -1.029292821884155 4.331148 2.110421 1.450201 -0.005276736
4 -0.9567549228668213 21.08058166503906 -1.54254162311554 1.426041 0.587753 1.45683 -0.004834112
1 -9.764226913452148 -20.79360961914063 -0.3731322288513184 1.054654 1.114471 0.595874 -1.580652
1 23.73864364624023 3.223554611206055 -0.8063133955001831 4.456924 1.700279 1.788795 -0.001791934