5 10.00031566619873 18.7377872467041 -1.540678977966309 0.266714 0.274264 0.437487 -1.340588
5 10.14022254943848 12.7477912902832 -1.643332600593567 0.216097 0.23218 0.446012 -1.380956
1 20.6824951171875 50.90749359130859 -1.34188973903656 0.690289 1.418291 1.119224 0.9295025
1 -5.335027694702148 35.29134750366211 -1.231756448745728 3.3768 0.529688 0.979008 -2.166946
3 17.03820037841797 -21.72204971313477 -0.8023836612701416 0.378755 0.481166 1.090933 -0.6163903
5 -8.705859184265137 -7.894161224365234 -1.406437039375305 0.151353 0.199149 0.311116 -2.705891
5 -5.021505355834961 -6.788990020751953 -1.515408515930176 0.175839 0.171813 0.381515 -2.705891
5 12.07483005523682 8.546500205993652 -1.570359945297241 0.169495 0.252718 0.41019 -1.380956
4 -18.3886833190918 -15.99037551879883 -0.8172444701194763 1.204368 0.736681 1.308486 0.978548
6 37.66605377197266 -28.07412528991699 -1.286284923553467 0.397521 0.436018 1.304729 2.535982
5 -6.910643577575684 -7.161223411560059 -1.476364016532898 0.127408 0.144858 0.30607 -2.705891
1 10.17405223846436 31.20456886291504 -1.391600131988525 4.087903 1.816458 1.194023 1.053378
6 22.24406242370606 -14.15907382965088 -0.6110329031944275 0.97915 0.485237 0.256823 -0.5736253
2 -43.24081802368164 -10.60286521911621 0.2455381453037262 11.718442 2.594553 2.577274 -2.21209
4 22.3757266998291 40.34905242919922 -1.233598589897156 0.917478 0.511419 1.232153 -2.241975
5 2.92780327796936 -7.688860416412354 -1.461593151092529 0.218718 0.339002 0.442653 -2.744574
4 -32.63425827026367 -18.61225128173828 -0.8040406703948975 1.336967 0.816317 1.196785 -0.4787623
5 11.32194995880127 9.854679107666016 -1.642046928405762 0.209152 0.205295 0.51446 -1.380956
5 9.871034622192383 14.40606212615967 -1.64116632938385 0.258011 0.162288 0.367122 -1.380956
5 1.251005172729492 -7.196848869323731 -1.445075988769531 0.226488 0.337574 0.477753 -2.744574
1 -20.91853141784668 -13.59069442749023 -0.8350657820701599 4.08699 2.058464 1.570647 0.8980314
4 3.980731010437012 -7.025381088256836 -1.028050541877747 1.874881 0.750065 1.677561 -0.3651844
1 -8.946786880493164 -3.043709516525269 -0.9353859424591064 4.018712 1.779633 1.543207 0.5149441
3 16.98409461975098 -21.00849723815918 -0.7923153638839722 0.380048 0.367077 1.090887 -0.6163903
5 9.897011756896973 16.29923248291016 -1.56121826171875 0.165513 0.194986 0.408086 -1.380956
1 43.43535232543945 -22.60966682434082 -1.338068008422852 3.722698 1.719667 1.328838 -0.5736253
4 -31.63483619689941 -17.13625335693359 -0.7715991139411926 1.379758 0.856951 1.639554 -0.9229544
4 17.0462818145752 -14.1497745513916 -1.186056137084961 0.840699 0.615817 1.660216 -0.4122286
5 -0.6845981478691101 -6.950544834136963 -1.422282099723816 0.234661 0.256785 0.33677 -2.744574
5 13.44044494628906 6.772048473358154 -1.598178863525391 0.169316 0.161931 0.418412 -1.380956
1 16.32661247253418 -10.38400650024414 -1.202971696853638 3.915959 2.017224 1.455781 -0.5736253
5 -2.569569826126099 -6.703216075897217 -1.532026767730713 0.229705 0.239035 0.479778 -2.705891
1 13.24106407165527 -4.821655750274658 -1.114486455917358 3.793124 2.074376 1.495184 -0.4588585
5 10.68332195281982 11.15767097473145 -1.644038796424866 0.193459 0.193357 0.425668 -1.380956