1 -10.89419174194336 14.87758255004883 -1.080104351043701 1.481906 1.555848 0.78418 3.102465
1 25.44885444641113 27.02370834350586 -1.623255372047424 4.445387 1.114532 1.033669 2.017403
1 -31.72206115722656 12.88002300262451 -0.9891712665557861 0.793765 1.038375 0.586886 3.088816
6 -25.66266250610352 21.57356452941895 -1.428851127624512 0.344086 0.152514 0.447831 3.081263
1 18.98187446594238 41.48068618774414 -1.860523462295532 3.788508 1.801975 1.445348 1.539183
1 4.180416584014893 27.17118835449219 -1.469130992889404 4.368143 1.821851 1.083767 -2.264457
1 8.675206184387207 -28.32106971740723 -0.2526785135269165 3.469985 1.680265 1.272844 3.101294
4 -40.65939331054688 -12.91273403167725 -1.174361824989319 0.690183 0.352563 1.672872 2.101222
4 14.01237392425537 25.24873542785645 -1.472361922264099 1.656618 0.651989 1.650959 -0.910832
6 58.44494247436523 -8.191645622253418 -0.9159918427467346 0.408964 0.471565 0.89811 -0.04482057
1 -15.8455924987793 1.111332893371582 -1.141699075698853 3.77793 2.002411 1.398693 -0.08563006
1 16.12196159362793 11.30190944671631 -1.246977090835571 3.941181 1.221456 1.49438 3.083019
1 7.151763916015625 -30.69016075134277 -0.5899564027786255 0.643641 0.971099 0.84722 3.093645
1 6.578965187072754 -2.18596076965332 -1.007301092147827 4.347993 1.901406 1.540824 -0.04144004
3 -25.7038745880127 -7.4652099609375 -0.867643415927887 0.741898 0.71008 1.511229 0.005881581
3 55.44459915161133 -11.83539009094238 -0.4497302174568176 0.522791 0.559527 0.740271 0.05674628
4 -23.15316200256348 20.93097305297852 -1.525751113891602 0.737169 0.603477 1.216116 3.086958
3 42.90232086181641 -11.28423404693604 -0.6234505772590637 0.470973 0.870656 1.222337 1.575609
1 25.42196464538574 13.20772457122803 -1.013704776763916 3.66252 1.885663 1.055416 3.041474
1 8.426711082458496 -37.77429580688477 0.1461377292871475 2.110083 0.627184 0.923394 3.084282
1 47.20387649536133 15.04004573822022 -0.9811539649963379 3.352009 1.456267 1.268227 2.958838
1 8.919414520263672 -25.70498085021973 -0.437514454126358 4.295003 1.31427 1.306844 3.065124