1 -10.19282054901123 10.96952247619629 -1.179011106491089 2.250586 1.417269 1.417969 -1.341936
3 -7.03884220123291 -54.62955856323242 0.1258951723575592 0.438696 0.244245 0.744999 -0.1695275
1 14.89406108856201 -11.21168041229248 -0.7257182598114014 2.023097 1.760984 1.468998 0.1802406
3 -25.10489654541016 38.27793121337891 -0.8299127221107483 0.453455 0.746073 0.940264 1.764824
3 -6.33904504776001 -43.2552375793457 -0.6589161157608032 0.569867 0.208485 0.694056 -0.01043953
1 31.61347198486328 -26.59712791442871 -0.5616315007209778 1.947075 0.636357 1.09789 -3.070224
3 18.85237884521484 3.01339602470398 -0.4900678396224976 0.589492 0.669781 1.641003 0.2741499
3 -5.159363269805908 -6.558668613433838 -0.9752221703529358 0.499793 0.714169 1.759584 -1.683902
1 6.551116466522217 26.44356536865234 -0.2266261875629425 2.677208 1.666475 1.461673 0.2219148
4 12.09810256958008 -42.58428192138672 -0.8827773332595825 0.613137 1.082924 1.111794 -2.912969
4 -10.0286808013916 -1.40314531326294 -1.261941075325012 2.087248 0.850766 1.335562 -2.903098
1 11.74176597595215 7.873293399810791 -0.635712206363678 3.386358 1.674677 1.602821 0.1994205
4 7.29094123840332 -14.59900569915772 -1.068691849708557 1.946521 0.658285 1.394634 -1.288247
1 18.2756290435791 30.93834495544434 -0.2250426262617111 3.926187 1.056672 1.249606 0.09345102
4 3.279537677764893 4.196447849273682 -1.178303956985474 0.778297 0.913966 1.146061 0.2949708
1 33.84655380249023 -19.72504425048828 -0.1076546236872673 2.381577 1.002352 0.605196 2.89518
4 -8.909618377685547 -7.662687301635742 -1.284364461898804 1.6134 0.751387 1.333227 -3.13483
3 -5.6611008644104 -6.272023677825928 -1.063180923461914 0.711343 0.480727 1.622982 -1.980304
4 -9.714012145996094 -2.262861728668213 -1.276855230331421 1.4189 0.588825 1.326512 -2.93292
1 20.70295524597168 11.86370944976807 -0.518831193447113 0.849592 0.768068 0.665606 0.6545981
1 10.71656227111816 -1.318005681037903 -0.7721539735794067 4.143318 1.935023 1.4629 -2.949683
4 0.60786372423172 17.65095138549805 -1.213005423545837 1.801469 1.087524 1.135017 1.744956
4 -8.905795097351074 -8.92119026184082 -1.282306671142578 2.05094 0.960886 1.351234 -2.934143
4 -5.023990631103516 38.37498092651367 -1.031303524971008 0.644122 0.566379 1.535246 1.735455
4 9.048307418823242 -4.634232044219971 -0.8838409781455994 0.590134 1.87166 1.389791 -2.92543
4 -5.680263042449951 -19.67190551757813 -1.026900291442871 0.815579 0.494461 1.486224 -1.105832
3 -8.104060173034668 -37.57581329345703 -0.6251425743103027 0.429733 0.247395 0.76587 2.915393
1 7.405105590820313 21.70989990234375 -0.5650228261947632 1.128386 1.444588 1.562667 0.2272962
1 -5.725183010101318 4.180932521820068 -0.9774913191795349 4.110569 1.876013 1.655907 -1.341507
1 18.31168746948242 -1.010074853897095 -0.5073606967926025 4.038514 1.858359 1.685482 2.635531
4 1.36558735370636 13.03965473175049 -1.168561100959778 1.889496 0.782871 1.15789 -0.9229568
1 -5.550941467285156 -8.87195873260498 -0.9936009645462036 4.374862 1.992594 1.740058 -1.353937
4 3.299123048782349 5.1707763671875 -1.103827714920044 0.944475 0.835439 1.344473 0.323364
3 -10.17385292053223 -31.21363639831543 -0.7689235210418701 0.677603 0.475579 0.861796 1.856105
1 7.742507934570313 19.55252456665039 -0.3569051027297974 1.170604 1.755667 1.474798 0.3407048
4 12.88101100921631 -19.32306671142578 -0.4604690372943878 1.16323 0.829486 1.136888 -3.111246
1 17.27181816101074 -18.54227447509766 -0.6258980631828308 3.859518 2.109705 1.691875 -2.94291
3 -6.771263122558594 -6.092907428741455 -1.008465051651001 0.714697 0.569809 1.772412 -0.08680708
1 31.67476463317871 5.675154209136963 -0.2527864873409271 4.460091 1.381464 1.580439 1.864135
3 -16.00307464599609 1.707690119743347 -0.9350575804710388 0.35774 0.535006 1.579398 -0.4457765
4 5.601407051086426 -8.378904342651367 -1.162786722183228 0.652027 0.527173 1.204959 -1.42388
4 -8.94274616241455 -6.544915199279785 -1.300628781318665 1.956052 0.695363 1.283041 -2.981669
1 -1.352278351783752 -13.52993965148926 -1.034438610076904 3.6017 1.789192 1.572774 -1.382353
3 31.50163841247559 2.783995866775513 -0.1829639822244644 0.443849 0.769829 1.123631 3.000966
4 4.044244766235352 1.902141451835632 -1.062395453453064 1.820732 0.893452 1.415838 0.3805888
1 -11.06788158416748 15.71002674102783 -1.169920921325684 4.542562 1.718786 1.415726 -1.349723
4 2.883408784866333 2.37501072883606 -1.154465913772583 1.805212 0.848173 1.186312 0.3136857
1 15.6670093536377 -8.44510555267334 -0.7166361808776855 4.366867 1.775512 1.484844 -2.861399
1 38.22146224975586 0.7446634769439697 0.01155364234000444 3.449769 1.699827 1.754644 0.4864447
4 2.340985774993897 7.681178092956543 -1.167760491371155 1.854719 0.775859 1.232081 -1.013565
4 2.735825538635254 5.941370487213135 -1.160918474197388 1.084522 1.102952 1.187238 0.5139496
1 28.79107856750488 -22.72047805786133 -0.5855498909950256 3.030241 1.275476 1.197076 -2.881258
4 5.310237884521484 -6.648885726928711 -1.09629213809967 2.057839 0.738824 1.3214 1.214151
1 19.41645812988281 -29.3470401763916 -0.535030722618103 1.968447 0.808563 1.484318 2.989281
1 18.25374984741211 -25.42627716064453 -0.207673117518425 2.699193 1.464905 0.534261 -2.981864
3 -6.451376438140869 -6.709471225738525 -1.004445314407349 0.510898 0.606188 1.735303 1.853605
4 -17.80892944335938 32.4503288269043 -0.8228058815002441 1.004868 0.653454 0.777703 -1.382022
4 -9.987604141235352 -3.457098007202148 -1.292479634284973 1.997111 0.713674 1.325185 3.012708
1 8.672667503356934 17.22807312011719 -0.4353223741054535 2.04909 1.45495 0.865871 0.2272377
4 2.302960872650147 9.142318725585938 -0.8928786516189575 2.282414 0.77902 1.876194 -0.6980026
1 22.6619987487793 -9.61852741241455 -0.6667407155036926 2.39981 1.112057 1.516048 1.77522
4 -9.689225196838379 -4.635620594024658 -1.339662551879883 2.165402 0.66573 1.238151 3.046024
4 -9.280467987060547 -5.418292045593262 -1.331988573074341 2.040733 0.576991 1.188922 -2.94772
1 32.10152816772461 -12.58788394927979 -0.1177625060081482 3.577625 1.442318 1.369982 -2.900049
4 10.2192268371582 -9.236644744873047 -0.6460691690444946 0.802058 0.500866 0.781278 -2.225236
4 1.402441382408142 11.7051477432251 -1.177878618240356 1.23829 0.781573 1.289149 -0.8569436
1 30.99918937683106 -10.37516307830811 -0.7213503122329712 2.79523 2.037444 1.089509 3.070193
1 17.99252319335938 -22.90826225280762 -0.8318346738815308 3.169747 1.742975 1.432638 -2.904643
1 20.4091739654541 22.0937557220459 -0.4170467257499695 4.417524 1.816958 1.587917 0.161214