4 -54.74251174926758 19.02719688415527 -1.110939264297485 2.336895 0.752965 1.252654 -0.153949
3 -43.30794525146484 24.63249206542969 -1.042781352996826 0.415544 0.357026 0.807574 -0.1102908
3 -3.131453514099121 36.01153564453125 -1.092814803123474 0.413227 0.660067 1.399644 0.4911472
3 -2.387429714202881 35.39652633666992 -1.063967704772949 0.555614 0.623249 1.366227 0.9970263
3 -1.560288429260254 34.93952178955078 -0.9910826086997986 0.586369 0.470358 1.585505 1.006257
1 10.37663459777832 35.22755432128906 -1.423807859420776 4.048033 0.915649 1.395149 -0.1641655
3 31.2705192565918 8.736811637878418 -0.5076714754104614 0.482067 0.390787 0.65121 -0.08365984
4 2.618127584457398 7.369156360626221 -1.413858652114868 1.571379 0.802936 1.160166 1.22041
4 2.138602256774902 -6.235639572143555 -1.062705039978027 2.143023 0.633239 1.34894 -1.651356
1 19.46240234375 13.82396507263184 -0.9256864190101624 2.178801 1.258219 0.848098 -1.749139
1 57.0118293762207 -15.61728477478027 -0.2227444350719452 2.153461 1.454864 1.372147 -0.1742324
3 32.49277496337891 -16.3852596282959 -0.05318702012300491 0.28354 0.404605 0.863047 -0.177857
4 -14.76438617706299 -4.340386867523193 -1.033524632453919 0.634571 0.236769 0.596702 -0.0808102
4 1.565551161766052 8.430652618408203 -1.466965317726135 2.115502 0.617356 1.192298 -0.1171706
1 45.49508666992188 9.032768249511719 -0.8434351682662964 2.082694 0.599607 0.88539 -1.747206
3 15.94393920898438 10.13613891601563 -0.8587671518325806 0.283096 0.606964 0.615606 -0.1693324
1 -11.65524005889893 18.49698638916016 -0.8276756405830383 2.761377 1.751915 1.902092 1.459848
1 58.61562347412109 -8.828031539916992 -0.5462244153022766 0.66697 1.460787 0.729283 -0.1742324
3 6.132297515869141 15.14200115203857 -0.7070581912994385 0.355453 0.562332 0.638005 1.437665
3 17.91497421264648 21.03634452819824 -0.8489635586738586 0.302259 0.433232 0.666338 -1.662124
1 -9.097081184387207 18.38515853881836 -1.218302845954895 2.18015 1.542608 1.201012 1.383419
1 17.37631034851074 15.28382205963135 -1.143338441848755 4.427112 1.75495 1.292688 -1.683361
3 7.401750564575195 -3.807594060897827 -0.8581941723823547 0.475135 0.651164 1.784647 -0.3974601
4 4.351820945739746 -6.433660984039307 -1.096284508705139 1.011553 0.440084 1.273026 -1.798503
1 31.58721542358398 12.14918804168701 -1.073557376861572 3.404094 1.552677 0.827079 -1.700992
1 -9.30616283416748 31.10772514343262 -1.392424821853638 4.332384 1.747085 1.675118 1.324866
4 -45.11226272583008 12.90674781799316 -1.550628662109375 1.180979 0.544863 1.132079 3.089257
1 -18.40289306640625 20.32024955749512 -0.8936766386032104 3.829754 1.612882 1.593085 1.404953
3 4.250885486602783 -5.149579048156738 -0.9004679918289185 0.469483 0.481821 1.681336 0.5794583
1 9.772017478942871 17.57026672363281 -1.178455352783203 3.844712 1.802786 0.983834 -1.734581
3 -1.956314086914063 -9.405868530273438 -0.7044821977615356 0.499095 0.581163 1.147403 2.019029
4 -17.07946395874023 11.13483047485352 -1.321104645729065 1.065822 0.561408 1.677666 2.963002
1 -7.033292770385742 1.528350949287415 -1.066905617713928 4.136394 1.754073 1.526297 -0.1752732
3 -3.619720220565796 -9.111122131347656 -0.7884314060211182 0.406755 0.511788 1.424023 0.3551151
4 8.596720695495605 -7.484890460968018 -1.024788618087769 1.970524 0.930431 1.362276 -1.834677
4 -4.192969799041748 9.458709716796875 -1.191620349884033 2.003008 0.922012 1.856898 0.3823327
4 -7.134054660797119 -5.710831642150879 -1.253268957138062 1.779035 0.469078 1.0901 -0.3499061
3 14.91712379455566 10.64499568939209 -0.821601390838623 0.364789 0.321895 0.991631 -0.2001678
1 27.20749664306641 13.53055000305176 -1.114570736885071 4.610071 1.807916 1.63464 -1.708791
4 -6.853731632232666 -5.281035900115967 -1.261177659034729 1.67982 0.628077 1.104188 -0.3499061
1 27.1953010559082 28.98227691650391 -1.370791435241699 3.571136 1.395059 1.763315 1.428717
6 46.00098037719727 -13.51558589935303 -0.565786600112915 0.144075 1.143518 0.268825 -0.2232341
1 54.77044677734375 7.562642574310303 -0.9126076102256775 1.102154 0.226903 0.772122 -1.80705
4 -0.4363332390785217 8.537569046020508 -1.388596177101135 1.906153 0.786734 1.351924 0.07100455
1 0.6628515124320984 18.00436019897461 -1.237053871154785 3.817721 1.818832 1.714192 1.404031
3 6.130372524261475 -3.632393836975098 -0.8801140785217285 0.578847 0.626055 1.778061 -3.7146e-16
4 11.86650085449219 6.434024810791016 -1.359058618545532 1.833274 0.730983 1.281017 2.406133
4 13.56319904327393 6.005743503570557 -1.358876824378967 0.715256 0.46182 1.21993 0.1793238
4 3.408362150192261 8.292380332946777 -1.409377455711365 1.69839 0.723395 1.317909 1.425179
1 9.766264915466309 -4.191080093383789 -0.8880833983421326 4.099702 1.418122 1.706671 -0.1631564
4 -7.8735671043396 9.960088729858398 -1.502097725868225 1.769624 0.739845 1.294575 0.2602335
3 6.858808517456055 -4.597560405731201 -0.8459151983261108 0.681343 0.534915 1.829498 0.4221216
4 5.241262435913086 -6.592912197113037 -1.101636409759522 1.89657 0.680721 1.255546 -1.819258
4 -6.181897163391113 9.700390815734863 -1.480068802833557 2.023838 0.742454 1.353321 0.3398347
4 20.10927391052246 5.400525569915772 -1.173550605773926 2.213742 0.616611 1.195053 0.05489169
3 14.84464359283447 11.23414707183838 -1.058392405509949 0.511145 0.427455 0.607079 -0.2001678
4 1.290792107582092 -5.929605960845947 -1.039448618888855 2.249971 0.719074 1.391613 -1.52593
4 3.702226400375366 -4.392258167266846 -0.9138837456703186 1.73211 0.727273 1.670969 -0.183853
6 6.644982814788818 -3.4844810962677 -1.127390623092651 0.476249 0.590499 0.567105 -1.570018
1 59.804443359375 -12.24765300750732 -0.412879228591919 2.16288 1.269558 1.047181 -0.2354027
1 -14.9160966873169 -0.5507131218910217 -1.122060418128967 4.521439 1.71556 1.481428 -0.1752732
4 6.439357757568359 -6.505612850189209 -1.083208084106445 1.352878 0.709067 1.263818 -1.744036
1 -52.63829040527344 8.424385070800781 -1.122777581214905 2.287532 1.798733 1.345132 -0.2083224
1 17.25260162353516 39.25453186035156 -0.9716755747795105 2.422926 1.522446 0.931254 1.701423
4 7.544095516204834 -7.176626682281494 -1.044508934020996 1.606807 0.775373 1.3137 -1.834677
1 37.79926300048828 10.35019683837891 -0.6795545220375061 1.254655 0.317683 0.747263 -1.672617
3 7.229563236236572 -3.193488597869873 -0.9566776752471924 0.545424 0.707371 1.585923 -1.347151
1 -9.31245231628418 -1.771364331245422 -1.085472583770752 4.09863 1.92217 1.492081 -0.1652244
1 -25.52354240417481 21.01543807983398 -1.394198536872864 1.460206 0.933138 0.902914 1.470945
3 18.47241020202637 35.33795547485352 -1.071162343025208 0.254796 0.392895 0.453894 0.9658787
3 44.89546966552734 -19.40610694885254 -0.02322485111653805 0.173234 0.390419 0.888663 -0.1776498
1 33.90605545043945 11.47657775878906 -0.5094923973083496 2.760026 1.216434 0.522753 -1.680969
1 -13.85509014129639 19.14441680908203 -1.121321558952332 1.743749 1.790916 1.486842 1.459848
1 -0.2538708746433258 28.26201248168945 -1.269782662391663 2.394962 1.628434 1.461002 1.378982
4 3.405414581298828 -6.445445060729981 -1.060880303382874 1.514231 0.711906 1.345266 -1.948057
4 -12.61366748809815 10.99808311462402 -1.48673951625824 1.823864 0.714019 1.352845 2.75237
4 -2.505397081375122 9.03217601776123 -1.469133138656616 2.014861 0.706568 1.296482 0.2602335