1 -35.19925308227539 -4.065931797027588 -0.9078913331031799 3.893504 1.236659 1.466707 0.01045942
1 2.12821626663208 -3.968181610107422 -1.060392498970032 4.368032 1.906685 1.473742 0.0
1 24.70169448852539 -3.780898332595825 -0.9930073618888855 4.00317 1.800817 1.561774 0.03319073
1 32.35208892822266 -3.346336603164673 -1.250179648399353 3.446462 0.840382 1.039647 0.007207398
3 -36.30378723144531 -13.26784038543701 -0.45219686627388 0.240475 0.504995 1.011179 0.02821609
1 -40.57363128662109 -3.665939092636108 -1.22079598903656 0.885256 0.522318 0.509234 0.01576307
1 42.59470367431641 -3.410370826721191 -1.158639788627625 0.522863 0.966704 0.534168 0.0
3 -15.51183414459229 -7.947460651397705 -1.126309037208557 0.661409 0.483941 1.381377 1.606028
1 -27.81512641906738 -4.457170963287354 -0.9193640351295471 4.041653 1.833524 1.380588 0.01576307
3 35.58853149414063 11.63535499572754 -0.4280217587947846 0.326837 0.394069 0.829608 2.232211
1 -20.39724731445313 -0.2304985821247101 -1.050624132156372 4.010233 1.70956 1.405334 0.01576307
1 36.25355529785156 0.08227640390396118 -0.9374573826789856 1.74082 1.897031 1.381446 0.004990543
3 35.44821548461914 12.68850517272949 -0.5148181319236755 0.467608 0.33651 1.000733 -1.497144
4 -23.6343879699707 -7.15207576751709 -0.4120672643184662 0.44643 0.568431 0.515983 -0.05650607
1 -13.98306560516357 -4.159988403320313 -1.029911160469055 4.706418 1.923505 1.51658 0.002735782
3 28.20801162719727 12.29434013366699 -0.5753382444381714 0.409578 0.651241 0.812817 3.094326
4 0.03758125007152557 -6.649800300598145 -1.02710497379303 1.428515 0.781363 1.61125 0.007192573
3 -36.83121871948242 -12.99470233917236 -0.365911602973938 0.350988 0.343934 0.832168 0.02821609
1 -40.32575225830078 -1.144107222557068 -0.7474921941757202 2.409264 2.127457 1.535434 0.01997734