1 -46.72353744506836 -4.800930976867676 -1.428550124168396 4.018176 1.658435 0.902054 -2.828971
1 -33.55500411987305 -0.7425963282585144 -1.402411103248596 4.063473 1.556596 1.161297 -2.865388
3 -42.12388229370117 4.799525260925293 -0.7840545773506165 0.368665 0.488091 0.900658 -2.874605
5 -4.823962688446045 -6.086959838867188 -1.483647108078003 0.196514 0.227118 0.444579 -0.1160221
5 -4.130850315093994 14.83748149871826 -1.499948978424072 0.24622 0.152007 0.365276 -1.290182
3 -37.54117202758789 5.779296875 -0.525148868560791 0.322967 0.533572 1.008876 -2.844483
5 3.210890054702759 -8.5043306350708 -1.474712371826172 0.228295 0.25631 0.471075 -0.1160221
5 -1.550691246986389 18.35889434814453 -1.459523558616638 0.14613 0.170826 0.331461 -1.290182
1 26.02377510070801 -7.471255779266357 -1.308265686035156 0.779203 1.139192 0.524565 1.722253
3 -17.63086128234863 13.43160343170166 -0.7273278832435608 0.198336 0.379673 0.777546 -2.798999
5 -5.626421451568604 13.6389970779419 -1.421908497810364 0.222083 0.16873 0.336515 -1.290182
1 -26.64296531677246 0.9618850946426392 -1.182477474212647 4.08674 1.195364 1.42606 -2.843863
5 -7.073807716369629 12.29883670806885 -1.402016997337341 0.320084 0.19718 0.400819 -1.290182
1 3.609810829162598 44.62429809570313 -0.926447868347168 3.895626 1.908659 1.166162 -1.313732
3 -40.91047286987305 5.685820579528809 -0.75325608253479 0.376075 0.528621 0.872952 -2.874605
5 -0.9381181597709656 20.19068336486816 -1.439928531646729 0.202109 0.146516 0.407257 -1.284577
3 -0.06846122443675995 -12.62020301818848 -0.9258511662483215 0.751262 0.595379 1.572907 -0.3835991
5 -2.556540727615356 -6.289354801177979 -1.513858079910278 0.179762 0.242238 0.439605 -0.1160221
5 1.79336416721344 -7.572948932647705 -1.526371240615845 0.191584 0.233121 0.456094 -0.1160221
1 10.39573860168457 -6.273312568664551 -1.069722056388855 4.519101 1.903784 1.39873 -1.230519
1 -15.81202793121338 1.942097902297974 -1.116546750068665 4.195552 1.686542 1.442311 -2.701448
4 -0.4334657192230225 13.423996925354 -0.9634524583816528 1.632256 0.688313 1.583482 -1.700001
5 -8.582538604736328 11.39725780487061 -1.450634479522705 0.188576 0.143564 0.316676 -1.290182
5 -1.103300452232361 -6.568510055541992 -1.502628803253174 0.205622 0.215156 0.445087 -0.1160221
5 0.264466404914856 -6.93355655670166 -1.550484657287598 0.198518 0.207357 0.406419 -0.1160221
5 4.650422096252441 -9.80594253540039 -1.459465742111206 0.230898 0.277946 0.417255 -0.1160221
1 22.32682418823242 17.21310043334961 -0.836785078048706 3.816913 1.467338 1.509391 1.803376
5 6.345906257629395 -11.52097415924072 -1.409392356872559 0.3059 0.241722 0.627525 -0.1160221
3 -28.13120460510254 -15.84081554412842 -0.7969231009483337 0.369173 0.541273 0.875411 -2.805542
5 -2.557889461517334 16.74706268310547 -1.491390824317932 0.193155 0.229642 0.449082 -1.290182