3 -12.35156536102295 3.789846420288086 -1.175161004066467 0.756727 0.473263 1.30681 -0.2670371
3 -12.18446159362793 5.488728523254395 -0.9478489756584167 0.455163 0.622833 1.105116 -0.6253442
1 12.26572418212891 -27.53633499145508 -0.740751326084137 3.129293 1.642426 1.181967 3.059703
3 -20.77040481567383 9.898395538330078 -0.3599520623683929 0.358844 0.421109 0.627354 3.013813
3 31.61970138549805 8.667315483093262 0.4527028799057007 0.251353 0.518441 0.667174 -0.124074
1 14.20709609985352 -13.12338256835938 -0.7068983912467957 4.325116 1.726311 1.403428 3.139708
4 2.828823566436768 -21.13801002502441 -0.8998550772666931 2.075401 0.60535 1.174628 1.444263
4 -4.976209163665772 55.56081771850586 -0.4956543147563934 0.774919 0.48226 0.681662 -1.639635
1 27.4212532043457 14.96382236480713 -0.3295968174934387 4.52674 1.968894 1.71971 -0.101199
1 24.34545516967773 -34.923583984375 -0.3331021070480347 1.221851 0.531953 0.575383 0.07568213
1 9.377610206604004 -40.66333389282227 -0.9604974389076233 1.143443 1.133664 0.899357 3.041648
4 -8.520889282226562 0.8298074007034302 -1.346917629241943 2.133491 0.684129 1.258921 -2.995587
1 10.66568851470947 -46.39274215698242 -0.5947039723396301 2.054394 0.780533 1.035288 -3.134209
3 27.3169002532959 -4.343825340270996 -0.4301046431064606 0.501233 0.694488 1.568556 3.035942
1 38.73345184326172 -10.5761604309082 0.1477923840284348 3.990112 1.65119 1.490301 0.214551
4 6.533052921295166 11.26127243041992 -1.149083256721497 2.270755 0.708488 1.255745 -1.357188
4 -9.098304748535156 9.393630981445312 -1.471056461334229 1.68974 0.403533 1.119434 -1.838596
4 5.843590259552002 2.138254642486572 -1.101473093032837 1.588577 0.595303 1.329358 -1.561784
4 -8.898906707763672 -5.552865028381348 -1.315111756324768 1.068289 0.753684 1.329084 2.925355
4 -9.014873504638672 -2.306832551956177 -1.330658435821533 1.88634 0.732856 1.319821 2.824251
1 14.78362274169922 18.2011604309082 -0.5136681795120239 1.37068 1.425829 1.734561 -0.1149074
1 5.863790035247803 -4.364731788635254 -1.003189444541931 4.322804 1.906622 1.553397 3.027884
1 -11.84151077270508 -44.37037658691406 -1.540286660194397 0.396095 1.454531 1.127391 -1.633775
3 -5.718643188476563 -4.42996883392334 -1.016022086143494 0.550772 0.585738 1.742065 -1.828253
1 -12.853759765625 -55.53916549682617 -1.050654530525208 2.330947 1.369829 1.100859 -1.649522
3 -5.528087615966797 -5.256445407867432 -1.043346881866455 0.453807 0.593947 1.559488 -2.093621
4 4.979378700256348 0.7712136507034302 -1.149542450904846 1.917099 0.761304 1.187837 -0.1419223
4 -8.457072257995605 -0.02204107493162155 -1.271218538284302 1.543252 0.74815 1.357462 -3.06687
4 -7.645986557006836 9.932604789733887 -1.118394255638123 1.595327 0.7615 1.678741 -1.468454
4 4.359715461730957 -16.70115470886231 -1.16444206237793 2.013666 0.626321 1.217958 -1.640693
1 33.31139373779297 -3.910239696502686 -0.1739098876714706 4.18427 0.710801 1.482486 1.545419
1 13.09179019927979 -15.49221229553223 -0.7862535119056702 2.808663 1.576839 1.525228 -0.003109569
1 28.35166168212891 -19.08164978027344 -0.7682427167892456 2.719578 1.517012 1.107971 -0.004086229
4 4.742955207824707 -8.564286231994629 -1.109229803085327 2.000833 0.675438 1.295442 0.9154257
1 28.73384475708008 -21.72895050048828 -0.4310686886310577 3.497797 1.49118 1.640482 3.106269
1 26.57293319702148 5.099860668182373 -0.2826447188854218 3.366843 1.473258 1.628705 3.088227
4 -17.43363761901856 -34.13904571533203 -0.7622336745262146 0.747203 0.388618 1.010933 -1.613362
1 15.68717575073242 15.68307876586914 -0.1621203124523163 3.25384 2.20605 1.228188 3.033249
3 -6.205341339111328 -5.236859321594238 -1.18327260017395 0.494362 0.635916 1.406834 -1.575592
1 -5.329146862030029 11.81395816802979 -1.141808152198792 4.068414 1.744588 1.476506 -1.645251
4 6.039844512939453 6.026247978210449 -1.14714241027832 2.068964 0.761984 1.253213 -1.203085
4 6.023076057434082 0.05813643336296082 -1.036924242973328 2.020561 0.759363 1.391179 -0.06661133
4 4.864756107330322 -10.7035551071167 -1.175745725631714 1.920692 0.581318 1.239413 -1.003948
1 15.42268562316895 22.99451065063477 -0.4314703643321991 2.937137 1.815866 1.855008 -0.07269172
1 15.31094264984131 3.669204950332642 -0.6427584290504456 3.97468 1.796301 1.65676 -0.06557482
1 -4.871249198913574 -26.33424949645996 -1.046574473381043 3.562199 1.824911 1.625496 -1.67131
4 -9.198054313659668 -6.563830852508545 -1.336256623268127 1.517833 0.660075 1.326868 2.942008
3 -12.28940010070801 36.95230102539063 -0.5463079810142517 0.267103 0.612884 1.082217 -1.56784
3 9.022467613220215 -27.48506546020508 -0.4258328974246979 0.26181 0.380001 0.957083 -1.62421
1 11.99450206756592 -29.73804092407227 -0.4816570281982422 2.395891 0.903286 1.0299 -0.08846265
4 6.239341735839844 9.7261323928833 -1.145895123481751 2.084599 0.647348 1.329643 -1.062603
4 -9.012471199035645 -4.380316257476807 -1.32358717918396 2.206406 0.692276 1.287304 3.086396
1 15.66562747955322 13.37335395812988 -0.5551685094833374 4.134406 1.58052 1.731375 -0.09972291
4 -8.712584495544434 -3.243740081787109 -1.325128436088562 1.621469 0.714298 1.303425 3.040739
1 13.26224994659424 -23.16430282592773 -0.7374432682991028 4.513705 2.102209 1.878159 3.092636
6 -6.9462890625 -56.01229095458984 -1.441748142242432 0.181009 1.50849 0.325358 -1.595535
4 8.777617454528809 51.61347198486328 -0.6691529154777527 0.898758 0.66999 1.144805 1.472422
1 -6.108651638031006 -7.520340919494629 -1.083816528320313 4.155594 1.769228 1.63164 -1.649315
1 22.99875259399414 -30.63363647460938 -0.6459043622016907 3.506292 1.605737 0.760314 3.087122
4 -10.963303565979 -34.25553512573242 -0.8971412777900696 1.243739 0.416165 0.897908 -1.659888
1 -4.765355110168457 17.69252586364746 -1.09084677696228 4.827295 1.883471 1.5133 -1.630263
4 -8.693204879760742 8.979658126831055 -1.491071462631226 1.625288 0.629026 0.981583 -1.750076
1 10.91458511352539 -34.10328674316406 -0.4860558211803436 0.894874 0.64701 0.981947 -0.03522856
6 -11.10544395446777 -21.68037796020508 -1.535149335861206 0.859107 0.122883 0.18486 1.531633
3 -16.13375282287598 -26.86209678649902 -0.7432575821876526 0.226803 0.567183 0.847099 -1.588513
4 5.908809185028076 3.820348739624023 -1.154236078262329 2.200003 0.976382 1.242927 -1.304919
1 10.49773025512695 -37.12311553955078 -0.2855775356292725 0.723632 1.469168 0.541885 2.957987
4 6.480905532836914 7.892710208892822 -0.8456749320030212 1.721597 1.349495 1.843254 -1.233216
4 -8.965677261352539 -1.264122843742371 -1.305884122848511 1.72275 0.744892 1.327895 2.848009
1 14.16320705413818 -5.091592788696289 -0.6128901243209839 4.348711 2.147024 1.672463 2.983774
4 7.017950057983398 16.40074157714844 -1.124803423881531 2.118047 0.747813 1.208669 1.435384