1 -0.2874549925327301 5.130499839782715 -1.174998760223389 4.427112 1.820233 1.456874 -2.118047
3 15.36994171142578 -11.64392471313477 -0.0992823988199234 0.386339 0.223048 0.748191 -2.895815
1 9.887360572814941 -7.318408966064453 -0.8691744208335876 4.563993 1.790414 1.629287 -2.587244
1 -0.6467844843864441 39.31922912597656 -2.019724130630493 3.634073 1.187937 0.971243 -1.714838
1 9.337747573852539 24.40986061096191 -1.142037034034729 2.805748 0.495147 0.805242 -3.037062
5 -15.98036670684815 9.350110054016113 -1.777791261672974 0.158416 0.133816 0.474187 0.6017963
5 -10.94009971618652 12.59375381469727 -1.823436856269836 0.20048 0.243629 0.53568 0.6017963
1 20.3442268371582 18.84873390197754 -1.226732492446899 4.196147 2.109495 1.49625 1.679206
5 -8.712055206298828 14.60303688049316 -1.895029544830322 0.190536 0.191783 0.586975 0.6017963
3 -24.13519668579102 -11.42944717407227 -0.601313054561615 0.265487 0.687324 0.718301 -3.105129
5 -6.108542442321777 -14.29998779296875 -1.362513184547424 0.120714 0.148524 0.30326 -2.06879
1 3.277113199234009 22.05611038208008 -1.560810804367065 2.509028 1.511223 1.382516 1.458724
1 56.74238967895508 -0.2181746661663055 -1.066752791404724 0.403849 0.909005 0.567845 -0.03935549
4 -36.82320785522461 -7.556357860565186 -1.25757098197937 1.082492 0.507942 0.952656 0.07483201
1 4.252996921539307 -46.62392044067383 -0.6369348168373108 3.530706 1.006622 0.77714 -1.526651
1 2.741193294525147 50.98423004150391 -2.062612771987915 3.453674 0.641416 0.838001 -1.872699
3 -23.63319969177246 -12.21252727508545 -0.5320277810096741 0.592548 0.624769 1.193407 -3.105129
4 44.9896125793457 10.59155559539795 -0.9390208721160889 1.036946 0.470461 0.683533 -2.961097
5 -7.674030780792236 15.65682506561279 -1.800666809082031 0.228907 0.179657 0.51428 0.6017963
4 -7.664571762084961 23.53643798828125 -1.278241038322449 1.72269 1.292331 1.458299 -0.2098441
1 10.26617336273193 19.92447280883789 -1.147107243537903 3.342205 1.630334 1.544887 -3.068084
1 0.8537033200263977 45.86598587036133 -1.861853003501892 3.941056 1.440261 1.291189 -1.851765
1 -3.886167764663696 -15.94196128845215 -0.8055768609046936 4.317279 1.882906 1.753607 -1.261433
1 -6.844366550445557 -10.24610805511475 -1.000030517578125 4.437722 1.740587 1.517981 -0.9018567
3 -39.41970825195313 10.66345691680908 -1.245727062225342 0.636995 0.384306 0.717228 -3.063489
4 -17.56118774414063 10.80517959594727 -1.38029682636261 1.957255 0.785103 1.493962 -1.439939
6 -56.67044830322266 -1.956652045249939 -1.535161018371582 1.613972 2.068524 0.397443 0.08191749
3 21.14694976806641 30.02615928649902 -1.170219659805298 0.480793 0.528671 1.464232 0.03927387
1 3.4848313331604 17.70858192443848 -1.453406929969788 4.088989 1.647681 1.444666 1.615692
1 48.76104736328125 2.784242153167725 -1.041475057601929 0.990072 1.721423 1.299256 0.06507087
1 6.247203826904297 -10.86384868621826 -0.8491060137748718 4.508906 1.817312 1.614936 -2.243992
4 -16.76663589477539 12.83111667633057 -1.402812957763672 2.76269 1.191684 1.448469 -3.120863
1 4.028624057769775 27.98017311096191 -1.062915205955505 2.821334 1.490338 0.813874 1.555946
3 -23.56734085083008 -12.9564151763916 -0.6846507787704468 0.336291 0.706371 1.149956 -3.105129
1 3.813236713409424 -21.81896209716797 -0.6053212881088257 4.681946 1.748706 1.745091 -1.531531
3 9.762514114379883 -18.50954627990723 -0.1978910565376282 0.36843 0.657901 0.945188 -2.135422
1 4.654641628265381 -53.3664665222168 -0.2097456902265549 3.441764 0.515693 1.011972 -1.643396
3 -8.818475723266602 -30.16320991516113 0.03098926693201065 0.12712 0.233643 0.427119 -1.690006
1 -1.927379608154297 34.03817367553711 -1.771412253379822 3.623508 1.529631 1.430406 -1.787489
1 31.04170608520508 6.371625423431397 -1.263432502746582 3.636017 1.775687 1.349681 -3.095953
1 -4.826972961425781 17.72349548339844 -1.503666639328003 4.332077 1.833779 1.463259 -1.860438
1 -3.749931573867798 23.50672340393066 -1.57476270198822 4.499401 1.996226 1.495644 -1.720201
5 -12.14211273193359 11.70416355133057 -1.740900874137878 0.138418 0.198156 0.547424 0.6017963
1 5.126451015472412 13.2623929977417 -1.35289204120636 4.529648 1.81939 1.486988 2.28525
1 -2.745179176330566 28.81548118591309 -1.53974461555481 3.70128 1.423298 1.742012 1.426755
5 -6.874825477600098 16.81194114685059 -1.812100410461426 0.201164 0.244966 0.571629 0.6017963
6 -39.30378723144531 -4.294317245483398 -1.755948424339294 0.542061 0.618856 0.625183 0.03412711
3 22.73449897766113 17.5542049407959 -0.8231611847877502 0.400422 0.323018 0.61266 -0.06206642
1 -48.57873916625977 -4.83572244644165 -1.498034954071045 2.281893 0.95818 1.57245 0.05496716
4 -10.87731838226318 -18.08967208862305 -0.3561939895153046 1.346215 0.491385 0.702725 -2.06879
1 4.11811637878418 -16.10329818725586 -0.8717954754829407 4.750202 1.913135 1.469651 -1.782799
1 -29.47880935668945 -4.441972732543945 -1.331628561019898 4.018361 1.718638 1.510533 0.005662505
5 3.049486875534058 -29.83961296081543 -1.037512540817261 0.310748 0.253201 0.468084 -1.612594
3 -57.44904708862305 11.07288932800293 -1.581703305244446 0.476868 0.686067 0.402558 -3.128639
1 4.348240852355957 -32.76271438598633 -0.6182325482368469 3.745378 1.525649 1.455383 -1.46936
1 -20.10664367675781 -0.4939696490764618 -1.242716431617737 4.077314 1.688015 1.454281 -0.01198264
4 16.22679328918457 10.76655769348145 -1.017244219779968 2.578189 1.383289 1.817485 0.07763287
5 -9.835062026977539 13.52562141418457 -1.88871157169342 0.187312 0.167068 0.460361 0.6017963
3 22.11407279968262 29.9327392578125 -1.164310216903687 0.305281 0.615108 1.444218 0.03927387
1 -10.97370433807373 -7.324007511138916 -1.059567093849182 4.484095 1.817341 1.552568 -0.7761708
4 54.27388000488281 -3.363702297210693 -0.8892413973808289 0.66523 0.690603 0.850744 0.09648609
5 -17.40165519714356 8.863582611083984 -1.770334005355835 0.215374 0.16814 0.543925 0.6017963
1 -2.677867650985718 -26.03951263427734 -0.683326244354248 4.397653 1.849884 1.624923 -1.489998
4 -1.194931268692017 -30.79577827453613 -0.4661078453063965 2.82756 1.776423 1.8209 1.691191
4 -10.18471527099609 -19.29917526245117 -0.6858744621276855 1.630277 0.67764 1.338762 0.5693409
1 4.524259567260742 56.78054428100586 -2.004563331604004 4.587865 0.947122 0.98134 -1.872701
1 4.370719909667969 -39.30983352661133 -0.4212391376495361 3.779013 1.071599 1.394699 -1.526651
5 -13.40419578552246 10.81918048858643 -1.783279061317444 0.231855 0.224741 0.56194 0.6017963
5 -14.65932273864746 10.02042484283447 -1.750072121620178 0.186229 0.216236 0.567833 0.6017963
1 3.50330662727356 -26.89858627319336 -0.7183311581611633 3.330753 0.481059 1.359881 -1.526651
3 -19.89101409912109 -11.45661354064941 -0.6110721826553345 0.479533 0.493614 0.882253 -3.105129