3 42.45697402954102 -11.36440849304199 -0.6856328845024109 0.369661 0.698179 0.624107 0.1009728
1 54.32490539550781 -16.98335456848145 -0.9453336596488953 1.320633 0.25563 0.799247 -1.053076
1 47.78727722167969 -7.576880931854248 -0.8842024207115173 1.29826 1.246637 0.968009 -0.7697337
3 43.12998580932617 -12.69820499420166 -0.5541829466819763 0.280791 0.433806 0.976513 -0.6275799
1 -29.03681182861328 -4.290872573852539 -1.176571488380432 4.29891 1.816012 1.102365 0.0
3 20.32945251464844 12.45016574859619 -0.5365105271339417 0.451431 0.552645 0.933215 3.134979
1 -42.89230728149414 -4.543314933776856 -0.7821437120437622 3.466959 1.592369 1.550715 -7.574625e-17
1 9.51379680633545 -3.873977422714233 -0.9903971552848816 4.136884 1.745853 1.609758 0.01799465
1 39.48140716552734 -0.1363741010427475 -1.142058610916138 0.735503 1.835213 1.318459 0.01799465
3 10.81102085113525 12.27527713775635 -0.6526081562042236 0.362317 0.53704 0.904763 3.134979
1 -12.64451217651367 -4.111047744750977 -1.044299602508545 4.308776 1.999142 1.503481 0.0
4 -7.369913101196289 -6.886048316955566 -0.9864265322685242 1.669785 0.691459 1.635127 1.931831e-16
1 17.5177116394043 -3.93302845954895 -1.113253593444824 4.614615 1.852978 1.417985 0.01799465
1 -45.40425872802734 -1.240778088569641 -0.893926203250885 1.646413 2.105803 1.153741 0.0
1 -21.80853652954102 -0.1684621870517731 -0.9961861968040466 3.670919 1.708565 1.395221 0.0
1 29.15537643432617 -3.738528251647949 -1.068973541259766 4.110035 1.579507 1.555579 0.01799465
4 53.08820343017578 23.2144832611084 -0.795464038848877 2.489442 1.100644 1.288471 -0.1442961
6 -48.53613662719727 -3.993726015090942 -1.170056104660034 0.278032 0.400533 0.337386 0.0
3 -30.71380424499512 -8.099891662597656 -0.823535680770874 0.389368 0.609588 1.052811 -0.01559545
3 43.00591278076172 -11.99712657928467 -0.5463427901268005 0.251709 0.601928 0.9526 -0.113925
1 55.7164421081543 22.58891296386719 -1.156526923179627 2.448099 0.507435 1.170432 -1.728365
4 -32.39328384399414 -6.994304656982422 -0.683742344379425 1.209085 0.623298 1.04458 -0.009083498
3 20.56719779968262 11.5381669998169 -0.53126460313797 0.373099 0.712985 0.9331 1.341294
3 -51.49683380126953 -13.42702865600586 -0.1592531651258469 0.178526 0.375558 0.716622 -0.07747463