4 -12.19193363189697 7.063580989837647 -1.530210256576538 1.805664 0.41071 0.902979 -1.556118
4 -11.73270511627197 6.983075141906738 -1.527435183525085 1.544561 0.510751 0.798479 -1.615485
3 -6.304122447967529 -6.022754669189453 -0.950226366519928 0.620939 0.623946 1.76482 -1.930516
3 -7.86627721786499 -46.20829391479492 -0.7563976049423218 0.319295 0.524099 0.694245 -1.643303
4 3.410223960876465 2.000722885131836 -1.178162813186646 1.932241 0.787333 1.139786 0.04839267
3 27.57046699523926 15.66944217681885 0.3846051096916199 0.3487 0.488026 0.793242 -0.3006437
3 27.98683166503906 15.50129222869873 0.3763518929481506 0.412762 0.313103 0.822277 -0.4152749
3 27.87962532043457 15.11522579193115 0.4341489672660828 0.366382 0.449771 1.006409 -0.3965176
4 -3.452003479003906 44.65342330932617 -0.9265754818916321 0.650329 0.638732 1.172598 1.720605
1 -5.645042896270752 -8.0488920211792 -0.9883900284767151 3.023041 1.746242 1.726805 -1.373271
1 30.70263481140137 -28.3247127532959 -0.3307533860206604 1.38425 0.273559 0.538678 0.1637069
1 -9.912784576416016 16.20197868347168 -1.191028475761414 4.526752 1.723904 1.47327 -1.399474
4 8.050455093383789 -30.6520881652832 -0.8572322130203247 1.764613 0.672157 1.361849 1.676646
1 31.59241104125977 -14.5730037689209 0.02109577506780624 3.425767 1.539097 1.063623 0.1286522
3 -14.10245227813721 0.9654733538627625 -1.17029070854187 0.501323 0.718015 1.324694 1.286814
1 38.73933792114258 -1.393282651901245 0.1265426725149155 3.82394 1.591912 1.523294 0.4243363
1 22.28550148010254 -9.458919525146484 -0.6477421522140503 2.961098 1.617294 1.465096 1.681583
1 8.62934684753418 26.02241897583008 -0.09640093892812729 2.357902 1.697031 1.205799 0.1747459
4 3.340432167053223 9.052980422973633 -0.9025443196296692 2.433053 1.237112 1.817134 -0.8932612
4 3.503533124923706 5.252932548522949 -1.202300190925598 1.840339 0.914672 1.1842 -0.9797568
4 6.757318019866943 -14.93662452697754 -1.0766921043396 1.622699 0.658374 1.321636 -1.32906
4 4.096525192260742 1.471039175987244 -1.124963283538818 1.251609 0.662664 1.272098 0.08058152
1 22.04660606384277 20.84775161743164 -0.4380951523780823 4.581204 1.917255 1.630234 0.09794402
1 -1.648436188697815 -51.70669555664063 -0.8261418342590332 1.074744 0.764264 0.764392 -1.464433
1 15.26248550415039 -1.385653734207153 -0.5709336996078491 3.587916 1.722334 1.585975 3.126953
1 17.20109939575195 -23.93140029907227 -0.8167385458946228 2.857105 1.719052 1.360826 -3.000001
1 9.62269115447998 18.92244338989258 -0.4492052793502808 3.134367 1.813676 2.085664 -0.09571982
1 22.84757423400879 11.12623596191406 -0.2796134650707245 3.398828 1.305551 1.552242 -2.751413
3 -5.638105392456055 -6.417033672332764 -1.099955201148987 0.530068 0.545581 1.557338 -2.142139
1 14.63908863067627 -12.05579376220703 -0.7184842824935913 2.253405 1.60514 1.424461 0.2143543
4 -9.558252334594727 -4.176418781280518 -1.31651246547699 1.879195 0.652541 1.263466 3.110282
3 -10.16870784759522 -33.72756958007813 -0.5689103603363037 0.40195 0.647968 0.705073 -1.413642
1 8.953633308410645 21.10138130187988 -0.5563445091247559 1.114818 1.888167 1.546249 0.1455432
1 -9.20103645324707 10.42780017852783 -1.175148606300354 4.084503 1.834888 1.454532 -1.429388
3 -5.771740913391113 -5.722484111785889 -0.994545042514801 0.574968 0.816902 1.68863 -1.980436
1 10.82991600036621 16.74467468261719 -0.4537314772605896 3.762815 1.457914 0.899971 0.1091491
3 -22.03877449035645 36.78433227539063 -0.7481200695037842 0.270927 0.614627 0.867077 -1.445409
3 21.75954055786133 1.87238085269928 -0.5564584136009216 0.607305 0.472155 1.550473 0.1288004
1 8.339092254638672 -2.407803297042847 -0.8798290491104126 4.616856 1.941798 1.614446 -3.034915
3 12.79307651519775 -23.77361297607422 -0.3792828023433685 0.257489 0.403973 0.890237 1.821269
4 -9.797033309936523 -3.095500707626343 -1.280279159545898 1.936778 0.67369 1.377533 3.068086
1 20.39615631103516 29.92110443115234 -0.211193710565567 3.766971 1.062897 1.217992 0.09794402
1 15.6195125579834 -9.369073867797852 -0.7224885821342468 4.548681 1.818353 1.466979 -2.923555
6 -2.801263332366943 -45.72597885131836 -1.140076875686646 0.289979 1.537168 0.241505 -1.435098
4 1.802341222763062 17.61689567565918 -1.217474818229675 1.876336 0.874647 1.1545 -1.414878
4 -8.986519813537598 -6.132077217102051 -1.302494525909424 1.996599 0.842279 1.307089 -3.103785
3 -14.29124736785889 2.589905738830566 -1.085381031036377 0.543979 0.606279 1.44545 -0.7699583
4 3.045846700668335 7.467144966125488 -1.180691957473755 2.044254 0.750111 1.255087 -1.07573
1 16.63888549804688 -19.37747001647949 -0.6151300668716431 4.132944 1.774856 1.637268 -2.962291
1 32.62489700317383 -21.41963005065918 -0.0870756208896637 1.647029 0.521281 0.523715 0.1286522
4 3.890219449996948 3.571480512619019 -1.113246321678162 1.614496 0.645781 1.309069 -1.270675
1 17.43794631958008 -26.41635704040527 -0.4275130927562714 3.615502 1.509234 1.241903 0.1415918
4 2.316692590713501 12.69418621063232 -1.204805731773377 1.956549 0.597194 1.251526 -0.9675294
6 -13.53677368164063 21.87439155578613 -0.5445683002471924 0.277701 0.359632 0.14606 -1.36725
1 32.29080200195313 3.881989240646362 -0.2281575053930283 4.349046 1.251405 1.544316 1.764942
4 2.494185209274292 11.11121654510498 -1.140599966049194 1.866074 0.465028 1.319578 -0.9108217
1 17.52193450927734 -33.75226974487305 -0.07782310247421265 0.957781 1.361863 0.516374 0.166571
4 5.452481269836426 -8.750568389892578 -1.167355537414551 0.694414 0.564876 1.241331 -1.291883
1 -2.774983406066895 -8.3285493850708 -0.9917401075363159 4.170422 1.877475 1.667142 -1.352175
1 12.67469310760498 7.258459568023682 -0.6595181226730347 3.798789 1.901992 1.647418 0.1470141
4 5.246472358703613 -7.058187961578369 -1.139463663101196 1.964568 0.726581 1.308054 1.145545
3 -5.652224063873291 -26.62845230102539 -0.8011472821235657 0.612325 0.57593 1.105289 -1.374475
1 0.7291524410247803 -30.0855655670166 -1.270574331283569 1.585029 1.621452 0.843086 -1.341247
1 18.20455169677734 -30.28431129455566 -0.571026086807251 1.89143 0.480225 1.514011 0.1561302
4 -9.0438232421875 -7.244433403015137 -1.262954473495483 1.669317 0.629915 1.311982 3.102027
4 -9.536816596984863 -1.853222846984863 -1.262149930000305 1.539384 0.684076 1.400965 -2.75774
3 -11.14623832702637 -33.52906799316406 -0.6838225722312927 0.637745 0.515506 0.927269 -1.468269
1 20.19837951660156 -47.31729125976563 -0.445520430803299 1.581793 0.407532 0.675845 0.1288224
3 -19.28282928466797 3.477060317993164 -0.6543477177619934 0.37388 0.594135 1.108672 2.904837
4 -9.217972755432129 -4.903769493103027 -1.318598389625549 1.914134 0.710587 1.283844 -3.041481
4 -9.320882797241211 -8.247597694396973 -1.594062924385071 1.188193 0.389585 0.518384 -3.004242
4 -9.880975723266602 -1.03878927230835 -1.234090209007263 2.307298 0.64162 1.441752 -2.745906
3 29.15211486816406 1.223177433013916 0.06519919633865356 0.397434 0.550949 0.516479 -0.1403817