1 -28.4404182434082 -14.80188465118408 -0.5801998972892761 2.825861 1.596344 1.392943 -1.261978
1 47.29654693603516 17.71576499938965 -1.70142924785614 2.797371 0.323479 0.625202 1.581478
3 -0.1141623705625534 28.91243934631348 -1.161852598190308 0.358799 0.50338 1.224051 1.324868
5 -9.377760887145996 -7.071378231048584 -1.326257228851318 0.237396 0.130379 0.303486 -2.516177
3 -51.25836944580078 -10.83148384094238 -0.05508045107126236 0.362444 0.341099 0.666021 -0.04257963
6 -26.24090003967285 -31.01148796081543 -0.1234696358442307 1.748561 0.213036 0.287417 -1.650957
1 -20.10981559753418 -16.09428215026856 -0.8885314464569092 4.69377 1.914601 1.504852 -1.829925
4 -16.05228424072266 -20.66733932495117 -0.395422101020813 1.146233 0.651441 1.317171 -1.915456
3 -5.632895469665527 -11.61578750610352 -0.6190980672836304 0.490508 0.199913 1.681992 1.596371
5 -12.39836502075195 -8.324150085449219 -1.358399510383606 0.213828 0.17832 0.34177 2.050202
1 21.33569717407227 18.07761573791504 -1.387214660644531 4.127456 1.825117 1.489111 1.609509
1 -31.01660346984863 -9.859457015991211 -0.8758843541145325 4.457209 1.805749 1.55246 -0.9608596
4 44.38081359863281 8.943224906921387 -1.344799995422363 1.569498 0.712815 1.458285 0.8871418
4 -29.77828598022461 24.06254005432129 -0.7375628352165222 2.39528 1.065856 0.685489 -0.1250734
1 34.7601318359375 -2.91131854057312 -1.63911509513855 3.863687 1.900306 0.964119 0.005884667
1 -1.96196436882019 17.75849914550781 -1.209605693817139 3.823 2.576521 1.520642 1.57628
4 41.16730880737305 8.499696731567383 -1.549466967582703 2.176618 0.548682 0.828286 -0.01822416
1 -11.44387626647949 24.62851524353027 -1.321621894836426 3.413601 1.468118 1.422102 -0.02828787
1 1.738913297653198 32.42306900024414 -1.372385740280151 2.923123 1.925624 1.265309 1.618691
1 -20.6229133605957 -26.16325950622559 -0.3586228489875794 2.742088 1.447855 0.841728 -1.558739
4 49.10478973388672 6.823305130004883 -1.718442440032959 1.415972 0.425842 1.226759 2.693002
1 -25.21152877807617 28.80027961730957 -0.9158674478530884 2.950188 1.441622 0.960067 -1.710268
3 57.46149063110352 3.365201234817505 -1.425656795501709 0.315799 0.307844 1.143689 -1.549696
4 36.01194763183594 8.917675971984863 -1.709687829017639 1.842907 0.573179 0.718009 3.042039
1 26.45879745483398 28.94686126708984 -1.333149194717407 4.268764 1.608099 1.72078 1.563319
3 -51.21881103515625 -11.61627960205078 -0.33122918009758 0.171766 0.431347 0.648523 -0.04257963
1 -2.717186689376831 5.390588760375977 -1.169802188873291 4.397297 1.870202 1.488293 3.089131
3 4.051708221435547 16.53934669494629 -1.045734286308289 0.394794 0.351018 1.097609 2.217819
3 59.12406539916992 5.214283466339111 -1.627090811729431 0.372574 0.179324 1.522476 -1.549696
1 14.26064777374268 18.61655426025391 -1.155075430870056 4.040786 1.336831 1.276464 1.639897
1 28.560546875 17.89799308776856 -1.209344267845154 4.992435 1.745876 2.021923 1.563319
5 -17.10062599182129 -12.49380683898926 -1.31029748916626 0.071016 0.119171 0.372161 -2.516177
1 -27.46295738220215 -24.1407413482666 -0.4033145904541016 1.147979 1.371373 0.94329 -1.616152
4 45.89920425415039 8.33940315246582 -1.702207922935486 0.735908 0.601939 0.893947 0.4966805
1 -34.83292007446289 -6.440464973449707 -0.9140378832817078 4.353735 1.451085 1.55514 -0.8116398
1 -27.49708938598633 17.79018020629883 -1.247070670127869 3.457205 1.128195 1.319604 -1.904822
4 -49.24969863891602 -5.41378927230835 -0.9282493591308594 0.809477 0.405058 1.238215 -0.06914989
4 -6.767489433288574 10.23589992523193 -0.9776028394699097 2.935857 1.123418 1.751241 0.02792277
3 51.75717926025391 -10.0843505859375 -0.1947398632764816 0.150675 0.491568 0.643215 0.01827759
4 37.82675552368164 -5.776232242584229 -1.264274597167969 1.099168 0.682805 0.951294 0.003588368
1 -12.76009464263916 -6.899007320404053 -0.8866678476333618 2.114208 1.92149 1.621301 -2.516177
1 -11.83559989929199 19.50668716430664 -1.024070739746094 2.307111 1.104756 1.313803 0.04030491
4 -40.75133514404297 11.93348789215088 -1.038484692573547 1.429254 0.328005 1.178823 -1.641844
1 58.96665954589844 -2.599898815155029 -1.700609564781189 0.330021 1.627494 0.674762 0.00681412
6 -18.33920288085938 26.75471496582031 -0.6396371722221375 0.217379 0.815825 0.024204 1.566172
3 -15.36178874969482 -22.74582099914551 0.1333866268396378 0.230193 0.352569 0.49893 -1.595766
4 -39.63089370727539 13.88383865356445 -1.038952469825745 2.227703 1.021838 1.176804 -3.027177
3 -47.01208114624023 -10.22396373748779 -0.2899755835533142 0.280398 0.292656 0.571349 -0.003635994
1 -20.64383506774902 -21.64138031005859 -0.6571934223175049 4.519289 1.828308 1.851091 -1.568168
4 -35.47524261474609 18.4846076965332 -1.28088903427124 1.177697 0.530614 1.024895 -0.5334387
1 33.42087173461914 16.89874839782715 -1.170654296875 1.851304 1.503471 1.420727 1.563319
3 -12.58833312988281 -12.90814018249512 -0.6582210063934326 0.316755 0.574171 1.204843 -2.392681
3 1.752307295799255 16.89126777648926 -0.9388861656188965 0.31733 0.454527 1.278875 0.4510802
6 -58.50939559936523 0.8509318828582764 -0.7509868144989014 0.427162 1.482173 0.033926 0.05474941
6 -51.74562072753906 -2.827073097229004 -1.195390224456787 0.707406 1.468269 0.299152 -0.009497905
1 49.32814025878906 0.2289979159832001 -1.691140174865723 1.100638 1.875093 1.242609 0.00681412
3 58.37136077880859 2.779313564300537 -1.425536632537842 0.318754 0.70742 1.179894 -1.549696
5 -11.02590560913086 -7.665102005004883 -1.419337034225464 0.311363 0.395178 0.443884 2.050202
1 -23.94938087463379 4.379755973815918 -1.088712215423584 4.326723 1.609914 1.44968 -2.034132
4 24.84660339355469 -6.255165576934815 -1.505903363227844 1.218993 0.212664 0.679914 0.005674331
3 -1.001656174659729 29.15259552001953 -0.9921615123748779 0.222169 0.438772 0.859699 1.324868
1 -17.54003143310547 -11.00424289703369 -0.8358083963394165 3.85437 1.675428 1.688062 -2.299527
5 -13.81167221069336 -9.176115036010742 -1.355819463729858 0.16184 0.089563 0.328511 -2.516177
4 11.21466732025147 8.58643627166748 -1.23921799659729 1.448317 0.641182 1.504602 3.130085
1 -17.6061897277832 13.20643043518066 -1.249178767204285 4.011147 1.789501 1.453182 2.194233
1 -26.14342308044434 24.28708648681641 -1.138633847236633 4.820562 1.40351 0.982032 -1.849215
4 53.30358505249023 6.198832035064697 -1.686770677566528 1.87434 0.529388 0.931018 -2.500342
1 -19.06723594665527 17.81667137145996 -1.375331997871399 3.997696 1.562524 1.443171 1.566172
3 58.78616333007813 4.332800388336182 -1.612069606781006 0.55354 0.287187 1.503928 -1.549696
1 -18.27569961547852 -0.05320103466510773 -0.999822199344635 3.755317 1.715768 1.419094 0.0
1 -18.87124252319336 21.59860610961914 -1.239919662475586 1.507859 1.522399 0.863626 1.566172