4 11.24124050140381 20.45979690551758 -1.473572731018066 1.567603 0.771572 1.647926 3.077541
1 30.5638484954834 25.27227020263672 -1.643129110336304 3.686262 1.639965 1.19173 -2.311775
5 -6.721583366394043 -6.864213466644287 -1.27563488483429 0.286195 0.189207 0.595716 2.307287
5 -12.93753910064697 -11.35108280181885 -1.469696283340454 0.152249 0.225515 0.418165 -2.149148
5 -15.24553203582764 -16.01219367980957 -1.356978893280029 0.193177 0.248287 0.321297 0.22039
5 -13.69908237457275 -12.55613994598389 -1.437811970710754 0.205438 0.244171 0.519271 -2.269893
1 -19.33436012268066 3.09270715713501 -0.9941660761833191 3.80685 2.075576 1.434983 -0.05684465
5 -10.54796314239502 -8.993943214416504 -1.452840328216553 0.208603 0.217239 0.480417 2.23569
4 -21.80867767333984 -7.621595859527588 -0.9253807067871094 1.731614 0.65907 1.53044 -0.09730148
5 -8.928239822387695 -8.045220375061035 -1.371182203292847 0.151872 0.20899 0.443923 0.5065579
1 -24.52042198181152 18.31428909301758 -0.9042688012123108 2.159398 0.653128 1.159921 2.967142
1 46.94269943237305 23.41186714172363 -1.839341878890991 4.09071 0.470215 1.290512 2.004013
4 37.599365234375 28.16622543334961 -1.634156227111816 1.198115 0.585142 1.176625 1.607118
1 12.04552459716797 -2.135207176208496 -1.14345383644104 3.839176 2.09378 1.449727 -0.09633344
3 -36.95254898071289 -38.48760986328125 -0.1602805405855179 0.222002 0.437292 0.693206 -1.600255
5 -14.39462471008301 -13.93472099304199 -1.391894817352295 0.351305 0.152445 0.40098 -1.914378
3 -37.61700439453125 -27.91940879821777 -0.3492325842380524 0.646923 0.647583 0.612349 -1.829272
3 -4.137672424316406 -9.23275375366211 -0.8028628826141357 0.521853 0.558868 1.605715 0.007338766
5 -11.82011032104492 -10.07434749603272 -1.4322749376297 0.203165 0.216612 0.407225 -2.306893
3 -36.21102142333984 -38.51473617553711 -0.1554439514875412 0.325252 0.411805 0.685732 -1.517246
1 -28.77115440368652 -34.66869354248047 -0.7761346101760864 4.204859 1.712644 1.49728 -1.590486
1 -29.01778984069824 -40.88162994384766 -0.7222702503204346 2.178133 1.696373 1.319313 -1.62935
4 25.65338706970215 18.83353424072266 -1.329729080200195 1.262595 0.578393 1.072906 2.997166
4 -51.47977828979492 -0.05984450131654739 -0.7850221395492554 0.860554 0.59706 1.388195 -0.03180338