4 -34.13828659057617 9.614336013793945 -1.020779490470886 0.58904 0.222693 1.245277 1.582965
1 -48.13020324707031 -14.07246685028076 0.1293494403362274 2.358872 0.458326 0.658499 -1.628782
4 -31.78545379638672 9.426615715026855 -1.129350185394287 0.926054 0.405647 1.006465 1.408309
4 -24.18012428283691 -4.225741863250732 -0.7834188938140869 1.571305 0.747327 0.580445 -2.831933
1 -11.88045120239258 -11.9626579284668 -0.5705108046531677 1.765279 1.619818 1.429279 -1.535398
1 45.66254043579102 21.32385063171387 -1.636212825775147 4.521083 1.250925 1.037655 1.289487
1 -9.481684684753418 -24.45747947692871 -0.335278332233429 4.063198 1.693698 1.666672 -1.581472
1 28.41298294067383 -12.81301116943359 -0.8602923154830933 4.075516 1.391275 1.117115 -1.507971
4 -26.17666816711426 -4.430641651153565 -0.8475781083106995 1.555559 0.446375 0.810209 -1.587368
3 24.16720581054688 -11.43582820892334 -0.8463743925094604 0.510492 0.454468 1.503172 -0.09561123
1 4.780943870544434 -13.12304210662842 -0.5921696424484253 4.241502 1.8575 1.669357 -1.561432
1 -9.640694618225098 -11.56894969940186 -0.3490579426288605 2.417452 2.065814 2.142206 -1.56944
1 -21.63558959960938 -13.61776924133301 -0.4782251715660095 3.889411 1.644298 1.389797 -1.569254
6 -36.27901840209961 -2.935684442520142 -0.2448549568653107 0.39563 0.450984 0.50969 -0.2123586
3 -33.69995498657227 8.108485221862793 -0.9632939100265503 1.049313 0.62457 1.514546 -3.047542
4 -30.14138793945313 9.692995071411133 -1.169692754745483 0.580505 0.985905 1.172155 1.232794
1 -14.99978160858154 7.783501625061035 -1.108503341674805 3.950775 1.860901 1.525204 3.141592
4 -14.71615123748779 -4.104020118713379 -1.130675196647644 1.681427 0.646373 1.22427 -2.785636
4 48.76152420043945 8.484383583068848 -1.49055016040802 1.552518 0.692991 1.666915 1.589302
1 38.84695816040039 12.36737728118897 -1.50384521484375 2.3703 1.757311 0.971129 0.6003118
4 -26.59512519836426 9.983271598815918 -1.165534138679504 1.907079 0.56731 1.083545 1.744109
1 11.57411861419678 -13.93169021606445 -0.7179830074310303 4.998479 1.831313 1.484922 1.643981
3 -34.9218864440918 8.889226913452148 -0.802761435508728 0.495973 0.454427 1.628512 2.95114
3 -22.2489185333252 13.95774269104004 -0.6731155514717102 0.412422 0.588064 0.905625 2.967663
1 -9.109563827514648 7.568069458007813 -1.111626625061035 4.567439 1.813561 1.499278 -3.110998
4 -25.59251403808594 -3.333614110946655 -0.9858282208442688 1.434972 0.567948 1.122824 -1.627065
3 23.74624252319336 -10.4658145904541 -0.8877254724502563 0.716095 0.816398 1.605094 -0.1189449
6 -42.34064102172852 -4.442004203796387 -0.3531997799873352 0.382061 0.572716 0.084185 0.08099585
1 -2.37279200553894 -12.85534381866455 -0.4484456777572632 4.851718 2.13904 1.981889 -1.53061
4 -21.881591796875 -3.83453369140625 -1.055887222290039 0.662561 0.502247 1.249764 -2.831933
1 -7.24724817276001 -13.24916934967041 -0.5414093136787415 4.097336 1.814509 1.726158 -1.547584
3 27.32040786743164 -13.53143882751465 -0.8505404591560364 0.724342 0.637961 1.108432 -1.502823
1 57.13933181762695 14.92911720275879 -1.837270855903626 3.509788 1.925357 1.01923 2.210584
4 -9.889058113098145 -4.192683696746826 -1.158158183097839 2.323065 0.958102 1.225518 -0.06765968
4 33.1392822265625 -4.853065490722656 -0.974708616733551 2.137819 0.884938 1.603121 3.13188
4 -28.96751976013184 10.14370441436768 -1.163515210151672 1.53153 0.714984 1.218445 1.388289
1 -34.77667236328125 6.902998924255371 -1.15682053565979 3.996858 1.704359 1.063937 -3.134443
4 1.07175076007843 11.18764877319336 -1.508032560348511 1.435719 0.516063 0.972787 3.013482
3 -33.79437637329102 8.967226028442383 -0.886642575263977 0.487535 0.47638 1.80682 2.656965
4 -16.27216720581055 -4.026570796966553 -1.080615758895874 1.613632 0.701207 1.315867 -2.629199
4 -27.44659233093262 9.96774673461914 -1.142036080360413 1.66303 0.622437 1.25074 1.634699
1 42.97119140625 16.24882888793945 -1.51487672328949 3.179406 1.0425 0.68341 0.8147758
6 -57.88859176635742 10.09750175476074 -0.5835292935371399 0.493134 0.440208 0.876509 3.135391
1 -30.75920295715332 -4.369473934173584 -0.6608533263206482 4.461628 1.452715 1.726413 1.510844
4 -18.2950439453125 -4.333201885223389 -0.7346795797348022 1.748284 1.152013 2.036426 -2.823723
3 -4.764007091522217 16.47554779052734 -0.7574875950813293 0.506694 0.623622 1.103842 -3.087848
1 -25.79322052001953 -0.3787297308444977 -1.071539640426636 4.072571 1.767657 1.226975 0.3954308
4 -25.3305778503418 7.525215148925781 -0.9399013519287109 1.759248 0.492456 1.685727 -2.824948
1 -0.0867430567741394 -23.48265075683594 -0.386839359998703 3.08915 2.165038 1.721989 -1.577513
1 -38.09907531738281 -13.62455463409424 -0.4667068123817444 2.739502 0.312299 1.3083 -1.580317
4 -20.04826545715332 -3.931635618209839 -1.097283720970154 1.693648 0.624375 1.246593 -2.739817
3 -38.29654693603516 15.48363208770752 -0.4753454327583313 0.334905 0.530606 0.89816 -3.055169
1 24.30091667175293 -13.90396404266357 -0.8773072361946106 1.156979 1.169657 0.801853 -1.496069
1 8.041903495788574 4.264488697052002 -1.123907327651978 4.437106 1.983087 1.480171 -3.121028
3 -24.08943748474121 14.19779777526856 -0.5596817135810852 0.366754 0.49761 0.60383 -0.4504849