1 8.850814819335938 7.998370170593262 -1.090991973876953 4.073865 2.000335 1.446989 -2.713815
3 -30.72242546081543 14.81424808502197 -1.092427730560303 0.28355 0.391288 0.815665 -3.141479
1 -36.2645378112793 6.159313678741455 -1.773605346679688 4.318648 1.770336 1.02925 -3.128854
5 8.236242294311523 13.56457996368408 -1.572867155075073 0.20528 0.231599 0.356037 -2.229253
3 -0.8194990754127502 16.3483829498291 -1.050235033035278 0.606334 0.567522 1.58832 -3.09077
5 11.95655059814453 15.81925201416016 -1.672378897666931 0.199715 0.151794 0.394037 -2.58187
3 -18.24150657653809 -9.17736530303955 -0.587843656539917 0.227582 0.424766 0.932234 0.05319946
4 -60.09006881713867 -4.676712989807129 -1.769306302070618 1.513857 0.954579 0.838977 3.06931
5 4.016605854034424 -5.673426628112793 -1.384587168693543 0.149225 0.203421 0.478346 3.058584
5 12.22866249084473 -11.6844367980957 -1.266562581062317 0.195358 0.144543 0.447323 3.058584
5 6.497480869293213 12.70617389678955 -1.580145597457886 0.138618 0.190208 0.458127 -3.116946
4 15.57363414764404 17.65393447875977 -1.124268293380737 1.430666 0.541702 1.494465 -2.060123
1 -52.72842407226563 5.472907543182373 -1.795734524726868 3.777945 1.728028 1.308275 3.141489
1 -15.17427825927734 6.925357818603516 -1.302261710166931 4.136457 1.835508 1.482289 -3.102177
4 -58.97849273681641 2.925572395324707 -1.468104004859924 0.665408 0.891324 1.267804 -3.105736
3 -27.32892990112305 13.91624259948731 -1.040181279182434 0.442451 0.586424 0.952232 -3.134916
4 -37.50388336181641 8.453389167785645 -1.285093069076538 0.714403 0.51 1.015417 -3.055442
3 -27.3818244934082 14.67931652069092 -1.045881032943726 0.338028 0.647011 0.945372 -3.097599
5 10.00020885467529 14.37873268127441 -1.683005213737488 0.112271 0.081875 0.318583 -2.765521
1 -22.38492393493652 6.776723384857178 -1.38328742980957 4.108585 1.750558 1.531824 -3.128854
5 7.493159294128418 -7.116437911987305 -1.374597311019898 0.121379 0.136961 0.539707 3.058584
3 4.519979000091553 -11.89112949371338 -0.6332106590270996 0.601089 0.826012 1.593001 -0.9948871
5 6.104102611541748 -6.428136348724365 -1.384730935096741 0.222483 0.193303 0.456204 3.058584
5 8.77220344543457 -7.833010673522949 -1.401159644126892 0.221553 0.165969 0.49104 3.058584
1 35.14272689819336 -8.077628135681152 -0.5957207083702087 4.238249 0.501863 1.208944 1.533588
5 13.50891304016113 -13.81638050079346 -1.11767053604126 0.28147 0.281884 0.557898 2.771541
3 -31.82210540771484 14.08709526062012 -0.993798553943634 0.271781 0.461154 0.636773 -3.140744
5 4.770961761474609 12.14621734619141 -1.538862347602844 0.306652 0.134023 0.387071 -2.229253
1 18.10229110717773 -0.7726810574531555 -0.9078559875488281 4.697869 1.714625 1.3588 -1.621933
3 47.65108489990234 13.96136474609375 -0.623485267162323 0.35669 0.548607 1.106874 -0.2194502
5 10.08021450042725 -8.884154319763184 -1.369051933288574 0.224116 0.183224 0.510338 3.058584
5 11.17850399017334 -10.09566116333008 -1.301354646682739 0.292185 0.165844 0.497876 3.058584
4 -59.43610763549805 -6.186001777648926 -1.469859004020691 1.300734 0.759001 1.307772 3.138021