1 -9.353739738464355 17.76701545715332 -1.539542436599731 4.291057 1.821044 1.412012 -1.880311
1 -6.437279224395752 34.15868759155273 -1.780681848526001 3.868468 1.801675 1.423638 -1.749006
4 -12.13431262969971 23.61623954772949 -0.8747458457946777 1.696625 1.13812 0.592004 -0.07931631
5 -20.58405494689941 9.527145385742188 -1.749121904373169 0.152693 0.1506 0.594271 1.300211e-15
3 -25.32012939453125 -11.30184459686279 -0.4223433136940002 0.230657 0.524005 0.402443 -3.100434
1 0.48246830701828 13.22694969177246 -1.404423475265503 4.635777 1.774361 1.463181 2.249001
1 -4.916125774383545 4.940250396728516 -1.191150069236755 4.455139 1.76532 1.468558 -2.086613
4 -15.16987228393555 -19.24494171142578 -0.6371943950653076 1.681521 0.703291 1.347585 -2.461622
5 -16.69880104064941 11.7924337387085 -1.839384317398071 0.131177 0.127558 0.416071 0.0
3 22.39402198791504 17.39898490905762 -0.8383829593658447 0.384454 0.400957 0.413476 0.03077438
1 -8.135927200317383 23.62346458435059 -1.594747424125671 4.92304 1.984647 1.437205 -1.73402
1 0.05440748482942581 27.74917602539063 -1.275183439254761 3.187246 1.585186 1.022955 1.472525
4 -15.8325662612915 -17.98678016662598 -0.6674124002456665 1.442207 0.841041 1.418171 -2.121666
1 -19.75352478027344 -0.3670649230480194 -1.215989351272583 4.050762 1.70977 1.400851 0.0
1 23.73783874511719 5.959699630737305 -1.244353890419006 4.069458 1.820398 1.452778 3.141592
3 -12.56091022491455 -30.75577926635742 -0.05859163776040077 0.362008 0.597033 0.801591 -1.791877
3 -29.58988571166992 -11.29521751403809 -0.5883163809776306 0.133786 0.341853 0.602078 -3.107086
1 5.166464805603027 -7.422982215881348 -0.8970351219177246 4.64185 1.966749 1.672275 -2.553416
3 4.780670166015625 -19.43878936767578 0.0845562219619751 0.202221 0.340494 0.498226 -1.849743
1 -4.674949645996094 39.47112274169922 -2.224270582199097 4.132171 0.603698 0.769863 1.29455
4 11.9362964630127 10.59075832366943 -1.095226407051086 3.149548 1.154069 1.791341 0.06929626
1 5.537271022796631 19.84523391723633 -1.308547139167786 3.833256 2.024176 1.626845 -3.008796
3 16.85901641845703 29.81810760498047 -1.392534494400024 0.439403 0.666962 1.491277 0.52298
3 -13.8045129776001 -30.09919738769531 -0.3804434537887573 0.217295 0.497347 0.725528 0.783036
1 -3.48930287361145 45.44086074829102 -1.85815703868866 3.105081 1.552843 0.838613 1.299465
1 49.79397964477539 2.110897064208984 -1.153648257255554 2.138651 1.639253 1.035248 -0.03432825
4 -22.25158309936523 10.9908447265625 -1.297170281410217 1.841151 0.690971 1.449188 -1.545916
1 -11.64480686187744 -10.24254322052002 -0.9955539107322693 4.509478 1.727564 1.490431 -0.8852572
5 -15.51868438720703 12.71298217773438 -1.856524467468262 0.194022 0.145244 0.540016 -1.502669e-15
1 -8.773639678955078 -15.9252233505249 -0.7959792017936707 4.373924 1.782228 1.792297 -1.237431
5 -19.24426460266113 10.14288711547852 -1.782113552093506 0.096661 0.18758 0.551755 -8.158181e-16
3 18.40858840942383 17.41111946105957 -0.5992048978805542 0.313358 0.276147 0.370741 -0.06206642
3 -29.10070419311523 -11.97688484191895 -0.3947651386260986 0.448398 0.575373 1.00637 -3.107086
5 -10.95432758331299 -14.25046920776367 -1.382731080055237 0.160715 0.098731 0.365995 -0.9136903
1 -0.6055503487586975 23.03933715820313 -1.253044605255127 2.900387 1.495941 0.818429 1.455861
1 43.69473648071289 30.35520935058594 -1.266736626625061 2.784144 0.411808 1.170211 -1.530548
1 -0.9499344825744629 16.6663703918457 -1.484464287757874 1.955573 1.57447 1.368277 1.608325
5 -17.94743919372559 10.94826507568359 -1.76671576499939 0.100393 0.091548 0.412518 0.0
1 -0.8685435056686401 -16.08087158203125 -0.8693974018096924 4.567266 1.795577 1.438219 -1.811203
4 51.019287109375 -4.16361141204834 -0.9310758113861084 0.651335 0.53392 1.027663 0.0
1 -7.186837196350098 28.89663314819336 -1.638732671737671 3.921082 1.544808 1.638681 1.459735
4 -21.38152503967285 13.11137866973877 -1.406213283538818 2.659768 1.125622 1.348526 3.122959
1 -15.72550868988037 -7.21223258972168 -1.035581469535828 4.387778 1.741564 1.586576 -0.7558168
5 -11.40643978118897 16.90825271606445 -1.885133266448975 0.163942 0.209673 0.557823 0.0
4 -6.489658355712891 -30.53425788879395 -0.4584758877754211 1.997254 1.098772 1.63611 -1.676945
1 15.64711093902588 18.60471153259277 -1.305460214614868 4.361953 1.616802 1.369966 1.706931
1 52.33610534667969 -1.093971848487854 -1.452071905136108 1.046392 1.575091 0.648205 -0.02084711
3 17.7255916595459 29.61272048950195 -1.403403043746948 0.349895 0.48529 1.498267 0.3952429
1 -53.41971588134766 -4.283668041229248 -1.284828901290894 1.986459 1.069929 1.303761 9.93122e-17
6 -56.42313385009766 -1.137882590293884 -1.451393127441406 0.676164 1.693149 0.069158 0.0
1 -7.76722002029419 -26.03960609436035 -0.6439011096954346 4.38663 1.962265 1.652413 -1.491042
3 -29.1302604675293 -12.64316749572754 -0.4830909073352814 0.215193 0.302378 0.863661 -3.107086
3 -43.86056137084961 11.09162998199463 -1.041660070419312 0.267891 0.331742 0.634668 1.500667
1 -34.32975769042969 -4.108972072601318 -1.263170123100281 4.117775 1.741455 1.546872 -0.03115531
1 1.452705979347229 -10.95329570770264 -0.837892472743988 4.542695 1.972491 1.64253 -2.233587
3 3.549788475036621 -15.87521171569824 0.05910447239875794 0.124146 0.469498 0.304783 -1.495129
1 -0.9859340190887451 -21.14870834350586 -0.119121253490448 2.984072 1.905766 0.914586 -1.538913
3 11.085768699646 -11.55149173736572 -0.04124467447400093 0.442263 0.784022 0.650821 0.2836936
5 -15.35065460205078 -9.75783920288086 -1.482778191566467 0.158409 0.130414 0.384398 -0.6631339
4 -39.45315551757813 -7.105382919311523 -1.104369163513184 0.605848 0.553815 1.011275 -3.873507e-16
1 -1.844384551048279 49.94826889038086 -1.663035869598389 1.241562 0.934817 0.612129 1.314398