3 -41.44456100463867 -5.790317058563232 -0.5367923378944397 0.283426 0.446653 0.851919 -2.571294
5 -0.4213567674160004 -7.101277828216553 -1.623547315597534 0.119643 0.125052 0.440982 -2.949966
3 -20.46849632263184 39.40616989135742 -0.5615574717521667 0.840793 0.557784 1.395668 -0.9842365
5 -13.32513809204102 12.22343349456787 -1.490584254264832 0.131084 0.117154 0.352386 -1.583025
1 16.02908897399902 11.71885395050049 -0.952363133430481 4.290417 0.938453 1.176232 2.080775
5 1.180271506309509 -7.472822666168213 -1.604813098907471 0.123084 0.186064 0.468691 -2.949966
1 10.43801403045654 -7.361663341522217 -1.147085547447205 4.490321 1.734809 1.474129 -0.9723173
1 -29.7303524017334 -7.5439772605896 -1.094885587692261 2.869232 1.67635 1.497443 -2.495961
5 5.13612174987793 -9.305668830871582 -1.491860628128052 0.308188 0.22709 0.616153 -2.949966
1 -9.956366539001465 33.04266357421875 -0.6785454750061035 3.69175 2.044703 1.384222 -1.020819
3 -44.93175506591797 -8.956860542297363 -0.5970523357391357 0.257348 0.265629 0.303029 -2.571294
3 -26.7517147064209 5.480853080749512 -0.4941013157367706 0.469747 0.662188 1.007682 -2.527672
1 25.79372978210449 2.381550073623657 -1.274715423583984 4.116663 0.938709 1.440497 2.123134
1 -26.52015686035156 -9.291706085205078 -1.152895092964172 4.027141 1.757127 1.328255 -2.435243
4 -8.350050926208496 9.607810974121094 -0.8912036418914795 1.578368 0.736312 1.606931 -1.003261
5 2.927747249603272 -8.224507331848145 -1.586625695228577 0.105668 0.168569 0.459304 -2.949966
5 -2.092750787734985 -6.964178562164307 -1.614609003067017 0.124453 0.087962 0.349706 -2.949966
3 -27.17592430114746 -25.27572059631348 -0.6457457542419434 0.242909 0.168224 0.697521 0.5991418
5 -7.177652835845947 -7.831809043884277 -1.536315202713013 0.149152 0.152002 0.454953 -2.949966
5 10.1614236831665 -10.99224090576172 -1.688187003135681 0.226733 0.294306 0.605103 -2.949966
3 -43.97821807861328 -7.547197818756104 -0.7310172915458679 0.226362 0.462951 0.620262 -2.571294
1 5.59083366394043 31.76005363464356 -0.3570001125335693 3.38267 1.59717 0.744118 2.131675
3 -20.91893005371094 38.25046920776367 -0.646254301071167 0.323517 0.341187 1.131415 -0.9842365
5 -3.530165910720825 -7.048535823822022 -1.566303014755249 0.143096 0.079171 0.477305 -2.949966
1 -46.31049728393555 -19.34189987182617 -1.544786095619202 1.363415 1.61377 0.873541 -2.508199
5 -4.978287696838379 -7.248468399047852 -1.575812697410584 0.12669 0.146745 0.459342 -2.949966
5 -15.25380706787109 8.84742546081543 -1.354380369186401 0.06328 0.146854 0.354461 -1.583025
6 -18.59538841247559 33.08698654174805 -0.6338121891021729 1.988812 0.707669 1.166168 -1.009149
3 0.8067455887794495 -12.45480442047119 -0.9624767303466797 0.86293 0.665267 1.47452 -0.02990483