3 -7.118699550628662 12.5042085647583 -1.215437650680542 0.859831 0.584052 1.372527 -1.062372
3 -5.43158769607544 12.85951805114746 -1.102447271347046 0.428123 0.587704 1.19661 -0.8967731
4 -14.81392955780029 6.713415622711182 -1.251817345619202 1.827575 0.883106 1.286971 1.634012
4 -15.93574142456055 6.281004905700684 -1.213830709457398 1.454605 0.488415 1.279388 1.695916
3 -54.90475845336914 2.872103691101074 -0.354106068611145 0.464237 0.436116 0.467565 -2.965824
4 51.93779754638672 7.0760178565979 -1.006807923316956 1.568118 1.13965 1.0823 -2.893576
1 -0.2178922593593597 -33.47739791870117 0.2901260554790497 4.477434 1.234799 1.514546 0.2940238
1 -3.886709928512573 -41.32767105102539 0.3374855220317841 2.278336 1.393456 1.728192 -1.179996
3 11.22331523895264 -28.951416015625 0.4311847388744354 0.511197 0.484032 1.500916 -1.363049
3 11.55722045898438 -29.38052749633789 0.538245439529419 0.612765 0.558206 1.606184 -2.126179
3 10.72126960754395 -29.47224807739258 0.5170261859893799 0.447812 0.343551 1.624524 -1.914337
3 11.07276725769043 -29.56417655944824 0.4246416687965393 0.331805 0.258035 1.54655 -1.839984
3 -15.60694217681885 4.642355442047119 -1.009591102600098 0.330829 0.557592 1.668049 -2.722025
1 -8.70527172088623 -10.11648654937744 -0.5423305630683899 4.616967 1.832179 1.743263 1.810094
4 6.832075119018555 11.92203521728516 -1.181567430496216 0.98118 0.582008 1.396421 -2.857851
1 -15.91982173919678 3.022172212600708 -0.9999286532402039 4.200979 1.693611 1.650469 -2.887378
4 -1.184493541717529 -4.885272979736328 -1.097880363464356 1.880993 1.001598 1.20219 -2.397566
1 6.372799396514893 -23.27385330200195 -0.03829693794250488 3.49042 1.901223 1.505944 1.861418
1 -35.54573822021484 -22.12863922119141 0.2653784155845642 1.831212 0.456846 0.694952 1.857635
3 -15.14837837219238 5.160361289978027 -1.03931200504303 0.504303 0.451075 1.733924 -2.807962
3 -13.81539344787598 5.107070446014404 -1.052116513252258 0.379567 0.712494 1.688234 -2.917342
1 -23.99103927612305 -20.34110832214356 -0.1798137724399567 4.081161 0.738032 1.494781 1.87455
1 2.778768062591553 8.274223327636719 -1.262224555015564 4.231535 1.796537 1.488567 -2.912036
4 -0.9757944941520691 10.63045501708984 -1.575100302696228 1.744249 0.608705 1.038314 -3.000417
4 -4.418396472930908 -4.967408657073975 -1.106678128242493 1.944707 0.686224 1.163448 -1.332262
6 -52.73846054077148 -3.192283868789673 -0.6311750411987305 0.361606 1.056841 0.287342 -2.725305
1 -31.38306617736816 -21.1426887512207 0.2694697380065918 2.574407 0.903972 0.64675 1.860743
4 -12.62214088439941 6.902624130249023 -1.290550112724304 1.772027 0.693989 1.262192 1.801395
4 10.78943729400635 -2.043993711471558 -1.252467393875122 1.948127 0.762407 1.189177 0.1700949
4 6.110228538513184 -2.98672890663147 -1.182758927345276 1.721244 0.638464 1.196047 -2.54729
4 -9.586871147155762 7.71811580657959 -1.295300722122192 1.778102 0.638873 1.39365 1.983588
4 0.8112945556640625 -4.259331226348877 -1.125247001647949 1.995511 0.801464 1.195718 -2.405249
4 -8.6940279006958 7.993956089019775 -1.366044998168945 2.186132 0.662144 1.204163 1.983588
4 -10.84035968780518 7.506784915924072 -1.286246657371521 1.434936 0.662341 1.22177 1.647566
4 4.488850116729736 -3.459861993789673 -1.112705945968628 2.049962 0.887712 1.311693 -2.347495
3 -14.22041702270508 4.507166385650635 -1.04603910446167 0.497672 0.590711 1.657889 2.818902
4 -11.84113788604736 7.013090133666992 -1.355764985084534 1.105943 0.64549 1.203815 1.473843
3 -25.88442611694336 9.565509796142578 -0.5572696328163147 0.17657 0.424577 0.879964 2.600167
3 -3.119065046310425 -35.54993057250977 0.2320128679275513 0.527971 0.659231 1.340766 -1.557845
4 -13.66668128967285 6.271763324737549 -1.283741593360901 1.118088 0.579875 1.26528 1.746379
1 15.12947750091553 -8.862287521362305 -0.5672060251235962 1.385799 1.882727 1.63163 -1.280257
1 19.8836727142334 -8.280116081237793 -0.3367975354194641 3.852424 2.024423 1.623584 -1.316815
1 27.2376594543457 -7.172521591186523 -0.6443519592285156 3.907331 1.893262 1.746091 -1.258778
1 -29.32521057128906 -20.69920539855957 -0.3401738107204437 2.997264 1.72643 1.115252 1.867107
4 -3.153464317321777 -5.423108100891113 -1.07309877872467 1.985723 0.696934 1.204712 -2.748592
3 14.7390775680542 20.30978965759277 -0.9689508676528931 0.386102 0.587147 1.105069 -2.864822
4 -26.70360374450684 3.342761039733887 -0.6908793449401855 0.967128 0.631532 0.910007 -2.904228
4 -4.901231288909912 -6.069376468658447 -0.9946655631065369 1.906136 0.757922 1.343983 -1.337126
1 -8.422856330871582 -4.192235946655273 -0.959649384021759 4.324563 1.801088 1.467141 1.301831
6 -14.12288570404053 -7.758242607116699 -0.4592050015926361 2.104464 1.085211 0.217784 0.3596037
1 10.77490711212158 -11.06228923797607 -0.596862256526947 4.659379 1.850479 1.352074 1.817724
1 1.525927662849426 -13.67957878112793 -0.4246873557567596 3.744868 1.846856 1.363345 -1.323869
4 -0.7696067094802856 11.07832050323486 -1.581308722496033 1.495003 0.38262 0.931533 -3.104704
1 8.441068649291992 9.5607328414917 -1.290691494941711 4.769221 1.93853 1.446511 -2.886601
4 -15.46381282806397 -6.870802402496338 -0.4791767001152039 1.494266 0.608756 0.786432 0.1884677
6 -20.50388526916504 -9.642171859741211 -0.5610734224319458 0.195829 0.527612 0.395832 -2.802392
1 15.83314609527588 -21.66936492919922 -0.1792168915271759 4.226973 1.875341 1.439184 -1.368787
1 -17.56239891052246 -17.60130310058594 -0.2262114584445953 2.490971 1.481745 0.926001 1.803219
4 2.563514232635498 -4.104014396667481 -0.839609682559967 2.160168 1.426793 1.916767 -2.213163
1 -7.169069290161133 -17.24142265319824 -0.4862065017223358 3.907747 1.756088 1.471525 1.786834
6 -30.7303352355957 3.40390157699585 -1.216914176940918 0.283677 0.167001 0.218323 -2.874315
4 -5.589982509613037 -7.082422256469727 -0.7804763913154602 1.620731 0.708232 0.95863 -1.455153
1 12.93241786956787 -10.06512260437012 -0.3216877281665802 4.275014 2.182138 2.079345 -1.448073