1 22.76804351806641 -11.77842712402344 -0.85162752866745 4.084023 0.646781 1.362984 -1.450107
4 46.45001220703125 -8.22054672241211 -1.171082973480225 1.756794 1.11678 1.208894 0.07994974
4 -54.48410415649414 4.818592548370361 -0.9396654963493347 0.667973 0.504835 1.108349 -3.033864
3 6.573204040527344 -11.78828620910645 -0.6129752397537231 0.450285 0.52814 1.625183 -1.357011
1 -26.26408195495606 -12.71222686767578 -0.571891188621521 2.398049 1.459136 1.637255 -1.552175
1 -21.49240493774414 -13.40557098388672 -0.458331823348999 4.720792 1.956403 1.934791 -1.548177
1 19.34211730957031 -14.54275512695313 -0.6724388599395752 3.292953 2.023981 1.619764 -0.01621467
1 23.81971549987793 -6.675145626068115 -1.188200235366821 1.233758 1.530029 1.304315 -0.9385428
1 26.6422061920166 21.06362915039063 -1.621262907981873 4.036066 1.854352 1.461173 1.325802
1 -34.23308563232422 6.825122356414795 -1.392473101615906 3.492331 0.540283 0.925477 3.140458
4 -37.47136306762695 -4.746255397796631 -0.6803885698318481 1.223873 1.282249 1.484116 -2.900796
1 27.17057991027832 26.94055938720703 -1.579062461853027 4.480323 1.961321 1.70422 1.563647
3 -52.96878814697266 7.688253402709961 -0.9087741374969482 0.273396 0.506173 1.071079 -0.06321897
4 26.42030906677246 10.59238624572754 -1.367167711257935 1.263996 0.57903 1.500661 2.939532
1 24.09459686279297 16.48966407775879 -1.429565072059631 3.95828 1.41625 1.693933 0.8710039
4 -49.59499359130859 9.044523239135742 -1.090471863746643 0.36667 0.83673 1.016381 1.508497
1 -28.28134346008301 7.351096153259277 -1.316524386405945 4.494341 1.988776 1.148171 3.137025
1 33.73301315307617 29.55679512023926 -1.340612769126892 0.642567 1.186021 0.772302 0.0324347
6 58.52886581420898 8.592123031616211 -2.045239210128784 0.61989 1.696803 0.412402 3.128518
3 -54.07397079467773 15.16310977935791 -0.4217343926429749 0.261778 0.466186 0.767531 0.05756108
1 26.12450790405273 -12.27085018157959 -0.9628182649612427 3.753843 1.699399 1.154539 -1.590779
1 32.78882217407227 -17.92577934265137 -0.7690354585647583 2.005335 0.525522 0.762934 1.338254
1 19.06524467468262 -19.49333763122559 -0.7052451372146606 3.933214 1.779516 1.383143 0.005400692
1 37.60873031616211 15.34262561798096 -1.625404715538025 4.592265 1.736356 1.33989 2.176302
1 9.396076202392578 -12.6884937286377 -0.7252103090286255 3.603278 1.627288 1.467934 -1.507586
1 19.25775909423828 12.00095462799072 -1.304179310798645 1.533154 1.926452 1.718731 0.6027171
1 -40.58026123046875 -13.67333889007568 -0.4444928169250488 3.126674 1.145724 1.380893 -1.537106
3 3.644696235656738 -14.14579296112061 -0.5521498918533325 0.440147 0.530883 1.516908 1.685204
1 35.05181884765625 19.18683052062988 -1.434764623641968 1.585305 0.972133 0.999406 1.824803
1 32.33290100097656 -22.8702507019043 -0.204012393951416 0.895342 0.468407 0.5161 1.410031
1 -7.393494606018066 -13.91805553436279 -0.5912641882896423 4.625806 1.883606 1.490629 1.661425
1 33.62746429443359 -13.6108283996582 -1.133433699607849 0.823714 0.180799 0.523117 1.257528
4 -35.07122039794922 -4.023407459259033 -1.181104898452759 0.540881 0.279897 1.115761 -2.994563
1 5.530489444732666 -15.37376499176025 -0.4253586530685425 4.091156 1.84414 1.421968 -1.487688
4 -53.1138801574707 8.63934326171875 -0.8902491927146912 1.178146 0.738872 1.733659 1.522169
3 4.302160739898682 -10.74536418914795 -0.3422569930553436 0.510532 0.718517 0.986797 1.678246
3 -43.39186096191406 13.67456817626953 -0.7448921203613281 0.340321 0.359304 0.474503 -3.12163
4 -45.01606750488281 -3.888338565826416 -1.067872285842896 1.768322 0.611369 1.157601 -2.387902
4 -38.70506286621094 -4.032352447509766 -1.100303411483765 0.588561 0.301729 0.772112 -2.946769
1 -35.45275115966797 -0.5472450256347656 -1.376518130302429 0.501381 1.637932 0.702401 -0.06887061
1 -14.17051982879639 -13.39789199829102 -0.5634350180625916 4.274896 1.801675 1.616679 -1.51822
1 -33.83386611938477 3.983920335769653 -1.048382520675659 3.953683 1.646537 1.491705 -3.130281
1 -19.17483711242676 -23.60447883605957 -0.3209749758243561 2.811492 1.736691 1.736164 -1.545135
3 8.252432823181152 -13.70194339752197 -0.6279854774475098 0.750429 1.017376 1.630743 0.05610691
1 41.46181869506836 11.81347274780273 -1.515934944152832 4.387505 1.02394 1.630798 2.305163
4 -29.06907463073731 -4.512379169464111 -1.145926117897034 1.980304 0.80616 1.076257 0.01311642
4 -33.63105010986328 -4.291433334350586 -1.128829956054688 1.056978 0.609713 1.093387 -2.864328
4 13.69991683959961 -5.021273136138916 -0.8789607882499695 3.061652 1.328506 1.784558 -3.13088
1 -28.67963409423828 -23.23037528991699 -0.01923043467104435 0.834138 1.255719 0.924701 -1.717928
1 27.21594429016113 31.41121292114258 -1.451269865036011 2.484116 1.212939 0.785935 1.694691
3 -26.68467521667481 16.14005851745606 -0.7109827399253845 0.536662 0.380398 1.185313 -1.545058
4 -51.01718521118164 8.825349807739258 -1.167467474937439 0.682046 0.463797 1.119744 1.557386
4 30.70417404174805 16.13790512084961 -1.544649720191956 0.897429 1.193076 1.48207 0.4704089
1 -28.5948600769043 -11.94230079650879 -0.2415135502815247 0.797975 1.698346 1.334289 -1.531781
4 -18.13903999328613 10.89017581939697 -1.375115275382996 1.260894 0.224968 0.540709 2.93326
1 25.26045417785645 -22.00851631164551 -0.4951524436473846 2.19365 1.416847 1.177927 -1.613196
1 -50.34663009643555 -0.275537371635437 -0.9971497654914856 4.352099 0.838298 0.843324 1.804673