3 -13.97911357879639 -2.141461849212647 -1.13809871673584 0.386979 0.602126 1.267415 0.1343806
3 -4.762743949890137 -7.648472309112549 -1.160006761550903 0.487796 0.496456 1.370001 -1.959453
6 -1.690574884414673 -24.2371711730957 -1.202720284461975 0.532942 0.399103 0.483098 -1.158427
4 1.305345773696899 8.260826110839844 -1.177598595619202 2.067115 0.865674 1.215215 -0.7743199
3 22.22078895568848 -2.16991138458252 -0.08488459140062332 0.202422 0.376368 0.340523 -2.85058
3 23.91872978210449 21.33150672912598 0.5300542712211609 0.508536 0.267571 0.838226 0.1111199
3 24.07685279846191 22.45183372497559 0.5526853203773499 0.433395 0.26406 0.821389 0.3007449
3 23.4023494720459 22.19825744628906 0.467674732208252 0.514001 0.304261 0.655354 0.2156023
1 10.50560855865479 10.16077899932861 -0.6516355276107788 3.455378 1.87525 1.632173 0.3880604
4 -0.4355488121509552 11.79887008666992 -1.206265568733215 1.125431 0.381965 1.302992 -0.6673169
1 32.51855087280273 -17.31283378601074 -0.3894965052604675 2.378091 1.181289 1.175912 -3.026273
1 -11.3948221206665 8.380805969238281 -1.216730952262878 3.954259 1.868152 1.48462 -1.23299
1 5.169798851013184 20.95316314697266 -0.5273225903511047 3.74057 2.018889 1.938053 0.3904164
1 16.55530548095703 25.61614608764648 -0.4604496359825134 4.439692 1.837713 1.684624 0.3252656
1 16.98438453674316 -8.166886329650879 -0.7074086666107178 2.077968 1.6215 1.427086 -2.715357
1 -5.664775371551514 2.059972047805786 -1.062889814376831 4.502673 1.811716 1.537454 -1.246299
1 25.77990913391113 -31.98650932312012 0.2595723271369934 2.343221 1.52828 1.758534 -2.774196
1 3.832502603530884 22.97456741333008 -0.5353008508682251 1.184531 1.698798 1.508992 0.3933968
1 37.98705673217773 7.77177619934082 0.1642291098833084 3.764424 1.697256 1.478223 0.6346078
3 -3.993231058120728 -6.536104679107666 -1.050045847892761 0.505038 0.506064 1.466141 -1.849831
1 23.15908050537109 -21.24042129516602 -0.4961456060409546 3.811643 1.615701 1.403817 -2.671316
3 -14.54726314544678 -0.557564914226532 -1.169315099716187 0.467565 0.589055 1.421862 -0.3506966
4 6.794777393341065 -5.416055202484131 -1.094759941101074 1.869947 0.680191 1.299421 1.468783
1 7.967178821563721 -45.36740875244141 -1.087134122848511 1.308582 1.59182 1.424307 -1.27912
1 12.04951000213623 -55.37760925292969 -0.8646649122238159 2.190023 1.425697 1.46734 -1.138194
1 24.6582202911377 -28.46420097351074 -0.2287208437919617 0.46612 1.386516 0.507577 -2.784764
1 10.98625755310059 -51.30499267578125 -1.116597771644592 2.389639 0.418689 1.352675 -1.162374
1 22.23153877258301 -19.18616676330566 -0.6009793877601624 3.014665 1.891059 1.329632 -2.657105
4 -6.382258892059326 -9.9675874710083 -1.116909980773926 1.798097 0.732194 1.091599 -2.842919
4 -8.332639694213867 -6.090278625488281 -1.299516916275024 1.898213 0.865231 1.271029 -2.833519
4 3.001780509948731 4.611203670501709 -1.127693295478821 1.602748 0.76115 1.320076 -1.100158
3 0.6658103466033936 -43.47836303710938 -0.5245679616928101 0.268474 0.515234 0.955737 2.015887
4 -8.759049415588379 -3.721524953842163 -1.282455682754517 1.300519 0.622121 1.356632 -2.654581
4 7.415707588195801 -7.030989646911621 -1.129641771316528 0.824631 0.669663 1.203169 -1.137957
1 33.36996459960938 -4.415365219116211 -0.5890210866928101 4.050943 1.908968 1.232074 -2.875454
1 14.82045269012451 2.167066097259522 -0.6921281218528748 3.677116 1.961078 1.482138 -2.76054
1 19.57426071166992 16.35478401184082 -0.169808641076088 3.211864 1.810744 1.32314 0.3496706
4 -7.074491500854492 -8.963276863098145 -1.301093339920044 1.690458 0.764769 1.323609 -2.90222
4 4.040511131286621 2.779760122299194 -1.068270325660706 1.989188 0.673014 1.376532 0.4496917
3 -5.890915393829346 -28.04787254333496 -0.5866421461105347 0.457538 0.495586 0.905694 1.848487
1 30.29327583312988 11.46138954162598 -0.2453144043684006 4.468144 0.881072 1.587064 2.02835
4 -8.726638793945312 -5.015810012817383 -1.304893255233765 1.792858 0.703739 1.323822 -3.052258
1 12.82819175720215 34.00336074829102 -0.2435549199581146 3.833225 1.106941 1.297452 0.3589103
4 -9.370417594909668 -3.072008848190308 -1.262472033500671 2.315647 0.748845 1.401261 -2.492866
1 17.27585983276367 -5.318275451660156 -0.6519824862480164 4.276048 1.744085 1.569173 -2.686172
3 -3.884096145629883 -7.119934558868408 -1.038262963294983 0.433652 0.538469 1.68105 -1.200214
3 14.14537715911865 5.467525482177734 -0.6000705361366272 0.415953 0.655082 1.662894 0.188043
4 -7.771433830261231 -6.680251121520996 -1.299289584159851 1.85145 0.586798 1.277559 -2.834882
4 -7.253891468048096 28.4955997467041 -1.061915874481201 1.268682 0.669991 1.57118 2.003687
1 24.24074554443359 -4.71176290512085 -0.6576050519943237 0.856623 0.512348 0.502968 -2.803364
6 -4.376561164855957 -6.407237529754639 -1.27650260925293 0.298631 0.165328 0.484553 -0.2725806
1 -13.3370361328125 13.67050552368164 -1.213577389717102 4.560413 1.796871 1.4841 -1.18916
4 2.195929288864136 6.196953773498535 -1.208963990211487 1.780924 0.967916 1.217796 -0.9464054
3 37.32775497436523 2.98618483543396 -0.04192188754677773 0.228363 0.375285 0.899174 0.04123664
1 23.99565124511719 -25.62561416625977 -0.1864742189645767 1.437542 1.061713 1.173145 -2.762263
1 0.01395770069211721 34.46137619018555 -0.3442091941833496 1.855273 1.541286 1.091128 0.3648783
1 1.50785219669342 27.1639575958252 -0.302476316690445 1.435915 1.567055 1.031284 0.3697326
1 6.884790897369385 19.09481048583984 -0.7372390031814575 4.239676 1.563602 1.465957 0.3945248
4 -7.300526142120361 -7.820019245147705 -1.325864911079407 1.939693 0.681418 1.276644 -2.764716
3 -4.83569860458374 -6.32182502746582 -1.022776365280151 0.461216 0.622925 1.701713 -1.854766
4 -30.40021514892578 47.7381706237793 -0.9455057382583618 0.874543 0.56179 0.813342 -1.195637
4 3.181434154510498 3.258949756622315 -1.174595355987549 2.621824 0.913384 1.166273 0.4529162
1 30.66133499145508 -41.11887741088867 -0.6458922028541565 0.831661 0.439265 1.103408 -2.667996
4 9.995845794677734 -12.7883996963501 -1.058478355407715 1.66826 0.614809 1.355428 -1.174626
3 -9.64828109741211 -1.486147999763489 -1.152623653411865 0.977827 0.616332 1.633773 -3.043658
1 29.48256301879883 -36.42804336547852 -0.1375554352998734 1.984197 0.700169 0.626666 -2.742498
1 41.0135383605957 -23.0816822052002 0.1649031043052673 2.104601 1.14413 0.580226 -2.743384
3 -0.190292090177536 -38.57883071899414 -0.5585772395133972 0.472946 0.642258 0.582849 1.962336
1 37.13642120361328 -20.66221046447754 -0.0955091193318367 4.199166 1.332339 0.571974 -2.877744
1 -16.31552124023438 27.89878654479981 -1.131876587867737 3.949251 2.095224 1.584997 -1.202166
4 -0.6093217730522156 13.08344841003418 -1.224094748497009 1.873055 0.477434 1.263284 -0.8377975
1 34.09318161010742 -6.521709442138672 -0.2890201210975647 3.621277 1.607637 1.727552 -2.694438
4 1.235590934753418 9.786083221435547 -0.9109271764755249 2.248435 1.259907 1.824427 -0.8367742
3 34.39949417114258 9.237371444702148 0.05365980044007301 0.349988 0.608622 1.03996 -2.740113
4 -2.337284326553345 17.86601448059082 -1.262975692749023 2.081506 0.837868 1.216186 -1.183016
1 -3.375158309936523 -9.452801704406738 -1.007917404174805 4.287991 1.723651 1.763149 -1.193282
3 -9.025506019592285 51.55820846557617 -0.4414195120334625 0.204256 0.14759 0.652841 3.042434
1 20.87784576416016 -14.74582958221436 -0.5229637026786804 4.47894 1.833347 1.78053 -2.722596
1 21.06857872009277 1.569512605667114 -0.6882457137107849 0.805637 0.752421 0.565418 2.44147