1 19.60827255249023 -3.82326602935791 -0.9442273378372192 4.099125 1.794242 1.654688 0.003475147
1 37.29425811767578 0.0312473475933075 -0.9631555676460266 1.228452 1.830601 1.439223 0.0
4 -2.288316011428833 -6.673023700714111 -0.7470934987068176 1.161312 0.671065 1.100247 0.0
3 53.7195930480957 -11.39120769500732 -0.4733627438545227 0.241651 0.393356 0.718827 -3.089647
6 -40.20570373535156 -3.838986873626709 -1.242320895195007 3.902097 0.672499 0.453463 0.0
1 -2.653491497039795 -3.930797338485718 -1.053317546844482 4.532908 1.871939 1.477621 0.0130872
3 -42.02055358886719 -13.01998805999756 -0.3482591807842255 0.267188 0.390182 0.560136 -7.3607e-16
1 -18.87618637084961 -4.273698806762695 -1.124672532081604 4.257373 1.863075 1.332938 0.0
1 -21.03981399536133 -0.2325791567564011 -1.070528864860535 4.003051 1.685707 1.335042 0.0
1 27.51423072814941 -3.445505142211914 -1.2360600233078 3.883555 1.004145 1.043072 0.003475147
4 -26.42654418945313 -7.108512878417969 -0.6980154514312744 0.818907 0.586594 0.873729 2.25889e-16
1 38.94181060791016 -3.536537647247315 -1.240282297134399 3.66908 1.229571 0.97788 0.0
3 30.68335723876953 11.578932762146 -0.4231131672859192 0.504712 0.592199 0.918423 0.6377389
1 -33.08267974853516 -4.454863548278809 -0.9638661742210388 4.377485 1.640232 1.505611 0.0
3 -41.33918380737305 -13.27487373352051 -0.6934694647789001 0.156152 0.248397 0.618618 -1.696356e-15
3 -20.67938613891602 -7.994960784912109 -1.09930419921875 0.418422 0.496292 1.321097 -2.962049
1 -42.34368133544922 -1.2371746301651 -0.6317527294158936 2.067724 1.893469 1.13176 0.0
3 22.41268157958984 12.2463550567627 -0.4999805986881256 0.312444 0.665084 0.831467 3.141592