5 -3.35974907875061 -7.75626802444458 -1.273773074150085 0.19592 0.37466 0.598739 2.887079
5 -0.7761395573616028 -6.114935874938965 -1.28900957107544 0.219949 0.300482 0.589504 2.887079
1 -25.91064834594727 -14.88565635681152 -0.6871527433395386 2.981932 0.861992 1.460369 0.07410884
3 -41.5242805480957 -12.47718143463135 -0.3882355093955994 0.352528 0.483079 0.654978 0.03246616
6 -44.68827438354492 9.589574813842773 -1.091111540794373 0.437115 0.44594 0.962096 -3.050314
1 -18.64938354492188 20.59345245361328 -1.502942562103272 4.784621 1.704651 1.487578 1.327106
5 -8.758788108825684 -12.66545677185059 -1.301039457321167 0.298339 0.196312 0.495276 1.227896
1 -19.42898750305176 -18.66278266906738 -0.8350842595100403 4.687283 1.929052 1.466438 -1.715696
1 -20.06353378295898 -23.56185531616211 -0.6715037822723389 3.718087 1.60605 1.728318 -1.663252
4 -3.522672414779663 22.20437240600586 -1.166222214698792 1.755088 0.712967 1.431131 -2.195668
1 -35.34362411499023 -13.9511833190918 -0.5711563229560852 2.319797 0.71277 0.603553 1.501163
4 1.176705002784729 -8.920182228088379 -0.8011688590049744 2.612498 1.292305 1.448918 0.04118809
1 -12.71580696105957 -24.31122970581055 -0.6480466723442078 3.201283 1.228264 1.707342 1.434928
1 56.72818374633789 7.953376770019531 -1.349313139915466 3.348571 1.643779 1.228999 3.117783
4 31.57470321655273 10.72724342346191 -1.027739405632019 0.836504 0.501816 0.814421 0.05215072
5 -6.852513313293457 -10.52075386047363 -1.350123643875122 0.191749 0.208987 0.597448 2.887079
1 -3.632180213928223 10.99077320098877 -1.215019226074219 4.066408 1.69306 1.510399 2.340193
1 -12.28639507293701 35.65920257568359 -1.183488130569458 1.534034 0.410388 0.517354 1.494451
1 25.49245262145996 4.303512096405029 -1.304205656051636 3.674352 2.025827 1.167926 -3.133813
4 -8.862013816833496 -19.52086639404297 -0.5937589406967163 2.999718 1.605592 1.625119 3.072664
6 -0.263129323720932 11.87813377380371 -1.691822290420532 0.130263 0.136552 0.281664 -1.405828
5 -7.897898197174072 -11.57389640808106 -1.272587299346924 0.14195 0.282812 0.524328 2.887079
5 -2.074723958969116 -6.849356651306152 -1.297488927841187 0.214116 0.244112 0.589933 2.887079
5 -5.709123611450195 -9.469510078430176 -1.393632411956787 0.21949 0.156558 0.52689 2.887079
1 -18.35715293884277 30.37238121032715 -1.630525708198547 2.119045 1.521595 1.492927 1.597739
4 2.088513135910034 -6.995477676391602 -0.853422224521637 2.113241 0.729383 1.463124 -1.592108
1 -18.97433853149414 39.32295608520508 -1.766642570495606 5.705577 2.43777 1.592339 1.623131
4 -15.72718811035156 -12.31985759735107 -0.9598308205604553 2.873656 0.937 1.365326 1.518416
4 -4.274237632751465 23.39051818847656 -1.233142614364624 1.987291 0.666921 1.442402 -2.472266
6 -16.62181854248047 -20.27561759948731 -0.0660770982503891 0.344926 0.572037 0.484945 -2.569165
1 -7.793776035308838 14.21517086029053 -1.32466447353363 4.016663 1.800591 1.467553 2.197652
1 -18.34816551208496 26.36379432678223 -1.39572811126709 4.823957 1.922541 1.672377 1.587375
1 -12.11239719390869 -19.36076164245606 -0.7849307060241699 4.740776 2.039784 1.461534 1.394208
3 -4.658822059631348 -18.62203216552734 -0.5613173842430115 0.547507 0.407232 1.571088 1.112517
1 14.71027755737305 7.741196632385254 -1.219101905822754 4.365802 1.768012 1.497481 3.108384
5 -10.60665607452393 -18.09218406677246 -1.163985133171082 0.160671 0.169353 0.566764 2.702387
3 -0.301424503326416 12.84484481811523 -1.049399256706238 0.416851 0.681226 1.661154 -1.522807
1 -10.65971660614014 -13.26501369476318 -0.907305896282196 3.775988 1.924104 1.409938 1.262662
1 -19.15806579589844 -12.63162231445313 -0.9981747269630432 2.746353 1.541621 1.299485 -1.527599
5 -10.30372714996338 -16.59812927246094 -1.183322429656982 0.167597 0.164518 0.490364 1.896202
1 -20.53824424743652 -8.921908378601074 -1.04055380821228 4.557791 1.742344 1.408963 -0.8989501
1 -38.48389053344727 -0.9404385685920715 -1.584623575210571 0.885118 1.684596 0.766734 0.01843176
3 24.35315322875977 -8.448326110839844 -0.4052445292472839 0.228483 0.294372 1.040561 2.521908
5 -4.586528301239014 -8.599449157714844 -1.347101211547852 0.220371 0.195534 0.601567 2.887079
4 -14.91402530670166 33.63095855712891 -1.603837609291077 1.060987 0.597562 1.377792 1.393386
3 -9.671624183654785 -35.52189254760742 -0.3903360664844513 0.565046 0.421947 1.168359 -1.625626
6 -20.63465118408203 -27.7601490020752 -0.2437047362327576 1.180299 0.844236 0.502763 -1.68918
3 -38.96880722045898 -18.56602287292481 -0.5592569708824158 0.623436 0.350322 1.435884 0.4482416
4 -7.994570732116699 -30.5018253326416 -0.5285601019859314 1.931806 0.637278 1.150758 1.270239
1 -11.29168605804443 29.71386909484863 -1.538713216781616 3.192323 2.126396 1.601102 1.625385
1 -24.76530265808106 11.99465465545654 -1.282665371894836 4.495378 1.846886 1.601821 0.5493382
1 -20.96859169006348 15.50072002410889 -1.346284985542297 4.602381 1.854874 1.573065 0.8680308
5 2.02493143081665 -5.059003353118897 -1.303457498550415 0.197664 0.271328 0.646453 -2.106476
4 14.67287540435791 -3.767258644104004 -1.083775877952576 1.587601 0.595153 1.529564 -3.049417
1 48.2765998840332 4.844675064086914 -1.347846508026123 3.371579 2.041635 1.512786 -3.133084
1 -10.55345726013184 20.10006904602051 -1.297351717948914 3.412661 1.7045 1.718515 1.833721
4 -31.76934814453125 -5.876104354858398 -0.8451542258262634 2.70344 1.191644 1.744402 -3.094912
5 0.5959946513175964 -5.481256008148193 -1.291596412658691 0.249613 0.236106 0.646799 2.887079
1 25.9378547668457 7.781611442565918 -1.660510182380676 4.41236 1.697008 0.708287 -3.133813
5 -10.79499626159668 -19.44888877868652 -1.134647488594055 0.148682 0.185336 0.592392 -1.720674