4 -4.331528663635254 -3.569595336914063 -0.9951245188713074 2.724293 1.226703 1.509708 -3.130018
1 22.49468421936035 0.7068095803260803 -1.054181337356567 2.9027 2.097148 1.399456 2.583486e-17
1 -4.205158233642578 -24.60934638977051 -0.7339043617248535 2.641226 1.640626 0.618763 0.04338336
4 -53.73757171630859 -5.178255558013916 -1.18117094039917 1.039357 0.540811 1.359489 3.132851
2 13.24013900756836 19.36238288879395 -0.3805599510669708 12.244041 3.124676 2.793811 -3.086845
1 -6.395326137542725 15.04135036468506 -1.282912492752075 4.155204 1.875169 1.753842 -3.089906
1 -18.11598587036133 -25.92701721191406 -0.499361515045166 2.194242 1.810784 0.658871 0.08053613
3 53.8190803527832 -2.207829236984253 -1.001597166061401 0.496241 0.404191 1.07102 0.0
3 7.501959323883057 -7.686770915985107 -0.6116592884063721 0.460395 0.761449 1.705594 3.141592
6 55.47614669799805 1.513203978538513 -0.8263948559761047 1.00135 1.283963 0.111638 0.02501702
1 -0.0814477801322937 -24.51075744628906 -0.598636269569397 2.300725 1.669941 0.831454 0.04893519
6 -51.66116714477539 1.317266821861267 -1.57840096950531 0.347578 0.8335 0.329033 0.120105
1 -46.29859161376953 -1.45108962059021 -1.078258991241455 2.360601 1.778648 1.378236 0.0
4 49.88078689575195 -2.826389074325562 -1.061848759651184 1.04907 0.740073 1.326054 0.0
4 49.67774200439453 -1.436997771263123 -0.9013494253158569 1.0364 0.46537 1.004319 3.141592
6 -57.80206298828125 3.584293603897095 -1.480421423912048 0.732833 1.570037 0.344607 0.01329685