6 12.36695289611816 11.1625452041626 -1.010271906852722 1.397167 0.593688 0.320672 -0.02048284
4 -14.69083690643311 -6.090305328369141 -1.041607022285461 1.543316 0.643794 1.607147 0.01885314
1 18.73602294921875 3.632132768630981 -1.037266373634338 4.21536 1.482165 1.51178 0.02501746
1 12.22460079193115 3.407711029052734 -1.030132293701172 3.957034 1.591729 1.456109 0.01596894
3 9.359371185302734 21.21531677246094 -1.45707905292511 0.647191 0.743967 1.60882 0.9608805
1 32.01128387451172 3.407339334487915 -0.8896125555038452 1.24672 1.615925 1.758806 0.07801069
1 25.87679290771484 3.722106456756592 -1.04079008102417 3.641043 1.510894 1.521571 0.02561586
3 -12.68963050842285 -9.394341468811035 -0.7803643345832825 0.469456 0.5971 1.668229 0.0462305
4 4.754145622253418 -6.041773796081543 -0.9660304188728333 1.640859 0.7556 1.598756 -0.04582725
3 6.747353553771973 23.05740928649902 -1.720916271209717 0.415733 0.743319 0.903766 1.531462
4 0.05567915365099907 -5.65947961807251 -0.961459755897522 1.672513 0.767986 1.62617 0.1070286
3 -12.76562976837158 -10.05330944061279 -0.7298941016197205 0.35767 0.657508 1.767188 0.0462305
1 28.43887519836426 0.9741988778114319 -0.8665919899940491 1.121979 1.66873 1.78494 0.02015202
1 -10.64255809783936 -2.309271335601807 -1.105418562889099 4.113601 2.065986 1.39051 0.02501746
1 5.271903991699219 3.467140913009644 -0.772022545337677 4.83876 1.882391 1.958468 0.02501746
1 -39.76850891113281 -2.380979299545288 -1.517683267593384 0.635275 1.543024 0.564495 1.262688e-16
1 38.65146255493164 2.735661268234253 -1.300705909729004 1.137778 0.449071 0.938166 -0.002945557
2 45.58641052246094 0.6894510984420776 0.02001685090363026 0.731555 2.649831 2.662687 0.02015202
3 2.750796318054199 22.33014488220215 -1.692261338233948 0.240419 0.373677 1.05777 1.540602