3 48.48733139038086 -9.705304145812988 -0.1340423375368118 0.298067 0.481901 1.167424 -0.5545154
1 -8.853203773498535 -20.76236343383789 -0.1996636092662811 0.472518 1.540131 0.611075 -1.619197
1 3.701172828674316 -22.21287155151367 0.2305383086204529 3.341205 1.783956 1.006349 -1.520949
1 16.04387283325195 -21.60522079467773 0.098324716091156 2.230683 1.494178 0.873277 -1.541309
1 -15.97144317626953 -21.5093994140625 -0.1470393985509872 1.886601 1.516738 0.718809 -1.560023
4 -19.34024238586426 -6.234853267669678 -1.148325443267822 1.310811 0.592793 1.515048 3.08497
1 1.346380829811096 -21.41004371643066 0.1343468427658081 1.47812 1.679554 0.977274 -1.529973
4 -4.969516277313232 -6.19468879699707 -1.030500411987305 1.366027 0.665966 1.582645 0.00121359
1 -13.60795593261719 3.365222692489624 -0.9729729294776917 5.323588 2.032094 1.916589 -0.02696957
1 13.51772880554199 -20.62419891357422 0.1747204065322876 0.260399 0.976162 0.599802 -1.541309
1 -10.95531940460205 -21.49288368225098 -0.1019034758210182 2.275863 1.179009 0.906047 -1.567002
1 5.927817344665527 -22.02070617675781 0.2065736055374146 3.116875 1.302157 0.850096 -1.612861
3 -28.49129295349121 -9.516712188720703 -0.7121173739433289 0.310014 0.573362 0.773319 3.13512
4 47.00126266479492 -6.828590869903565 -0.3246635794639587 1.318587 0.51063 1.532378 0.6005821
3 -28.54158592224121 -10.11309337615967 -0.7315675020217896 0.242625 0.407407 1.133455 -3.140058
2 56.08952331542969 -8.215335845947266 0.1834553331136704 6.212822 2.150794 2.155852 0.3840863
3 48.10623931884766 -10.64437484741211 -0.1303773075342178 0.394744 0.515719 1.158217 -0.3241275
1 -40.48237609863281 -2.07030200958252 -2.022856950759888 0.764043 1.77457 0.574109 -0.0168885
3 48.16258239746094 -8.631739616394043 -0.129407986998558 0.391684 0.365053 1.154019 -1.596943
4 -5.168966770172119 -5.190097332000732 -1.022120356559753 1.595742 0.718398 1.597352 -0.003859822
3 48.91969299316406 -10.10610485076904 -0.01225779578089714 0.185374 0.245408 0.927737 1.298403
4 -4.691319942474365 19.92327308654785 -1.731108784675598 1.472947 0.330747 0.765828 0.01046145
1 0.3874098062515259 -2.752785444259644 -0.8600897789001465 4.195048 1.813964 1.002432 0.00430098
1 -4.089319705963135 -21.2164421081543 0.04257578402757645 1.463442 1.156171 0.801067 -1.408701
1 -6.361471176147461 3.409121513366699 -1.121144890785217 4.331882 2.047973 1.457141 0.0002393983
1 -1.035354614257813 -20.78682518005371 -0.06228214502334595 0.367057 1.240403 0.567015 -1.624346
1 8.348688125610352 -21.38645172119141 0.3971348106861115 1.881312 1.514624 1.202213 -1.542182
1 11.11075878143311 -21.0423641204834 0.3567048907279968 0.694894 0.886717 1.154866 -1.694821
1 17.23782920837402 3.405068397521973 -0.7349348664283752 2.733841 2.0795 1.737672 0.1329384
1 -0.08701426535844803 3.591466426849365 -1.021451950073242 4.518618 2.010425 1.450853 -0.002728933
1 20.97561264038086 -0.3342112898826599 -0.7245467901229858 1.175201 0.45819 1.655589 -0.03118882
1 -13.63554286956787 -21.19792938232422 -0.3269650042057037 1.532599 1.400603 0.516312 -1.448414
1 9.12115478515625 3.528578042984009 -0.9349184036254883 4.167192 1.665788 1.617879 9.369105e-06
1 10.67521667480469 0.5848846435546875 -0.7457948327064514 3.175116 1.805476 1.859263 -0.01325029
3 53.8339958190918 -12.68620681762695 0.1009557992219925 0.31895 0.639073 1.290353 -2.383279
2 35.90274429321289 0.20245361328125 0.2442047148942947 0.478918 2.593621 2.419181 0.02816967