3 29.73217964172363 24.23278045654297 -1.479630708694458 0.529788 0.341657 1.41377 3.125818
1 22.24129867553711 0.4435064792633057 -1.046368956565857 3.846176 2.046475 1.40876 0.0
6 -51.37086486816406 5.375906944274902 -1.443542957305908 0.240319 1.558946 0.159064 -0.002353784
3 35.1536865234375 24.58082962036133 -1.239861011505127 0.474242 0.351072 1.402334 -3.057775
6 -49.04053497314453 2.438935279846191 -1.503199100494385 0.741151 1.484742 0.41596 -0.03340892
6 -31.93362617492676 15.49118232727051 -0.9730444550514221 2.985403 1.174658 0.619624 -3.057141
2 -3.309460401535034 18.73290252685547 -0.5622232556343079 11.736115 2.887107 2.912988 -3.100995
4 41.29994583129883 -3.407674551010132 -0.8755810260772705 0.967961 1.023958 1.11954 5.221367e-05
3 46.66435241699219 -3.104989051818848 -1.023992538452148 0.450999 0.476043 1.277386 0.008593077
1 -46.62265396118164 -0.5954046249389648 -1.411574959754944 1.57181 1.870426 0.867948 0.01525382
3 -3.016554355621338 -7.878800868988037 -0.6231101155281067 0.530016 0.551886 1.731573 -3.123695
4 34.04476928710938 -2.712449312210083 -0.9403066039085388 1.09619 0.607614 1.436893 -3.116405
6 52.97616195678711 0.4011576473712921 -0.5803391933441162 0.973335 1.462218 0.4767 0.0
1 -5.117300033569336 -23.40876579284668 -0.8762680888175964 1.400594 0.422234 0.760945 0.1283306
3 29.60175895690918 23.58575820922852 -1.462039351463318 0.386181 0.382618 1.400729 3.125818
4 -20.17278099060059 -3.555328845977783 -1.127323627471924 2.623335 1.115276 1.471297 3.114204