1 -26.21475982666016 -3.205231666564941 -1.248611211776733 3.32353 1.938497 1.312675 0.0
5 -25.80294990539551 -9.385995864868164 -1.375499367713928 0.1775 0.194729 0.555094 -3.080636
4 8.576425552368164 -6.588220119476318 -0.9108772873878479 2.049315 0.767843 1.655204 -0.001125435
2 -25.36961555480957 15.8128252029419 -0.4991437792778015 12.933126 2.95393 2.74386 -3.108968
5 -19.80744171142578 -7.761183261871338 -1.36208713054657 0.185187 0.168748 0.629449 0.01499175
5 -7.197751998901367 -7.466160297393799 -1.389752626419067 0.243344 0.26723 0.60632 -3.087059
5 -25.72237205505371 -7.969822883605957 -1.372912645339966 0.352346 0.310271 0.61499 -3.130499
5 -22.64292335510254 -7.901577949523926 -1.349751472473145 0.212581 0.300106 0.607109 0.06340364
1 -17.56876945495606 -0.8201054334640503 -1.193633556365967 3.756709 2.062397 1.378574 0.0
1 -5.926104545593262 11.25116062164307 -1.294057011604309 3.342519 1.794288 1.477058 -3.097256
5 -17.07025527954102 -8.616865158081055 -1.350680351257324 0.372345 0.319256 0.667874 0.06528836
5 -4.956985950469971 -9.632208824157715 -1.390987157821655 0.217147 0.230612 0.612307 2.10655
5 -5.751256465911865 -8.228616714477539 -1.402847528457642 0.214687 0.238014 0.589641 2.342866
1 -27.51655197143555 12.57907009124756 -1.093062400817871 2.177257 1.370447 0.748415 3.140084
3 25.48417663574219 -9.553054809570312 -0.05667025968432427 0.21729 0.44547 0.497322 0.01588184
5 15.22325801849365 -7.584811687469482 -1.100490927696228 0.307135 0.311111 0.572839 -1.486055
1 47.29924392700195 4.545621871948242 -0.7151913046836853 3.336015 1.737785 1.814101 0.02599706
5 10.3243408203125 -7.604454517364502 -1.246599316596985 0.330607 0.284744 0.78479 -2.065371
5 9.174888610839844 -9.320499420166016 -1.302480340003967 0.163937 0.192393 0.520926 -2.418142
4 22.36066436767578 -5.405940055847168 -0.7807314991950989 1.29115 0.655365 1.225546 0.08813056
6 12.33551502227783 11.24809646606445 -0.5811752080917358 1.290498 1.324623 0.190024 -3.138928
4 11.08279228210449 -5.107101917266846 -0.9874178767204285 2.116047 0.940247 1.533863 -3.055517
5 11.31384372711182 -7.066868305206299 -1.270616888999939 0.23893 0.279696 0.591264 -2.615965
4 33.28582763671875 -5.02800989151001 -0.7365007996559143 1.024626 0.403762 1.101905 0.04896444
1 28.45863342285156 14.8568172454834 -0.6810610294342041 4.858798 1.932561 1.775212 3.126726
3 25.61575317382813 -8.922406196594238 -0.165341928601265 0.377704 0.497666 0.769565 0.02402206
1 38.56118392944336 12.52265357971191 -0.8187061548233032 2.284255 1.502176 1.020551 -3.13989
1 11.41648483276367 14.04390239715576 -0.8199209570884705 4.130961 1.398685 0.96185 3.141592