1 3.424288749694824 -47.1866569519043 -1.451306819915772 3.850828 1.742065 1.003185 -1.304949
1 5.090247631072998 -51.17069244384766 -1.430745601654053 1.24038 0.220283 0.679067 -1.37839
1 6.281362056732178 -57.09194183349609 -1.193298816680908 3.826921 1.275807 1.444203 -1.229865
3 5.656708240509033 19.09485816955566 -0.3259128034114838 0.567538 0.361343 1.092833 0.5659429
1 22.98863220214844 -7.6038498878479 -0.6445011496543884 1.200034 1.756087 0.866991 0.1220205
1 3.859166145324707 26.9340991973877 -0.2641997337341309 1.636975 1.537668 1.611506 0.3076046
4 -9.964010238647461 -4.265300750732422 -1.300529599189758 1.745088 0.718565 1.308845 -3.122072
1 2.139994621276856 34.14268493652344 -0.3588991761207581 2.279526 0.940239 1.535338 0.3400329
3 -5.323601722717285 -6.325077056884766 -1.089342594146729 0.351345 0.490291 1.597694 -1.975257
1 7.851543426513672 18.25864601135254 -0.6127638816833496 4.347323 1.632807 1.46682 0.2957542
3 -6.242432117462158 -5.99705982208252 -1.050861120223999 0.662016 0.548755 1.697168 -0.394143
1 10.47442054748535 8.905791282653809 -0.6725608706474304 3.232633 1.759853 1.679821 0.3126786
3 14.93061923980713 4.310803890228272 -0.4890955090522766 0.57334 0.707414 1.437987 0.2230241
4 1.220958471298218 7.968351364135742 -1.178102850914002 2.002396 0.704416 1.264979 -0.8522254
1 13.77980422973633 0.5570380687713623 -0.7345408797264099 4.083488 1.811951 1.444444 -2.840952
4 1.290232539176941 9.724770545959473 -0.8495224714279175 2.419302 1.548874 1.863143 -0.8070436
1 -5.052140235900879 -9.115171432495117 -1.012271642684937 4.47236 1.708363 1.750742 -1.276654
3 12.64074420928955 -13.10929107666016 -0.5890265703201294 0.297098 0.695118 1.210371 -1.283217
1 -12.20424175262451 22.2757568359375 -0.9925827980041504 4.054979 2.078763 1.5562 -1.259118
4 5.494583129882813 -6.133514881134033 -1.161243081092835 1.937083 0.898088 1.269501 1.321603
3 -15.32049942016602 0.7827234268188477 -0.8840634822845459 0.668272 0.55549 0.927852 -0.2817298
4 -8.656364440917969 -8.377421379089355 -1.307813405990601 1.569611 0.765082 1.349115 -2.946652
1 15.70534515380859 -9.484537124633789 -0.7161328792572021 3.002366 1.610566 1.277888 -2.745638
6 -5.760257720947266 -6.217458248138428 -1.322548866271973 0.392927 0.3797 0.700247 -0.3971028
1 15.92302703857422 -7.054527282714844 -0.6887282729148865 4.427882 1.816677 1.425362 -2.793948
4 -9.929362297058105 -5.322332859039307 -1.312251448631287 2.511214 0.697237 1.304859 -3.084843
1 30.51350975036621 8.324006080627441 -0.2116331905126572 4.446128 0.874629 1.473059 1.916319
4 2.265987157821655 2.726944208145142 -1.136412143707275 1.679606 0.765595 1.100475 0.3553557
4 -13.35628604888916 5.344454765319824 -1.450520873069763 1.575835 0.548176 1.036759 -1.50621
3 13.65575885772705 -18.45988082885742 -0.6567626595497131 0.40812 0.254709 0.607952 -2.91607
1 31.29112434387207 -7.731648445129395 -0.7393397688865662 2.808747 1.763821 1.076234 0.2138565
1 19.3505973815918 -16.29866027832031 -0.5141928791999817 2.628582 1.520107 1.456842 -2.844599
1 19.27377700805664 -21.23468780517578 -0.8532812595367432 3.092815 1.674283 1.470298 -2.875137
1 32.52381134033203 -9.820262908935547 -0.3779059052467346 3.560046 1.498643 1.864521 0.3219298
1 18.0876407623291 23.87931823730469 -0.298748105764389 4.381701 1.950758 1.632203 0.260664
4 -0.002134193666279316 11.64701652526856 -1.13947069644928 1.35432 0.461813 1.311793 -0.8979046
3 -12.13874053955078 -0.3474043905735016 -0.7136455178260803 0.332934 0.553187 0.566786 2.891944
3 -4.122367858886719 -39.67083358764648 -0.6721965074539185 0.421677 0.523753 0.818025 1.867732
1 -12.80652523040772 14.77689647674561 -1.119103193283081 4.620151 1.77046 1.489502 -1.282443
4 2.028496265411377 5.937007904052734 -1.088547348976135 1.790264 1.076444 1.372401 -0.8291484
4 8.012468338012695 -13.68242359161377 -1.145243048667908 1.505574 0.597557 1.315307 -1.119773
4 -9.8493013381958 -2.937376022338867 -1.143295884132385 1.219378 0.639301 1.053077 -2.846153
1 20.95674896240234 -30.78923797607422 -0.2558375298976898 0.340747 1.558046 0.522698 0.3111273
1 37.78947067260742 4.127562999725342 -0.2289052754640579 3.851972 1.663612 1.637596 0.5830661
3 -4.811605453491211 -42.24341583251953 -0.7147815227508545 0.25029 0.364764 0.841011 1.968056
1 19.70819091796875 14.44641017913818 -0.177832692861557 2.492434 1.386293 0.78065 0.3639964
1 5.919134616851807 20.29047966003418 -0.2796185910701752 1.577224 1.792544 1.450345 0.2100618
4 3.434624910354614 2.305498123168945 -1.087235569953919 1.862293 0.70354 1.338389 0.3757244
4 -1.481517434120178 17.68247413635254 -1.206019163131714 1.642166 0.872693 1.112132 -1.378048
3 25.10865592956543 19.61349487304688 0.6365970969200134 0.317568 0.600757 1.028529 -1.385052
3 33.66364288330078 5.585480690002441 -0.1965467184782028 0.397802 0.348621 1.146802 -1.162922
4 -6.119397163391113 30.88404083251953 -0.8675224184989929 0.567838 0.710863 1.398651 1.879204
1 21.26271057128906 -27.88401222229004 -0.3744044899940491 2.05532 1.583775 1.152544 0.324512
3 -14.92230033874512 -0.938866376876831 -0.887448787689209 0.515924 0.459831 0.831184 0.06722672
1 30.40192794799805 -20.26285362243652 -0.588855504989624 3.697128 1.207241 1.186753 0.3282524
4 -9.54765796661377 -6.076469898223877 -1.311789751052856 2.626885 0.825283 1.325461 -3.079146
3 -6.776392459869385 -12.14486312866211 -0.6503985524177551 0.414417 0.574823 0.78688 -2.763525
4 5.713167190551758 -7.629512786865234 -1.168976068496704 0.719672 0.548099 1.231225 2.001424
4 -8.412924766540527 -9.466752052307129 -1.128862619400024 1.772428 0.847588 1.019691 -2.837894
3 -8.944929122924805 -28.68087005615234 -0.7987697720527649 0.668142 0.593983 1.025687 -1.23902
1 5.328722953796387 22.47736167907715 -0.5231133699417114 1.590937 1.688237 1.746628 0.2605999
1 15.1794605255127 32.69355773925781 -0.1435571759939194 3.914715 1.442392 1.428334 0.2730293
4 -8.940333366394043 -7.176103591918945 -1.313952207565308 2.178286 0.778924 1.272029 -2.8794
1 -5.1754150390625 -0.4732279777526856 -1.069511294364929 4.363326 1.729749 1.458699 -1.210204
3 24.88224792480469 18.6833438873291 0.6192408800125122 0.340781 0.344742 0.609057 -1.121873
4 -10.33882331848145 -2.171059846878052 -1.017092227935791 2.187045 0.820035 0.854922 -2.825853
3 37.40317153930664 -1.147820353507996 0.01801508665084839 0.243735 0.61346 0.749554 -0.4676281
1 34.89450454711914 -16.79038429260254 -0.0788765475153923 1.986851 1.451018 0.527281 -2.833764
4 -13.87330055236816 5.524812698364258 -1.458631753921509 1.585586 0.37405 0.976999 -1.447843
1 37.18471908569336 -27.32262802124023 -0.08973996341228485 0.827362 1.19063 0.538462 0.3158409
4 -0.2699183225631714 13.02628421783447 -1.156398415565491 1.95927 0.728664 1.272406 -0.9333663
3 24.52181625366211 19.53087615966797 0.441041111946106 0.424931 0.312269 0.665649 -0.9171237
1 -11.33183860778809 9.208198547363281 -1.147324323654175 4.093083 1.85905 1.511669 -1.293728
4 2.608429670333862 4.154502391815186 -1.170258045196533 1.660811 0.743277 1.183155 -1.213655
1 19.77839088439941 -23.65270233154297 -0.6669920682907104 2.700582 1.47405 1.444982 -2.83807
3 -5.192412376403809 -6.792672157287598 -1.110202431678772 0.628612 0.378006 1.574445 -2.837178
1 34.18200302124023 -23.82992362976074 -0.6126483678817749 4.063165 1.029005 1.584278 0.295139