1 30.47776222229004 36.14141082763672 -0.8657981157302856 3.088446 0.434087 0.975334 -3.122149
1 36.50751113891602 40.87979125976563 -0.7516297101974487 1.36198 1.613409 1.264043 1.722387
4 20.94070053100586 8.201058387756348 -1.114547491073608 0.610794 0.43212 0.799175 -2.635159
1 44.64408111572266 0.002289609052240849 -0.6598285436630249 0.740236 1.394001 1.216104 0.01934296
1 13.45930290222168 16.3184814453125 -0.9999240040779114 1.644972 1.723301 1.346546 1.545863
3 25.24916648864746 -9.84244441986084 -0.3390369713306427 0.477901 0.481238 0.823272 3.068928
3 23.43922233581543 -9.726027488708496 -0.4030488431453705 0.307775 0.444905 0.586313 3.068928
1 49.63648223876953 17.52530288696289 -0.3484471440315247 3.05763 0.557256 1.016929 -1.490281
1 -48.81916046142578 -2.927196979522705 -1.753947854042053 3.154472 0.561785 0.977936 -1.701644
4 11.48826789855957 -6.808168888092041 -1.184574365615845 1.78996 0.417805 0.880554 -0.1060064
6 31.75554084777832 -5.158297061920166 -0.7655341625213623 0.489832 0.312166 0.854674 -1.834162
1 10.21983909606934 -3.239383935928345 -0.9825887084007263 4.441581 2.010047 1.473065 0.0
3 -40.37494659423828 -15.07273578643799 -1.179473280906677 0.340734 0.38145 0.603803 -1.523323
4 0.262057900428772 -6.587663173675537 -1.218619823455811 1.751637 0.665106 1.098284 -0.05235023
6 28.05244827270508 -5.219114303588867 -0.4345434904098511 1.239715 0.784433 0.306555 -0.1169703
3 33.08570861816406 0.1450016051530838 -0.6565502882003784 0.587319 0.617397 1.708008 -0.7899422
3 34.08493423461914 1.832739114761353 -0.7613370418548584 0.859023 0.546902 1.567852 -1.007614
4 18.44648551940918 7.110016822814941 -1.053426504135132 1.377459 0.724757 1.544403 -3.099206
1 -3.313881397247315 17.52036666870117 -1.021013379096985 4.091708 1.970715 1.612288 1.597433
4 19.9371337890625 8.893558502197266 -0.8903617262840271 2.295042 1.037147 1.705523 0.5923455
6 33.64670181274414 2.37935996055603 -0.8652517795562744 0.653444 0.362652 0.435744 -1.007614
1 8.774584770202637 17.7030086517334 -0.9859970211982727 3.965075 1.923092 1.769149 1.573019
1 -10.19171810150147 18.52417945861816 -1.253798723220825 4.735469 2.028774 1.452897 1.645575
3 32.32806015014648 0.585361897945404 -0.646730363368988 1.150643 0.706535 1.691667 -0.7899422
1 35.77826690673828 -2.883472919464111 -0.8273472785949707 3.614284 1.823984 1.194401 0.03644514
4 33.03741073608398 -5.068488121032715 -0.8141158819198608 0.557447 0.404585 0.907952 -1.834162
3 -21.09269523620606 16.97870063781738 -0.9740888476371765 0.224582 0.373818 0.76508 -0.0008584141
4 44.03191757202148 8.277741432189941 -0.9451788067817688 0.962574 0.520218 1.202113 -0.03458665
4 -31.8950252532959 9.90085220336914 -1.278308629989624 1.888906 1.207308 1.337996 -0.04230185
4 15.79398918151856 5.209964275360107 -1.092817425727844 2.082501 0.697426 1.444606 2.949551
1 -42.22791290283203 12.68636226654053 -1.914170503616333 3.493446 1.41575 1.149063 2.106528
3 37.80866622924805 -4.514712333679199 -0.6297966241836548 0.577124 0.71271 1.638703 2.469132
3 33.40900421142578 2.951658010482788 -0.7477793097496033 0.569039 0.473346 1.549424 -1.007614
6 35.40361785888672 -5.364346981048584 -0.7043779492378235 0.270973 0.237508 0.959481 -1.834162
6 -42.25272369384766 27.28474617004395 -1.252847075462341 1.804266 0.106974 0.274151 1.34867
1 1.840120434761047 28.28272819519043 -1.098944902420044 3.544319 1.855552 1.668208 1.545287
1 3.909332036972046 17.53310585021973 -0.9264006614685059 5.113885 2.056681 1.915952 1.583934
3 20.04401016235352 -5.467028617858887 -0.355109453201294 0.427214 0.505212 0.664293 0.007598649
1 -36.8463134765625 -6.800649642944336 -1.389695048332214 0.487076 1.61186 0.96302 -2.609523
1 -26.6312313079834 17.90700149536133 -1.547626614570618 4.452349 2.303462 1.611296 1.582437
6 31.13590240478516 -5.320872783660889 -0.488246500492096 0.218203 0.167831 0.319201 -1.797433
4 11.27324295043945 8.708768844604492 -1.365352034568787 2.293564 0.737947 1.146047 2.999398
1 11.14012050628662 28.94499397277832 -1.107750296592712 4.106936 1.631452 1.624989 1.545287
4 36.82548522949219 8.072198867797852 -1.089047431945801 2.372626 0.776575 1.290446 -0.2642769
3 44.0758171081543 -12.21857929229736 0.01483864523470402 0.659596 0.622892 0.849267 -0.03615768
1 16.22139739990234 -3.275382995605469 -0.9330493807792664 3.728025 1.636196 1.512386 -0.0007214695
1 -42.12573623657227 -11.04922866821289 -1.096186399459839 3.391428 1.710443 1.164455 -2.326187
4 -24.12437629699707 8.36683464050293 -1.233594417572022 1.227575 0.447571 1.104928 -3.032582
4 17.32696723937988 8.190717697143555 -1.327763080596924 0.91469 0.629511 1.296766 0.457581
1 -43.5615234375 17.13237762451172 -1.691005825996399 2.798113 0.926009 0.966739 1.538069
6 -59.71422958374023 -5.675914764404297 -1.692706942558289 1.983268 0.152761 0.186497 -0.8340231
6 -55.8276252746582 -8.658632278442383 -1.856792092323303 1.484184 0.244079 0.719461 2.173101
4 16.17918586730957 8.460175514221191 -1.210083842277527 1.746126 0.610163 1.045926 0.293509
4 27.16398048400879 7.718885898590088 -1.149362921714783 1.861212 0.924607 1.258794 0.9264714
6 -52.1735725402832 -16.00192260742188 -1.258238315582275 1.467554 0.197159 0.154004 -1.35789
1 -32.59442138671875 5.228581428527832 -1.518336534500122 3.446594 1.65016 1.519056 3.140479
1 -17.84211921691895 0.01681138575077057 -1.179970860481262 4.100843 1.744097 1.534626 0.03036151
1 10.96383953094482 16.01321601867676 -0.7819353342056274 2.329212 1.721597 2.006121 1.52757
4 23.92222595214844 8.356274604797363 -1.108828783035278 2.119524 0.581477 0.891504 0.1233013
3 -20.98493766784668 15.56418704986572 -0.9352521300315857 0.455882 0.593294 0.745723 -0.0008584141
1 -44.57635879516602 -15.18558883666992 -1.399845957756043 2.189224 1.742719 0.867201 -1.84576
1 23.11764144897461 17.79226303100586 -0.7671987414360046 3.852149 1.513663 1.271453 1.547063