3 -33.22406768798828 -7.23929500579834 -0.7386044859886169 0.389084 0.295601 1.502813 -3.11863
1 10.35645294189453 45.33607482910156 -1.293289542198181 3.31655 1.782465 0.740789 1.508117
1 -0.1449812352657318 -25.70750617980957 -0.5224559307098389 4.686102 0.798919 1.168086 3.127255
1 13.29817867279053 -22.12150382995606 -0.4238211214542389 2.536072 1.415445 0.994551 -1.597042
1 -4.524144649505615 27.1425838470459 -1.445486068725586 4.357286 1.744609 1.34533 -2.266552
1 -4.593980312347412 11.60257339477539 -1.104355931282044 4.110836 1.838274 1.395004 3.099498
4 -50.12140655517578 -15.88714599609375 -0.6937124133110046 1.069007 0.334142 1.194772 -2.061592
4 54.24449157714844 -9.02307415008545 -1.509763717651367 0.682019 0.833467 1.464187 3.028697
1 1.817871689796448 14.3190336227417 -1.135148167610169 4.554559 1.964858 1.586366 3.079644
1 5.711529731750488 -22.04960441589356 -0.4743137955665588 3.743347 1.719576 1.131742 -1.620861
6 5.400428295135498 47.16119384765625 -1.309881210327148 0.382802 1.943538 0.034733 -1.486163
1 -15.10188102722168 0.5998716354370117 -1.037092089653015 3.750283 2.079874 1.426318 -0.010826
1 4.520702838897705 -2.656615972518921 -1.079324960708618 4.411279 2.019058 1.449439 -0.03721773
4 27.14277458190918 -10.77896118164063 -1.048352122306824 1.381537 0.69864 1.494308 -3.00186
6 -37.76214218139648 21.72241973876953 -0.8840243816375732 0.37736 0.41472 0.619932 3.139005
6 5.939050674438477 23.98435783386231 -0.7726626992225647 0.302658 0.182747 0.201423 -1.420531
1 10.80486869812012 -21.92183494567871 -0.5538548827171326 3.288259 1.464655 1.266928 -1.667554
1 16.75075340270996 26.84113502502441 -1.662407040596008 4.359236 1.54883 1.450063 2.028491
1 -0.03191537037491798 -28.07429885864258 -0.08711020648479462 4.072388 0.458819 0.541065 -3.130986
1 3.171396017074585 -20.87388801574707 -0.4662215709686279 2.017025 1.607834 1.155753 -1.592442
1 31.74551391601563 15.15623760223389 -1.323871970176697 4.998631 1.951472 1.866681 3.033635
1 8.032391548156738 -21.84964179992676 -0.6432790756225586 2.567755 1.322907 0.928943 -1.61786