1 22.16339683532715 11.81293296813965 -0.8148086071014404 1.268092 1.267815 0.505439 -3.121478
3 11.17286586761475 -9.751607894897461 -0.5277389883995056 0.43857 0.395533 1.6867 -0.07669228
5 -33.16070938110352 -8.437898635864258 -1.363886475563049 0.310411 0.374511 0.628189 -0.01353934
3 11.22176456451416 -9.281353950500488 -0.5546082258224487 0.449815 0.517843 1.738125 -0.08187203
1 -15.85723876953125 -1.354532361030579 -1.116300582885742 4.052413 2.036398 1.438828 -0.07392539
5 -21.90461540222168 -8.255149841308594 -1.438289046287537 0.078422 0.214977 0.438974 1.544733
5 -38.76155090332031 -7.692578315734863 -1.263911962509155 0.140965 0.304605 0.475359 -0.02697671
1 12.60627365112305 -21.44714736938477 0.2516501247882843 3.148472 1.029119 1.079301 -1.626504
4 13.22400569915772 -5.433684825897217 -0.8310535550117493 1.297259 0.669658 1.384102 0.02882451
1 10.08686256408691 -20.93661117553711 -0.1005476638674736 1.839955 1.082626 0.903139 -1.594668
2 -54.49029922485352 16.1308650970459 -0.4921921193599701 8.607016 2.624165 2.128346 3.097895
1 -22.49221229553223 10.81155395507813 -1.15350329875946 2.9064 1.256034 1.014705 -3.11364
1 -3.304789304733276 14.26641273498535 -1.061441659927368 4.488159 1.837884 2.248971 -3.117509
5 -0.8055297136306763 -7.629382610321045 -1.041993856430054 0.292559 0.39275 0.628651 -3.069938
4 -12.22699642181397 -5.252260684967041 -1.038298606872559 1.954523 0.685581 1.481584 3.100309
5 -5.577012062072754 -7.79540491104126 -1.183397650718689 0.374729 0.424027 0.721356 -3.07288
1 32.73514556884766 3.857088088989258 -0.9058593511581421 4.802427 1.871937 1.885375 -0.04555974
4 -1.062852025032044 -5.917810916900635 -0.8925514817237854 1.695977 0.663759 1.665441 0.01473377
5 -4.743070602416992 -7.181402683258057 -1.233899354934692 0.168686 0.183442 0.508463 -3.033347
1 7.009022235870361 11.7415189743042 -1.247239708900452 4.13238 1.866491 1.803153 -3.101051
5 -23.3105354309082 -7.418059349060059 -1.361416101455689 0.073892 0.1639 0.49862 -3.089337
6 58.12624740600586 3.801903009414673 -1.126520872116089 0.367724 0.701972 0.572208 0.003787518
4 22.21049308776856 -5.579738140106201 -0.8581008911132812 1.351055 0.519174 1.364087 0.005421631
1 39.55916976928711 3.290057420730591 -1.288918375968933 3.062953 0.3216 0.976641 0.003688218
1 -19.2602424621582 13.69598007202148 -1.091513156890869 2.81428 1.387926 1.047748 -3.106643
1 55.75989532470703 1.594335079193115 -0.8827177286148071 0.758197 1.829212 1.495092 -0.02058848