1 19.41720962524414 -30.88298034667969 -0.8331189155578613 3.214952 1.375211 1.077695 -1.298106
1 17.55345153808594 -24.14325141906738 -0.9372896552085876 3.629909 1.302579 0.630223 -1.28037
1 9.665376663208008 -3.042884588241577 -1.034568309783936 3.865468 1.797441 1.466237 -0.6071526
1 21.5895938873291 -23.9423942565918 -1.039240837097168 3.034895 1.76081 1.303977 -1.28037
5 1.123133897781372 -5.222433567047119 -1.505296468734741 0.140799 0.201467 0.370837 -3.044006
4 11.19796562194824 -13.79339408874512 -0.9701335430145264 1.081749 0.599217 1.42562 -0.9979431
1 12.38490772247315 9.054098129272461 -0.9825753569602966 4.167658 1.784625 1.519877 0.1957715
6 -57.95561981201172 -13.92848873138428 -1.404714822769165 0.387955 0.443537 1.215842 -2.926874
2 -26.06655693054199 16.29722213745117 -0.4270034432411194 11.876512 2.620878 2.663129 -2.936851
1 -18.82039642333984 -1.362215876579285 -1.115939378738403 3.935852 1.746261 1.555864 0.2191935
4 -23.8961181640625 4.817315101623535 -1.095636367797852 1.575861 0.812472 1.456574 -1.391199
4 4.070478916168213 -5.454163074493408 -0.9383369088172913 1.921966 0.592289 1.676517 -0.3458896
5 2.976364374160767 -5.891788959503174 -1.550168037414551 0.234408 0.203398 0.366842 2.892596
1 -35.89734649658203 -5.935999870300293 -1.230126261711121 2.31454 2.001124 1.65746 0.2191935
1 25.06420707702637 2.304168224334717 -0.972930371761322 4.286241 1.701655 1.530197 0.9019173
5 4.54806661605835 -6.88984489440918 -1.552342057228088 0.194132 0.150346 0.455681 2.892596
4 -6.098755359649658 -3.742058277130127 -0.9546195864677429 1.72497 0.759156 1.668764 -2.820292
1 9.213884353637695 18.82973861694336 -1.121817827224731 2.073957 1.27298 1.637555 -2.915417
4 -22.29566383361816 4.702907562255859 -0.9935060739517212 1.520576 0.910719 1.71391 -1.391199