6 -12.82754707336426 -20.7186393737793 -1.536694884300232 1.286394 0.160306 0.270117 -1.728853
4 15.83472156524658 52.449462890625 -0.375320315361023 0.574309 0.513668 0.972402 -1.745127
1 16.53230476379395 11.56237602233887 -0.5534684062004089 1.617987 1.508515 1.347203 -0.161744
1 20.04589653015137 -32.63127517700195 -0.7475296854972839 2.700002 0.294011 0.561795 2.889293
1 21.97799682617188 -38.54351425170898 -0.2542662918567658 3.594079 1.52817 0.854932 2.93189
1 24.72152709960938 -30.76615715026856 -0.2959007024765015 1.413239 1.785471 0.553149 2.943488
4 1.20224666595459 51.37532043457031 -0.6497185826301575 0.757744 0.384022 1.112734 -1.741938
1 6.304061889648438 -47.64251327514648 -0.6125078201293945 2.381864 0.977839 1.079308 2.967341
3 -6.070987701416016 -4.75843620300293 -1.215779781341553 0.440923 0.603169 1.437094 -2.849237
4 -8.786709785461426 -4.692981719970703 -1.333409667015076 1.032442 0.753432 1.312941 2.778808
4 4.433862686157227 -9.210382461547852 -1.167260527610779 1.824871 0.757974 1.275565 0.7957238
1 29.54802703857422 11.64611911773682 -0.3089244961738586 4.365051 2.115236 1.692938 -0.2213479
1 11.11945247650147 -24.65225219726563 -0.6730033755302429 4.308719 1.860588 1.760557 2.949394
3 26.81546974182129 -8.386055946350098 0.1853103637695313 0.266363 0.608229 0.365551 2.90066
4 6.684209823608398 1.278664588928223 -1.106516003608704 1.675606 0.648639 1.327338 -1.712667
4 -9.116082191467285 -5.613987922668457 -1.318473219871521 1.319152 0.544128 1.407655 2.809861
1 -8.706870079040527 -32.48379898071289 -1.151425361633301 1.260519 1.781446 1.574363 -1.717289
4 -8.360222816467285 -0.4524768888950348 -1.298573851585388 1.742583 0.706235 1.367499 2.712439
4 -8.692020416259766 -3.454533576965332 -1.350043773651123 2.066896 0.697709 1.333819 2.880505
4 4.035033702850342 -10.91228485107422 -1.204472303390503 0.964384 0.58949 1.25611 -1.207679
1 17.48037719726563 16.19262886047363 -0.4666258990764618 1.354617 1.616011 1.649556 -0.1402656
1 27.63991928100586 1.580349564552307 -0.2227652370929718 2.903639 0.919726 1.465944 2.959888
3 -10.80347728729248 6.612683296203613 -1.027076482772827 0.431257 0.664175 1.328441 -1.040294
3 33.54982376098633 4.600770473480225 0.5478189587593079 0.32757 0.776587 0.862372 -0.7481886
6 -6.792101860046387 -4.482970237731934 -0.9016408324241638 0.090899 0.188248 0.253352 -1.496895
4 6.807385921478272 3.075607299804688 -1.151017189025879 1.728863 0.788935 1.247271 -1.340185
4 8.391210556030273 10.53660583496094 -1.174390554428101 1.745366 0.583685 1.18672 -1.37913
1 11.73429393768311 -16.81297302246094 -0.5623514652252197 2.383442 1.162786 1.074398 2.949394
4 5.533504009246826 0.08270864933729172 -1.186443567276001 1.671675 0.785461 1.197646 -0.193035
1 -3.286300420761108 12.13949394226074 -1.132576584815979 3.992492 1.847024 1.493297 -1.732916
1 9.204102516174316 -31.02385902404785 -0.4976004362106323 2.183813 0.851987 1.068457 2.980164
4 -14.62804794311523 -35.71952819824219 -1.127595782279968 0.933667 0.528046 0.708403 -1.717745
3 -20.6297607421875 -33.21050262451172 -0.7797834873199463 0.624183 0.561686 1.020897 -1.756251
4 9.46176815032959 15.18240642547607 -1.131784915924072 1.93075 0.752536 1.211468 1.272136
1 5.377803802490234 -4.996650695800781 -0.9758034348487854 4.390906 1.969263 1.595346 2.90125
1 13.33544254302979 -14.84793472290039 -0.6653240323066711 4.311709 1.712934 1.318497 3.031287
1 9.704928398132324 -28.9607048034668 -0.7819916009902954 3.069683 1.641289 1.266055 2.981643
1 -16.19216346740723 -42.89560699462891 -1.26542329788208 0.352676 1.419981 0.576386 -1.741218
3 -7.603790283203125 36.78727340698242 -0.512016236782074 0.279223 0.67543 1.028988 -1.698149
4 -7.753870010375977 1.596100807189941 -1.362759113311768 2.122984 0.693132 1.288312 -3.106004
3 33.11444473266602 3.946146488189697 0.6579996943473816 0.361137 0.60649 1.074273 -0.07666355
1 16.3209114074707 1.658866882324219 -0.6443589329719543 4.057132 1.737697 1.600959 -0.1817044
3 26.22786712646484 -7.074450969696045 -0.3992640972137451 0.559354 0.5752 1.526678 2.393916
4 -6.856564044952393 9.673508644104004 -1.430251955986023 1.593017 0.604351 1.128678 -2.028585
3 -5.441609859466553 -4.78709888458252 -1.089874148368835 0.476891 0.631682 1.618575 -2.145742
3 33.26100540161133 5.121731758117676 0.4667051732540131 0.179099 0.584905 0.692752 -0.4101856
1 7.86499834060669 -35.2805061340332 -0.4700785577297211 1.344834 0.578795 0.958465 2.949394
3 -5.517196655273438 -3.913347482681274 -1.015426874160767 0.643744 0.592357 1.791328 -2.403135
4 6.522883415222168 -0.8094726800918579 -1.044384837150574 1.869638 0.707034 1.467254 -0.1251497
1 26.72732925415039 -24.96098327636719 -0.3193150162696838 3.530088 1.33911 1.448097 -0.1236315
1 -18.31513977050781 -53.51746368408203 -1.227541327476502 1.316651 1.273606 1.45682 -1.7064
4 -8.302329063415527 -2.397101163864136 -1.335239410400391 1.467788 0.761111 1.364709 2.90917
3 -18.18393135070801 -23.67364120483398 -0.7951098084449768 0.293507 0.444459 1.00484 1.428099
1 37.7142219543457 -15.07259750366211 0.06905628740787506 3.59671 1.567998 1.701256 0.1120941
4 7.285619258880615 5.107537269592285 -1.142525315284729 2.048362 0.62986 1.28239 -1.261533
1 18.44168090820313 21.05061721801758 -0.3017827868461609 3.624113 2.008771 1.613411 -0.1103806
1 26.23469161987305 -22.26900672912598 -0.763022243976593 1.886214 1.500006 1.104136 -0.1303411
4 -7.732785224914551 0.6954941153526306 -1.291934132575989 1.511701 0.674283 1.386845 3.109321
1 13.1408166885376 -6.814712524414063 -0.6213975548744202 4.595682 2.142054 1.704272 2.958684
3 -11.20498943328857 4.943780422210693 -1.203975319862366 0.652593 0.563152 1.318035 0.1047541
1 22.72174644470215 -17.53563690185547 -0.7628410458564758 1.765456 1.022193 1.246753 -0.2161799
4 -6.053165912628174 6.155377388000488 -1.114858746528626 1.635731 0.73656 1.680251 -1.512396
4 7.710822105407715 7.078392028808594 -1.158306479454041 1.453441 0.844136 1.322531 -1.204702
4 3.144980669021606 -17.11684036254883 -1.220606088638306 1.66714 0.682012 1.306733 -1.736348
4 8.046944618225098 8.871440887451172 -1.12288761138916 1.934086 0.71786 1.337833 -1.233967
1 -6.323650360107422 -6.98673677444458 -1.076863884925842 4.229005 1.85517 1.747459 -1.756292
4 -7.309349060058594 9.994556427001953 -1.478085517883301 1.31469 0.474351 1.081131 -2.021121
4 -8.530052185058594 -1.519454479217529 -1.352833151817322 1.791249 0.772031 1.318088 2.732157
1 -2.092279434204102 17.92220878601074 -1.089974164962769 4.828722 1.942461 1.532775 -1.746776
1 33.47349548339844 -7.794651508331299 -0.1577644050121307 4.372745 1.139885 1.482886 1.435875
4 1.426737666130066 -18.82880210876465 -0.794776439666748 1.904331 0.655588 1.09212 1.351891