4 -40.29870223999023 26.29922485351563 -0.5104830861091614 1.014822 1.133006 1.371295 -0.7441162
1 -33.1702995300293 -26.23640823364258 -1.118178725242615 4.123397 1.650401 1.609099 -2.099254
5 -4.154213428497315 -7.807129859924316 -1.57928478717804 0.253333 0.272595 0.528813 -2.326764
5 -5.39885425567627 -8.453103065490723 -1.574082493782044 0.189779 0.221715 0.448475 -2.42817
5 -0.8987549543380737 -6.934990406036377 -1.544987201690674 0.221214 0.229462 0.543219 -2.326764
3 -41.36612319946289 -24.27818489074707 -0.8555197715759277 0.277378 0.452074 1.570362 -2.069104
5 -2.55285382270813 -7.307058334350586 -1.59217631816864 0.347017 0.30526 0.508922 -2.326764
5 3.418051481246948 -7.042470932006836 -1.463440656661987 0.405801 0.287531 0.689938 -2.054116
1 -5.826221942901611 25.29294967651367 -0.788995087146759 3.621843 1.678109 1.365852 2.539168
6 38.23447036743164 4.239639282226563 -1.350926876068115 0.325237 0.60704 1.135463 2.519601
1 12.30636882781982 -5.990701198577881 -1.20169723033905 4.306013 1.802619 1.426187 -0.5765908
3 -6.353260517120361 40.24897003173828 -0.5975935459136963 0.632156 0.519788 1.598112 2.442869
3 -20.49043273925781 -35.81877136230469 -1.166828274726868 0.493936 0.605291 1.732824 0.5453784
3 -32.24711990356445 -7.548494338989258 -0.4475720226764679 0.29415 0.771377 0.960241 -2.117143
1 12.1938943862915 15.56724071502686 -1.148353099822998 4.035545 0.992086 1.540099 2.523533
3 -39.70392227172852 -21.7461051940918 -0.8478488922119141 0.197882 0.427947 1.591535 -2.176995
1 -18.97931289672852 19.3875904083252 -0.8295882940292358 3.975012 1.988785 1.445009 -0.6127313
5 -6.639365673065186 -9.240405082702637 -1.555288076400757 0.240195 0.185741 0.511615 -2.326764
1 -29.82025146484375 -28.16752243041992 -1.185811281204224 4.159073 1.60223 1.402606 -2.021073
5 -8.43545913696289 -10.64140224456787 -1.53189492225647 0.153644 0.211096 0.494522 -2.326764
1 -21.99578475952148 36.97064590454102 -0.4289279878139496 2.109393 1.430711 1.223653 2.532926
3 1.949725031852722 -11.06201171875 -0.992054283618927 0.916642 0.622526 1.542968 0.1723325
3 -41.71976470947266 -26.02030944824219 -1.045247077941895 0.334619 0.41224 1.283183 -2.072546
5 0.9866146445274353 -6.899821758270264 -1.556143760681152 0.219186 0.204889 0.553978 -2.326764
4 -37.18423461914063 25.12064743041992 -0.5320595502853394 0.958273 0.706496 1.423568 -0.7052213
3 -39.08729553222656 -21.97554588317871 -0.8567166924476624 0.269853 0.440546 1.616725 -2.153961
1 -29.5063533782959 -20.26006889343262 -1.123084545135498 4.315181 1.730472 1.441766 -2.083408
4 -14.37926387786865 3.196251153945923 -0.9198054671287537 1.739736 0.680734 1.57031 -0.6429025