1 0.4260630607604981 -3.320310115814209 -0.951041579246521 4.062016 1.905171 1.305182 0.05835175
1 -19.81279563903809 17.15437507629395 -1.274452447891235 3.850276 1.730876 1.420121 1.595085
3 -40.708984375 -12.93130874633789 -0.8457516431808472 0.387926 0.592918 1.11223 -0.05669571
3 18.35513114929199 13.66944694519043 -0.5168377757072449 0.4525 0.571906 0.925289 -0.00435127
3 17.30815315246582 -1.675308465957642 -0.6584727764129639 0.457437 0.616553 1.593109 -1.670705
3 -38.52749252319336 14.33214664459229 -1.199157118797302 0.344738 0.392909 0.717696 1.76138
1 33.62166976928711 19.11176872253418 -0.5544218420982361 3.889047 1.750793 1.473456 1.649728
4 12.00380802154541 -5.389448165893555 -0.986713707447052 2.189732 0.650122 1.400509 -1.297734
6 21.6674747467041 8.742810249328613 -1.070805907249451 0.547049 0.318222 1.179687 -0.1737136
3 16.46096992492676 0.3164157867431641 -0.7752903699874878 0.713435 0.678369 1.63033 -1.688666
1 45.46801376342773 1.534364938735962 -0.4680443108081818 0.80928 1.646197 1.288318 0.01585802
4 7.388986587524414 8.720134735107422 -1.294235825538635 1.708256 0.897725 1.133312 0.4187472
4 20.14740943908691 8.892309188842773 -1.094786763191223 1.858304 0.786436 1.270617 2.638077
4 3.853895425796509 -6.186995983123779 -1.187015414237976 1.427815 0.633034 0.901766 -0.212515
1 -12.50012111663818 17.21953392028809 -1.061252117156982 5.19068 2.354096 1.907896 1.623524
1 -7.645012855529785 16.92500305175781 -1.107640027999878 2.821402 1.795702 1.742859 1.601158
1 -14.31669616699219 27.00988006591797 -1.201911926269531 1.689826 0.553989 1.287956 -1.665974
4 -49.09544372558594 6.998916149139404 -1.50403106212616 0.695313 0.424987 0.916623 -3.108541
3 7.734275341033936 -9.36770248413086 -0.7110583186149597 0.475418 0.614009 1.469131 -0.95457
1 -57.41767120361328 -12.83688831329346 -1.233141779899597 3.107766 1.131846 0.909222 0.781019
6 57.31322479248047 -3.985246896743774 -0.1812807619571686 0.142661 0.905537 0.020428 2.909384
6 21.55961608886719 -1.381489753723145 -1.179927825927734 0.389836 0.23047 0.702843 -3.039121
4 15.94344997406006 -4.634787559509277 -0.9327475428581238 0.723143 0.517329 1.055068 -1.437099
4 -15.72179698944092 -6.982516765594482 -1.269271731376648 1.618351 0.384466 0.870448 -0.03182029
3 18.73445320129395 -3.670610904693604 -0.7236717343330383 0.66054 0.539909 1.635859 -3.096455
4 17.13220405578613 -4.554373264312744 -0.9245885014533997 0.671882 0.703068 1.162064 -1.47626
1 -52.87438201904297 3.564423322677612 -1.858731746673584 3.903924 1.640115 1.043403 -3.019824
4 1.439987421035767 8.544255256652832 -1.343506217002869 1.866379 0.931659 1.280843 0.5006137
4 5.294014930725098 8.555840492248535 -1.340130925178528 1.914475 0.685309 1.267896 0.4556754
4 -5.09141731262207 8.555712699890137 -1.496421098709106 2.208872 0.685589 1.202393 -0.07051052
4 -4.509204864501953 -6.816905498504639 -1.354146957397461 1.613325 0.52043 0.878949 0.04944669
4 -15.65317344665527 4.919203281402588 -1.348147392272949 2.005533 0.667758 1.460068 -3.06792
1 57.37314224243164 -0.6718572974205017 -0.2340303659439087 1.175754 1.358095 0.777631 -0.01431408
1 -5.407746315002441 17.42668533325195 -0.865994930267334 3.866174 2.13812 1.978803 1.556532
4 -48.21907043457031 8.467734336853027 -1.300935745239258 1.95343 0.94492 1.371266 0.07505666
1 -26.11474609375 17.5502986907959 -1.384294271469116 3.835666 0.708492 1.241217 1.677361
4 9.352456092834473 -4.09419584274292 -0.8628868460655212 1.736209 0.525488 1.646755 0.297251
4 3.395464658737183 8.82713794708252 -1.052641034126282 1.838305 1.257704 1.90212 0.4930005
1 -5.16423225402832 -3.331554174423218 -1.039591431617737 4.981463 2.17596 1.496142 0.05835175
4 27.99688720703125 9.320351600646973 -0.8050675988197327 1.558224 0.587177 1.047348 0.1809044
6 -52.66307067871094 -8.349206924438477 -1.895203471183777 0.554514 1.571006 0.321755 0.5522352
1 26.03748321533203 17.43736457824707 -0.4981465339660645 0.864549 1.304 0.647071 1.69471
4 19.4571533203125 -4.778225898742676 -0.9062561988830566 0.572842 0.535794 1.165019 -1.711858
4 -0.1468112170696259 8.504209518432617 -1.392657160758972 1.627866 0.733241 1.213917 0.3926615
5 20.0455322265625 3.29840350151062 -1.216007232666016 0.205395 0.095645 0.410589 1.504328
3 13.23913478851318 13.7759485244751 -0.3602778613567352 0.346754 0.42583 0.516398 0.0463772
1 -13.87502002716065 -0.1427628099918366 -1.20504903793335 4.007379 1.729751 1.283571 0.05835175
4 -2.819197416305542 7.496851444244385 -1.171172738075256 1.96601 0.987436 1.617037 2.731619
1 3.820799350738525 28.64762878417969 -1.147597074508667 4.105702 1.540451 1.721421 1.632634
3 9.480535507202148 -9.45108699798584 -0.7978863716125488 0.517296 0.737921 1.346142 -0.95457
3 17.23922538757324 -0.03179836645722389 -0.7474099397659302 0.332283 0.45385 1.542694 -1.670705
3 16.48402786254883 -1.395021319389343 -0.6756327152252197 0.690178 0.767339 1.807509 -1.670705
4 12.82766532897949 -4.877993106842041 -0.9298542141914368 0.853971 0.656506 1.280232 -1.368365
4 3.63280725479126 -6.668008804321289 -1.141965746879578 1.625815 0.384784 0.938419 -0.193653
1 12.57877731323242 36.99846649169922 -0.9161068201065063 4.144103 1.048889 1.281806 -3.042921
1 19.03567695617676 -2.399095058441162 -0.9722120761871338 2.177563 1.27696 1.245587 0.09099211
1 40.48089981079102 18.01395034790039 -0.1093223914504051 2.254908 0.880624 0.569194 1.643342
4 15.2341775894165 -4.984600067138672 -0.9970752000808716 0.809982 0.588035 1.236156 -1.872111
1 18.94622611999512 42.18238830566406 -0.9458123445510864 2.917201 1.72377 1.77097 1.913127
4 14.21625328063965 -5.359510898590088 -0.9796345829963684 1.451482 0.863832 1.270668 -1.700941
1 38.14886474609375 17.53788566589356 -0.6174825429916382 1.73945 1.378166 1.167883 1.643342
1 -5.671084403991699 27.61147880554199 -0.8195592164993286 1.500513 1.497119 1.081887 1.451182
6 18.29454040527344 -4.827208518981934 -0.7934737205505371 0.10893 0.325402 0.965229 -3.003772
1 6.592793464660645 17.84130096435547 -0.9564014673233032 3.40134 1.607817 1.443476 1.60503
4 9.369649887084961 8.898534774780273 -1.282751798629761 1.779814 0.66346 1.151688 0.1806723
3 30.40035820007324 -11.07120990753174 0.01755418069660664 0.48328 0.608366 0.989818 -3.099603
4 11.31622314453125 9.116260528564453 -1.152583241462708 1.695675 0.638994 1.161796 1.515859
1 -2.912525415420532 17.27589988708496 -0.9496647119522095 3.976475 1.813285 1.08472 1.536606
4 10.66210746765137 8.150233268737793 -1.261543393135071 1.832433 0.661745 1.148286 1.439734
1 23.33457183837891 18.99257850646973 -0.726142942905426 2.213545 1.166028 1.150045 1.623341