6 -15.58863830566406 -17.81794929504395 -1.464968085289002 0.902407 0.195156 0.223075 1.189556
3 -27.55068588256836 -32.51658248901367 -0.6388406157493591 0.573392 0.415899 0.650495 -1.896266
1 26.07631492614746 22.61401176452637 -0.3934909105300903 1.040843 0.601403 1.179684 -0.3468429
1 23.78355979919434 16.26470565795898 -0.4755598902702332 3.155164 1.963065 1.702992 -0.3875025
3 1.714822053909302 -29.60894203186035 -0.4464284181594849 0.275118 0.434753 0.611458 -2.074305
1 13.53804302215576 -36.79727935791016 -1.121293187141419 2.463651 1.447429 1.263337 2.769357
1 32.44252014160156 4.762432098388672 -0.5812543034553528 4.370544 1.905717 1.571432 -0.4234626
3 35.43087768554688 -2.445631265640259 0.03472250699996948 0.309196 0.772813 0.731054 -0.3153912
4 -7.985170364379883 -0.6424066424369812 -1.219520926475525 2.837846 0.789186 1.313819 2.688821
1 3.845473766326904 -4.641427993774414 -1.088186860084534 4.402774 2.127358 1.421397 2.268951
1 11.10415077209473 -17.7299690246582 -0.8880302309989929 4.386976 1.912644 1.512148 2.811941
3 21.9617805480957 -10.37061595916748 -0.5415287613868713 0.387104 0.751902 1.26804 -0.681264
3 28.60093307495117 -16.35192489624023 -0.5695574879646301 0.581178 0.726015 1.205315 -0.3912283
4 8.646842002868652 1.176506280899048 -1.165947198867798 1.738566 0.968913 1.420938 -1.3009
1 2.73615837097168 17.40567970275879 -1.075430750846863 4.43543 1.906427 1.515412 -1.937145
1 -1.610963821411133 -41.58270263671875 -0.8220831751823425 1.648543 1.239919 0.629727 2.676063
4 7.929862022399902 -0.5705382823944092 -1.246749043464661 1.704382 0.603193 1.210676 -1.864842
4 -7.417502403259277 -3.353411197662354 -1.032987594604492 1.587522 0.493169 1.697134 -2.197468
1 -6.347457408905029 -5.798883438110352 -1.020401477813721 4.414534 1.734294 1.618759 -1.95189
3 -5.037567138671875 -2.850603103637695 -0.9466149806976318 0.480645 0.776539 1.768288 -2.039636
4 -7.605349063873291 -0.002135100774466991 -1.225643754005432 2.155869 0.669997 1.270546 2.45763
4 -22.74993705749512 -42.12439346313477 -1.137786149978638 0.652816 0.440871 1.503113 1.235832
4 2.866620779037476 -12.24883460998535 -1.231830596923828 1.742235 0.55693 1.218325 1.578141
4 0.8133379220962524 -18.00776100158691 -1.066079378128052 1.966006 0.865107 1.257206 -1.603083
1 3.07185435295105 -32.78045272827148 0.09203100949525833 4.583583 2.256793 2.105662 2.739524
3 34.49391937255859 -3.956246137619019 0.2409227341413498 0.246618 0.310117 0.580322 -0.3153912
3 -5.738344669342041 -3.360975503921509 -0.9372342228889465 0.443268 0.314569 1.721827 1.033244
4 -6.945792675018311 2.265017986297607 -1.197200894355774 3.115912 0.793604 1.42336 2.646797
4 -3.588547945022583 10.48387718200684 -1.333172678947449 1.671219 0.686923 1.087298 -2.209435
4 13.56229782104492 12.45133686065674 -1.126548171043396 1.812459 0.780819 1.343625 1.107067
3 -19.74001121520996 -15.48868656158447 -0.5676618218421936 0.315481 0.565309 0.982597 0.785514
4 -8.3314847946167 -1.885795593261719 -1.246820569038391 2.604294 0.752414 1.342672 2.692935
1 9.77738094329834 -8.57926082611084 -0.8288505673408508 4.789636 2.092489 1.81095 2.771789
3 34.96992111206055 -3.645331859588623 0.1362481117248535 0.333229 0.499792 0.870012 -0.3153912
4 3.554046392440796 -10.40348529815674 -1.209004163742065 1.939065 0.754548 1.268579 0.6382559
4 -9.137205123901367 -2.647349119186401 -1.247464418411255 3.116833 1.307304 1.336952 2.713997
3 34.74327087402344 -2.911626100540161 0.1314035505056381 0.282327 0.539165 0.875046 -0.2093721
4 -3.89311671257019 10.98200702667236 -1.382125496864319 1.746635 0.397492 1.047826 -2.154946
1 19.35993957519531 -21.78507614135742 -1.003099918365479 0.931318 1.12662 0.639352 -0.4813291
3 -8.098981857299805 8.165830612182617 -0.9872615933418274 1.003728 0.798054 1.51907 -1.686742
3 -0.3000440001487732 33.67010116577148 -0.5340174436569214 0.266439 0.561944 1.126393 1.251796
4 7.569736480712891 35.28641891479492 -0.7194216847419739 0.802225 0.511137 0.934128 -2.02386
6 -0.8450286388397217 18.16702461242676 -1.112901449203491 0.496094 0.244132 0.221377 -1.995938
1 22.4075927734375 -30.45771408081055 -0.4034020304679871 3.016467 1.511353 1.190902 2.769357
4 11.4748067855835 8.134142875671387 -1.199196100234985 1.852956 0.678547 1.241689 -1.637591
3 -6.796355724334717 -3.330615997314453 -0.953944742679596 0.552928 0.619313 1.780167 -2.079355
4 0.8624868988990784 -13.83058452606201 -1.061027526855469 2.011672 0.675847 1.600703 1.075636
1 32.16245269775391 -15.07394695281982 -0.5842117667198181 4.554284 0.937064 1.559752 1.205486
1 35.11532974243164 -22.93634414672852 -0.3021365404129028 3.868857 1.472956 1.451862 -0.1216522
1 22.62809371948242 -27.72756767272949 -0.9105599522590637 2.687562 1.326606 0.97226 2.769357
1 -27.82073020935059 -49.02877807617188 -0.8882993459701538 1.194838 1.41281 1.529365 -1.904741
1 -1.598477840423584 -43.69441604614258 -0.912115752696991 1.567432 0.861405 1.120326 2.684872
4 6.725420475006104 -1.656849026679993 -1.235730648040772 1.988725 0.798514 1.224492 -0.6422324
1 8.923234939575195 -19.4259033203125 -0.9058401584625244 2.095117 1.679682 1.522908 2.694641
1 -2.321482181549072 -48.34965896606445 -0.3930659294128418 1.610829 0.978823 0.639845 2.793953
1 1.994914174079895 -36.94417190551758 -0.4871244728565216 2.353148 1.069705 0.991021 2.718336
1 0.4353905618190765 12.2004508972168 -1.11080813407898 4.087979 1.86018 1.473896 -1.981846
1 28.58171463012695 -4.788273334503174 -0.5672049522399902 2.791966 0.601582 1.550629 -0.3550024
1 4.887195587158203 -30.75908660888672 -0.7148454785346985 3.380713 1.578022 0.817454 2.715209
4 10.17800807952881 4.761054039001465 -0.966892421245575 1.828183 1.007277 1.863946 -1.43099
4 7.315676689147949 -2.553056240081787 -1.135223150253296 1.716402 0.832346 1.449367 -0.3798179
3 -8.897040367126465 6.719869136810303 -1.016685724258423 0.50298 0.702854 1.461276 -0.3034934
4 -6.406925201416016 2.846057176589966 -1.249827146530151 3.064961 0.89452 1.230948 3.031716
1 -24.02278137207031 -40.61030197143555 -1.193979620933533 3.789257 1.751214 0.507653 -1.96593
4 -8.97089958190918 -3.96271824836731 -1.230921983718872 1.538954 0.461706 1.371133 2.692935
1 17.50360870361328 -11.99850082397461 -0.9207645058631897 3.848135 1.233537 1.214717 2.449588
1 21.39942169189453 9.58698844909668 -0.5704081654548645 4.269667 1.777617 2.059898 -0.4745215
4 -7.423312664031982 1.3890460729599 -1.174838423728943 2.817298 1.37334 1.334034 2.599418
1 -0.3544713258743286 -39.42190551757813 -0.4489580392837524 2.07985 1.81068 0.87808 2.676296
1 21.56144332885742 11.88285732269287 -0.6987882852554321 1.249699 1.608412 1.585457 -0.3300486
1 17.42818832397461 -2.140481472015381 -0.7083659768104553 4.00031 1.619073 1.337031 -0.4090586
4 10.82122230529785 6.573519706726074 -1.156773090362549 2.38867 0.612829 1.23094 -1.41985
3 34.60653305053711 -3.290261745452881 0.2454927414655685 0.374677 0.158474 0.597741 -0.773216
4 9.271660804748535 3.056681871414185 -1.237722635269165 2.116768 0.871085 1.228509 -1.395319
3 -4.9947829246521 -3.849172830581665 -0.9856598377227783 0.542883 0.734583 1.712601 -3.038027
1 21.02133750915527 7.023402214050293 -0.8691047430038452 4.216161 1.743782 1.468457 -0.4526236
1 6.962793350219727 -26.90899658203125 -0.6152880191802979 4.468962 2.16682 1.366894 2.710037