3 -20.39766883850098 11.40911293029785 -0.442004382610321 0.249245 0.511455 0.766107 -0.1749759
3 7.706028461456299 -28.05788040161133 -0.4425298869609833 0.450684 0.492674 0.640784 -1.654895
1 -6.804497718811035 -29.86827850341797 -1.066031455993652 3.466639 1.778861 1.547101 -1.735878
4 -9.079497337341309 -4.984547138214111 -1.357961297035217 1.470258 0.731628 1.255817 2.790701
4 -6.707352161407471 8.085819244384766 -1.125846982002258 1.699957 0.756236 1.614888 -1.64364
4 8.396133422851562 15.75222206115723 -1.115991830825806 1.871461 0.813647 1.187982 -1.703051
1 26.53683662414551 -30.19639587402344 -0.2921753823757172 0.808296 0.219797 0.505421 -0.09852383
1 27.49480438232422 -20.89199256896973 -0.721832275390625 2.745737 1.438315 1.061628 3.003432
1 15.88950252532959 2.552725315093994 -0.5720938444137573 4.034434 1.705256 1.463892 -0.1373802
3 26.33824729919434 -6.766368865966797 0.1764636933803558 0.338579 0.504412 0.336951 -0.2202639
3 -5.598280906677246 -4.146500587463379 -1.020166873931885 0.485608 0.6024 1.769555 -1.680518
1 -4.194728851318359 12.0642261505127 -1.14670467376709 4.186659 1.821293 1.488297 -1.730795
4 -1.439005613327026 53.57064819335938 -0.4825550019741058 0.719318 0.153012 0.665605 -1.711839
4 -12.92203521728516 -35.07316207885742 -0.9344853162765503 1.24841 0.530406 0.964221 -1.720043
1 25.91583251953125 -40.97786712646484 -0.140800416469574 0.949749 0.253275 0.61265 -0.0847065
1 27.1430606842041 3.207446336746216 -0.2623237073421478 3.052881 1.22557 1.551348 3.046049
4 -8.11340045928955 0.4025702476501465 -1.279224634170532 1.639207 0.656613 1.356419 3.022158
6 -12.04473114013672 -21.11197280883789 -1.582866072654724 0.762498 0.102833 0.06359 -1.691763
4 7.263045787811279 7.449941635131836 -0.8433886766433716 1.748701 1.180696 1.93208 -1.180402
1 12.25255012512207 -16.32916069030762 -0.667199432849884 2.418977 1.527509 1.308015 3.077883
4 7.486122608184815 10.84565925598145 -1.091086387634277 1.999479 0.820066 1.301159 -1.308568
1 27.69217872619629 -23.5831184387207 -0.4029873311519623 3.498933 1.517821 1.646994 3.003432
3 -6.118038177490234 -4.974249362945557 -1.190328121185303 0.415266 0.496873 1.349511 -1.700216
4 1.96185827255249 -19.85296440124512 -0.8710305094718933 1.703552 0.625625 1.129427 1.430817
1 38.3155517578125 -12.98597049713135 0.1675423979759216 3.929501 1.4892 1.533694 0.1616072
4 6.368170261383057 1.708580493927002 -1.055816054344177 1.521214 0.727291 1.405375 -1.692703
1 19.57545280456543 -41.50844955444336 -0.5897966027259827 0.807718 0.212984 0.501659 -0.0847065
4 5.234079837799072 0.4978597760200501 -1.154619812965393 1.518014 0.829212 1.157879 0.06264134
4 6.591953754425049 3.535080432891846 -1.189141631126404 1.594107 1.288838 1.125075 -0.8694454
1 10.78689002990723 -30.58429908752441 -0.4827586114406586 3.053684 0.899261 1.034724 -0.1662187
3 -11.44374561309815 6.120515823364258 -1.088843703269959 0.427624 0.644496 1.34592 -1.167729
3 -5.537702560424805 -5.011094570159912 -1.093987584114075 0.499745 0.581409 1.592316 -1.699469
3 -9.747137069702148 36.96335601806641 -0.5325847864151001 0.194548 0.556783 1.024338 -1.696547
3 -11.62905406951904 4.356785297393799 -1.180616617202759 0.569911 0.595295 1.33293 -1.692588
3 -17.32527160644531 -25.24085235595703 -0.8269582390785217 0.32024 0.452484 1.011188 -1.691608
1 16.24713706970215 17.25812530517578 -0.4672286212444305 1.204718 1.501269 1.642899 -0.1290051
1 8.903155326843262 -37.31593704223633 -0.2565984129905701 0.804222 0.321087 0.505907 -0.1471116
1 -6.197717666625977 -7.244668483734131 -1.037386059761047 4.087259 1.696997 1.7212 -1.704784
1 5.683000087738037 -4.745440483093262 -1.009977340698242 4.41476 1.887522 1.520732 2.949865
3 26.78057861328125 -5.876197814941406 -0.3949005007743835 0.547818 0.604288 1.522051 2.745456
4 4.378022193908691 -10.84767150878906 -1.192739129066467 1.244613 0.649431 1.2334 -1.058631
1 7.979650020599365 -42.46048355102539 -0.7712037563323975 0.971457 0.957571 0.50177 -0.1471116
1 -14.1940507888794 -43.77261352539063 -1.262257099151611 0.536239 1.464438 0.529747 -1.722224
4 6.192909717559815 -0.3796682953834534 -1.045834422111511 1.637808 0.714671 1.40546 -0.1058752
1 11.88178157806397 -23.94865989685059 -0.6638874411582947 4.015571 1.909084 1.766939 3.006675
1 -3.222684144973755 17.81554412841797 -1.069673657417297 4.783246 1.77188 1.485927 -1.687358
4 4.691282749176025 -8.889386177062988 -1.137883305549622 2.053472 0.825069 1.325635 0.9649473
1 13.72187519073486 -14.10136222839356 -0.7304250597953796 4.29061 1.798899 1.472328 3.077883
1 21.45229721069336 -31.85329818725586 -0.4986869692802429 3.508999 1.19826 1.010802 -0.2317551
1 13.71199131011963 -6.120791912078857 -0.589892566204071 4.608851 2.098773 1.651987 2.954819
1 -15.94825839996338 -55.28683090209961 -1.255096316337585 3.190652 1.613251 1.826439 -1.681017
4 -8.080395698547363 1.305752396583557 -1.337353706359863 1.959101 0.717481 1.199938 -3.121138
1 10.82154941558838 -28.38729476928711 -0.7170577645301819 3.052754 1.729323 1.1665 2.963385
1 33.40577697753906 -6.070492744445801 -0.1688527315855026 4.338612 0.822597 1.479675 1.473669
1 23.95739936828613 -37.35784149169922 -0.3428501188755035 3.315859 1.778008 0.588799 -0.0847065
4 -7.633113384246826 9.396464347839355 -1.410535097122192 1.489236 0.388487 0.974931 -1.872209
3 -19.20999717712402 -33.58007431030273 -0.7633267641067505 0.522471 0.471455 0.970905 -1.691608
1 29.41377449035645 21.94016456604004 0.3030243515968323 2.628892 0.267436 0.505753 -0.1356066
1 17.39147186279297 21.80498886108398 -0.2797122597694397 2.739843 1.660202 1.570201 -0.1825218
1 9.249751091003418 -35.06317520141602 -0.4705454409122467 1.215542 1.210586 0.992331 -0.1471116
4 3.741612195968628 -16.95760536193848 -1.221367239952087 1.861893 0.740114 1.280346 -1.712094
1 16.33402442932129 14.7791166305542 -0.2888698577880859 3.901191 2.220898 2.007967 -0.2642301
4 7.199093818664551 9.36913776397705 -1.119313836097717 1.891469 0.567183 1.28977 -1.180402
3 32.61913299560547 6.110801219940186 0.656327486038208 0.453652 0.567491 1.04339 -0.2039438
1 28.55768966674805 13.12930965423584 -0.2739702165126801 4.313854 1.884479 1.62305 -0.1820898
4 -8.07064437866211 9.666163444519043 -1.450500011444092 1.855419 0.525308 1.058282 -1.872209
1 15.54800510406494 12.46604919433594 -0.5850462913513184 1.452397 1.504772 1.407265 -0.1290051
4 6.674322605133057 5.581313610076904 -1.112322926521301 1.943666 0.672345 1.249292 -1.264919
4 -8.74874210357666 -1.865422368049622 -1.35414719581604 1.883147 0.662157 1.313614 2.790701
4 -8.499070167541504 -2.691100358963013 -1.334540128707886 1.543826 0.706949 1.272694 2.790701
4 -8.688916206359863 -0.787061333656311 -1.341928124427795 1.794551 0.717828 1.340195 2.790701
6 12.48343658447266 51.95352554321289 -0.3400198817253113 0.388222 0.381305 0.961743 1.473419
3 32.73855590820313 6.65625810623169 0.4573250710964203 0.699283 0.49283 0.680078 -0.2039438
4 -8.812333106994629 -3.925671100616455 -1.347295641899109 1.958416 0.779973 1.270309 3.022158
1 8.263279914855957 -47.17217636108398 -0.567909300327301 2.020036 1.020166 1.030256 -0.1471116
4 -9.265071868896484 -6.078914642333984 -1.291347980499268 1.563097 0.743477 1.286572 2.790701