3 -11.42906856536865 -5.273176670074463 -1.154232501983643 0.764405 0.429526 1.309138 0.08805256
3 -12.32215213775635 -3.965266466140747 -1.036436557769775 0.650986 0.639489 1.322369 0.06691793
6 21.45558738708496 -40.43690872192383 -1.14515221118927 0.405463 1.502031 0.383382 -0.9438316
1 29.15422630310059 -49.71059417724609 -0.969532310962677 3.603443 1.213561 0.993707 -1.032445
4 -31.54830551147461 51.04230880737305 -0.8510067462921143 2.056366 0.663682 1.378387 -0.9444582
1 -8.326411247253418 33.05478286743164 -0.3931688964366913 1.496514 0.670564 1.169153 0.6251971
3 25.49109268188477 -14.05045890808106 -0.2787438035011292 0.523256 0.469509 0.674293 -0.8926402
1 35.86506652832031 -23.64432907104492 -0.6352163553237915 0.847201 1.169116 0.638582 0.6321292
1 27.70755577087402 19.99429512023926 -0.2016448229551315 4.419047 1.596072 1.532028 -0.8986716
3 32.42580413818359 19.44708251953125 0.04026453569531441 0.400518 0.446709 0.733532 0.2201297
3 17.82625007629395 28.78717041015625 0.2383287996053696 0.411304 0.361952 0.636488 0.2216723
3 18.65892028808594 29.14182853698731 0.4691706895828247 0.25496 0.517913 1.051445 0.3969953
4 -6.009322166442871 -5.437313079833984 -1.245650291442871 1.521465 0.724905 1.331955 -2.289726
4 -6.884964466094971 -5.187526702880859 -1.23443591594696 2.950379 0.783569 1.419363 -2.215814
4 -0.5343085527420044 10.54480171203613 -0.9389221668243408 1.646162 1.385409 1.851581 -0.2515647
4 -4.422910690307617 -8.241852760314941 -1.288546085357666 2.46262 0.668187 1.334191 -2.528257
3 11.07819652557373 -35.49666213989258 -0.4960182011127472 0.454593 0.531202 1.028506 -0.9277295
1 0.778132438659668 -9.488418579101562 -0.9877362251281738 4.162374 1.889788 1.731787 -0.8962225
1 10.27009868621826 29.70626449584961 -0.4511949419975281 4.304503 2.000742 1.661059 0.6285682
4 4.519145011901856 4.303078174591065 -1.111537933349609 1.713271 0.746067 1.289231 0.7397125
3 35.57660293579102 13.88899326324463 -0.219195157289505 0.218352 0.450405 1.257597 0.1941778
1 33.80973815917969 4.948873519897461 -0.7607353329658508 1.872016 2.059672 1.114787 -2.441668
1 -15.24812984466553 10.13837242126465 -1.132123589515686 4.760617 1.729686 1.386964 -0.9082594
4 -1.880474328994751 11.8558931350708 -1.207538366317749 1.674336 0.720882 1.299744 -0.3660514
1 -26.51668167114258 28.59291076660156 -1.008588671684265 2.440623 1.944982 1.446827 -0.8955649
1 31.53087043762207 -17.43898391723633 -0.3040905892848969 1.341026 0.923556 0.99806 -2.367169
3 -1.456067562103272 -6.867556571960449 -1.004653692245483 0.560439 0.58117 1.727166 -1.015314
1 40.43840789794922 -2.184357643127441 -0.097750224173069 1.263086 1.493588 0.570397 -2.385308
4 -3.272295475006104 -10.0692663192749 -1.276761889457703 2.090016 0.613432 1.315069 -2.539435
1 38.60766983032227 -27.16353988647461 -0.4402339458465576 4.513663 1.601691 1.228828 0.6976997
4 -12.23777484893799 1.002304434776306 -1.485022187232971 1.592092 0.604034 1.032646 -1.048432
1 9.041177749633789 13.33978366851807 -0.5857908725738525 4.004221 1.833149 1.479172 0.6744413
3 -0.3129401504993439 -7.375979900360107 -1.024635553359985 0.605387 0.571832 1.648196 -1.422817
3 -0.9579523801803589 -7.819075107574463 -0.7554362416267395 0.548026 0.667736 0.881024 -0.8962225
3 12.73742389678955 8.990082740783691 -0.3178675770759583 0.369244 0.671216 0.937484 0.7079251
4 -3.337787866592407 -8.977753639221191 -1.266345739364624 1.86552 0.78957 1.266746 -2.461345
1 -0.0979565978050232 21.74839782714844 -0.350467175245285 2.121322 1.69482 1.919783 0.6641244
3 -0.5470046401023865 -6.818703174591065 -1.031669020652771 0.544953 0.548976 1.614596 -1.472117
4 3.253058671951294 4.184906005859375 -1.178295135498047 1.671311 0.754633 1.18004 0.7062165
1 4.592470645904541 36.87660598754883 0.02588577568531036 3.41525 1.00164 0.747208 0.6489192
1 25.43521308898926 -7.856620788574219 -0.5179646015167236 4.270896 1.849649 1.458014 -2.428933
3 -5.950716972351074 -3.732562065124512 -1.073431491851807 0.997214 0.440479 1.659594 2.432554
1 16.39082908630371 21.90893745422363 -0.3730159997940064 3.162487 1.350947 1.483073 -2.434244
4 -1.618977308273315 -10.5872049331665 -1.097177624702454 0.699744 0.634861 1.076389 -1.601899
4 -2.798239707946777 13.10777854919434 -1.209898352622986 1.786123 0.673129 1.174216 -0.4972291
4 14.69402313232422 -8.901300430297852 -1.063018798828125 1.740817 0.647917 1.239457 -0.7682984
1 -11.80005168914795 5.271209239959717 -1.03290069103241 3.819865 1.533176 1.151745 -0.9161997
1 42.36843490600586 -8.564672470092773 -0.3191075325012207 0.806215 0.406036 0.563887 -2.34363
4 0.4885696470737457 8.803290367126465 -1.224430203437805 2.062348 0.737984 1.231801 -0.4645774
1 29.59440994262695 -13.10751247406006 -0.1084795594215393 3.622992 1.197963 0.620409 -2.482462
1 -5.780350685119629 2.929904222488403 -1.120639204978943 4.401281 1.8587 1.392613 -1.057321
3 21.20026397705078 7.911924839019775 -0.7702259421348572 0.198726 0.418603 0.556506 2.292398
4 10.51355838775635 -4.212265968322754 -1.165754914283752 1.066302 0.547524 1.218978 -0.658682
4 -5.694374561309815 17.11759948730469 -1.257431983947754 2.076831 0.800997 1.201992 2.153828
1 19.56298828125 0.2212608456611633 -0.7243078947067261 4.27272 1.784905 1.449315 -2.441907
4 -12.81635570526123 1.057530641555786 -1.49411404132843 1.552186 0.309585 1.050189 -1.048371
1 45.15587997436523 -7.823882102966309 0.1296014338731766 2.006196 1.122085 0.626454 -2.369751
3 15.07558727264404 -42.10060119628906 -0.5091009736061096 0.33273 0.462106 0.960934 2.244519
1 27.9815616607666 -11.71829891204834 -0.7069801092147827 3.369291 1.650664 1.518403 -2.441601
1 37.53912353515625 -6.325933933258057 -0.5160022974014282 3.468803 0.637375 1.013732 -2.394262
6 6.84555196762085 -23.41428184509277 -1.359264492988586 1.317154 0.26999 0.2339 -0.9006788
3 23.43459510803223 4.60549783706665 -0.5457029342651367 0.48381 0.766689 1.522419 0.6343077
6 -1.008794546127319 -6.87442684173584 -1.260372161865234 0.572154 0.358765 0.599943 0.000428719
4 -11.47104263305664 23.72561836242676 -1.003029346466065 0.770927 0.604503 1.529177 2.228504
1 35.88834762573242 18.64912796020508 0.1385693252086639 3.935606 1.564349 1.531234 0.9624006
4 -1.928893804550171 -8.705525398254395 -1.054686546325684 1.542936 0.481446 1.682405 -1.068898
1 20.05878448486328 -2.414486646652222 -0.5909013152122498 2.299097 1.69115 1.151363 -2.456522
4 1.895280480384827 7.196548461914063 -1.227997541427612 1.850698 0.967451 1.206216 -0.4423031
4 -5.804293632507324 -6.784864902496338 -1.263579726219177 2.2969 0.805007 1.352412 -2.807168
4 -4.805373668670654 -7.533745288848877 -1.287130355834961 1.831191 0.859 1.312218 -2.581817
1 36.08983612060547 3.741416215896606 -0.2786701917648315 3.586068 1.552888 1.370334 -2.404332
4 9.4727783203125 -2.745721340179443 -1.124164819717407 1.999254 0.691392 1.211128 1.76646
1 -4.030837535858154 27.63867568969727 -0.586661696434021 2.860022 1.83364 1.904603 0.6927719
1 -0.9838601350784302 24.04230117797852 -0.580568253993988 2.013482 1.461425 1.582951 0.7047158
3 2.89103364944458 -27.1060791015625 -0.5517711043357849 0.397093 0.416679 0.908099 -0.8740265
1 1.998811841011047 20.19388771057129 -0.7069779634475708 2.297787 1.628666 1.373074 0.7029992
1 32.91384887695313 -19.48206329345703 -0.0865316167473793 0.862664 0.426776 0.509562 0.774273
4 3.041554689407349 5.783615112304688 -1.205879926681519 1.525383 0.598721 1.185771 -0.854197
1 14.95510578155518 6.553916454315186 -0.6819068789482117 3.051663 1.954404 1.410752 -2.466172
3 16.77569580078125 -4.045500755310059 -0.4231002628803253 0.363804 0.475576 1.125346 2.251173