4 15.68084812164307 -3.080369234085083 -0.9319431185722351 1.579688 0.711462 1.425565 3.13833
1 -43.78890609741211 4.78595781326294 -1.072246074676514 3.202922 1.837401 1.113729 3.120702
1 -43.29141998291016 7.139025688171387 -1.187701225280762 4.09178 1.590602 0.668871 3.120702
3 17.42843246459961 15.65007877349854 -0.7000548839569092 0.275499 0.389779 0.941134 -0.005971628
3 16.82328987121582 11.18258666992188 -1.157439708709717 0.487377 0.425361 1.429492 -0.008236181
1 15.06187152862549 7.407365322113037 -1.140680551528931 4.634229 1.91025 1.446044 -3.13272
3 40.53555297851563 -9.007559776306152 -0.2410797029733658 0.041847 0.166752 0.73665 3.126336
6 23.16205024719238 10.02960109710693 -0.5766192078590393 0.126392 0.440076 0.161138 -3.127383
4 -59.69392013549805 -4.71368932723999 -0.7720396518707275 0.597895 0.436689 1.251469 0.004071707
4 26.23518753051758 4.649894237518311 -0.9558263421058655 2.851666 1.033735 1.661966 3.128679
4 7.698916435241699 10.07199192047119 -1.121549725532532 1.273921 0.667387 1.57086 3.141592
3 -34.37238693237305 -9.293712615966797 -0.283332496881485 0.272939 0.269717 0.92776 3.140382
3 13.09980201721191 15.07029056549072 -0.7216991186141968 0.196335 0.203319 0.761768 -0.005971628
1 -16.61199378967285 7.025862693786621 -1.128571629524231 4.166176 1.924679 1.497846 -3.094317
3 49.13887786865234 -9.211488723754883 -0.466774582862854 0.304548 0.319454 0.644974 3.126336
4 30.68218803405762 -3.122429370880127 -0.88350510597229 1.873948 0.762049 1.387612 3.140247
1 -3.557787418365479 3.780426502227783 -1.052448630332947 4.509325 1.924287 1.448483 -3.138002
3 17.38905143737793 15.00842761993408 -0.627160906791687 0.458624 0.57605 1.057666 -0.005971628
1 -31.70964241027832 7.273513317108154 -1.230887413024902 4.564712 1.855962 1.070826 -3.118356
1 28.95330238342285 7.500275135040283 -1.092577576637268 4.142699 1.657132 1.495233 3.101497
4 -0.4130330085754395 -8.580595970153809 -0.360407292842865 0.672701 0.690467 0.880139 -3.125962
1 -60.43378829956055 3.666166305541992 -0.9943087100982666 1.225007 1.111472 0.930443 -3.124249
3 13.40407943725586 16.02276802062988 -0.7531868815422058 0.547304 0.45852 0.765747 -0.005971628
1 35.39895248413086 7.377121925354004 -1.062613010406494 2.627271 0.781647 1.55473 -3.12609
1 -1.09290623664856 7.210965633392334 -1.138559460639954 4.386471 1.944203 1.498624 3.13087