3 40.49058532714844 -9.534496307373047 -1.160477161407471 0.418408 0.527012 0.60105 -2.766427
1 -0.5030055642127991 -20.84989929199219 0.2662770748138428 0.810886 1.855182 1.292198 -1.507477
1 -12.52300548553467 -21.68403053283691 -0.04702894389629364 2.24909 1.074822 0.519313 -1.48029
1 -2.670908451080322 -22.10053062438965 0.1972083449363709 3.089143 1.593669 0.851542 -1.522675
1 22.0968017578125 3.762616395950317 -1.139365434646606 1.113437 1.183964 1.544459 -0.03572334
1 -31.94760894775391 -2.114169836044312 -0.7981563210487366 2.200803 1.59423 1.203868 -0.1025815
3 43.79877090454102 -13.71261024475098 -0.6701114773750305 0.319894 0.539555 1.22711 2.090088
1 -4.150261402130127 3.533928632736206 -1.038755416870117 4.515272 2.018659 1.511526 0.01414044
2 45.87092971801758 1.910483717918396 -0.08945870399475098 11.709544 2.659329 2.173223 0.2394753
1 -7.591771602630615 -21.44637107849121 0.1063773036003113 1.33963 1.481392 1.035016 -1.483671
3 38.96940612792969 -10.72839736938477 -1.052785515785217 0.271306 0.588685 1.529497 -0.7157672
3 39.68207168579102 -9.860844612121582 -1.179129362106323 0.484638 0.485167 1.330537 -0.140622
1 59.00449752807617 18.12307548522949 -1.930443167686462 4.134097 1.474765 1.133197 1.102695
1 1.936633467674255 -21.3015022277832 0.02973680198192596 1.058529 1.201446 1.341708 -1.593372
4 -0.5542442202568054 -5.507241249084473 -0.9760616421699524 1.713851 0.718329 1.614182 -0.01663849
1 9.045957565307617 0.4746407866477966 -0.9575275182723999 3.091325 1.819741 1.848121 0.007512765
4 44.9057502746582 -4.546928882598877 -1.324610710144043 1.345841 0.693829 1.490816 0.4227495
3 39.44287872314453 -10.27179336547852 -1.065516352653503 0.447956 0.428318 1.543813 -0.6589375
1 51.42578125 10.49113273620606 -1.733035683631897 4.063953 0.313518 0.698119 0.7233701
1 6.476245880126953 -22.73789215087891 -0.125348299741745 4.137381 0.358158 1.092569 -1.626696
4 -26.61695289611816 20.36641502380371 -1.13588297367096 0.941715 0.467951 1.006843 3.016021
1 -13.9371452331543 3.328020811080933 -0.9710596203804016 4.050539 1.94899 1.523626 0.004908962
1 -9.930171012878418 -21.29915046691895 0.02874158136546612 1.295322 0.961905 0.561271 -1.398724
1 17.22760009765625 -2.963678359985352 -1.296106696128845 4.0961 1.745883 1.397747 -0.002927135
1 24.48828887939453 -0.6541996598243713 -1.09272825717926 0.572754 0.854988 1.078262 0.0
4 -18.5544605255127 21.2638053894043 -1.382227778434753 1.85442 0.696059 1.527075 -0.0594433
4 -14.22089004516602 -6.179050445556641 -0.7520495653152466 1.666765 0.669647 1.418764 -0.005215711
1 -22.53915977478027 3.25954532623291 -0.639751136302948 5.020029 1.851032 1.988672 -0.01043813
4 -4.600684642791748 -6.332955837249756 -0.9601020216941833 1.617379 0.771848 1.546123 -0.004797244
2 46.84183120727539 -8.504562377929688 -1.028056979179382 6.569942 2.956233 1.911986 0.3500664
1 9.974074363708496 3.461110353469849 -1.092381238937378 4.275766 1.694908 1.620655 -0.007109546
1 4.291152477264404 -22.70890235900879 0.001836521085351706 4.207252 2.378639 1.804885 -1.548532
3 -34.08757019042969 -9.870741844177246 -0.04122846201062203 0.251929 0.530456 0.837638 3.078425