1 -31.71457290649414 26.10712432861328 -1.640724182128906 4.604435 1.563529 1.778683 -2.239163
1 -3.523561716079712 -3.081286191940308 -1.039512157440186 4.731451 1.841405 1.433037 0.03988176
1 -9.158862113952637 20.27836990356445 -1.218567848205566 4.29956 1.901716 1.910751 2.568962
3 25.22973442077637 18.99518966674805 -1.526269435882568 0.641435 0.727127 1.122585 -3.125419
3 -46.95420455932617 17.92519569396973 -0.1473750770092011 0.526982 0.516097 1.858142 0.2294515
1 2.080977201461792 14.37572002410889 -1.135116934776306 3.771497 1.81716 1.893729 -3.112203
4 -13.64598941802979 -9.618524551391602 -0.7451528310775757 1.820387 0.681692 1.573888 3.092096
1 14.50422763824463 13.34488964080811 -1.240121603012085 4.441483 1.693492 1.138008 -3.112203
6 40.85153198242188 -6.413688182830811 -1.125279664993286 0.434141 0.370682 1.134126 -0.06499988
6 54.34976196289063 -6.239334106445313 -1.376841187477112 0.303281 0.438983 1.117181 -2.449145e-16
1 -17.00803375244141 -0.5941903591156006 -1.001282811164856 3.644402 2.001861 1.40908 -0.01388856
1 -31.57207870483398 29.95530891418457 -1.694142699241638 1.443048 0.926355 0.801998 -2.04319
6 25.84480094909668 11.34350872039795 -0.8077223896980286 0.531508 0.789471 0.176525 0.0
4 -3.531628370285034 -10.11365127563477 -0.7755016684532166 1.78833 0.718527 1.509159 3.092096