3 3.774963140487671 14.79775619506836 -1.109448552131653 0.406957 0.523524 1.583736 -0.09416845
1 -11.84293556213379 7.159479141235352 -1.107638955116272 4.31446 1.716428 1.430006 -3.141592
3 -45.12237167358398 -9.617537498474121 -0.2578317224979401 0.189775 0.336502 0.816693 -3.067701
3 39.63157653808594 -9.273582458496094 -0.4921406507492065 0.612059 0.604049 1.018913 -0.2891004
3 7.927588939666748 14.89221858978272 -0.5654081106185913 0.728529 0.510937 1.021182 -0.04677175
6 -52.32284545898438 6.70477294921875 -0.9868976473808289 0.44438 1.072414 0.500252 -3.141592
4 9.311430931091309 4.467682838439941 -0.9679295420646667 2.990436 1.080593 1.731059 -3.141592
3 28.4561824798584 -8.809245109558105 -0.4544858634471893 0.258069 0.435459 1.018888 -2.89267
1 4.374278068542481 7.3112473487854 -1.15009880065918 4.817144 1.855859 1.490322 3.141592
1 -58.82022857666016 4.771354675292969 -0.5294544696807861 0.661855 1.74262 0.763168 3.141592
4 0.4632729291915894 -3.445665836334229 -0.994425892829895 1.948575 0.849748 1.607324 3.141592
3 -45.35986328125 -8.507498741149902 0.005769561044871807 0.281985 0.341168 0.858855 -2.976526
3 7.86440372467041 15.66976737976074 -0.7435319423675537 0.283812 0.629914 1.046915 -0.07008497
4 12.28691482543945 -3.44233250617981 -0.9795803427696228 2.306397 0.76297 1.615294 3.141592
1 25.27368927001953 7.286409378051758 -1.170172333717346 4.209163 1.429327 1.381642 -3.141592
3 4.296437740325928 15.98963832855225 -0.895256757736206 0.686598 0.496976 1.254256 -0.1897907
4 -8.136605262756348 9.919306755065918 -1.155247092247009 1.557136 0.697062 1.582713 3.139932
4 -14.05378437042236 -8.72172737121582 -0.2759252190589905 0.365914 0.553044 0.840576 -2.98542
6 7.696657657623291 9.878707885742188 -0.5164222717285156 0.266509 0.442789 0.368041 3.139932
1 -20.30742263793945 3.697810173034668 -0.9858577847480774 4.162452 1.921746 1.413548 3.141592
1 19.2882194519043 7.298985481262207 -1.090005397796631 1.860345 1.198218 1.381581 3.141592
1 -26.43862915039063 6.925873279571533 -0.9795523881912231 2.1517 1.582382 1.44974 3.141592
3 6.011040687561035 11.17360019683838 -0.6995643377304077 0.474951 0.354173 0.625364 3.057355