3 37.78172302246094 -7.760382175445557 -0.6669959425926208 0.393362 0.44712 0.816087 -0.00468952
4 -10.27809524536133 -3.80181884765625 -0.9970501065254211 1.958204 0.763244 1.607953 3.088541
4 36.76876068115234 26.91186141967773 -1.249312520027161 1.079083 0.406138 0.571336 3.138701
1 14.0477933883667 13.71373271942139 -1.228871464729309 3.75463 1.472993 1.295552 -3.128244
1 -43.65910720825195 -1.070772767066956 -1.152297973632813 1.667436 1.875642 1.164412 0.0
1 -16.61478233337402 13.4023609161377 -0.9456523060798645 2.142376 1.520532 1.050679 -3.128244
6 59.86464309692383 -0.04852339997887611 -0.7432568669319153 1.158757 0.94079 0.348649 -0.04202926
1 24.13294792175293 -0.2077175974845886 -1.103465795516968 2.893762 2.0682 1.441165 0.0
2 54.98373794555664 19.05801010131836 0.6731609106063843 11.500651 3.013707 3.484908 -3.100836
1 -56.43046569824219 0.5109527111053467 -1.092638492584229 1.908285 1.142472 1.136863 0.0
4 35.73097229003906 -3.565873622894287 -1.130676031112671 2.892059 1.161788 1.464873 3.10002
3 33.67545318603516 -8.269925117492676 -0.5552652478218079 0.306519 0.455247 1.154106 3.136903