6 37.96006774902344 2.508563041687012 -0.3939763009548187 0.324145 0.338802 0.292128 0.4807971
1 -1.663381934165955 -21.43268585205078 0.1775175929069519 1.476608 1.879974 1.538714 -1.616622
1 -3.789093971252441 -22.13327407836914 0.1068949103355408 3.166165 1.209019 1.284678 -1.547853
4 -13.85650539398193 -5.657639503479004 -0.9595246315002441 1.041154 0.63947 1.626191 -0.01340793
3 21.09058570861816 -9.453940391540527 -0.959762692451477 0.615711 0.583768 1.196104 -0.3841027
2 43.13731384277344 15.4042387008667 -0.6283292770385742 11.917331 2.823183 3.362681 1.014328
1 48.26150131225586 -15.36512470245361 -0.438336968421936 2.074979 0.398092 0.655396 -1.661086
3 21.02419853210449 -11.17722988128662 -0.6713508367538452 0.328125 0.483557 1.529189 -0.9540849
3 -35.70917129516602 20.69968605041504 -1.443220615386963 0.485319 0.701561 0.818788 0.0298897
4 -15.62748527526856 19.31614112854004 -1.554760813713074 1.281131 0.577325 1.540009 -0.02212503
1 18.86534309387207 -2.629202365875244 -1.142907857894898 4.157206 1.903923 1.417122 0.00734893
1 34.09334564208984 40.57733535766602 -2.030685901641846 2.532966 0.802785 1.312813 -1.431527
4 -11.37586688995361 -6.36984395980835 -0.9374361634254456 1.656758 0.581763 1.55809 -0.01926901
1 35.84350204467773 32.70301055908203 -1.871193766593933 4.364014 1.553902 1.241963 -1.379929
1 -7.225616931915283 3.443109750747681 -1.03344202041626 4.406136 2.049273 1.48964 -0.005997492
3 20.89624977111816 -10.62975120544434 -0.655229926109314 0.264829 0.704719 1.501526 -0.2684745
1 42.78638458251953 32.59415817260742 -2.081583499908447 3.337466 1.75078 0.792004 1.516536
3 -48.44993209838867 -10.72089385986328 -0.1715315878391266 0.221093 0.279535 0.678086 -3.103646
1 12.76827335357666 3.489948987960815 -1.097974538803101 4.052557 1.796013 1.554418 0.02259893
1 45.00350952148438 -38.05012512207031 0.1243234425783157 0.61432 1.524674 0.728791 1.750637
3 20.87752914428711 -10.0027494430542 -0.794272780418396 0.655863 0.634994 1.474012 -0.3818166
2 28.33282470703125 -8.122587203979492 -0.6209665536880493 6.230889 2.493382 2.314182 0.3802611
1 50.89401626586914 -30.7612361907959 -0.5373827219009399 1.112318 1.278114 0.77702 -1.195799
1 46.62858581542969 33.25018692016602 -1.956061363220215 0.650319 1.185718 1.4238 1.671789
3 23.12662124633789 -12.4285774230957 -0.4978103041648865 0.654707 0.321243 1.416193 -2.655293
1 23.02032470703125 5.866927623748779 -0.980940580368042 3.756179 1.734883 0.664047 0.4662351
1 -32.92865371704102 2.619492769241333 -0.811452329158783 4.811948 1.826879 2.017398 -0.002641416
1 45.70694732666016 -5.927061080932617 -0.833476185798645 1.169373 0.376996 0.950423 -1.767709
1 -18.84618377685547 -21.07523345947266 0.06801386177539825 0.599757 1.453601 0.860768 -1.587789
4 -2.662827730178833 -6.00135087966919 -0.9132453799247742 1.755929 0.752927 1.631018 0.06767441
6 37.82928085327148 39.08648681640625 -2.259306907653809 0.421772 0.923183 0.451039 -1.463505
6 34.0752067565918 6.269349098205566 -1.589786529541016 0.667104 0.156798 0.707529 0.5691815
4 27.36262321472168 44.49344253540039 -2.162441253662109 1.819381 0.329501 0.943324 -1.466793
1 9.701263427734375 0.5594322681427002 -0.9109392166137695 3.164905 1.894292 1.88169 -0.0157875
1 39.8902587890625 40.09659576416016 -2.532259464263916 1.210914 0.464326 0.723431 1.767332
1 53.81928253173828 -3.651015520095825 -1.020265102386475 4.197014 1.428177 1.126272 -2.452596
3 23.35092544555664 -8.902775764465332 -0.7182428240776062 0.596823 0.551493 1.610731 2.27425
1 -18.95149803161621 3.049445867538452 -1.097131609916687 3.942397 2.056211 1.474982 -0.001092949
1 -16.58844375610352 -21.31509399414063 0.02022950723767281 0.669735 1.518486 0.678239 -1.560542
1 -28.31805419921875 -2.866930484771729 -1.382890939712524 4.144554 1.954131 0.685059 0.008690076
3 -48.54841995239258 -11.30617904663086 -0.5032060146331787 0.274068 0.434031 1.340027 3.066206
4 24.46430587768555 27.24516487121582 -1.739258050918579 2.939485 0.602007 1.655703 -1.529871