1 -45.67274475097656 6.407349109649658 -1.598540544509888 3.499056 1.6704 1.239837 -3.119667
5 11.81304168701172 12.06223678588867 -1.474385738372803 0.101547 0.068405 0.307986 -3.110899
6 -43.11682891845703 9.327560424804688 -1.09225869178772 0.402327 0.520232 0.307872 -3.13097
1 -8.361570358276367 7.128486156463623 -1.201359152793884 4.340967 1.818728 1.574925 -3.106675
4 -48.87230682373047 -3.874106407165527 -1.305524826049805 0.979724 0.610039 1.27265 -3.136932
4 -46.25517654418945 -5.066232204437256 -1.235966682434082 1.466735 0.882114 1.232838 -3.136932
5 15.26065158843994 13.37870311737061 -1.550045371055603 0.115593 0.10812 0.302407 -2.878957
5 18.83654594421387 -11.93655967712402 -1.147364020347595 0.145132 0.137005 0.328709 -1.120177
5 13.4941987991333 12.54156589508057 -1.510752677917481 0.121157 0.229413 0.30797 3.100026
3 -26.00669479370117 14.48374748229981 -1.071800112724304 0.274778 0.547795 0.752039 -3.12678
3 7.928421020507813 16.22195434570313 -1.15442967414856 0.429803 0.130606 1.411147 -3.014988
1 25.25799369812012 2.374369859695435 -1.050961852073669 4.679867 1.671134 1.235311 -1.825194
3 -25.00702476501465 15.32725429534912 -1.079399824142456 0.245456 0.553517 1.084069 -3.12705
3 9.921015739440918 -11.11633205413818 -0.6010079979896545 0.503302 0.703036 1.542434 -0.430307
4 -46.4832878112793 4.064485549926758 -1.395370244979858 1.993575 1.027397 1.563155 3.140786
1 -29.27648544311523 6.818205833435059 -1.683295011520386 4.177793 1.878127 1.082909 -3.130563
3 -28.25155258178711 10.60757255554199 -1.371408820152283 0.391181 0.388727 0.977691 3.121416
4 -25.79790115356445 9.251002311706543 -1.148290157318115 0.66425 0.647152 1.059564 -3.123765
5 20.04662322998047 -14.05813789367676 -1.046171426773071 0.076378 0.141956 0.534194 -1.34359
5 12.841628074646 -6.621825695037842 -1.303389668464661 0.211012 0.150702 0.407163 -0.01092167
3 -10.29091644287109 -8.684112548828125 -0.5323469042778015 0.254984 0.672304 0.810064 -3.068922
1 41.56476593017578 -17.03307342529297 -0.3759511113166809 4.199972 0.603934 1.213741 1.511893
3 -21.72015571594238 14.17336368560791 -1.069555640220642 0.391953 0.175724 0.702218 -3.12705
5 10.7196102142334 -5.825888156890869 -1.297573924064636 0.123728 0.085745 0.498026 1.316399
4 24.0848445892334 20.29664611816406 -1.156992554664612 1.530744 0.547845 1.621304 -1.749933
3 -21.59308433532715 15.11775493621826 -0.956117570400238 0.305184 0.68125 0.994622 -3.12705
5 21.65254783630371 18.51915740966797 -1.694253087043762 0.106119 0.119302 0.305824 -2.551707
5 16.99958801269531 14.17917537689209 -1.694860458374023 0.054993 0.100908 0.322558 -2.705586
5 15.40711402893066 -8.02896499633789 -1.334884762763977 0.208791 0.154324 0.409691 -0.0506402
1 -15.42951774597168 7.168500423431397 -1.330791592597961 4.126673 1.76063 1.489633 3.139711
1 20.69841575622559 10.49205017089844 -1.103548884391785 4.139355 2.035 1.449905 -2.415099
5 17.82984352111816 -10.30173206329346 -1.247221827507019 0.139516 0.152113 0.401771 -0.8621812
5 16.69690704345703 -9.050713539123535 -1.285665154457092 0.123475 0.143843 0.515633 -0.5920978