3 -28.14492225646973 23.52430152893066 -1.220693111419678 0.467088 0.749591 0.983914 -0.2904133
1 -27.22488403320313 0.8634766340255737 -1.330316066741943 3.625558 1.716177 1.412734 0.02697622
6 23.30396270751953 -32.65526962280273 -0.9565021991729736 0.365079 1.2399 0.268794 -1.543158
5 13.70926094055176 -10.04027462005615 -1.476586580276489 0.1495 0.161285 0.320536 2.501609
3 -2.302323818206787 25.70032691955566 -1.343067646026611 0.394389 0.63767 1.58335 -1.558448
4 14.88401889801025 -10.0962381362915 -0.8866630792617798 1.716406 0.691743 1.629142 -0.9666
4 7.327794551849365 -4.129930973052979 -0.9338428378105164 1.423204 0.731768 1.612105 -0.3461809
5 10.70553493499756 -6.942582130432129 -1.439105987548828 0.255411 0.203137 0.378994 -2.954231
1 -41.77334594726563 -1.890538454055786 -1.408144235610962 1.576533 1.772454 0.9855 0.03732567
3 -47.87960815429688 -10.00926399230957 -1.338940262794495 0.314155 0.509796 1.290208 0.2034033
4 2.607982635498047 -3.282763242721558 -0.9280174970626831 1.75895 0.744873 1.679389 -2.506378
5 8.979087829589844 -5.998273372650147 -1.435436964035034 0.152645 0.209078 0.4198 -0.7195441
1 29.81864929199219 -7.552932262420654 -0.8258638381958008 4.444078 1.646379 1.40762 1.272713
1 -4.536750316619873 5.401949882507324 -1.069300889968872 4.590352 2.000415 1.517202 0.03632211
4 -12.59506320953369 7.872208118438721 -1.023831963539124 1.196952 1.03273 1.619149 -1.481206
1 22.49064636230469 -26.64096641540527 -0.5579328536987305 2.618532 0.753799 0.667996 -1.501722
4 -14.17991161346436 7.890057563781738 -1.106549859046936 1.65951 0.893857 1.527724 -1.491383
1 12.246262550354 -1.438185214996338 -0.9759055972099304 3.809602 1.91032 1.449927 -0.3832851
4 -44.23691177368164 -5.356716632843018 -1.520242214202881 0.696513 0.450526 1.092777 3.106862
2 -13.58364772796631 19.11781311035156 -0.5024976134300232 11.50085 2.205425 3.067636 -3.073436
1 24.46463966369629 -16.85872840881348 -0.8220995664596558 3.64478 1.803578 1.391594 -1.322431
5 12.11330032348633 -8.205589294433594 -1.453205347061157 0.196693 0.207049 0.339868 2.757135