5 21.12836647033691 -6.715956687927246 -1.445508718490601 0.144282 0.24453 0.383445 1.4676
3 -19.72607421875 10.9109582901001 -1.368489027023315 0.450588 0.647651 1.558558 -1.574316
1 -7.119078159332275 7.482213020324707 -1.155689001083374 4.342858 2.02872 1.589959 3.140595
5 26.14055061340332 -10.51304912567139 -1.369430899620056 0.176657 0.217526 0.444836 3.052611
1 -52.98146438598633 5.949169635772705 -1.477802038192749 3.499692 0.443335 0.671055 -3.076239
3 17.57901382446289 16.4282112121582 -1.159663915634155 0.533491 0.617847 1.522644 2.838241
3 -17.91573905944824 15.59595012664795 -0.8978552222251892 0.314523 0.546753 1.0351 -3.135765
3 -0.6840066909790039 -8.493370056152344 -0.6774293780326843 0.478273 0.564949 1.635808 -3.126689
1 -60.2495231628418 3.213249444961548 -1.168739199638367 0.31197 1.211074 0.588691 3.114097
3 16.95431327819824 -10.53178405761719 -0.558642566204071 0.523187 0.688183 1.375206 -0.4123113
4 -32.18167877197266 4.418600082397461 -1.021028280258179 2.779217 1.071189 1.699489 3.088748
5 19.03402900695801 -5.907962322235107 -1.458885550498962 0.173596 0.152619 0.366135 -0.005382781
5 22.01838874816895 12.44354629516602 -1.634382724761963 0.285237 0.22881 0.333255 -2.028351
1 34.57113647460938 5.418617725372315 -1.34437358379364 4.36808 1.920382 1.050619 -1.964356
1 -20.93476295471191 7.155607223510742 -1.275628328323364 4.472281 1.883934 1.459392 3.132086
4 -36.26753616333008 -3.588791131973267 -1.028132796287537 1.139298 0.604406 1.561048 -3.125427
4 -12.82503032684326 9.656683921813965 -1.206676602363586 1.239108 0.781567 1.737519 3.133023
1 -0.144023209810257 7.191105842590332 -1.131338715553284 4.519415 1.932344 1.603804 -3.127473
4 -45.10718154907227 10.04566097259522 -1.121867895126343 1.223236 0.511208 1.000944 -3.097028
3 -14.44404029846191 14.65249538421631 -0.8274486064910889 0.613699 0.559137 1.068384 3.097795
4 33.58221054077148 23.34360122680664 -1.28132176399231 1.608444 0.707199 1.578908 -1.798081
1 33.08861923217773 14.34896469116211 -1.306759715080261 4.184155 1.700296 1.188047 -2.164606
1 -37.31011581420898 6.896721839904785 -1.225679636001587 3.699227 1.693536 1.542531 -3.132988
6 -29.97375869750977 9.709552764892578 -0.7249619960784912 0.318537 0.513335 0.224593 -3.13821
4 -31.24647331237793 -4.257950305938721 -1.067072033882141 1.42987 0.7541 1.457142 -3.110046
3 -14.37024879455566 15.30823993682861 -0.7210879325866699 0.368653 0.597912 0.831931 -3.139961
3 -18.75638389587402 14.82898616790772 -0.772264838218689 0.266331 0.397379 0.773038 -3.139284