4 13.98910999298096 -6.722755432128906 -1.020412683486939 1.549336 0.60662 1.585051 -0.02001384
1 -28.64971160888672 -2.000819206237793 -0.9266623854637146 4.047831 2.054564 1.585324 0.3570801
6 51.44630432128906 -4.004400730133057 -1.294923663139343 0.267994 1.571728 0.338434 0.03450667
1 13.98325729370117 -4.041626453399658 -1.103368639945984 4.387536 1.980889 1.477575 -0.0387197
3 -8.305450439453125 -12.69404792785645 -0.5260167121887207 0.543144 0.510383 1.031671 -1.720303
1 -6.638865470886231 -4.009639263153076 -0.9827190041542053 4.433604 1.900511 1.573831 0.01078473
3 12.9246072769165 -7.717396259307861 -1.101801514625549 0.435241 0.500574 1.421811 -0.322048
1 -15.07275676727295 -0.1021279692649841 -0.9603680968284607 4.088937 1.763075 1.469152 0.01078473
3 -7.9129319190979 -12.88215637207031 -0.7276703119277954 0.435921 0.505946 1.435207 -2.58679
4 -7.337710380554199 -6.949376583099365 -0.9035571813583374 1.763995 0.668768 1.503472 0.009952365
1 0.2387203574180603 -4.192198276519775 -0.9793225526809692 4.394594 2.011354 1.644824 -0.00885764
6 -42.11478042602539 -22.0197639465332 -1.163320541381836 1.709196 0.184257 0.318791 1.390469
1 28.59534454345703 -0.2321299314498901 -1.169603586196899 2.853592 2.083676 1.354307 0.005771589
1 30.2672004699707 -3.926321029663086 -1.21969747543335 3.456738 1.834443 1.346755 -0.02344136
1 -13.58448886871338 -3.893516778945923 -1.012900471687317 4.728517 1.893895 1.477717 -0.01943055