3 32.5356330871582 -7.662446975708008 -0.6783173084259033 0.510441 0.434776 1.394623 -0.002121585
1 24.12948036193848 -0.1243908405303955 -1.048311591148377 2.940152 2.027675 1.36505 0.006637938
6 59.15166473388672 0.520037055015564 -0.9121726155281067 0.311308 0.937337 0.153903 0.01437045
3 28.3723087310791 -8.015846252441406 -0.7236433029174805 0.393003 0.303146 1.539111 -3.130723
2 46.50267791748047 19.17107200622559 -0.04584063589572907 10.932693 2.660488 2.247262 -3.117584
1 2.40365481376648 13.71894645690918 -1.242456197738648 3.995236 1.652252 1.507211 -3.13596
1 -44.23650741577148 -1.158044695854187 -1.46837055683136 1.56778 1.893571 1.099509 0.04681704
6 47.16296768188477 14.33262157440186 -0.4801458120346069 0.188969 1.07748 0.153888 -3.134912
4 31.15182876586914 27.11698150634766 -1.479787945747376 2.453451 1.083234 1.241643 0.10765
4 27.92197799682617 -3.533581972122192 -0.9668970108032227 3.130143 1.103079 1.439738 -3.113083
4 -19.10605239868164 -4.032246112823486 -1.091848611831665 1.605566 0.757671 1.482114 -0.02835382