5 -27.13266944885254 -8.18503475189209 -1.615679860115051 0.158515 0.148923 0.568876 2.930637
4 31.53765296936035 21.37444496154785 -1.045137047767639 0.600471 0.48171 0.683837 0.0288325
5 -12.12951374053955 -9.436528205871582 -1.404217600822449 0.138731 0.142451 0.48403 -3.016943
4 -20.03758049011231 -5.386943340301514 -1.269496440887451 1.704301 0.673273 1.282711 0.0
5 -10.82530784606934 -7.762409210205078 -1.332956910133362 0.325487 0.267634 0.761564 -3.016943
5 -26.28703880310059 -9.562758445739746 -1.495376110076904 0.098372 0.155371 0.382086 2.930637
1 -3.622844219207764 11.69331645965576 -1.231441020965576 4.266641 1.725536 1.762631 3.134838
1 -15.40814590454102 -1.557028651237488 -1.193279385566711 3.986353 2.065861 1.455987 -0.02700621
4 10.43950462341309 -5.501205921173096 -0.9286141395568848 1.644575 0.635633 1.620004 -0.02700621
5 -38.47761535644531 -8.296310424804688 -1.50047242641449 0.207696 0.272888 0.543477 3.094338
6 52.97279357910156 3.587007761001587 -0.9240655899047852 0.271171 0.649166 0.524929 -0.04135999
1 48.15479278564453 3.409778356552124 -1.285838127136231 3.545161 0.344585 0.687926 -0.04135999
5 -11.17438411712647 -8.176064491271973 -1.363557696342468 0.182604 0.209956 0.497702 -3.016943
4 -4.041174411773682 -5.884012222290039 -0.9512220025062561 1.580806 0.651577 1.646706 -0.08358675
4 18.7354907989502 -5.731926918029785 -0.8617252111434937 1.673356 0.592656 1.211918 -0.02700621
1 5.102713108062744 -21.92819595336914 0.02663654275238514 3.834134 1.862478 1.446682 -1.584059
3 6.487603187561035 -9.330243110656738 -0.4333717525005341 0.306953 0.539667 1.33503 -0.1218501
3 6.38562536239624 -9.910087585449219 -0.617059051990509 0.775556 0.690823 1.700145 -0.04284365
1 50.40799331665039 1.261605501174927 -0.6832966804504395 0.448819 1.714845 1.341511 0.0297692
1 11.11210250854492 11.54908466339111 -1.117341995239258 4.079133 1.914879 1.377388 3.114586
1 34.45265197753906 3.02143931388855 -1.132855415344238 3.380405 0.391274 1.064856 -0.02700645
1 39.76357269287109 3.582245349884033 -0.7729558944702148 1.258437 0.995788 1.092383 0.01252535
1 27.44560050964356 3.742346048355103 -0.7107820510864258 4.585836 1.971762 1.928568 -0.02700645
5 -9.982297897338867 -7.205651760101318 -1.365813255310059 0.143456 0.214387 0.539131 -3.016943
1 -13.68661594390869 14.16030120849609 -0.9286860823631287 4.265672 1.853215 1.878399 3.114586
1 7.039472103118897 -22.42131996154785 -0.03240860253572464 2.781322 0.721307 1.539022 -1.584059
1 -29.70769500732422 13.84406471252441 -1.049000263214111 1.698206 1.111163 0.826975 3.120203