3 -5.124033451080322 15.90650081634522 -0.7504242062568665 0.52593 0.508343 0.957564 -0.02468701
1 -51.52090454101563 6.943479061126709 -1.078999876976013 0.93036 0.714401 0.780115 -3.061767
1 -37.12231063842773 3.445419311523438 -1.230721831321716 4.115719 1.875101 1.074874 -3.077147
4 -7.970530986785889 4.346347808837891 -0.9811570048332214 2.89033 1.212154 1.726331 3.099775
4 -14.72267436981201 -3.559774398803711 -1.014755129814148 1.406137 0.623208 1.599798 3.038654
4 -6.096338748931885 -3.694861173629761 -0.9794650077819824 2.280139 0.709894 1.563079 -3.138015
1 -22.60724067687988 7.035032272338867 -1.221312522888184 4.234788 1.771908 1.519191 -3.123813
1 51.6702766418457 11.62148189544678 -1.551139235496521 4.000638 1.198683 0.692812 -1.643187
1 14.65272998809815 7.326745986938477 -1.123072981834412 4.335771 1.827392 1.621511 3.113889
3 -5.734076499938965 14.80979537963867 -0.7337404489517212 0.358817 0.47113 0.786988 -0.02468701
6 51.53811264038086 23.19557952880859 -1.49647057056427 2.920249 0.695939 0.375399 -1.655463
6 9.749746322631836 9.9253568649292 -0.5314432382583618 0.167134 0.502298 0.398172 0.02249224
6 -8.080495834350586 9.695209503173828 -0.5119069218635559 0.297299 0.328733 0.239101 -0.5176768
1 -6.040743827819824 7.196236610412598 -1.16577684879303 4.465542 1.79185 1.507001 -3.132259
3 -1.478487133979797 14.70834350585938 -0.6482201218605042 0.613544 0.384968 1.020266 -0.02468701
1 -38.16849136352539 6.674774169921875 -1.1631019115448 4.039616 1.723328 1.472354 -3.062303
4 -23.28565979003906 9.85164737701416 -0.9619254469871521 0.697487 0.584809 1.090532 -5.544588e-16
1 7.480461597442627 7.429669380187988 -1.107906341552734 4.478843 1.80088 1.574936 -3.121563
3 -4.756567478179932 11.02721118927002 -1.213848352432251 0.437162 0.828836 1.639427 -1.567762
3 -1.357131958007813 15.30852222442627 -0.8225887417793274 0.266983 0.408501 1.000023 -0.02468701
3 16.29498100280762 -8.74775505065918 -0.4426687359809876 0.53187 0.343685 0.880906 1.605215
3 29.99576568603516 -9.773429870605469 -0.5323718786239624 0.304998 0.328719 0.644655 0.00203152