3 28.04356193542481 -10.35899353027344 -0.7286465167999268 0.257037 0.36928 1.168118 -0.6788355
1 2.802318096160889 -3.987331390380859 -1.068803906440735 4.64821 2.066608 1.524065 0.0419356
4 27.85542106628418 12.98139572143555 -0.7491811513900757 1.187652 0.770429 0.855881 -0.190222
3 5.540956020355225 11.47440624237061 -0.5839858651161194 0.337695 0.795407 0.988622 1.614988
1 39.55682754516602 -15.33919143676758 -0.8669103384017944 2.287335 1.303652 1.099031 -1.335948
1 43.09230422973633 0.03184914961457253 -1.268691301345825 1.041424 1.865267 1.445789 0.06082574
1 -49.13008117675781 -1.389768123626709 -0.7796127200126648 1.744077 2.038222 0.78046 -0.0004709375
6 -41.29452133178711 -7.22111701965332 -0.462396502494812 0.338709 0.564031 0.362701 -0.1310348
4 37.0318717956543 34.83728790283203 -1.075292587280273 2.383351 0.553269 0.758332 -1.756091
1 49.64688110351563 12.73729038238525 -1.378472208976746 4.499504 1.097849 1.358217 2.276801
1 32.68649673461914 -6.809331893920898 -1.023770093917847 2.972692 1.683946 1.304629 -0.8416494
1 40.90118026733398 22.52468872070313 -1.237141966819763 2.804139 1.21085 1.219449 -1.5668
1 49.18013763427734 25.97634696960449 -1.216775417327881 4.97125 1.30567 1.407447 -1.810226
1 -21.88822746276856 -0.1714630424976349 -1.116384029388428 3.996499 1.711283 1.411815 -0.0004709375
1 -27.35197067260742 -4.378267288208008 -1.128357887268066 3.969529 1.969478 1.338404 -0.0004709375
1 -4.8561110496521 -3.904955863952637 -1.017903685569763 4.377531 1.939164 1.579205 0.01741441
1 50.23806381225586 -10.78997611999512 -0.9700010418891907 3.138082 0.392959 0.563528 -2.29272
3 -45.63968658447266 -8.662674903869629 -0.6900330781936646 0.461966 0.219311 0.698122 -1.420393
4 -14.6420955657959 -7.350857257843018 -1.104089617729187 1.573752 0.71218 1.555824 -0.0004709375
4 39.86306381225586 19.39706611633301 -1.348852276802063 0.843626 0.711882 0.809086 -0.1912345
1 41.81298065185547 27.90007400512695 -0.8052339553833008 1.697825 0.425512 0.761275 -1.77249
3 5.359032154083252 12.23857688903809 -0.5235419869422913 0.57592 0.529699 1.054033 -1.527856
6 45.6510009765625 7.784874439239502 -1.684320449829102 0.460661 0.496276 0.401804 -1.746406
3 25.67345809936523 -11.27398777008057 -0.7308643460273743 0.366726 0.523108 0.938087 3.04354
6 -56.29739761352539 -4.520678043365479 -1.068959832191467 0.544701 0.526195 0.616879 0.02082535
3 26.3858699798584 -11.940110206604 -0.4941802322864533 0.338038 0.466048 1.109201 -0.09805278
3 26.4877986907959 -12.56822299957275 -0.6997693777084351 0.514935 0.573601 1.128665 -0.09805278
1 36.7020378112793 -9.929880142211914 -1.141043543815613 2.434773 1.398911 0.789259 -1.033675
1 -43.61677932739258 -4.448568344116211 -1.332009553909302 3.748997 1.345937 0.562912 -0.0004709375
4 38.10388946533203 23.40214920043945 -1.047847628593445 2.56922 1.281766 1.423542 -0.05348498
1 48.20526504516602 16.8548526763916 -1.363310217857361 3.245197 0.773341 1.328982 1.631649
3 -6.042316913604736 12.12444591522217 -0.6107734441757202 0.612031 0.587712 0.880358 -3.116137
1 47.12376022338867 -21.90663528442383 -0.8665818572044373 2.876124 0.317437 0.86365 1.572438
1 14.32604312896729 -3.808927059173584 -1.087908744812012 4.239023 1.741016 1.582458 -0.02563434
1 47.69079971313477 -16.10545921325684 -1.199276685714722 1.836482 0.47074 1.045135 1.327225