5 11.90085792541504 -7.881359100341797 -1.404521346092224 0.153352 0.14746 0.3754 2.47415
3 -14.40206813812256 -8.95987606048584 -0.491704523563385 0.199314 0.352802 0.884595 0.05792593
5 8.100748062133789 12.15809154510498 -1.569402694702148 0.171089 0.151177 0.307064 0.4026024
1 14.53831481933594 8.97313117980957 -1.100900292396545 3.703782 1.930711 1.512642 -2.594205
1 -32.96398544311523 6.514348030090332 -1.657802581787109 4.147488 1.797926 1.137428 -3.130552
4 -54.46800231933594 -4.386509895324707 -1.326845645904541 0.890805 0.509539 1.106427 0.02048083
4 -53.0660285949707 -5.522135257720947 -1.284800291061401 1.497247 0.67141 1.102613 -0.03764694
4 19.7585391998291 18.88793563842773 -1.236230731010437 1.73324 0.727282 1.451114 -2.035682
5 11.60052299499512 13.47398471832275 -1.569341897964478 0.248125 0.107486 0.302347 0.4026024
5 14.30462265014648 -10.1707820892334 -1.272231101989746 0.185229 0.183555 0.329733 2.273939
1 -49.42631530761719 5.987701892852783 -1.648787379264832 3.730886 1.67286 1.210595 -3.123955
5 15.32679176330566 -11.77453994750977 -1.244109869003296 0.244048 0.176109 0.483042 2.140664
3 -29.09758567810059 14.31444835662842 -1.033415675163269 0.301776 0.67564 0.799557 -3.125476
3 3.345710515975952 16.36186790466309 -1.05036723613739 0.805205 0.654139 1.698871 -3.086574
1 21.43047142028809 0.7978898882865906 -0.9258290529251099 4.682734 1.747148 1.516811 -1.684389
5 16.57089805603027 -13.90763568878174 -1.16037392616272 0.249721 0.273881 0.575456 2.140664
1 38.35140991210938 -12.54604148864746 -0.612614631652832 4.46391 1.054142 1.134802 1.522954
3 -24.6773681640625 14.17167186737061 -0.9322267174720764 0.305495 0.571705 0.864041 -3.125476
1 -11.95928192138672 7.042913436889648 -1.228978872299194 4.243705 1.702843 1.603904 -3.121692
5 13.16360855102539 -8.933611869812012 -1.377179861068726 0.170098 0.158984 0.452846 2.480003
4 -52.67413330078125 3.548990726470947 -1.401460886001587 0.80768 0.994286 1.39877 -3.130552
3 7.028725147247315 -11.51848316192627 -0.6638157963752747 0.585433 0.741459 1.642803 -0.6242795
1 -19.10326957702637 7.006663322448731 -1.294417977333069 4.108566 1.766579 1.589731 -3.121721
5 15.32229995727539 15.71128845214844 -1.702605843544006 0.177583 0.129421 0.304268 0.4026024
5 9.822309494018555 12.6119327545166 -1.552883625030518 0.204647 0.108666 0.319625 0.4026024
3 -31.85945892333984 10.32140159606934 -1.30794084072113 0.218206 0.349131 0.633591 3.096967
5 9.285107612609863 -6.559621810913086 -1.350379943847656 0.182625 0.173126 0.457446 2.47415
5 7.166589260101318 -5.719666004180908 -1.359211087226868 0.188675 0.165837 0.501015 2.47415
3 -24.63140296936035 14.9259147644043 -0.8813056945800781 0.241092 0.631782 0.742469 -3.125476
4 -31.92252731323242 8.832958221435547 -1.147332191467285 0.84317 0.644663 1.047583 -3.109634
3 -28.12818717956543 15.03798389434815 -1.074875593185425 0.467851 0.337771 0.970674 -3.125476
5 13.30059432983398 14.26175022125244 -1.724655866622925 0.201689 0.119215 0.305498 0.4026024
5 10.62405776977539 -7.195438385009766 -1.336992979049683 0.170805 0.208337 0.46477 2.47415