5 27.26008415222168 1.31367027759552 -1.456658959388733 0.180807 0.105511 0.361198 1.268815e-16
5 30.0072135925293 4.724104404449463 -1.273934364318848 0.124334 0.178249 0.386326 0.0
5 7.289234161376953 -10.6142463684082 -1.48051917552948 0.195139 0.122873 0.432043 -0.8069265
1 -33.51382064819336 -7.992785930633545 -1.183902144432068 2.36154 2.126459 1.536411 0.3185625
5 -1.058689594268799 -5.181576728820801 -1.496869206428528 0.157741 0.222286 0.403458 -1.189826e-15
4 -26.84391593933106 2.364468097686768 -1.17104971408844 1.601422 0.779905 1.394258 -1.34517
2 -30.19163703918457 13.63726902008057 -0.4044652879238129 11.86525 2.721611 2.667117 -2.848494
1 -16.58496475219727 -2.020071268081665 -1.110047578811646 4.025253 1.755937 1.457625 0.224297
4 -25.21693420410156 2.553589105606079 -1.04469621181488 1.414412 0.79612 1.637121 -1.263557
3 11.50761413574219 -31.17450141906738 -0.8874322175979614 0.35557 0.397733 1.466283 1.871384
1 19.53989219665527 -28.96303558349609 -1.028297424316406 3.270447 1.328598 0.515858 -1.181676
4 3.353109836578369 -5.962762355804443 -0.960340142250061 1.940955 0.762236 1.68723 -0.5760917
5 0.8257749080657959 -5.597727775573731 -1.543110609054565 0.16224 0.185163 0.388364 -1.064583e-15
1 9.165867805480957 -3.42173171043396 -1.010454058647156 3.827687 1.892013 1.469607 -0.6243023
5 8.31562614440918 -12.10314464569092 -1.438153743743897 0.108085 0.123831 0.300839 -0.8582689
5 2.539664745330811 -6.485576152801514 -1.547629594802856 0.158494 0.140723 0.436503 0.0
3 11.22747707366943 -31.73644638061523 -0.9017431139945984 0.245126 0.466227 1.482113 1.963891
1 17.41582107543945 -22.49327087402344 -0.9794427156448364 4.246647 1.795122 0.981204 -1.222145
1 17.32512474060059 12.7325553894043 -0.9999088048934937 4.123689 1.752966 1.429449 0.2799456
4 -8.827879905700684 -4.460651874542236 -0.9444031715393066 1.484179 0.687161 1.772212 -2.946655
1 23.78820991516113 6.381392002105713 -0.9570021629333496 4.234533 1.712344 1.525638 0.7840924
1 -2.865402221679688 17.30199813842773 -1.118412494659424 4.025562 1.618166 1.637403 -2.824644
1 22.56021308898926 -25.48366165161133 -1.00239908695221 2.545632 1.76049 1.350827 -1.186228
4 11.07026100158691 -15.05185985565186 -1.019554615020752 1.401001 0.687719 1.595547 -1.117066
1 21.88908004760742 -35.38803863525391 -0.7804345488548279 2.602345 1.286892 1.040152 -1.186228