3 -8.775506019592285 6.738591194152832 -0.9822173714637756 0.690291 0.593796 1.393254 -0.4804969
3 -8.118256568908691 8.247467994689941 -0.9612817764282227 0.535317 0.717739 1.336537 -0.605303
3 -31.07815551757813 -45.7487907409668 -0.6792469620704651 0.153587 0.440416 0.379512 -2.355856
1 26.08652687072754 22.75201034545898 -0.3932772278785706 1.074107 0.753412 1.179944 -0.3688603
3 1.774677515029907 -29.66193389892578 -0.4511271417140961 0.434151 0.439404 0.616947 -2.0828
3 -5.783518314361572 -3.276574373245239 -0.5620152354240417 0.660822 0.509294 0.894697 -1.660763
1 -4.795522212982178 -52.33919525146484 -0.9865776896476746 1.226279 0.209178 1.03068 -0.4751186
3 -5.009693145751953 -3.903947830200195 -0.9988381266593933 0.484371 0.570588 1.653695 2.761487
3 22.515380859375 -10.68825435638428 -0.6382370591163635 0.423513 0.803746 1.104842 2.658283
3 -27.27221298217773 -31.91146659851074 -0.6414511799812317 0.342324 0.499655 0.58136 1.139295
4 -3.92635440826416 10.96523475646973 -1.385031461715698 1.716127 0.28087 1.048517 -2.179014
6 -23.50962257385254 -39.06158065795898 -1.133904099464417 0.231191 1.493707 0.24874 -1.974237
3 28.21370697021484 -15.96948528289795 -0.5071507096290588 0.277819 0.568285 1.017367 -0.3647062
1 3.86941933631897 -4.807725429534912 -1.097065925598145 4.360635 2.130314 1.438858 2.341023
1 32.43465042114258 4.833988189697266 -0.5835945010185242 4.352985 1.950962 1.583243 -0.4187367
1 -0.2703163325786591 -39.58915328979492 -0.5929214358329773 0.316494 0.802067 0.574881 -0.3864618
1 23.56075668334961 16.4156665802002 -0.4463901519775391 3.69852 2.018435 1.638298 2.786301
3 -6.699099063873291 -3.400344848632813 -0.9673539400100708 0.566955 0.541981 1.745829 -1.630483
4 -6.133545875549316 2.800789594650269 -1.264461278915405 2.412412 0.816711 1.187984 3.021379
1 3.882056713104248 -33.04495620727539 -0.3644233644008637 3.211437 1.413266 0.74619 -0.383751
4 3.717729568481445 -10.36545085906982 -1.220054268836975 1.916005 0.741369 1.283105 0.5742208
4 -8.173242568969727 -1.995613813400269 -1.247514605522156 2.188271 0.794685 1.266479 2.72207
1 21.38876342773438 9.680586814880371 -0.549843430519104 4.373034 1.789576 1.999155 -0.4143128
1 18.07843208312988 -12.22500038146973 -0.9630470275878906 3.608675 1.643644 1.265415 2.653412
1 -6.387920379638672 -5.90106725692749 -1.036748647689819 4.128419 1.724378 1.584445 -1.962496
1 0.3948812484741211 12.20670223236084 -1.102383136749268 4.040898 1.936922 1.456749 -1.968108
1 9.707022666931152 -45.73966217041016 -0.6244878768920898 0.806623 0.248585 0.507815 -0.4371255
1 20.12868881225586 -22.0457763671875 -0.7109993100166321 2.45489 1.103926 1.107961 -0.3978621
3 34.25092315673828 -3.769276142120361 0.2464036196470261 0.220965 0.311159 0.589459 -0.3964511
1 13.62175369262695 -36.72390747070313 -1.131584048271179 2.430769 1.358476 1.236924 -0.3902127
4 -8.839940071105957 -3.000431299209595 -1.165977954864502 1.914652 0.775188 1.16023 2.60568
1 2.799232482910156 17.39252281188965 -1.055575251579285 4.484941 1.735524 1.47963 -1.938943
1 -1.451627492904663 -43.64690780639648 -0.9095979332923889 1.655607 0.944649 1.078927 -0.4794805
1 7.05825662612915 -26.89114189147949 -0.7121207118034363 4.524973 2.159017 1.500475 2.757446
1 35.15719604492188 -22.83695220947266 -0.2956179082393646 3.779127 1.512528 1.441938 -0.08901793
4 -0.8241099119186401 18.05342102050781 -1.173616051673889 0.701914 0.431617 0.547343 -1.984329
4 8.676020622253418 1.197860360145569 -1.245714783668518 1.851164 0.989907 1.214333 -1.495623
1 21.50085258483887 11.96400737762451 -0.7019429802894592 1.175379 1.671154 1.585178 -0.4252752
1 22.42898368835449 -30.39993476867676 -0.416734516620636 3.159312 1.501718 1.218674 -0.4056863
4 9.28737735748291 3.081522941589356 -1.254811644554138 2.095315 0.66756 1.175251 -1.515309
4 6.705792903900147 -1.4660564661026 -1.228585600852966 1.680582 0.713165 1.182161 -0.3992056
4 11.49218082427979 8.178862571716309 -1.185595035552979 1.72681 0.632539 1.211536 -1.622099
4 10.07488822937012 4.845221519470215 -1.248640775680542 1.824391 0.757204 1.299012 -1.484127
1 28.63552284240723 -4.718191146850586 -0.5567847490310669 2.651845 0.615972 1.53491 2.740466
4 8.338508605957031 37.33740234375 -0.7785178422927856 0.864075 0.502235 0.959396 -1.969557
4 -22.42840957641602 -41.03036117553711 -1.112251162528992 1.394594 0.49397 1.446939 -1.769186
4 -7.242789745330811 0.9023602604866028 -1.204784870147705 2.085271 0.744927 1.310629 2.573923
4 0.8223581910133362 -17.81336402893066 -0.8297773599624634 1.653714 0.370464 0.502967 1.204228
4 13.51008701324463 12.59506130218506 -1.14169979095459 1.897902 0.649503 1.373539 -2.10143
4 -7.050040245056152 -2.886897087097168 -1.04889452457428 1.727175 0.522527 1.610294 -2.102523
4 -6.293901920318604 1.887443661689758 -1.148340344429016 1.467239 0.605318 1.237849 2.87701
4 0.6189063191413879 -14.4207353591919 -0.8700962662696838 1.885084 0.62515 1.098412 1.095805
4 10.76195526123047 6.702685832977295 -1.152525544166565 1.792162 0.584769 1.219747 -1.518226
1 9.413930892944336 -19.6218147277832 -0.8505570292472839 3.031111 1.715854 1.408622 -0.3512021
6 -15.57746505737305 -17.89144515991211 -1.397061944007874 0.749564 0.165752 0.324634 -1.942222
1 15.95169258117676 -43.72533798217773 -0.3791673481464386 0.423753 0.813361 0.569484 -0.3788207
1 17.32668685913086 -1.992916584014893 -0.7289395332336426 3.759406 1.722979 1.34133 -0.3718786
1 35.65236282348633 13.15560340881348 -0.08723223954439163 2.234465 0.218439 0.500673 -0.4034401
4 -7.503705024719238 -0.1464044898748398 -1.246088743209839 1.815578 0.927621 1.257069 2.720032
4 7.345934391021729 -2.518057346343994 -1.213667392730713 1.676618 0.6776 1.220907 -0.3999904
4 2.839849233627319 -12.24024105072022 -1.205306887626648 1.544563 0.627898 1.115962 1.258935
3 -4.993753910064697 -2.976396799087524 -0.9765140414237976 0.601955 0.737907 1.678079 -2.155864
1 2.043957471847534 -37.03245544433594 -0.5086063146591187 2.446405 1.32673 0.989786 -0.4066736
1 20.96759223937988 7.009159088134766 -0.8698733448982239 4.24715 1.523119 1.473854 -0.3946572
1 4.883333683013916 -30.80121231079102 -0.8258920311927795 3.444004 1.741449 1.037812 -0.3663704
3 34.52106857299805 -3.114746332168579 0.1332127898931503 0.454585 0.230797 0.838916 -0.3172288
1 -24.23410797119141 -55.34127044677734 -1.326756000518799 0.922524 1.575851 0.861154 -1.995411
4 7.99705171585083 -0.5552561283111572 -1.267051458358765 1.640162 0.658971 1.170215 -1.88458
3 35.162841796875 -2.600347995758057 0.04872604459524155 0.426927 0.228154 0.642333 -0.3740396
4 -8.950546264648438 -4.216722965240479 -1.220715999603272 1.233478 0.892461 1.270887 2.740369
1 -27.90065574645996 -49.51537704467773 -0.4898636043071747 2.064832 1.277072 0.72512 -1.962468
4 -3.666635751724243 10.52524280548096 -1.344234108924866 1.658585 0.616675 1.113276 -2.179028
3 35.60468292236328 -2.245693683624268 -0.02914143353700638 0.504592 0.562465 0.911439 -0.3775051
1 10.09041500091553 -8.61703109741211 -0.7760743498802185 4.943151 1.854661 1.696383 2.770109
4 -7.419059276580811 -1.065372586250305 -1.215714335441589 1.423115 0.672918 1.251325 2.718136
1 -2.515566825866699 -48.21731948852539 -0.4043248593807221 0.941515 0.905023 0.62826 -0.3875116
1 32.20711517333984 -14.95035648345947 -0.5762104392051697 4.389606 0.954374 1.549466 1.239989
3 -0.185161679983139 34.19095993041992 -0.5568438172340393 0.254351 0.489074 1.113087 1.182589
1 22.55183029174805 -27.67840194702148 -1.260062217712402 2.319907 1.349545 0.755576 -0.385711
3 34.78033447265625 -3.573981523513794 0.1302570253610611 0.292898 0.300509 0.818477 -0.3128506
1 11.16278457641602 -17.728271484375 -0.8852742910385132 4.322589 1.882159 1.50554 2.796189
3 34.75207901000977 -2.828622341156006 0.1309228539466858 0.189021 0.371557 0.845372 -0.3281663
3 -19.94583892822266 -16.11553192138672 -0.604250967502594 0.298612 0.527255 0.949712 1.166737