4 -12.1396951675415 -52.92487716674805 -0.05128296837210655 1.23637 0.561498 1.045938 1.19648
3 -27.22615242004395 -17.91908645629883 -0.1846283376216888 0.535684 0.469268 1.095438 2.556612
1 -7.968166351318359 15.91097736358643 -1.230510354042053 4.539409 1.93395 1.692203 0.8314052
1 -23.30145835876465 -13.10475730895996 -0.7368237972259521 4.751528 1.198472 1.252945 -1.512626
1 -4.112782001495361 31.80645370483398 -1.603250980377197 3.649071 0.404649 1.377741 1.49586
1 -8.047462463378906 -23.39826011657715 -0.6529504656791687 4.064447 1.450335 1.727293 -1.728722
5 13.03360843658447 -5.698400497436523 -1.478736877441406 0.086581 0.124543 0.654582 0.0
1 -10.31858062744141 -51.15102005004883 -0.3295305669307709 3.815197 0.710187 0.993959 1.119805
1 0.7679712176322937 35.17699813842773 -1.502865076065064 2.27047 1.824962 1.607909 1.560407
1 -0.1192074418067932 -18.97781753540039 -0.8242745399475098 4.319863 1.895745 1.461371 1.374266
4 -0.9145759344100952 29.23677062988281 -1.470333218574524 1.006363 0.711405 1.60001 1.614756
4 31.17571640014648 -4.180810928344727 -1.320722222328186 0.846878 0.636554 1.555142 -3.124461
1 -8.202231407165527 -46.14752578735352 -0.4582619071006775 3.551576 0.574667 1.271839 1.131546
4 -10.14928150177002 -13.75755310058594 -0.6478176116943359 1.856481 0.772738 1.141748 -1.623882
1 42.95087814331055 4.677644729614258 -1.680259704589844 3.689641 1.795769 1.242149 -2.718271
4 -4.230774402618408 -18.27717590332031 -0.8194486498832703 2.749842 1.094611 1.468582 1.348523
1 -8.152220726013184 -8.298380851745605 -0.9657209515571594 4.573538 1.820373 1.465882 -0.9479619
1 -6.908832550048828 -12.80171203613281 -0.9239562153816223 4.039444 1.67464 1.444543 -1.588693
1 1.837229371070862 30.40587615966797 -1.488926887512207 4.210485 1.550093 1.575087 1.620809
1 1.507473468780518 -13.34517860412598 -0.9391733407974243 4.258037 2.018752 1.52663 1.235499
1 38.31234741210938 7.401073455810547 -1.918649673461914 3.144086 2.23428 0.732929 -3.036379
4 3.913755655288696 -19.25302505493164 -0.6356527209281921 1.690107 1.149463 1.547519 2.967705
1 5.288668155670166 14.423264503479 -1.339416027069092 4.270714 1.98229 1.5231 2.172008
4 14.57297039031982 -7.326507568359375 -0.9614366888999939 1.79623 0.620127 1.434848 1.513696
1 -3.905725955963135 56.91601943969727 -1.817767143249512 1.107957 0.834414 0.98392 -1.816008
5 11.66691589355469 -6.25916862487793 -1.427088856697083 0.130107 0.096815 0.614023 -7.052435e-16
1 -8.433436393737793 -27.71421813964844 -0.632533609867096 1.374741 0.597027 1.369341 -1.918886
5 3.529970645904541 -12.53958892822266 -1.249065279960632 0.216585 0.265683 0.657959 0.0
3 6.633489608764648 -19.64599800109863 -0.619218647480011 0.262719 0.352417 1.502985 1.748912
1 -11.90860652923584 -55.97945785522461 -0.06952877342700958 1.794846 1.116776 1.109831 1.075397
6 -3.985663414001465 49.88233184814453 -1.972968459129334 0.304637 0.395987 0.71158 1.414724
1 -7.167422771453857 -18.10771751403809 -0.8430557250976562 4.553391 1.753252 1.502093 -1.753639
6 -3.55606484413147 34.51424407958984 -2.122869253158569 0.196114 0.248007 0.469632 1.50595
4 -19.17471694946289 -5.106798648834229 -0.7176473140716553 2.59989 1.103082 1.66926 3.140961
3 -30.05558395385742 -12.40160751342773 -0.5865579843521118 0.686652 0.744687 1.525442 -3.022729
4 9.715190887451172 22.16932678222656 -0.8258696794509888 0.910143 0.780375 0.68237 -2.799025
1 2.572882652282715 20.21980667114258 -1.330919742584229 4.170076 1.899725 1.727286 1.826192
1 -11.89877891540527 12.67626857757568 -1.160271644592285 4.64623 2.23583 1.692144 0.506708
1 -13.24588871002197 -19.47195243835449 -0.7242928147315979 3.21874 1.25478 1.622988 0.03887616
1 9.163382530212402 11.13093662261963 -1.291361927986145 4.472467 1.759117 1.531116 2.317902
1 -1.246163368225098 -24.24831581115723 -0.6310800313949585 3.808762 1.57449 1.704166 -1.793069
5 10.36350154876709 -6.977358818054199 -1.40988826751709 0.150356 0.153082 0.569788 -7.287518e-16
3 36.55031967163086 -9.426387786865234 -0.7821597456932068 0.586924 0.53607 0.824863 -0.0006409558
5 4.417596817016602 -11.47629547119141 -1.326268315315247 0.219133 0.197349 0.632896 0.0
1 -5.469629764556885 20.94089698791504 -1.389383554458618 4.690812 1.945018 1.504179 1.302764
1 -4.550634384155273 36.38986968994141 -1.571422457695007 1.389318 1.345079 1.445413 1.695367
3 -2.621707916259766 -18.62974548339844 -0.72770094871521 0.892761 0.674249 1.716559 -1.793069
4 13.68045234680176 -9.158461570739746 -0.9404944777488708 2.634798 1.276805 1.383434 -0.02047332
5 6.660580158233643 -9.489873886108398 -1.492390751838684 0.259393 0.223426 0.552761 2.171125e-15
4 9.10241985321045 23.44587326049805 -0.8676807284355164 1.219784 0.490954 0.662734 -2.474234
3 12.67464351654053 13.88644218444824 -1.176326155662537 0.263688 0.542165 1.703143 1.087568
5 9.07105827331543 -7.761558532714844 -1.415473937988281 0.133141 0.154142 0.683569 0.0
4 -25.08236122131348 10.3389778137207 -0.9103333950042725 0.584928 0.533401 0.858422 -3.073126
6 -14.69685459136963 -51.60627365112305 -0.3322544991970062 0.396356 0.862693 0.436715 1.273266
1 -6.231586456298828 -40.91028213500977 -0.512831449508667 3.607138 0.642972 1.400996 1.250584
1 27.42928504943848 7.181821823120117 -1.405813574790955 4.165312 1.651452 1.579468 3.041922
5 7.842533111572266 -8.620104789733887 -1.415575504302979 0.17925 0.139123 0.622912 -1.915699e-15
6 -4.322362899780273 42.44441223144531 -1.748143315315247 0.075748 0.304331 0.81022 -1.296893
1 -2.471080780029297 -29.58515357971191 -0.6712433695793152 3.633122 1.221038 1.462191 1.290793
1 -4.766831398010254 26.52655792236328 -1.316675424575806 4.333826 1.768379 1.80357 1.49586
3 -29.18991851806641 -12.49544620513916 -0.701704204082489 0.491912 0.590606 1.441229 -2.999775
5 5.493589401245117 -10.47018623352051 -1.407975196838379 0.233369 0.192624 0.612471 0.0
1 -13.11068630218506 -14.62491130828857 -0.4427409172058106 4.345373 1.756413 1.306185 0.03887616
5 14.49327373504639 -5.304488182067871 -1.452899932861328 0.126459 0.093597 0.613196 -0.008218477
1 -37.51009368896484 0.2983106374740601 -1.448667168617249 0.612814 1.718213 0.551856 0.06639481