5 7.189946174621582 -12.55938339233398 -1.20971405506134 0.211912 0.179934 0.554929 -2.679633
1 -0.8322518467903137 26.06869316101074 -1.314591288566589 3.381285 1.710796 1.580734 1.46542
1 9.029415130615234 14.35070514678955 -1.415045499801636 4.34871 1.804789 1.517215 2.161755
1 -55.65563201904297 8.66618824005127 -1.567898511886597 1.443741 1.584763 0.660873 3.116603
5 10.3892936706543 -9.530099868774414 -1.408619403839111 0.164511 0.174545 0.430548 -2.679633
1 31.2163200378418 7.075608253479004 -1.394147157669067 3.871512 1.811675 1.543252 3.079427
5 9.219954490661621 -10.53813076019287 -1.32308828830719 0.223714 0.25335 0.548035 -2.679633
3 -26.57575035095215 -12.28664875030518 -0.631939172744751 0.804764 0.394947 1.667668 2.94488
1 1.239747643470764 -29.50790405273438 -0.5304582118988037 3.798495 1.457518 1.396655 1.327849
5 14.11111259460449 -7.012660026550293 -1.400052309036255 0.16611 0.127436 0.516485 -2.679633
1 -1.534132719039917 20.94759178161621 -1.501431107521057 4.629942 1.734954 1.491881 1.301437
1 -37.91476440429688 0.5336737036705017 -1.532273530960083 0.98131 1.712352 0.760352 -0.00704748
1 -3.152460813522339 -16.92753410339356 -0.807296097278595 2.056297 1.559172 1.476882 -1.787305
1 5.896064281463623 30.38945579528809 -1.632163286209106 4.288115 1.895269 1.577446 1.613493
1 -8.376522064208984 -55.52973175048828 -0.0514662079513073 1.302711 0.921276 1.04214 -1.952302
4 7.587952613830566 -19.27773666381836 -0.131291389465332 1.746206 1.210119 0.698278 -0.2070631
1 -2.503204345703125 -41.18463897705078 -0.3133963644504547 4.355358 1.221414 1.4488 -1.906529
1 -48.9818229675293 -21.88324928283691 -0.1991799771785736 1.319677 1.499711 1.330981 1.487032
1 -4.516664505004883 -8.245447158813477 -0.9771715998649597 4.493586 1.971339 1.481652 -0.9178081
4 2.945003271102905 27.67667579650879 -1.552650332450867 0.925115 0.63406 1.568376 1.496902
5 15.42874431610107 -6.28521203994751 -1.401389718055725 0.109186 0.107753 0.549246 -2.679633
1 -4.732623100280762 -22.82898330688477 -0.1582368910312653 2.674208 1.794399 0.739893 -1.766476
1 3.620926141738892 -19.10906410217285 -0.7683289647102356 4.939333 2.026998 1.508815 1.380146
4 18.48817443847656 -7.309326171875 -0.9542319178581238 1.982471 0.914051 1.339767 1.495016
3 1.607773900032044 -18.058837890625 -0.6845980286598206 0.794051 0.572517 1.626994 -1.866429
1 4.842070579528809 35.33032608032227 -1.600355744361877 2.786907 1.254932 1.753105 1.635145
3 -25.39537048339844 -11.95259666442871 -0.6045937538146973 0.312064 0.475326 1.333611 3.092283
4 -6.413795948028565 -13.68685626983643 -0.6405900716781616 1.839833 0.585832 0.599519 -1.566833
1 -3.18703031539917 -12.74895477294922 -0.9159839153289795 4.094596 1.637646 1.409662 -1.594757
1 -0.315464049577713 -33.54389953613281 -0.6584968566894531 1.734347 0.507372 0.818495 1.308333
1 -6.616696357727051 -51.19773101806641 -0.04267014935612679 3.686924 0.928631 0.977411 -2.056985
4 13.53086566925049 22.1226921081543 -0.9432916045188904 0.836146 0.688101 0.771737 -2.352513
1 2.392980813980103 -24.15927314758301 -0.5810205936431885 4.285701 1.500285 1.584833 -1.769679
3 16.60636711120606 14.37507629394531 -0.6387110352516174 0.5671 0.437442 0.539631 1.203294
1 -9.398041725158691 -19.51303863525391 -0.4115957915782929 2.867836 1.43625 1.03597 -0.008407081
1 41.05604934692383 6.829532146453857 -1.846599221229553 1.217645 1.692915 0.602677 -3.133435
1 -19.83890151977539 -12.95475578308106 -0.7375540137290955 4.625554 1.61612 1.370683 -1.487781
5 11.53577041625977 -8.621204376220703 -1.392344951629639 0.127639 0.079857 0.557449 -2.679633
3 10.13701057434082 -20.15469360351563 -0.5134224891662598 0.435472 0.531224 1.453756 1.428277
3 -23.46546363830566 -17.73178100585938 -0.1242484897375107 0.273632 0.474515 0.950883 -1.87296
6 0.4249685704708099 34.77062225341797 -2.14502215385437 0.504746 0.196367 0.437349 1.486124
1 -9.573694229125977 -14.60478973388672 -0.5489644408226013 4.28577 1.815301 1.54177 0.003230462
5 16.82186698913574 -5.747331619262695 -1.444328546524048 0.114902 0.107639 0.451517 -2.679633
5 8.09366226196289 -11.4979887008667 -1.262449026107788 0.127319 0.11764 0.553712 -2.679633
4 36.34133148193359 -4.415384292602539 -1.3088698387146 1.021217 0.62494 1.128844 -0.09542567
1 6.448141574859619 20.31561470031738 -1.38589358329773 4.362302 1.833096 1.761819 1.837248
1 47.91301345825195 5.092051982879639 -1.266995906829834 3.612995 1.707352 1.246181 -2.728258
5 18.24259376525879 -5.337405681610107 -1.392670392990112 0.100149 0.053575 0.33396 -2.679633
1 -7.903726577758789 12.50375366210938 -1.221130013465881 4.696756 1.657846 1.636826 0.5195234
4 12.94384384155273 23.22548484802246 -1.184535264968872 1.609793 0.687517 1.180879 -2.734372
4 -18.99673080444336 10.44472885131836 -1.223548531532288 0.812088 0.525101 1.594499 -3.100545
4 17.38894844055176 -9.25782299041748 -0.8444682955741882 2.653929 1.295832 1.455436 -0.05185273
4 -0.9605013728141785 -20.64569282531738 -0.7488004565238953 2.777358 1.021568 1.454871 1.322549
1 -4.088900566101074 15.85853385925293 -1.339349985122681 4.423785 1.790854 1.664089 0.7983804
5 12.81996917724609 -7.796315670013428 -1.359346270561218 0.178199 0.106705 0.58297 -2.679633
1 -4.311437606811523 -46.12111663818359 -0.3048598170280457 3.610986 1.226181 1.469321 -1.939608
1 12.94549083709717 11.18734645843506 -1.322589635848999 4.608366 1.854375 1.447872 2.28795
4 -15.60749912261963 -4.946739673614502 -0.7919659614562988 2.959142 1.13267 1.699103 3.101841
1 5.121313095092773 -13.30806732177734 -0.8824865818023682 4.260193 1.762366 1.485567 1.225763
3 40.30293655395508 -9.597389221191406 -0.6196133494377136 0.595789 0.36582 1.190992 0.05508924
3 -22.88118934631348 -12.81059551239014 -0.0630469024181366 0.208455 0.299484 0.451265 -2.619208