3 54.65892028808594 18.68412208557129 -1.208312034606934 0.355061 0.325122 0.909307 -0.9643217
3 -40.92453765869141 8.145234107971191 -1.005767464637756 0.485677 0.497025 1.36663 -3.085202
4 -29.07480621337891 -4.01482105255127 -0.9822610020637512 0.440565 0.580123 0.898247 -2.782712
1 -9.794242858886719 -13.08874320983887 -0.3971836566925049 5.062534 2.014397 1.974348 -1.52398
1 -26.51048278808594 -25.36114692687988 0.2167035639286041 2.251324 1.715932 0.715485 -1.614883
1 -14.63329696655273 -12.87503528594971 -0.5274078249931335 3.215703 1.818867 1.715007 -1.568241
4 44.49320220947266 9.64133071899414 -1.325667142868042 0.777844 0.651441 1.581266 2.829467
1 -42.1674690246582 6.829362869262695 -1.1494220495224 4.216227 1.651155 1.19519 -3.117316
4 -6.298171997070313 11.10899543762207 -1.538528800010681 1.495891 0.382928 0.8603 3.130779
4 -25.85970878601074 -4.371501922607422 -0.7732104659080505 1.428486 1.446284 1.683178 3.108948
4 -36.52931213378906 6.159490585327148 -0.9631845951080322 1.37508 0.466919 1.41384 -2.93685
1 -37.74344253540039 -2.867329835891724 -0.8993119597434998 3.253931 0.630973 1.262993 1.639874
1 36.13460922241211 -8.782186508178711 -1.049380898475647 1.635537 0.309353 0.669964 -1.025658
4 -33.55054092407227 -4.020381450653076 -1.004518747329712 0.587956 0.665299 0.700426 -1.825882
1 38.56806564331055 20.89882278442383 -1.47509241104126 3.699395 1.751292 1.180732 1.346964
1 39.27783584594727 25.60266494750977 -1.372296452522278 1.857785 1.884521 1.616453 1.391783
1 -28.99291229248047 -13.82292556762695 -0.4082973301410675 3.623149 1.708811 1.196347 -1.552584
4 -22.0412712097168 -4.179908275604248 -1.130864381790161 1.555104 0.779068 1.149087 -2.824786
4 -17.22991371154785 -4.222509860992432 -1.158074855804443 2.005816 0.824187 1.121195 0.003088474
3 -42.30897903442383 9.151294708251953 -1.018251657485962 0.523349 0.499486 1.355179 -3.133689
3 16.20799446105957 -10.44841289520264 -0.6991360187530518 0.582309 0.510527 1.242224 -0.32111
1 4.274820804595947 -13.80996799468994 -0.6040022969245911 4.601619 1.955911 1.547315 1.646586
1 -16.93567085266113 -11.61097431182861 -0.1854358911514282 2.212593 1.884637 1.718045 -1.623613
4 -17.56432914733887 11.24011707305908 -1.516306042671204 1.365751 0.491843 0.818393 -0.01518986
1 35.62439727783203 16.48526191711426 -1.29325544834137 3.916591 0.664947 1.096987 0.9407618
4 -39.18437194824219 9.270956993103027 -1.352581858634949 0.539989 0.413571 1.039239 1.468128
1 -7.48731803894043 -23.87895774841309 -0.2288991212844849 3.838264 1.851747 1.79922 -1.537923
3 19.90780830383301 -13.87880516052246 -0.5851228833198547 0.582682 0.610867 1.099021 0.1422053
4 -27.04448318481445 -3.85306453704834 -1.132905840873718 0.734976 0.440251 1.053737 -2.711208
1 21.31682014465332 -13.06061935424805 -0.7870039939880371 4.364522 1.946492 1.494574 -1.473358
3 -44.32521057128906 15.46129512786865 -0.7475152015686035 0.154232 0.490698 0.685565 -0.4142364
1 36.53683853149414 -24.12654685974121 -0.4586094319820404 4.878936 1.505368 0.966567 -1.663442
1 -22.34855461120606 7.525425910949707 -1.138726353645325 3.61204 1.418901 1.365431 3.138611
4 -32.81145858764648 -3.504766464233398 -1.128839135169983 1.545217 0.457798 0.991933 -1.747014
1 -15.98013877868652 7.626103401184082 -0.7962109446525574 3.400594 1.330439 0.781284 -3.020673
4 -37.05461120605469 9.55876350402832 -1.297700881958008 0.501929 0.721582 1.02222 1.698086
4 -37.94089126586914 9.360950469970703 -1.281759023666382 0.741032 0.654722 0.961581 1.531734
1 -19.21383094787598 -11.82899188995361 -0.6076189875602722 1.45939 1.311773 1.406128 -1.703501
1 53.21136856079102 11.53454399108887 -1.832874417304993 4.21687 0.744125 0.819808 2.323623
4 41.82172393798828 11.40543270111084 -1.537862300872803 1.712884 0.350201 1.344203 1.486357
1 -30.71125602722168 -0.2038296908140183 -1.323258757591248 3.858445 1.89997 0.675084 0.09490407
3 -29.63702011108398 13.89983749389648 -0.3628050088882446 0.330271 0.337117 1.097584 2.883028
1 49.28463745117188 15.43281269073486 -1.742064833641052 3.192865 1.68094 1.318614 2.181496
4 -41.30202865600586 9.251412391662598 -1.018193483352661 0.939287 0.671369 1.380281 1.644597
6 -41.67166519165039 7.827582836151123 -0.475274384021759 0.290668 0.374314 0.288722 -3.119801
1 -9.76355266571045 4.185718059539795 -1.085002064704895 4.284344 1.850642 1.472732 3.14048
1 37.61186218261719 -12.50057220458984 -0.8493996262550354 1.109156 0.533497 0.855239 0.2674507
3 17.50298690795898 -11.64312171936035 -0.3014759123325348 0.360906 0.475949 0.886986 -0.142366
4 -33.93441772460938 9.809416770935059 -1.272423148155212 1.713983 0.643589 1.164388 1.652032
1 -2.467366695404053 -13.064697265625 -0.4744276106357575 4.22002 1.820988 1.701391 -1.529291
3 -13.17229747772217 16.48811721801758 -0.7672893404960632 0.424598 0.541948 1.256441 -3.113168
4 -36.06378936767578 10.16685962677002 -1.350775361061096 1.26738 0.212227 0.810353 1.358311
4 25.55680274963379 -5.002505302429199 -0.8638080954551697 2.765548 1.126999 1.629867 -3.076354
3 -31.44137573242188 14.14169788360596 -0.6704931259155273 0.325297 0.387278 0.559158 2.38422
4 -34.92245101928711 9.8399019241333 -1.246714115142822 1.446767 0.547295 1.053471 1.732209
1 29.90630531311035 -14.59971237182617 -0.5732932686805725 1.463986 1.073743 1.295318 -1.519303
4 -23.34023857116699 -3.762651681900024 -1.104583024978638 0.822401 0.523704 1.241234 -2.7788
1 17.26303863525391 -14.49334526062012 -0.5501496195793152 2.35533 1.617601 1.360171 -1.526027
1 31.0136890411377 11.9622859954834 -1.306919932365418 1.322961 1.72863 0.704464 0.4415268