1 -3.932307481765747 -21.49518585205078 0.1939924210309982 1.594465 0.833008 0.869319 -1.53839
1 -1.197635054588318 -21.81295967102051 0.1256843954324722 2.023836 1.810474 1.191461 -1.533545
1 3.602782964706421 -22.24600028991699 0.3046411275863648 3.592709 1.842293 1.29519 -1.549018
1 5.720578670501709 -22.27063941955566 0.1465174406766892 3.18982 1.68046 1.176319 -1.597462
1 8.371777534484863 -22.62090682983398 0.1832274049520493 4.050872 2.239552 1.809284 -1.583176
1 10.81859588623047 -22.0780029296875 0.02315098792314529 3.033211 0.931566 1.290788 -1.596819
3 43.38330078125 -9.886932373046875 -0.6845300793647766 0.686448 0.214484 1.261984 -1.661431
3 -31.89004898071289 -10.40376377105713 -0.3398425877094269 0.297319 0.552461 0.74065 -0.09580698
4 44.88975143432617 -6.235792636871338 -0.8327538371086121 0.89526 0.63505 0.95166 -0.004916457
1 7.373560905456543 3.51966118812561 -0.978497326374054 4.206 1.750976 1.552982 0.004719661
3 42.45627212524414 -9.6941556930542 -0.6581606268882751 0.663331 0.412216 1.664595 0.1113155
3 46.49640655517578 -11.24681854248047 -0.8998767137527466 0.194592 0.489937 1.013346 -0.2919632
1 -36.42593002319336 -2.212355136871338 -1.496519327163696 0.932982 1.734938 0.774009 -0.007585304
1 -18.53435134887695 3.266427993774414 -0.8432384729385376 5.185513 2.01806 1.941822 -0.003018805
1 -3.504645586013794 3.624396800994873 -1.040472984313965 4.535734 2.188838 1.486914 0.01276231
4 -5.372000694274902 -6.25236701965332 -0.967161238193512 1.6323 0.81904 1.548511 -0.03517669
2 51.17057800292969 -8.317304611206055 -0.6322067975997925 6.277008 2.412735 2.333196 0.3924115
2 43.04763031005859 0.5943385362625122 0.1536551415920258 11.901383 2.9134 2.575636 0.07229179
1 9.277795791625977 -2.770457267761231 -1.036020994186401 4.293431 1.95288 1.420444 -0.01536635
3 -31.77528762817383 -9.835260391235352 -0.3383127450942993 0.331107 0.322025 0.7026 -0.1179548
1 22.09268569946289 0.09376820921897888 -0.6746469736099243 2.816524 1.752174 1.058263 -0.05895487
4 -15.85754489898682 20.08218383789063 -1.291211843490601 1.163052 0.489382 1.487032 -3.131388
1 55.8933219909668 4.47426176071167 -0.5332034826278687 0.662859 1.504318 0.802278 0.3775251
3 43.71421432495117 -11.58878231048584 -0.6745873689651489 0.216022 0.465059 1.233206 -0.0155841
4 -14.60065364837647 21.14887809753418 -1.592736482620239 1.78729 0.745746 1.525162 0.01020482
4 -17.16054153442383 -6.244200706481934 -0.9723469614982605 1.343945 0.731538 1.475391 -0.06641696
1 -11.11871433258057 3.364017963409424 -1.064570665359497 4.162627 1.993336 1.443237 0.01337982
1 18.73157691955566 3.477774143218994 -0.8511481285095215 2.678026 1.634975 1.70937 -0.04198749
1 8.069134712219238 0.5112432241439819 -0.8203075528144836 3.250369 1.852933 1.788831 -0.04198749
3 48.45017623901367 -13.27302742004395 -0.3128897249698639 0.293995 0.463478 0.948709 -0.1851238
4 -3.209484338760376 -5.350465297698975 -0.9330245852470398 1.704293 0.728967 1.608921 -0.04453182