1 -30.47162628173828 -35.24872207641602 -1.151537299156189 4.149493 1.697155 1.547747 -1.834719
5 -8.924936294555664 -10.20379066467285 -1.546118021011353 0.198261 0.252156 0.548617 3.031671
3 -35.14453887939453 -18.24092864990234 -0.4754568934440613 0.325392 0.50383 0.918153 1.341447
5 -7.910666942596436 -9.2167387008667 -1.57277250289917 0.185187 0.193065 0.511073 3.031671
3 -15.8638219833374 -41.99003982543945 -1.095803618431091 0.456905 0.582569 1.473251 1.40934
1 -28.64715003967285 -28.2974796295166 -1.074673175811768 4.309029 1.76439 1.570347 -1.814512
1 -6.182597160339356 20.3927173614502 -1.11223030090332 3.98442 1.536545 1.42742 2.845758
4 -45.78318405151367 11.70421695709229 -0.6069228053092957 1.028873 0.679157 1.566637 -0.2964142
3 -38.2369499206543 -34.32218933105469 -0.4424997270107269 0.191168 0.372616 0.681531 1.178562
3 -37.76458740234375 -31.38873863220215 -0.4253353178501129 0.238953 0.360365 0.680173 1.232612
5 -3.223485708236694 -6.891671180725098 -1.491508483886719 0.25647 0.349163 0.535447 3.031671
6 -51.42055511474609 14.44783115386963 -0.4918778538703919 0.411241 0.578309 0.780473 1.335878
1 42.96597671508789 16.48192405700684 -1.59780740737915 4.065588 1.624387 1.2322 -2.47813
1 -28.6899585723877 -44.41242980957031 -1.492531418800354 1.213534 1.587924 0.663209 -1.813802
5 -0.8625352382659912 -6.234574794769287 -1.412672400474548 0.286054 0.243701 0.679767 3.031671
6 43.83108901977539 8.925665855407715 -1.090689539909363 0.457595 0.325943 0.290005 -2.502996
3 -0.08673512190580368 -9.794469833374023 -0.8948529362678528 0.841201 0.612579 1.569945 0.2432067
1 -20.04129791259766 9.261275291442871 -0.8822636008262634 3.958126 2.035904 1.422642 -0.3635447
4 26.10944366455078 15.33700275421143 -1.128974676132202 0.574968 0.678343 1.147261 2.842631
3 -36.95465469360352 -31.62126922607422 -0.3949614465236664 0.344515 0.441781 0.627038 1.31706
4 -18.26054573059082 -2.536179304122925 -0.9788958430290222 1.696287 0.633163 1.491651 -0.3648646
5 -5.005095958709717 -7.390809059143066 -1.531813859939575 0.241474 0.294867 0.528118 3.031671
5 -11.20757484436035 -13.20189666748047 -1.52152144908905 0.160909 0.212527 0.468506 3.031671
3 -25.18786430358887 36.78316497802734 -0.6301186680793762 0.512759 0.520462 1.172713 2.845657
1 12.70639991760254 -4.0315842628479 -1.172044634819031 3.55021 2.090436 1.453817 -0.3511862
5 -6.498003005981445 -8.236564636230469 -1.556909084320068 0.230822 0.229934 0.520398 3.031671