3 9.902009963989258 32.18072509765625 0.03632752224802971 0.621235 0.504308 0.760432 0.2600982
1 -2.706478118896484 21.5941219329834 -1.0298171043396 3.485688 1.441134 1.435086 0.9821
1 -17.85974311828613 28.82320022583008 -1.088808298110962 1.323603 1.065644 0.826844 1.111667
4 -45.37768936157227 37.94768524169922 -0.8428050875663757 0.973273 1.329052 1.349452 -0.6484071
3 9.863706588745117 12.62424278259277 -0.432013601064682 0.424816 0.631074 0.732297 1.005589
4 0.9326378703117371 8.082047462463379 -1.253558039665222 1.828881 0.859567 1.332761 -0.02253964
3 30.38519477844238 -3.668965816497803 -0.5634822249412537 0.434171 0.288146 0.759717 2.579127
4 -15.73992538452148 17.90124320983887 -1.070991039276123 1.051476 0.603329 1.324943 2.596459
4 -2.96392822265625 -6.110363960266113 -1.13971471786499 2.223663 0.716049 1.427704 -1.955163
1 51.63155364990234 -13.46979808807373 -0.8570675253868103 1.287337 0.211552 0.748288 1.036789
4 0.531624972820282 -8.030515670776367 -1.213769912719727 1.467888 0.590059 1.271693 -2.180694
1 37.32365417480469 -4.729671955108643 -0.498197078704834 1.409121 1.08201 0.946392 1.037231
3 31.39295959472656 -34.23020172119141 -0.2667722105979919 0.416448 0.498233 0.815093 -0.5123485
3 3.715922117233276 -6.312366485595703 -0.9198938608169556 0.423525 0.727635 1.803618 -0.4329241
1 28.3674430847168 2.411883354187012 -0.6036180257797241 4.760246 1.798224 1.28767 1.038057
1 31.91837501525879 -0.5787498950958252 -0.6700326204299927 3.30548 1.818598 0.966042 1.121139
4 -10.26930522918701 -2.491345643997192 -1.364848613739014 1.745447 0.68809 1.093214 -0.7548497
1 0.950214684009552 32.24016189575195 -0.8508545160293579 4.32896 1.780874 1.782493 0.9882187
4 -10.73793315887451 -2.75559401512146 -1.405656695365906 1.685429 0.529722 1.022976 -0.7548497
4 -0.2609393298625946 -7.96959114074707 -1.198502659797669 1.714199 0.851192 1.271784 -2.214327
1 -6.056081771850586 21.26494407653809 -0.6377437114715576 2.336579 1.843449 1.976012 0.9386994
4 -0.9353402256965637 9.184366226196289 -1.337691068649292 2.213597 0.803047 1.271093 -0.1144849
3 17.33177375793457 3.6840980052948 -0.7147820591926575 0.335209 0.737848 0.942716 -0.4762338
1 13.49701309204102 12.33955955505371 -0.9537063837051392 3.592847 1.807598 1.420064 1.009833
1 5.202048778533936 16.04998588562012 -0.7827917337417603 3.067011 1.70008 1.203125 1.011979
3 2.605975866317749 -5.965580940246582 -0.9534929394721985 0.652077 0.592341 1.677081 -0.3590534
4 3.523024559020996 -10.00748825073242 -1.135887265205383 1.244008 0.776387 1.370352 -2.157414
4 -2.398640871047974 10.34818077087402 -1.036341905593872 1.749538 1.585724 1.915308 0.5068374
1 -7.714014053344727 22.68607711791992 -0.8896006345748901 1.448353 1.871905 1.642269 1.07649
1 9.274877548217773 27.26899337768555 -0.2615929543972015 1.665926 1.439206 0.622162 1.005672
1 -11.23679065704346 1.716286301612854 -1.153306484222412 4.099726 1.90499 1.485029 -0.5629672
1 5.553206920623779 -7.803460121154785 -0.9144424200057983 4.075794 1.807756 1.747715 -0.5503647
1 -40.15779113769531 22.68474388122559 -1.100098490715027 1.782254 1.760103 0.904649 -0.5629672
1 28.85473251342773 30.81747436523438 -0.687523365020752 4.294472 1.525877 1.780554 1.316225
4 -9.658954620361328 14.80541896820068 -1.335074901580811 2.051736 0.630036 1.310982 2.407153
1 38.74462890625 6.798209190368652 -1.285255551338196 1.516223 0.957429 0.943553 1.027801
3 -1.332947134971619 -5.564627170562744 -1.011268854141235 1.056411 0.526176 1.663146 2.51698
4 13.20390033721924 0.4689140021800995 -1.25554084777832 1.411841 0.531409 1.22082 0.05395189
1 36.8975715637207 -30.26856422424316 -1.140093207359314 2.997152 1.467925 1.036602 -0.3906312
4 3.327048301696777 5.933343887329102 -1.282380104064941 2.097327 0.684598 1.146235 0.9096971
3 8.278822898864746 34.26275634765625 -0.4898951053619385 0.486842 0.382274 1.419782 0.4237134
3 9.270929336547852 33.29635620117188 -0.05571635439991951 0.407335 0.438754 0.553439 0.5341144
4 1.3219975233078 -6.779322624206543 -1.001871109008789 1.826856 0.661876 1.647939 -0.8194361
1 -6.3330078125 2.709526300430298 -1.131678581237793 4.108804 1.878914 1.407442 -0.6348407
4 1.579851031303406 -8.681903839111328 -1.200362920761108 1.609132 0.752276 1.281224 -2.157414
4 -2.260548114776611 -6.711699485778809 -1.116647839546204 2.075413 0.738348 1.467022 -2.095484
1 47.94903182983398 -10.06772994995117 -0.380900114774704 2.187831 0.417964 0.631912 1.021332
3 22.16243362426758 13.02565860748291 -0.8149420619010925 0.358817 0.962169 1.415028 1.035276
3 -8.64157772064209 -7.241535186767578 -0.9179079532623291 0.678092 0.592194 1.358884 0.1692064
4 4.578898429870606 6.602653980255127 -1.260449767112732 2.435906 0.792596 1.267991 0.9744841
3 23.275146484375 -28.09318351745606 -0.3961982131004334 0.454682 0.498763 0.739457 -0.5632207
1 19.89639091491699 7.85287618637085 -0.9154273867607117 4.491773 1.695985 1.519361 -2.065051
4 -1.126705408096314 -7.346807956695557 -1.175872206687927 1.39842 0.711005 1.309422 -2.252619
4 2.643164396286011 -9.248433113098145 -1.169499278068543 0.767392 0.739466 1.325332 -2.157414
1 20.54018211364746 28.9123592376709 -0.7647711634635925 4.418327 0.984 1.603997 2.618813
4 18.60357093811035 -2.589633703231812 -1.109367847442627 2.079063 0.581765 1.227013 -0.4025453
1 -15.76941585540772 4.72455358505249 -1.168559670448303 3.929181 1.752887 1.501876 -0.5634239
3 3.317359447479248 -5.920246124267578 -0.9643352627754211 0.785616 0.868199 1.664636 -0.383583
1 44.99851226806641 7.968199729919434 -0.5360597372055054 2.689706 1.144511 0.900245 1.106793
4 -45.25075149536133 32.40814971923828 -1.218130111694336 1.107083 0.674018 0.815238 2.535299
4 11.42236804962158 1.487390279769898 -1.259789943695068 1.973642 0.729723 1.234526 1.962673
4 2.537348031997681 7.174624443054199 -1.2615966796875 1.758254 0.676009 1.300423 -0.5528211
3 -7.377379894256592 -8.28980827331543 -0.9564744830131531 0.596133 0.543549 1.334788 1.172783
4 -4.20294713973999 11.16322898864746 -1.324215769767761 1.844631 0.671571 1.299159 0.0558452
3 3.300904273986816 -6.97545862197876 -0.9006733298301697 1.073281 0.783585 1.837777 -0.4514831
1 45.22213363647461 -35.74784088134766 -0.7452653050422668 2.125373 1.446383 1.802317 -0.4675403
1 31.4102954864502 16.74305152893066 -1.38149094581604 1.339554 1.620234 0.616768 1.03796
1 -11.67894744873047 25.50259208679199 -0.5781623125076294 3.366829 1.872694 1.560177 1.032899
4 -5.60037899017334 12.01419258117676 -1.34193754196167 1.721455 0.622916 1.3006 -0.2838047
1 21.18192672729492 5.938297271728516 -0.7952245473861694 2.837728 0.660881 0.889155 1.097843
1 34.1494026184082 16.6680850982666 -0.8575295805931091 3.350902 1.50588 1.733454 1.045634