6 -40.6710205078125 -2.248716354370117 -1.662005066871643 0.257419 0.692036 0.364877 -0.03907775
1 -4.010425090789795 -22.13188934326172 0.05044310167431831 3.394488 1.729064 1.354708 -1.522124
1 -7.591987609863281 -2.4540855884552 -1.114038586616516 4.16064 2.033945 1.418148 -0.01504644
1 -6.413559913635254 -20.91470527648926 -0.09992758929729462 1.351786 1.174505 1.105652 -1.522124
1 5.086582183837891 3.364660263061523 -1.030884265899658 4.210274 1.670905 1.449087 -0.01455323
1 -9.213475227355957 -21.53711700439453 -0.1891615688800812 2.373061 1.381486 0.861507 -1.493933
6 -4.218143463134766 10.7797441482544 -1.180633664131165 2.610266 0.30566 0.362453 -0.05711351
1 21.45936012268066 0.8448162078857422 -0.8052680492401123 1.586285 1.832121 1.840245 0.009421806
3 -18.86514472961426 -10.14410018920898 -0.5891286730766296 0.321062 0.325994 1.097076 0.05429768
3 -18.77537727355957 -9.384413719177246 -0.4951294362545013 0.318883 0.450853 0.94127 0.05429792
2 42.5653190612793 0.5801988840103149 -0.002666300162672997 3.873959 2.672296 2.910942 0.021117
1 5.13049840927124 -20.85769844055176 -0.1413237154483795 1.309605 0.92156 0.50121 -1.529958
1 10.59609413146973 -20.69212341308594 0.04381667077541351 0.566691 1.375618 0.605371 -1.568467
1 11.46775627136231 3.577759027481079 -1.016109347343445 4.221299 1.708616 1.493562 0.01490086
4 -2.410963296890259 -5.451542854309082 -0.9562312960624695 1.78295 0.801136 1.629321 0.1015019
1 -14.16650009155273 -21.20157241821289 -0.282850980758667 1.759591 1.51409 0.983015 -1.49014
1 -1.5626460313797 -21.94708633422852 -0.07005234062671661 3.31461 1.631765 1.029166 -1.457428
4 0.6863075494766235 -6.196651458740234 -0.971078634262085 1.654489 0.934544 1.552759 0.02207115
4 -17.24147033691406 -6.14923906326294 -0.7449497580528259 1.289542 0.562473 1.028694 0.04136617
6 32.54347610473633 2.839286088943481 -1.140950679779053 0.273008 0.780693 0.639996 -0.02962787
1 7.942935943603516 -21.94793319702148 0.0575963631272316 3.186702 1.60517 1.241 -1.531749
1 -1.756615281105042 3.374944448471069 -0.7973520159721375 5.137387 2.082813 1.907267 -0.02335159
1 3.27182412147522 -21.27192687988281 0.1220576092600822 1.715541 1.187772 0.99925 -1.460775
1 0.7279125452041626 -20.66052055358887 0.04460790380835533 1.054675 1.649276 1.110908 -1.446059
1 19.11283111572266 3.643928289413452 -1.02053964138031 4.015617 1.619497 1.488015 0.0384293
1 26.62673187255859 3.253304481506348 -0.9346020221710205 4.230434 1.545788 1.703706 0.02822766