1 20.18301773071289 -16.03969383239746 -0.8783364295959473 4.251368 1.805761 1.623454 -1.252152
3 6.731074810028076 -10.8209285736084 -0.4845884144306183 0.659117 0.497811 1.016948 3.139034
1 25.12379264831543 6.694966316223145 -1.19146716594696 3.988002 1.758345 1.472029 -2.52481
5 17.23097038269043 -13.01859569549561 -1.380093097686768 0.221429 0.185414 0.308878 -1.289487
5 8.689184188842773 9.498061180114746 -1.510500431060791 0.163153 0.223718 0.55316 0.3005877
1 28.67737770080566 28.21527481079102 -1.213741302490234 3.251 0.50612 0.843083 1.419126
1 28.02001762390137 -16.51075553894043 -0.6904149651527405 4.903169 1.501321 0.717719 -1.762359
3 16.18280029296875 -26.01776123046875 -0.5425463914871216 0.2919 0.547352 1.54677 1.630615
3 -14.68982696533203 11.27951431274414 -0.7595969438552856 0.356628 0.758154 1.034956 1.726394
4 -24.56732940673828 -7.545259475708008 -0.8081590533256531 0.989891 0.616495 0.734793 0.008926454
1 -16.52311706542969 -4.160077571868897 -1.128722310066223 4.559115 1.819764 1.464753 0.02694876
5 19.5058765411377 20.75017738342285 -1.731097340583801 0.223804 0.244135 0.43982 -1.822019
3 13.69886016845703 -19.60519027709961 -0.5366174578666687 0.70837 0.566528 1.300614 0.9249631
3 -14.75913333892822 12.27814769744873 -0.6628126502037048 0.462449 0.677598 1.113185 -0.842117
3 3.245604276657105 -11.12457942962647 -0.7173284292221069 0.645871 0.46411 1.516553 -1.376966
1 17.3073616027832 -10.69106769561768 -0.9606200456619263 3.319382 1.509292 1.398591 -0.9026321
5 17.94875526428223 16.78364753723145 -1.583377242088318 0.173718 0.206885 0.353984 0.5903267
1 19.92462348937988 17.64257431030273 -1.308771848678589 4.196638 1.828455 1.432838 -1.905208
1 22.45670890808106 -31.28568458557129 -0.1766565889120102 1.841331 0.999188 0.808768 -1.72555
4 13.23801898956299 -18.05694389343262 -0.7031192183494568 1.528917 0.511369 1.651499 1.183656
1 -24.66757392883301 -4.24876880645752 -1.159881591796875 4.143091 1.612026 1.450007 0.02595434
6 21.70400238037109 -24.11717987060547 -0.8175286650657654 0.232552 0.498863 0.374565 -1.513795
6 21.90486145019531 27.00695610046387 -0.9947778582572937 0.224454 0.854074 0.261866 -1.669871
4 7.942139625549316 13.0365743637085 -0.9889283180236816 2.484839 1.088858 1.198891 -3.141277
1 -5.319640159606934 -3.943984031677246 -1.001904606819153 4.419277 1.922587 1.565707 -0.01726703
5 10.03657245635986 10.14386081695557 -1.508289694786072 0.185008 0.212921 0.57985 0.1537667
1 30.30796813964844 -11.125319480896 -0.966387152671814 4.588847 1.306232 1.591433 -2.265834
5 11.34062576293945 10.92046737670898 -1.551896691322327 0.178544 0.23598 0.522721 0.5000939
3 -29.03636741638184 12.02941513061523 -1.008232712745667 0.490463 0.66833 0.786878 0.01623333
1 27.7950496673584 -27.14740753173828 -0.8566498756408691 4.190712 1.081603 1.280519 -1.535762
5 9.748878479003906 -7.863398551940918 -1.44992983341217 0.24981 0.234619 0.400126 -0.8932403
5 7.284128189086914 9.06068229675293 -1.47995138168335 0.246962 0.233425 0.49479 0.2048349
6 20.50703620910645 -24.36152267456055 -0.5583204030990601 0.324106 0.274482 0.496072 -2.081462
1 29.76512145996094 13.10518932342529 -1.341864824295044 4.545717 1.743658 1.472352 2.253401
1 28.3448657989502 17.48992347717285 -1.355808138847351 4.299844 1.519531 1.450293 1.575602
4 41.06768035888672 10.21392345428467 -0.7223522067070007 2.748862 1.062269 0.869404 0.00669239
5 14.96241283416748 13.55175971984863 -1.68380343914032 0.113685 0.133672 0.453522 0.4798555
4 17.90335464477539 23.46952438354492 -1.095476746559143 2.80937 1.159644 1.619363 -0.1098691
5 13.806809425354 12.6564474105835 -1.607725501060486 0.126358 0.173509 0.549831 0.477976
3 34.84802627563477 -15.20252513885498 -0.4269505739212036 0.320051 0.36835 0.854703 -2.459083
6 28.54914855957031 -31.11388969421387 -0.7218605875968933 0.213757 0.716689 0.437115 -1.529999
5 12.31306076049805 -8.934928894042969 -1.44114887714386 0.172377 0.150916 0.300736 -0.5511876
1 21.17440986633301 23.14006042480469 -1.328032612800598 3.979759 2.123777 1.407048 -1.692002
3 3.878747940063477 -12.56649112701416 -0.6222401261329651 0.459447 0.339713 1.586767 -3.116158
6 23.58009147644043 -14.27963733673096 -1.018126130104065 0.244947 1.225445 0.459745 -3.058315
3 37.57156753540039 -11.02017974853516 -0.6513239741325378 0.435825 0.623304 1.290325 -2.592344
1 -47.36215209960938 -4.869106769561768 -1.302513003349304 3.778502 1.816634 1.287321 -0.0478442
1 27.91090965270996 -22.00190353393555 -0.3622472286224365 4.392568 1.657261 1.203465 -1.531252
1 28.26506996154785 21.66150093078613 -1.346437096595764 2.194605 1.612713 0.96985 1.464127
1 -21.33757400512695 -0.1214498579502106 -1.220032453536987 4.025432 1.816522 1.367643 0.02595434
4 18.66333770751953 -30.79936790466309 -0.9459008574485779 1.342336 0.539521 0.51277 -1.590239
1 46.09272384643555 0.8836423754692078 -1.189081072807312 0.889938 1.797039 1.189549 -0.001983257
3 42.48797225952148 -11.29963779449463 -0.6737005710601807 0.231091 0.450108 0.687902 -2.941531
1 13.03883171081543 -7.136922836303711 -0.9810038208961487 4.212658 1.702387 1.535788 -0.8380094
1 34.16530990600586 -7.725803375244141 -0.9803616404533386 4.185523 1.651156 1.524653 -2.586396
3 4.052640914916992 -11.910080909729 -0.5360870361328125 0.672316 0.589053 1.698057 -3.03755
4 -52.53355026245117 -7.811792373657227 -1.025212407112122 0.881609 0.602268 1.047389 0.009942923
1 -53.37687683105469 -1.592316627502441 -1.179029822349548 2.187709 1.579183 1.322248 0.02519025
5 12.62057971954346 11.76990985870361 -1.56232500076294 0.213729 0.156884 0.474272 0.4888389