4 -32.94166564941406 -4.572132110595703 -1.319897770881653 1.568986 0.828291 1.104604 0.02357982
4 -48.5640754699707 -3.508115291595459 -1.444844484329224 0.323853 0.719731 0.851991 -2.807483
3 -57.1168098449707 7.994163036346436 -1.230782508850098 0.453147 0.495797 1.482361 3.054893
6 -22.2608757019043 10.8300371170044 -1.505261540412903 1.23333 0.339065 0.473385 3.09979
1 -57.10206985473633 6.670552730560303 -1.077518820762634 2.061695 1.324662 1.160228 3.027269
1 -54.86360549926758 0.7809131741523743 -1.238590478897095 4.012598 0.462573 1.598116 1.863987
1 29.16774749755859 -18.69953727722168 -0.7204469442367554 2.495302 1.713716 0.956954 -1.871609
3 -31.3492374420166 16.17346954345703 -0.8985307812690735 0.394053 0.588147 0.453103 -3.102096
4 -39.13786315917969 -4.057032108306885 -1.362806916236877 0.513097 0.295091 1.18796 -3.015114
1 37.59799575805664 12.23702430725098 -1.340927124023438 4.308938 1.912839 1.608696 2.31514
6 54.47785949707031 8.716974258422852 -1.780449271202087 0.647883 1.612565 0.366748 -3.133467
1 14.97493267059326 -19.4620304107666 -0.7862492203712463 4.159267 1.764647 1.394005 0.03170271
4 -57.27145767211914 8.63125991821289 -1.233290433883667 0.799868 0.733814 1.481436 1.473231
4 -42.87667465209961 -4.119167804718018 -1.454899072647095 0.593629 0.322572 1.179246 -3.060713
3 3.989718914031982 -13.92669677734375 -0.5944860577583313 0.346064 0.408473 1.156933 1.252062
3 4.28551721572876 -13.40688133239746 -0.7049123644828796 0.635572 0.560151 1.567171 -1.524241
1 20.48686218261719 16.72721672058106 -1.206469655036926 2.780771 1.634907 1.565439 0.8400279
1 -30.33721160888672 -12.51210689544678 -0.5896761417388916 1.675591 1.5141 1.611206 -1.496937
1 -37.71839904785156 -0.5536006093025208 -1.380220890045166 1.831373 1.643234 0.883383 0.06095386
1 -38.35140228271484 7.13143253326416 -1.410643100738525 3.512177 1.447834 1.28726 -3.057886
1 -44.26072692871094 -13.71006298065186 -0.6440262794494629 2.765529 0.508391 1.222785 -1.521343
1 30.72451019287109 20.25626945495606 -1.30462384223938 3.045877 1.149951 1.023628 1.833137
3 -0.3835091590881348 -13.7689094543457 -0.5479418635368347 0.460729 0.576015 1.557612 -1.618296
1 21.88786315917969 -13.54295349121094 -1.020809292793274 2.403804 1.176504 1.123541 -1.574264
1 1.545893430709839 -14.78592872619629 -0.5769690871238708 2.959032 1.881855 1.612532 -1.485319
1 22.65463638305664 31.48053932189941 -1.35003936290741 2.771338 1.0211 0.689421 1.60325
1 29.36824035644531 29.81624984741211 -1.248836040496826 0.985932 0.455886 0.696098 1.620587
6 28.51994895935059 36.6760368347168 -1.153564453125 1.215317 0.109069 0.253091 1.423938
1 -18.24413871765137 -13.41862869262695 -0.5814666152000427 4.147576 1.681379 1.620763 -1.552417
1 5.353894233703613 -12.56247329711914 -0.7942231893539429 3.496938 1.663697 1.524979 -1.489915
5 16.38214683532715 14.42995643615723 -1.767431020736694 0.094653 0.139863 0.332389 0.3597838
1 22.6241626739502 21.3626766204834 -1.465871095657349 4.815666 1.947084 1.481492 1.35192
6 20.61594772338867 -22.70442008972168 0.0135723315179348 1.392696 0.271702 0.101639 -1.603076
3 -57.49851608276367 15.16655826568604 -0.9433399438858032 0.342871 0.262867 0.86025 3.06581
3 0.1515631079673767 -10.90412902832031 -0.5283227562904358 0.631356 0.620152 1.398592 -2.095059
1 -25.44308662414551 -13.07693481445313 -0.4915042519569397 4.486643 1.647468 1.744869 -1.537906
1 33.57341384887695 15.34749698638916 -1.494109272956848 4.387316 1.738561 1.425111 2.194783
3 2.774696826934815 -11.88661766052246 -0.5270257592201233 0.4826 0.609581 1.391762 -0.8690549
4 9.587920188903809 -5.037465572357178 -0.7875800728797913 3.0625 1.151685 1.728965 -3.106488
1 -32.03232955932617 -25.73695373535156 -0.07440374046564102 2.853213 0.416148 0.974998 -1.54757
4 20.30391502380371 10.65918445587158 -1.232051491737366 1.337714 0.672232 1.639483 3.072196
1 -11.35369873046875 -14.15920162200928 -0.646977424621582 4.977414 1.797926 1.499425 1.654985
4 -55.06645965576172 8.796853065490723 -1.582137227058411 0.632397 0.395745 0.749707 1.4936
4 26.58987617492676 17.72874641418457 -1.401799201965332 1.422314 0.479705 1.46874 1.548052
1 16.23316764831543 12.61940574645996 -1.182252526283264 4.030556 1.963996 1.644099 0.5406395
1 -42.21771240234375 -25.58437347412109 0.01825968362390995 2.529186 1.627637 0.920851 -1.537744
1 18.17066383361816 -11.74737453460693 -0.8321411609649658 4.42059 0.922337 1.528848 -1.002128
1 22.02527046203613 -16.60298538208008 -0.826161801815033 2.041589 1.319426 1.355003 -1.603076
4 -37.89704895019531 -4.492832183837891 -1.243927597999573 1.524007 0.76477 1.040271 -2.945741
5 12.01561450958252 12.27097129821777 -1.711846590042114 0.125444 0.11791 0.322172 0.5274646
5 21.34988212585449 21.63930130004883 -1.949508786201477 0.20565 0.150624 0.319701 -0.2282965
1 -41.05524063110352 3.903656005859375 -1.392616868019104 3.999115 1.64538 1.195954 -3.123053
4 -53.50635147094727 8.889497756958008 -1.534955024719238 0.483844 0.792155 0.746623 1.325723
1 -23.11341667175293 -24.36214828491211 -0.3435020744800568 4.295334 1.604032 1.810076 -1.538109
4 42.3897705078125 -8.153109550476074 -1.043681621551514 1.776848 0.952704 1.310855 0.1479676
1 -32.41507339477539 7.23721981048584 -1.323754549026489 4.612287 1.933721 1.453761 -3.068106
1 28.58950996398926 -22.84514236450195 -0.1471841335296631 1.773689 1.332337 0.619844 -1.724205
1 15.77374649047852 -14.50217151641846 -0.7165071964263916 4.328739 1.886695 1.627448 0.07893774
1 19.78219604492188 -6.912115097045898 -1.057160973548889 1.618781 1.716568 1.408263 -0.8467691
5 15.00275039672852 13.52339839935303 -1.760016798973084 0.16445 0.110619 0.324626 0.566042
1 23.13591194152832 26.9432430267334 -1.299285411834717 4.400246 2.101052 1.850024 1.608446
4 -41.33670806884766 -4.603598117828369 -0.8525487184524536 0.692887 1.325266 1.147471 -3.086222