1 30.01282119750977 -3.06157398223877 -1.397466659545898 4.266513 1.9306 1.151892 0.0
6 -32.88881301879883 -14.76772117614746 -0.2321100682020187 2.339378 0.3201 0.328013 -1.220899
6 -32.65752410888672 -23.58854103088379 -0.7870582342147827 0.202551 0.939521 0.279013 -1.6081
6 -22.09455108642578 28.63529396057129 -0.786391019821167 0.897701 0.239016 0.275877 1.464089
5 -14.29729652404785 -7.126547336578369 -1.426087617874146 0.245568 0.238419 0.341003 0.2526275
4 43.05445861816406 8.220526695251465 -1.33105480670929 0.322815 0.543775 0.783556 0.9986479
1 16.45063209533691 18.00679016113281 -1.23511266708374 4.229882 1.820985 1.402978 1.59122
3 53.32418441772461 2.440662384033203 -1.186240315437317 0.511704 0.64002 1.401446 -1.706621
3 47.7730712890625 -6.408332347869873 -1.343281149864197 0.210675 0.332362 0.599672 0.003561113
1 23.73221969604492 17.98186683654785 -1.070857286453247 4.52815 1.77758 1.837773 1.575904
3 -5.884145736694336 29.22445678710938 -1.277381777763367 0.353066 0.438032 1.482641 1.287649
1 -25.5568790435791 -21.60417747497559 -0.5621104836463928 4.429841 1.795336 1.780024 -1.587144
4 4.129093647003174 8.498037338256836 -1.221460103988648 1.553577 0.6993 1.670771 -3.122033
4 35.93305206298828 8.713462829589844 -1.42859673500061 1.547425 0.578032 0.931504 0.4421539
1 -32.13944244384766 18.17728614807129 -1.412343859672546 4.244556 0.910841 1.227736 -1.880545
1 -6.753481388092041 17.36075782775879 -1.142643332481384 3.425673 2.482295 1.358343 -1.553888
3 -2.670138835906982 16.88791275024414 -0.6218541264533997 0.338539 0.402009 0.677921 1.515767
1 -35.90456390380859 -9.800277709960938 -1.001348376274109 4.348312 1.918213 1.483632 -0.9159595
4 39.38219451904297 8.5521821975708 -1.195470213890076 1.104642 0.568973 1.346466 0.7498177
6 -56.68248748779297 -2.805349349975586 -1.543563365936279 0.611433 1.519034 0.471771 -0.03526459
4 31.28020286560059 8.858122825622559 -1.513100266456604 1.800454 0.755363 0.767431 -3.122033
1 -22.57076454162598 13.33384132385254 -1.132326722145081 4.304923 1.826944 1.036527 2.260136
1 -28.9638614654541 3.701700687408447 -1.150745868682861 4.291266 1.656345 1.488857 -2.003939
1 -16.47609329223633 24.54412460327148 -1.375404000282288 3.821085 1.29281 1.476825 0.04674363
3 53.98674774169922 3.678837299346924 -1.200370907783508 0.255282 0.405925 1.408034 -1.803443
6 19.86910438537598 -6.341678142547607 -1.47195839881897 1.455347 0.322639 0.448711 0.004698547
1 -2.849456310272217 30.84904289245606 -1.272654414176941 0.762195 1.664456 1.106137 1.683452
3 -56.79407119750977 -11.46034526824951 -0.7170741558074951 0.349683 0.478268 0.882788 -3.039559
3 -5.192193031311035 28.87807083129883 -1.265700697898865 0.384838 0.687507 1.485422 1.146219
4 -51.95265960693359 -5.3511962890625 -1.190633416175842 1.222345 0.565204 1.404749 0.008809784
4 40.98011779785156 8.331546783447266 -1.524078011512756 0.847353 0.485789 0.880731 0.7498177
1 -24.97862243652344 -15.890700340271 -0.8948977589607239 4.288117 1.808055 1.492077 -1.807809
4 -34.96369552612305 24.16070747375488 -0.9002507328987122 1.700087 1.143613 0.972772 -0.09286076
4 -40.34586334228516 18.52438163757324 -1.478739500045776 1.208771 0.247135 0.905752 -0.8752225
4 -45.7366943359375 11.84445858001709 -1.294867992401123 1.497625 0.545493 0.898472 -1.589739
1 54.45735168457031 -2.657944440841675 -1.175638794898987 1.246091 1.458509 0.781173 0.0
1 -18.23032951354981 -0.1143461316823959 -1.008140444755554 3.932872 1.748517 1.512883 0.01955981
4 -11.58511352539063 10.2304630279541 -1.000956177711487 3.110371 1.295644 1.751029 0.02369054
5 -18.68623733520508 -9.22245979309082 -1.351940155029297 0.198704 0.191041 0.390696 1.708801
1 -39.77309799194336 -6.443068504333496 -1.334267377853394 4.242328 1.500568 0.989334 -0.835109
4 -44.41617965698242 14.01720714569092 -1.377167820930481 2.134491 1.206732 1.121583 3.080549
3 -18.18279457092285 -13.35933589935303 -0.6986477375030518 0.503156 0.600349 1.50337 0.5439173
1 9.675578117370605 18.85835075378418 -1.163389444351196 4.8735 2.007132 1.459495 -1.550373
4 43.02298736572266 6.86414909362793 -1.166104078292847 0.73092 0.658422 1.165254 3.119828
4 46.50561141967773 5.430659294128418 -1.591885089874268 1.56681 0.573384 1.126253 -2.836842
4 34.56392669677734 -5.806456089019775 -0.9907304644584656 1.221558 0.634878 1.184936 0.0721079
6 -29.16077613830566 30.19096183776856 -1.044451117515564 0.432295 0.348934 0.511267 1.34974
4 37.03261947631836 8.269698143005371 -1.342143893241882 0.560131 0.3818 0.760865 0.4421539
1 28.52650451660156 17.26985549926758 -0.9283750653266907 2.7861 1.416213 1.092317 1.591219
1 -23.85755157470703 16.88264083862305 -1.210711598396301 2.030421 1.351833 0.918915 1.494117
1 30.79645919799805 27.93218612670898 -1.258209705352783 1.668599 1.218255 1.414994 1.591219
1 42.48853302001953 17.76337051391602 -1.257678627967835 2.738044 0.513524 1.253433 1.540257
3 -0.657126784324646 16.46342277526856 -1.229980826377869 0.459427 0.497338 1.351536 1.627349
1 -22.47054290771484 -11.02056884765625 -0.8939638733863831 4.08509 1.581152 1.642251 -2.295371
3 52.48509216308594 2.834761142730713 -0.9988059997558594 0.694514 0.749838 1.048275 -1.706621
1 48.45193481445313 0.1004284098744392 -1.30675482749939 1.130975 1.831827 1.285677 0.0
6 -58.85279846191406 0.886926531791687 -1.271480679512024 0.501324 1.654308 0.361482 -0.03526459
1 -17.39847373962402 19.72924995422363 -1.211046934127808 4.04269 1.803921 1.657217 -3.094849
1 -8.753166198730469 5.374940872192383 -1.142786026000977 4.183299 1.764944 1.457149 -3.122033
3 54.27373123168945 4.7023606300354 -1.230577230453491 0.569606 0.392723 1.449744 -1.803443
5 -22.07846450805664 -12.54905033111572 -1.365901112556458 0.172363 0.204487 0.373908 1.669628
3 -10.08899402618408 -11.56617259979248 -0.5999798774719238 0.605211 0.783949 1.771685 0.03499801
1 -18.56561279296875 -7.473247051239014 -0.9325005412101746 4.221064 1.944116 1.569618 -2.588406
3 46.83223342895508 -10.27336883544922 0.2652952671051025 0.528036 0.17333 0.358918 1.14302
5 -20.30398559570313 -10.56399059295654 -1.454530358314514 0.175196 0.172336 0.305318 -2.594899
1 21.5981330871582 28.90743064880371 -1.222717761993408 4.365726 1.571193 1.597243 1.591219
3 -56.90634155273438 -10.61557865142822 -0.2783713042736054 0.344284 0.369023 0.757125 -1.583921