1 15.83281135559082 16.22054862976074 -0.7019626498222351 2.849453 1.858417 1.853177 1.616766
4 24.25393295288086 8.176765441894531 -1.062765598297119 0.761023 0.675612 1.045653 0.2168825
3 28.07687568664551 -9.955674171447754 -0.5078333616256714 0.241756 0.28764 0.434394 2.934694
1 -32.47312164306641 -6.878213405609131 -1.13129734992981 1.37682 1.714179 1.471578 -2.634594
1 40.56099319458008 -2.898903131484985 -0.8032881617546082 3.663762 1.666107 1.575799 0.06952041
1 8.691999435424805 17.75355529785156 -0.9269984364509583 4.640448 1.941942 1.887735 1.576304
4 -27.1549129486084 10.09900951385498 -1.082839012145996 1.988737 1.117033 1.558756 -0.01094871
4 4.958054542541504 -6.537479400634766 -1.252245903015137 1.700843 0.553928 0.975839 0.0
1 14.98920917510986 -3.199563026428223 -1.006840467453003 4.420445 1.825132 1.431871 0.01658557
1 -44.13053894042969 -0.6259315013885498 -1.509955406188965 4.10427 0.579624 1.057158 1.577532
1 6.667623043060303 28.56581115722656 -1.109565377235413 4.089395 1.773103 1.691427 1.569408
1 -38.94857788085938 17.40826988220215 -1.563531756401062 3.018655 1.517181 0.797753 1.572782
6 15.9031867980957 -6.799519538879395 -1.322004079818726 1.380132 0.338729 0.868803 -0.1501331
3 37.724365234375 0.7813136577606201 -0.7216740846633911 0.768737 0.704317 1.454265 -1.698179
3 48.12210845947266 -12.35128116607666 -0.1636458486318588 0.349143 0.559329 0.675279 -0.02639474
6 38.56426620483398 2.906892538070679 -1.021132707595825 0.197195 0.591415 0.489676 -3.093859
4 22.52219390869141 8.211219787597656 -1.216369986534119 1.671772 0.644953 0.969531 0.3897594
1 44.372314453125 18.31961822509766 -0.8514726161956787 1.441598 0.303402 0.945496 1.514489
1 -40.0576286315918 -15.8562183380127 -1.16637122631073 4.16481 1.58768 1.175868 -1.837144
3 36.97310638427734 1.095020174980164 -0.8247241973876953 0.713171 0.517507 1.672386 -1.698179
1 -26.89252471923828 5.712384700775147 -1.336007833480835 4.470803 2.376272 1.442235 0.01658557
1 28.05307769775391 17.80090141296387 -0.8327431678771973 3.903488 1.727453 1.316559 1.612095
4 24.41407203674316 6.968841075897217 -0.9094732999801636 0.913265 0.77261 0.963587 -3.095474
4 25.77715301513672 8.029410362243652 -1.132116079330444 0.622 0.599817 0.777557 0.2335942
3 43.22219467163086 -4.470491886138916 -0.7513152956962585 0.332347 0.49397 1.436293 -3.079014
4 21.13009262084961 8.449239730834961 -1.228299498558044 1.99176 0.626297 0.988505 0.3042906
1 -54.56241989135742 -6.0859694480896 -1.828857660293579 4.335771 0.744735 0.63803 -0.8931889
3 -16.56039810180664 17.09351348876953 -1.159070372581482 0.357998 0.507254 1.537786 -0.1920291
4 -59.11491394042969 13.90195083618164 -1.577375650405884 1.62847 1.076388 1.253112 -2.747417
3 -15.82982444763184 15.71141624450684 -1.077513217926025 0.471166 0.418643 1.238033 -1.610247
3 48.62045669555664 8.12526798248291 -0.9007436633110046 0.470231 0.61216 1.017083 -0.02282533
4 41.78647994995117 7.736503124237061 -0.8482199311256409 1.956182 0.570494 0.653691 3.108585
1 -18.14796829223633 0.02947589755058289 -1.119500875473023 4.020263 1.771556 1.545085 0.01658557
1 1.467635035514832 17.44075584411621 -1.058302760124207 3.639879 1.843382 1.713528 1.619569
4 32.0228157043457 7.67383623123169 -1.240951061248779 1.902631 0.975693 1.208561 1.285889
3 23.39574241638184 -5.701785564422607 -0.3033269941806793 0.296362 0.457922 0.540317 0.06257868
1 20.98830986022949 -3.250165939331055 -0.9904496073722839 3.476764 1.476551 1.422554 0.01658557
1 -51.02742004394531 -8.571118354797363 -1.622868776321411 2.294056 0.400105 0.893394 -0.8931889
3 38.81093597412109 2.347748279571533 -0.882160484790802 0.436214 0.311386 1.251695 -1.517294
4 16.05086898803711 8.581901550292969 -1.41381573677063 2.14869 0.503029 0.962088 3.093474
3 38.71239471435547 3.53406572341919 -0.761963427066803 0.532661 0.468487 1.525093 -1.517294
6 -47.54634475708008 -16.10916900634766 -0.9654200673103333 0.569848 0.537706 0.962771 -1.886246
1 -5.27356481552124 18.46379470825195 -1.193227529525757 4.555846 1.900099 1.447108 -1.521542
3 -35.13625335693359 -14.59889125823975 -0.8838288187980652 0.503978 0.51637 1.16265 0.5102792
1 -21.92249298095703 18.14503479003906 -1.293476581573486 3.624353 2.186622 1.302601 1.720264
1 45.720458984375 -0.1187106370925903 -0.8244938254356384 1.591496 1.385015 1.546455 0.06625339
4 -17.28000450134277 8.507777214050293 -1.196459293365479 1.405458 0.582908 1.459026 3.141592
1 13.56362628936768 17.79001426696777 -0.9411181807518005 4.27401 1.800622 1.605159 1.601309
1 18.24172019958496 16.14931106567383 -0.7288221716880798 1.324691 1.438866 0.637737 1.616766
1 -36.6824836730957 11.99343013763428 -1.492719888687134 1.186583 1.595412 0.937924 2.286585
1 -37.62704086303711 -10.97722244262695 -0.9269422292709351 3.926981 1.712385 1.241043 -2.308354
1 54.4589729309082 17.92899322509766 -0.5094395279884338 2.650757 0.508409 0.718558 1.558363
6 24.40667152404785 -6.882377624511719 -1.025426745414734 1.882295 0.498647 0.65834 -0.005707907
4 23.83271980285645 4.797021389007568 -1.116840958595276 2.05451 0.737961 1.445321 -3.140944
1 -49.81550216674805 24.02121162414551 -1.202200055122376 1.268348 0.89473 0.783191 3.094365
3 30.01518249511719 -9.942639350891113 -0.4107700288295746 0.491999 0.465505 0.494055 3.025579
3 -23.29668998718262 -11.57815265655518 -0.5376273393630981 0.279387 0.484918 1.163482 -0.01307028
1 -45.44189834594727 23.72801399230957 -1.472126483917236 2.865883 0.638233 0.613292 -1.862782