1 -38.86625289916992 -4.560752868652344 -1.246538281440735 4.03829 1.804396 0.8258 0.00655651
1 7.643514633178711 -3.932533740997315 -1.068772315979004 4.716591 1.77028 1.448816 0.05054041
1 -0.2619480490684509 -4.01377010345459 -0.9485641717910767 4.463706 2.211412 1.616417 0.01031457
3 -40.66298294067383 -8.377720832824707 -0.513019323348999 0.438437 0.547352 0.654863 0.07133114
3 31.85033226013184 -11.9737606048584 -0.532810628414154 0.346336 0.594122 1.109774 -0.04698601
1 -22.44462203979492 -4.307885646820068 -1.028955936431885 4.037337 1.857313 1.461458 0.00655651
1 -52.43881225585938 -4.694231510162354 -0.6761084198951721 2.632463 1.084633 1.414403 0.04627362
4 -12.23205280303955 -7.130483150482178 -1.007760524749756 1.723337 0.674245 1.577142 -0.008652741
1 37.45891571044922 -6.462244987487793 -1.091289162635803 2.170329 1.356813 1.245869 -0.8139248
3 33.17288208007813 -10.27093505859375 -0.6906505227088928 0.377363 0.330642 0.951894 3.005217
1 43.03289031982422 23.181396484375 -1.085258603096008 2.509528 1.007033 1.340117 -0.1975992
3 31.97137832641602 -12.68675708770752 -0.7609899044036865 0.316097 0.621009 1.107317 -0.1656841
1 53.94856643676758 25.12377548217773 -1.039844036102295 2.715664 1.099502 0.903599 1.333629
3 10.59845066070557 11.50538444519043 -0.5520773530006409 0.393722 0.658781 1.018928 1.437558
1 45.64430999755859 22.52573013305664 -1.272487044334412 1.909435 0.364471 1.088743 -1.657613
1 52.77512741088867 -15.31974124908447 -1.180196642875671 1.380687 0.439311 0.814079 -1.800007
6 51.2447624206543 8.143173217773438 -1.599974632263184 0.617794 1.579193 0.392877 3.110109
1 41.55467224121094 -10.10399627685547 -1.00811493396759 2.516494 1.310673 0.922552 -0.9949029
1 53.52477645874023 16.49190139770508 -1.235687255859375 2.771538 1.548231 0.861977 1.531415
1 54.7298583984375 12.63260746002197 -1.410400390625 4.414832 1.103425 1.205228 2.261885
1 44.4052734375 -15.796706199646 -1.026325583457947 2.816045 1.011484 1.295672 -1.238237
6 44.84393692016602 18.70497703552246 -1.260960817337036 1.000383 0.191216 0.383125 -1.871477
1 41.9362678527832 -0.004229873418807983 -1.267587780952454 0.941183 1.748291 1.461077 0.02350977
1 19.1680850982666 -3.840108871459961 -1.096065163612366 4.054769 1.748316 1.461207 -0.04109396
1 -48.28196334838867 -1.437220335006714 -0.4970347285270691 2.152366 1.709527 1.091819 0.03029656
3 31.18969917297363 -11.29544067382813 -0.7227741479873657 0.370919 0.637364 0.722328 -0.1288093
3 -0.3974524736404419 12.05024242401123 -0.5938880443572998 0.612215 0.736143 0.940645 0.02581955
3 10.27312183380127 12.25687408447266 -0.4981381893157959 0.647252 0.484152 1.058343 -1.710394
1 -22.01642036437988 -0.132503405213356 -1.078399658203125 4.019982 1.733003 1.422345 -0.008652741