1 3.68732500076294 10.3094539642334 -1.205527067184448 4.215812 1.760087 1.456677 -2.488166
4 -0.5730037689208984 10.98635005950928 -1.508273482322693 1.683938 0.611682 1.056559 0.465697
4 -7.164061546325684 -10.73962688446045 -0.8868605494499207 2.104946 0.721587 1.597594 0.6327178
1 18.79190254211426 -4.640746593475342 -0.7491729259490967 4.231273 1.591429 1.515167 -0.9578565
1 -52.07592010498047 -28.32659339904785 -0.6352399587631226 2.162747 1.554843 1.577442 -2.467409
1 31.13739585876465 6.629397392272949 -0.8792288303375244 0.990887 1.218132 0.587428 -0.9034845
1 -11.32797145843506 -1.786608099937439 -1.006357192993164 4.088838 1.642619 1.620188 -2.490285
4 -6.296128749847412 -11.54573154449463 -1.090221881866455 0.457848 0.572303 1.262481 0.5838975
1 -20.01046562194824 -32.95646286010742 -0.07761867344379425 2.570287 1.150133 0.986378 -0.9527596
3 -7.018120288848877 10.35060405731201 -1.122494339942932 0.369813 0.633842 1.404575 -0.5926831
1 20.33342170715332 -2.406158208847046 -0.4300579428672791 4.011552 1.902977 2.036219 -1.083073
4 -9.346114158630371 3.646189212799072 -1.299878239631653 1.561161 0.757024 1.281637 2.094108
3 -9.649394035339355 -0.007851066067814827 -1.040335178375244 0.603682 0.546462 1.634425 2.316524
1 -1.82695198059082 -5.876736640930176 -1.022819757461548 4.255707 1.957831 1.437252 1.787558
3 -24.60890579223633 -0.8110125660896301 -0.560822606086731 0.435291 0.196507 0.971516 0.5088935
4 -10.76488494873047 2.274916887283325 -1.262867093086243 1.685802 0.669832 1.28965 2.132866
3 14.68676280975342 -31.20365333557129 -0.1736424863338471 0.528561 0.717509 1.495913 -0.8748918
4 2.051614284515381 -4.509330272674561 -1.149630546569824 1.502572 0.777012 1.196159 -1.045424
1 17.17145347595215 -29.22846984863281 -0.1627678722143173 4.454442 0.954674 1.471801 0.701901
1 27.53281402587891 -12.24718952178955 -0.4804261922836304 4.324017 1.868935 1.737485 -0.9680092
1 8.39596939086914 13.56643867492676 -1.256994962692261 4.514437 1.773733 1.430969 -2.485999
6 11.27629852294922 19.10373497009277 -0.636741042137146 0.263462 0.366891 0.301987 -2.588506
4 9.882784843444824 0.2422621846199036 -1.20007061958313 1.859731 0.823662 1.300364 -1.946437
4 3.615848302841187 -4.550825119018555 -1.167447805404663 1.975818 0.674588 1.175045 -2.306946
1 15.59063625335693 -37.37186431884766 0.1521506309509277 3.379059 1.521772 1.58633 -0.6404979
4 -6.528141498565674 5.432798862457275 -1.25603461265564 1.812373 0.714379 1.356464 2.357821
1 -16.24500274658203 -30.56712150573731 -0.1591382622718811 3.742024 1.50498 1.113781 -0.9527596
1 -44.08653259277344 -22.71870613098145 -1.130103826522827 3.451652 1.764083 0.995784 -2.527811
4 -8.496437072753906 4.452322959899902 -1.281776428222656 1.792707 0.910083 1.354805 1.98937
1 -10.69279384613037 -26.41437530517578 -0.3187601268291473 3.814281 2.217201 1.390793 2.277706
3 -10.54373931884766 0.2935899794101715 -0.962689220905304 0.699336 0.458671 1.774376 -2.958538
4 6.774715900421143 -1.97224497795105 -1.185868620872498 2.008895 0.657549 1.237954 -1.946437
1 25.95700836181641 1.814153075218201 -0.5028715133666992 3.553786 1.989801 1.744557 -0.8834166
1 -4.712214469909668 -21.50156784057617 -0.41021528840065 2.73514 1.504578 1.04506 -0.8638867
4 -0.6010196208953857 11.5836877822876 -1.501099467277527 1.629411 0.457925 1.029448 0.465697
3 26.92273139953613 -20.65216064453125 0.04347340762615204 0.369519 0.432157 1.581435 -1.101872
4 -5.089779376983643 -10.7200288772583 -1.026699662208557 1.586359 0.608144 1.316042 0.04670806
4 11.17917156219482 1.242764830589294 -1.236563205718994 1.736655 0.744168 1.155129 -1.946437
3 11.41877365112305 27.10220146179199 -0.8619270324707031 0.290723 0.743505 1.148603 -2.509313
4 2.228650569915772 -5.820109367370606 -1.081332087516785 1.770692 0.878871 1.293356 -0.7831639
4 -11.79013061523438 2.006753444671631 -1.23702347278595 1.68911 0.550669 1.307856 1.892626
4 5.155771732330322 -3.283144950866699 -1.16644299030304 1.741614 0.884322 1.211812 -1.946437
4 -7.412164688110352 4.978521823883057 -1.273663640022278 1.972315 0.672936 1.399649 2.357821
4 8.480372428894043 -1.006608247756958 -0.931389570236206 1.760085 1.249562 1.889616 -1.946437
1 -2.238111257553101 -20.72929191589356 -0.5396010875701904 4.231895 1.627069 1.324103 2.277706
3 -45.85012435913086 -16.06711006164551 -0.3876973092556 0.395081 0.566381 0.651165 -2.419379
4 -12.54978752136231 1.056238651275635 -1.207539319992065 1.149532 0.26911 1.220853 1.927202
3 26.0319766998291 -20.78049659729004 0.1391718089580536 0.328807 0.406083 1.692901 -0.9112403
1 11.02881813049316 -10.43462657928467 -0.6804936528205872 3.646369 1.782065 1.691673 -0.9578565
1 4.542316436767578 -17.24790382385254 -0.6068295836448669 4.472555 1.841565 1.492387 2.183736
1 -14.32977771759033 -29.0168399810791 -0.4498702883720398 3.275867 1.732283 1.309462 2.188833
1 19.69247436523438 -17.70077705383301 0.2361527234315872 1.510099 1.589722 0.544438 -0.8567458
3 25.89002418518066 -20.29497146606445 0.05005039274692535 0.558809 0.467393 1.526591 -0.953809
4 -50.74136352539063 -29.5161247253418 -0.7701888680458069 0.461961 0.596858 1.251619 -2.759324
3 -9.369111061096191 0.7314924001693726 -0.9907957911491394 0.350676 0.712298 1.698856 3.141592
4 -17.0184497833252 -2.553196668624878 -0.7355860471725464 0.426592 0.601523 0.689969 -2.548503
1 0.4895739555358887 -11.24726486206055 -0.688596785068512 4.37211 1.843826 1.855778 2.23496
1 -29.94363784790039 -39.80037307739258 0.005150488577783108 1.059203 1.15822 0.911862 -0.9844216
4 -11.31120491027832 -15.82738876342773 -0.9641322493553162 1.972941 0.652496 1.279093 -2.273278
4 2.049473762512207 -6.972263336181641 -1.025529861450195 1.49299 0.709274 1.353373 -0.8603533
1 21.96935081481934 -0.991581380367279 -0.6029586791992188 2.107887 1.646354 1.653959 -0.9680092
3 -11.33600234985352 -0.1684704422950745 -0.5072417259216309 0.392141 0.430232 0.691163 2.545627
4 15.06779384613037 3.886658906936646 -1.311202049255371 1.596829 0.627261 1.132557 -2.585005
4 -9.782856941223145 2.951927900314331 -1.27961003780365 1.490969 0.652872 1.218883 2.132866
3 -5.597543716430664 11.29758262634277 -1.000776290893555 0.405391 0.526607 1.148203 -2.059217
1 0.6366853713989258 -37.31955337524414 0.04173076897859573 3.22474 1.598466 1.108585 -0.9600972
3 9.428804397583008 -16.80305099487305 -0.6806651949882507 0.431212 0.433547 1.376775 -0.9112672