1 -19.77793693542481 10.1128740310669 -0.8161056637763977 1.48641 1.291308 0.994832 -3.141094
5 4.795300960540772 -7.443359375 -1.272634983062744 0.374294 0.487782 0.742869 -3.092315
4 -4.969430446624756 18.87278747558594 -1.248546361923218 0.691261 0.527087 1.11316 -1.565221
4 48.73027801513672 -5.081289768218994 -0.8091858625411987 0.556539 0.641585 0.729935 3.135041
5 21.67474365234375 -8.161035537719727 -1.459654569625855 0.18731 0.201585 0.475 -3.127367
1 -15.34387397766113 -3.063847064971924 -1.104984283447266 4.309298 1.925013 1.515161 0.03013085
2 26.4696216583252 16.75266456604004 -0.3319285213947296 12.278328 2.915237 2.828105 -3.116248
5 1.67618191242218 -7.467431545257568 -1.281031608581543 0.344453 0.305931 0.730635 -3.100989
4 -0.3914226293563843 20.07913589477539 -1.503688216209412 1.711775 0.591195 1.534086 3.11901
4 -5.818942070007324 18.73273658752441 -1.368858098983765 1.002876 0.636536 1.334119 -1.210889
5 22.53849029541016 -9.523463249206543 -1.409775137901306 0.138314 0.191991 0.555268 -3.127367
4 24.50223350524902 -6.18259859085083 -0.8382817506790161 1.167734 0.593092 1.462491 0.02971037
1 -19.46497344970703 -0.3896996974945068 -1.17458701133728 2.771514 2.036045 1.364343 0.0
4 -49.12184143066406 -10.75917625427246 -0.9160881638526917 0.863677 0.554212 0.971371 0.02603233
5 20.26783752441406 -7.312160491943359 -1.343046188354492 0.176298 0.183887 0.47276 -3.127367
4 38.25413131713867 -6.031282424926758 -0.9493776559829712 0.81203 0.452912 1.305245 0.01843325
3 -55.0424690246582 -10.06732177734375 -1.045678853988648 0.488547 0.304989 1.124774 0.01553866
3 50.18421173095703 -9.458361625671387 -0.3337928652763367 0.208679 0.659078 0.412678 1.528807e-15
1 -7.119771003723145 13.33507823944092 -1.321129322052002 4.052158 1.731484 1.488449 3.141592
5 37.66390228271484 -8.181408882141113 -1.261380076408386 0.242256 0.157566 0.5 0.0
3 50.17711639404297 -10.05044746398926 -0.5514000654220581 0.301439 0.441988 1.371371 1.578122e-15
5 10.28543281555176 -8.3032865524292 -1.261146306991577 0.279617 0.313184 0.714397 -3.092315
5 1.642873644828796 -8.877434730529785 -1.218927383422852 0.323645 0.390415 0.740928 -3.092315
5 7.607589721679688 -7.475881099700928 -1.243364930152893 0.194732 0.285297 0.715719 -3.092315
5 37.85775756835938 -7.709879875183106 -1.287366032600403 0.204184 0.181137 0.484325 0.0
4 -3.445753335952759 18.78437995910645 -1.214486002922058 0.6305 0.82292 0.904023 -1.745973
1 -44.84533309936523 34.21779251098633 -1.725869059562683 2.700698 0.351556 1.915516 1.754731