1 44.97165298461914 11.33759021759033 -1.45201563835144 0.715052 1.850515 0.879389 -3.066248
4 -27.2047119140625 10.33339786529541 -1.244515538215637 0.605516 0.549013 1.176831 1.601574
4 -26.28752326965332 10.16150093078613 -1.070430397987366 0.365712 0.657643 0.90197 1.517424
3 -28.08330345153809 8.832934379577637 -0.4736812114715576 0.415308 0.219196 0.69028 3.066983
4 -29.52620124816895 -2.305193901062012 -0.5285875201225281 0.788495 0.655552 0.787082 -0.09396178
4 -28.42405128479004 -3.467458963394165 -1.038394451141357 1.544908 0.588661 1.095372 2.387512
4 -29.98048782348633 -3.740618228912354 -0.9545368552207947 1.248884 1.204572 0.837351 2.864903
1 35.14448928833008 -12.91448211669922 -0.8677648305892944 3.231237 1.873263 1.21511 1.576534
4 -20.69147872924805 10.46525287628174 -1.23842978477478 1.755043 0.676217 1.313651 1.736969
1 -34.39129257202148 -12.41372776031494 -0.05308748036623001 1.245501 0.682379 0.501009 -1.568661
1 25.38848114013672 4.003040313720703 -1.174447655677795 4.111827 1.852148 1.437366 3.141592
1 17.94181442260742 -14.1849422454834 -0.6338139772415161 4.749158 1.521264 1.443453 1.6262
4 -9.933324813842773 -4.097346305847168 -1.129781007766724 2.581484 0.789939 1.293218 -2.47031
3 -26.56336402893066 8.738862991333008 -1.162541031837463 0.542405 0.693579 1.383112 3.068361
4 -24.93973541259766 9.90458869934082 -1.312057256698608 0.749738 0.533911 1.164753 1.443638
3 30.49069213867188 -10.93263626098633 -0.8459964990615845 0.377434 0.708499 1.291586 -0.04916738
4 -17.54498672485352 -3.797241687774658 -1.071622967720032 1.688874 0.513221 1.293135 -3.11147
1 30.61760139465332 -13.25667858123779 -0.7286215424537659 3.482374 1.339675 1.491266 -1.545795
4 -22.87209892272949 10.11137390136719 -1.289550304412842 0.69425 0.652547 1.234409 1.311739
3 -32.5687255859375 16.17800521850586 -0.6958228349685669 0.329575 0.386724 0.948052 3.110818
3 -26.37985038757324 9.475912094116211 -1.060541152954102 0.48706 0.669563 1.605746 -3.066777
4 -13.36018943786621 -3.723612546920776 -1.14949095249176 1.718819 0.692457 1.22208 -2.665642
1 -0.7210875153541565 -12.59663963317871 -0.5131195187568665 3.072701 2.224117 1.743819 -1.630129
1 -3.173274755477905 -23.9658260345459 -0.1670764535665512 3.442982 1.481709 1.245572 -1.65775
1 -12.90522193908691 -23.90704154968262 -0.2526803016662598 4.150862 2.123498 1.513411 1.613729
4 -18.83382034301758 -3.047092199325562 -1.116785407066345 1.695873 0.51003 1.16264 -1.67357
1 -15.1710205078125 -13.28318881988525 -0.589751124382019 3.988178 1.730509 1.62864 -1.572917
3 28.32957267761231 -13.03039741516113 -1.005194544792175 0.39814 0.185721 0.798148 1.515994
1 5.33771276473999 -24.36996841430664 -0.2746642231941223 3.478623 0.517468 1.491858 -1.594777
1 -24.50778007507324 -15.92220973968506 -0.5424057841300964 1.677749 1.162767 1.503489 -1.570427
3 33.97577667236328 -13.79183387756348 -0.6381351947784424 0.56171 0.284605 0.716724 1.559266
1 -39.59858703613281 -28.09145355224609 0.2497390359640122 3.182731 0.95822 0.889684 1.606914
1 -20.43507957458496 -0.2120655030012131 -1.013938665390015 4.204189 1.902411 1.437043 0.6031847
1 -32.12156295776367 -13.18061065673828 -0.4429301619529724 3.055327 1.486723 1.287457 -1.554656
4 55.11044311523438 4.881874561309815 -1.2320636510849 1.568155 0.387306 1.436484 1.367862
6 -47.13153839111328 10.93321895599365 -0.7545346617698669 0.238143 0.434096 0.685441 3.130977
1 -21.9612979888916 -31.82700157165527 -0.1424647867679596 4.54224 1.108185 1.538393 0.03783745
4 -11.87075233459473 -4.17530107498169 -0.8391112685203552 2.25121 1.175076 1.867839 -2.588662
1 -2.361249923706055 7.659730434417725 -1.163619637489319 4.919044 1.791876 1.509097 3.141592
3 -15.32320594787598 14.33864974975586 -0.763599693775177 0.385013 0.50288 0.724726 2.8404
4 -15.1804141998291 -3.642683982849121 -1.154767274856567 0.809225 0.909091 1.183025 -2.659707
1 -28.26378059387207 -36.95127105712891 0.1591784805059433 2.903646 1.651348 1.735312 -1.345797
4 -8.109601020812988 -3.841322183609009 -1.155280232429504 1.718919 0.613213 1.256443 -2.812618
3 -20.27554893493652 -8.454280853271484 -0.6238171458244324 0.177826 0.327544 0.517439 -0.03378094
4 -36.02806854248047 -3.669476747512817 -1.008668184280396 1.084658 0.750283 1.228991 -2.831781
4 -3.084263324737549 -3.953049421310425 -1.106272578239441 2.10376 0.985899 1.277794 -0.1207788
1 -42.27633285522461 -11.93409156799316 0.8713333606719971 5.823466 1.088149 1.58996 -1.490918
4 -23.58141899108887 9.992538452148438 -1.263285398483276 1.062559 0.464364 1.146976 1.154799
1 50.23125076293945 15.67178058624268 -1.26220440864563 3.783984 0.964927 1.09039 -2.305127
1 -24.14244270324707 -5.503193855285645 -0.8068163394927979 4.06537 1.606163 1.804459 1.543617
1 51.70805358886719 -12.506911277771 -0.8765833377838135 1.291473 1.292665 0.780172 1.558297
1 52.66069793701172 20.12409019470215 -1.629762053489685 3.234814 1.156193 0.739697 -1.837401
4 -19.47994995117188 -4.025635719299316 -1.083074927330017 1.561632 0.588902 1.211934 -1.572169
3 3.483812808990479 16.62495994567871 -0.7932599186897278 0.545463 0.681436 1.204206 -2.750688
1 -2.998661994934082 -12.77187919616699 -0.3727889955043793 5.109961 1.743593 1.965294 -1.652305
4 -14.73502540588379 9.45799732208252 -1.101502776145935 1.725384 0.593659 1.626896 -2.798799
1 -27.93654251098633 7.484836578369141 -1.048613429069519 4.130012 1.733128 1.558931 -3.131597
1 11.27434730529785 -13.25683879852295 -0.5820570588111877 4.135125 1.832491 1.605953 -1.599616
4 -20.42149162292481 -4.48098611831665 -0.6741998195648193 0.71847 0.644032 0.548459 -1.586936
3 -17.09839057922363 14.51420879364014 -0.7773159742355347 0.351372 0.6069 0.663995 -0.802053
1 -8.143598556518555 7.905379295349121 -1.180328488349915 3.923063 1.639482 1.515312 3.109895
4 -21.92865943908691 10.65032768249512 -1.239622473716736 1.69976 0.701213 1.208034 1.429863
4 7.97520923614502 11.17870903015137 -1.612710475921631 1.519502 0.561471 0.830405 3.097741
4 -19.75662422180176 10.38363838195801 -1.34779679775238 1.848356 0.646143 1.086112 1.83794
3 -15.3817024230957 -8.693488121032715 -0.4607401788234711 0.242213 0.127982 0.419829 -0.03378094
1 -5.412533760070801 -11.81495571136475 -0.6207305192947388 2.055642 1.882382 1.411466 -1.575278
4 39.38838577270508 -5.36180305480957 -0.8995303511619568 2.924886 0.847923 1.736542 3.130902
1 3.973174095153809 -12.99111652374268 -0.4155060648918152 5.125361 1.948022 1.930772 -1.552866