4 -14.28779888153076 -5.609856128692627 -0.8698727488517761 1.391741 0.61968 1.438491 0.05933211
3 17.99736595153809 -10.03216743469238 -0.9191515445709229 0.369483 0.494947 1.074476 0.03832431
6 42.58766174316406 -22.89327430725098 -0.5522242784500122 0.233826 1.364934 0.348327 -1.267804
3 18.33451080322266 -9.564149856567383 -0.8953760266304016 0.304969 0.643786 1.154054 0.03418823
1 33.29138565063477 32.63964080810547 -2.061834812164307 4.235723 1.631227 1.166393 -1.36222
1 49.64249801635742 -5.778655052185059 -0.751934289932251 4.552769 1.671975 1.354952 -2.296073
1 -6.723082065582275 -22.21765327453613 0.1137558147311211 3.275518 1.784779 1.273113 -1.564468
6 36.80759811401367 3.432122945785523 -0.3806620836257935 0.130686 0.315116 0.232372 0.08124524
1 12.50839424133301 3.503017425537109 -1.127376914024353 3.989329 1.658346 1.623525 0.02815783
1 -26.83834075927734 -2.841598033905029 -1.208545446395874 1.807122 1.782468 1.163357 -0.00177534
1 -32.85730361938477 2.571280717849731 -0.8940854072570801 4.824368 1.792734 1.868317 0.02406831
2 25.68074798583984 -8.09672737121582 -0.5764071941375732 6.402187 2.331017 2.296844 0.3702607
1 42.1550178527832 -8.34784984588623 -1.186426639556885 1.616139 0.453478 0.520145 -1.801162
3 -50.69413757324219 -11.11846923828125 -0.3087962865829468 0.122066 0.289014 0.947597 -0.2870538
6 31.05822944641113 41.38764572143555 -2.329399585723877 0.618593 0.190837 0.671413 -1.366971
6 31.03399276733398 45.53603744506836 -2.672177791595459 0.454827 1.065548 0.327875 -1.436446
3 -50.51630401611328 -10.52470779418945 -0.3068182766437531 0.302941 0.336866 0.944854 -0.2870538
1 10.09034729003906 0.6311964392662048 -0.9113425016403198 3.131869 1.945023 1.857359 -0.01822435
3 20.45443344116211 -12.22115993499756 -0.6256089806556702 0.307139 0.459052 1.694286 2.682404
3 18.26473426818848 -10.68459320068359 -0.6206145286560059 0.446013 0.580845 1.691572 0.1339421
1 -7.469206809997559 3.408897876739502 -1.031147837638855 4.34592 2.015461 1.506713 -0.02112005
1 -4.314949989318848 -22.62848091125488 0.2151424735784531 3.838808 1.99868 1.508842 -1.57084
4 -20.88527488708496 19.35011291503906 -1.610625982284546 1.081948 0.545739 1.582085 -3.133288
1 31.87417793273926 5.730052471160889 -1.158606171607971 1.444727 1.630717 1.61751 0.6927918
1 -3.574468612670898 -36.08495712280273 0.3818998038768768 2.770438 1.879075 1.87005 1.56949
1 35.18523406982422 40.03300094604492 -1.948181629180908 2.519284 1.37047 1.003999 -1.334396
6 39.96022033691406 35.01875686645508 -1.917944669723511 0.210722 1.202422 0.33712 1.403056
6 42.43148422241211 -38.70188903808594 0.0008632699027657509 1.731371 1.514966 0.390218 -1.328762
3 20.36530113220215 -8.818310737609863 -0.7273508310317993 0.574176 0.521992 1.675693 -3.122185
1 32.43963623046875 37.60564041137695 -2.381735563278198 1.610471 1.076562 0.960479 -1.179542
1 17.48284912109375 -2.69276762008667 -1.131013631820679 4.088685 1.840383 1.484535 0.007131644
2 41.90961074829102 18.06966209411621 -0.6277629733085632 11.809968 2.831994 3.362029 1.116441
1 43.75437927246094 36.86091995239258 -2.005046129226685 1.011376 1.438177 1.425959 1.770208
1 36.64951705932617 33.81649017333984 -1.82529604434967 2.147834 0.673267 0.961712 -1.25832
3 18.50178146362305 -11.23365020751953 -0.6753484606742859 0.53219 0.408898 1.579483 0.09626386
4 21.88412857055664 27.25385475158691 -1.726695418357849 2.822956 0.560095 1.746712 -1.423517
4 -3.273780822753906 -6.160276412963867 -0.9380092024803162 1.576963 0.646898 1.597488 0.01312454
1 -19.30563545227051 3.046153545379639 -1.105255126953125 3.97483 1.934069 1.4647 0.01000196
1 30.0301399230957 11.11079216003418 -1.737263798713684 3.177106 0.333367 0.644981 0.5782062
1 22.46404838562012 6.81303882598877 -0.9499216079711914 4.405909 1.52135 1.238764 0.5813773
4 -12.58073139190674 -6.369561195373535 -0.9643329977989197 1.499978 0.539149 1.548577 0.0493551
1 46.36456298828125 -17.07726097106934 -0.2767689526081085 2.851805 1.765288 0.922002 -1.571241