1 18.11978340148926 -5.475360870361328 -0.4940959811210632 3.208953 2.16877 2.104211 -1.067509
1 0.4592465162277222 -17.58175659179688 -0.5393052697181702 4.333457 1.826728 1.345403 2.072919
4 5.150174617767334 -3.175068616867065 -1.178470611572266 1.97191 0.821948 1.24916 -2.126071
4 -13.56349945068359 2.885955095291138 -1.209934234619141 1.120969 0.463778 1.277853 1.931647
4 -0.1385957896709442 10.7880392074585 -1.491843819618225 1.545597 0.538886 1.085666 -2.772606
1 -2.571688652038574 -11.23590755462647 -0.6835506558418274 4.477125 1.885126 1.836869 2.076853
3 -11.03346347808838 1.630921959877014 -1.003910541534424 0.417003 0.549964 1.582778 2.906617
4 -12.73322296142578 3.865761756896973 -1.231170773506165 1.923811 0.490142 1.28725 2.020272
6 -14.29020118713379 -13.38994884490967 -0.4661058187484741 0.210311 0.497868 0.357224 0.4996134
3 -25.27182960510254 3.447657585144043 -0.5734378695487976 0.256117 0.499293 0.993147 -2.632939
4 1.635711312294006 -5.146281719207764 -1.174819946289063 1.888541 0.669504 1.155765 -2.460217
3 5.048856258392334 -17.70151519775391 -0.1326644271612167 0.430798 0.67374 0.917953 -1.054471
4 -7.805776596069336 5.935067653656006 -1.232323408126831 1.789968 0.765287 1.360013 2.20275
3 -10.67938041687012 2.317749261856079 -0.9744892716407776 0.461226 0.739298 1.659515 -2.987127
6 -20.00676918029785 -0.6686749458312988 -0.4813732504844666 0.344321 0.61964 0.414118 -2.675129
4 -9.877873420715332 4.98367166519165 -1.25402820110321 1.543473 0.699422 1.26729 1.794243
4 6.960317611694336 -2.507549285888672 -0.8867982029914856 1.808968 1.349334 1.898289 -2.083425
1 4.027924537658691 9.50024127960205 -1.220375061035156 4.139109 1.819537 1.466277 -2.648965
1 10.20812797546387 -31.9827880859375 -0.127366453409195 2.536524 0.440156 1.354504 0.5707896
4 -9.085111618041992 5.642716884613037 -1.241886973381043 1.906242 0.82489 1.350043 1.95051
4 10.61190414428711 15.8831033706665 -0.9280785322189331 0.919278 0.606775 0.928051 -2.632951
3 20.92175483703613 -25.04781341552734 0.4016618430614471 0.599241 0.561577 1.830186 -1.331079
4 0.1251427531242371 -4.938736915588379 -1.129160881042481 1.520134 0.607035 1.220885 -1.124067
1 -41.23129653930664 -36.76118469238281 -0.3377303779125214 1.148533 0.279095 0.997803 2.071762
3 -49.642578125 -9.031521797180176 -0.4034514129161835 0.670441 0.474378 0.650164 -2.602189
3 22.17268943786621 -24.92144393920898 0.1379286199808121 0.615767 0.550303 1.329337 -1.509686
1 -36.44426345825195 -35.41141128540039 0.2082947194576263 1.973157 0.209131 0.505169 2.083161
1 -21.92386627197266 -27.29887008666992 0.06190872564911842 2.699094 0.992337 0.669564 -1.059563
4 3.329346895217896 -4.183627128601074 -1.109427571296692 1.8455 0.931695 1.282364 -2.308671
4 8.520894050598145 -1.365950226783752 -1.219607591629028 1.883581 0.701419 1.285103 -2.13654
3 8.476093292236328 -33.59438323974609 -0.1836849898099899 0.539703 0.623498 1.477921 -1.052795
4 -0.2979544103145599 -7.529676914215088 -1.009523391723633 1.987416 0.718202 1.364213 -1.150683
1 8.19028377532959 -39.56084823608398 0.2165144830942154 3.340498 1.727293 1.784374 -0.7810362
1 15.2550630569458 -20.395263671875 -0.3822413980960846 3.655769 1.555261 1.728687 1.899631
1 -57.0636100769043 -20.03641128540039 -0.2621799409389496 2.229872 0.808887 0.843075 -2.766827
1 -6.898376941680908 -20.06117820739746 -0.5608198046684265 3.794563 1.742747 1.556783 2.12964
4 -11.59140872955322 3.777639865875244 -1.244063496589661 1.630406 0.867541 1.287416 2.098068
4 -9.841840744018555 -9.52099609375 -0.8744858503341675 2.13724 0.721841 1.538381 0.3818314
1 -3.92061972618103 -5.551689147949219 -0.9689579606056213 4.247377 1.993465 1.483141 1.637153
4 -0.09433580935001373 -6.2306809425354 -1.067205309867859 1.735989 0.962538 1.304662 -1.024534
4 -0.141944482922554 11.3301362991333 -1.542635202407837 1.703522 0.409195 1.067195 -2.80981
3 -12.65166091918945 1.542526841163635 -0.9399226903915405 0.496663 0.417112 1.718277 -2.741766
1 -9.489446640014648 -20.53199005126953 -0.6094399094581604 2.530974 1.745159 1.429151 -1.034716
4 -9.434270858764648 -10.57153034210205 -1.016552329063416 0.787082 0.587289 1.178009 -2.627329
3 -0.1782174557447434 -33.85256576538086 0.457209050655365 0.433264 0.8566 1.042329 -1.507803
1 24.70123672485352 -2.444165468215942 -0.4607054591178894 3.805835 1.927051 1.624744 -1.041825
3 -4.972537994384766 11.87382888793945 -0.8961508274078369 0.395654 0.239215 0.823055 -0.09093773
1 -20.02657318115234 -26.31270790100098 -0.5282869338989258 3.067678 1.613099 1.455748 2.068965
1 9.152827262878418 12.03025722503662 -1.247282147407532 4.499565 1.905333 1.459156 -2.63936
1 30.36833381652832 1.978962421417236 -0.5272103548049927 2.005914 1.10541 1.795459 2.068295
4 -10.56378173828125 4.54268741607666 -1.252044916152954 1.920957 0.629309 1.239778 2.044294
3 21.0584602355957 -24.38198089599609 0.02737564593553543 0.473994 0.547788 1.504411 -1.243493
1 -48.4583740234375 -15.88132476806641 -0.8508760333061218 3.841394 1.344039 0.901532 -2.665181
4 9.984260559082031 -0.6739506125450134 -1.229039669036865 1.691303 0.610421 1.254703 -2.305003
3 -11.87756729125977 1.998707413673401 -0.9628881812095642 0.768515 0.54218 1.798461 -2.78676
1 20.276611328125 -4.476460456848145 -0.6611828207969666 1.966055 1.797319 1.753099 -1.059302
1 16.46781539916992 -7.817272186279297 -0.5683987140655518 2.416092 1.362704 1.156066 -1.090791
1 -12.81785106658936 -0.03374041616916657 -1.007175445556641 4.188135 1.793393 1.594115 -2.652571
4 -7.027107238769531 6.398783206939697 -1.282157778739929 2.090428 0.711181 1.285361 2.300998
4 14.36085605621338 1.396766424179077 -1.327719330787659 1.915226 0.756372 1.148035 0.4585932
1 23.99281883239746 -16.65805625915527 -0.4474174976348877 4.632046 1.877513 1.623293 -1.116927
3 13.82554054260254 24.58721542358398 -0.930171549320221 0.355011 0.569777 0.864654 -2.665536
3 -6.525510311126709 11.34166526794434 -1.164942383766174 0.462501 0.36339 1.441105 -1.042364
1 7.84765100479126 -11.94769477844238 -0.6220585107803345 3.101546 1.86571 1.566333 -1.083
4 -7.990280151367188 -9.876574516296387 -0.808806836605072 1.605119 0.664091 0.916749 3.09306
1 -15.66006088256836 -24.76758575439453 -0.2432413250207901 4.530422 1.677673 1.532156 2.082745
1 -20.36161613464356 -39.57366943359375 -0.3121078908443451 1.427555 0.340237 0.975729 2.108693
1 -25.93831825256348 -28.91543769836426 0.04420757293701172 0.806858 0.434944 0.735297 2.096541