1 -61.62548065185547 -2.571178197860718 -1.514021396636963 5.256022 1.739648 0.728984 -2.954813
3 -26.81462478637695 -12.6517448425293 -0.6525364518165588 0.35554 0.591515 1.051384 -3.005069
6 4.319719791412354 48.01460266113281 -0.5533817410469055 0.281345 0.362478 0.329395 -1.492117
1 11.43621826171875 -5.215885639190674 -1.034026980400085 4.62147 1.795869 1.505645 -1.394522
3 -34.87703704833984 9.814981460571289 -0.6919407248497009 0.451049 0.486216 0.955431 0.08463538
3 -39.50613403320313 9.277077674865723 -0.7975316047668457 0.135396 0.356812 0.586435 -0.08280426
1 -31.06181526184082 2.893116474151611 -1.236222624778748 4.083358 1.605516 1.362528 -2.925468
5 -4.89711332321167 12.08091449737549 -1.53615927696228 0.217118 0.21516 0.333394 2.882818
1 10.6675910949707 48.57682037353516 -1.389462113380432 2.261321 1.590225 0.636317 -1.419533
5 3.258931636810303 -7.966967105865479 -1.509868264198303 0.316678 0.254326 0.501767 1.658336
5 -3.134221076965332 -5.735364437103272 -1.442402124404907 0.258188 0.246227 0.557088 1.558871
3 -35.0880241394043 10.37119388580322 -0.699785053730011 0.310219 0.399347 0.961601 0.05741829
5 -0.9400431513786316 -6.197050094604492 -1.46822190284729 0.241285 0.193931 0.491542 1.338471
5 0.4931755065917969 -6.638209342956543 -1.482422471046448 0.243758 0.226891 0.535698 1.338471
5 5.766217231750488 -10.5143632888794 -1.457586884498596 0.178224 0.186879 0.539703 1.853822
5 -3.267217397689819 12.80960941314697 -1.56167471408844 0.220676 0.326977 0.488875 2.882818
3 -38.34904098510742 9.996177673339844 -0.7632165551185608 0.261847 0.378738 0.578999 0.139737
3 0.2116915434598923 -12.63072776794434 -0.8337917923927307 0.819762 0.70326 1.507469 -0.5693756
5 7.306023597717285 -12.42673206329346 -1.367137670516968 0.172117 0.256447 0.603192 1.853822
1 -23.99108695983887 4.023533344268799 -1.13768458366394 4.231089 1.661269 1.507897 -2.925469
5 -1.66557252407074 13.91439056396484 -1.560513377189636 0.187127 0.226723 0.424881 2.882818
5 1.738128423690796 16.68706321716309 -1.587197422981262 0.151248 0.1238 0.412403 2.470106
5 -0.06782953441143036 14.94108772277832 -1.637208819389343 0.155849 0.173632 0.372955 2.609341
3 -12.82942771911621 15.02808094024658 -1.010793089866638 0.553798 0.498713 1.483471 -3.030642
5 2.941690921783447 18.20869636535645 -1.603365421295166 0.183071 0.14104 0.397074 2.30272
1 -44.75679016113281 0.3983747959136963 -1.400575160980225 4.180096 1.705495 1.459199 -2.941567
1 -9.461796760559082 4.8179931640625 -1.103870034217835 4.228039 1.975268 1.472512 -2.799858
1 32.10834884643555 -18.68512916564941 -0.7822474837303162 2.019473 1.157363 0.978078 1.730742
5 4.553904533386231 -9.046826362609863 -1.44890022277832 0.231884 0.236413 0.551054 1.853822
1 26.82779312133789 9.462807655334473 -0.8626607060432434 3.92155 1.001486 1.127422 1.707136
5 1.805339813232422 -7.170677185058594 -1.465986728668213 0.234243 0.200299 0.47666 1.338471
4 3.718262195587158 14.4538459777832 -1.010985374450684 1.331235 0.71578 1.553072 -2.001353