4 -12.69357109069824 2.792997360229492 -1.547782897949219 1.600772 0.635622 0.828302 1.826109
4 -13.21780109405518 2.805592060089111 -1.451933979988098 1.597613 0.485172 1.019349 -1.29885
3 -12.97472476959229 -3.583757877349854 -1.143659114837647 0.608528 0.501666 1.358025 -0.08124261
1 -3.587814569473267 33.96818161010742 -0.3824255168437958 1.707986 0.821467 1.193387 0.4537254
1 24.95510673522949 -16.16092872619629 -0.5990848541259766 3.322083 1.744981 1.30802 -2.636615
1 25.89764595031738 -17.79740142822266 -0.3344416916370392 2.904986 0.407023 1.072429 -2.678636
1 27.43119049072266 -22.64264106750488 -0.3023994565010071 0.998401 0.877139 0.942346 -2.588774
1 34.20601272583008 -32.65529251098633 -0.1871083378791809 1.274133 0.941997 0.645172 -2.687787
3 22.08088302612305 25.47270393371582 0.4742754399776459 0.468646 0.251427 1.023666 0.01331446
3 21.49493789672852 25.24597930908203 0.2604559659957886 0.378101 0.164368 0.596365 0.1409485
3 21.90696334838867 24.50914764404297 0.3473058342933655 0.593698 0.621861 0.924433 0.6545502
5 -11.82552146911621 4.572813987731934 -1.66780686378479 0.116779 0.057382 0.309647 -1.066585
4 -7.445724964141846 -5.863791465759277 -1.265231013298035 1.95735 0.714834 1.313246 -2.892841
4 -0.74265056848526 11.6692533493042 -1.14498507976532 2.008718 0.523683 1.159789 -0.6295087
1 37.39642715454102 12.54008293151856 0.1514890044927597 3.587681 1.480335 1.430656 0.7817922
3 15.66689014434815 -7.410959243774414 -0.5506420731544495 0.134472 0.265585 0.635323 2.069529
3 -2.475942373275757 -6.724466323852539 -1.038729310035706 0.686381 0.597388 1.601694 -1.067177
4 -4.480247974395752 -10.53470993041992 -1.096784353256226 1.325234 0.64358 0.905104 -2.767076
1 -5.626514911651611 2.612807035446167 -1.128217697143555 4.324221 1.834956 1.40688 -1.1983
3 7.045318603515625 -43.4456787109375 -0.5790061950683594 0.318585 0.461566 0.911201 2.070354
1 15.36425304412842 4.292502403259277 -0.7083029747009277 4.011088 1.936155 1.439881 -2.597355
1 4.413033485412598 19.52776336669922 -0.7484393119812012 2.408768 1.555617 1.486138 0.4555072
3 -3.76959753036499 -9.285938262939453 -0.79511958360672 0.443512 0.669946 1.072861 -2.557076
4 0.427075982093811 9.860966682434082 -1.182832479476929 2.234625 0.736286 1.278341 -0.6150537
3 -1.909080505371094 -27.9835376739502 -0.7061291337013245 0.629465 0.464295 1.041098 2.063294
4 3.13532280921936 5.077558517456055 -1.212328195571899 1.429479 0.700823 1.18503 -0.9677992
3 4.900301933288574 -37.46267700195313 -0.593737781047821 0.290266 0.49378 0.527174 2.007995
1 -11.9495153427124 7.662221908569336 -1.040633678436279 2.625742 1.716416 1.171587 -1.094388
4 -6.36869478225708 -7.478628635406494 -1.307533502578735 2.235793 0.603168 1.250408 -2.651189
4 -6.910826206207275 -6.871499061584473 -1.309371113777161 2.070681 0.971836 1.255299 -2.65389
1 18.7240104675293 -5.758601665496826 -0.7175680994987488 2.363367 1.689816 1.373668 0.5647467
3 36.90810012817383 7.760085582733154 -0.06284528225660324 0.325325 0.276235 0.886472 -0.9803566
4 -1.560589909553528 13.26324462890625 -1.246827125549316 1.714582 0.53055 1.209158 -0.6284894
3 -7.959846496582031 -2.597949981689453 -1.103127002716065 0.980611 0.572415 1.669978 3.006458
4 -9.238724708557129 26.63164520263672 -1.065403938293457 1.352268 0.697989 1.582791 -1.045581
1 1.625175952911377 23.33128929138184 -0.6927736401557922 0.325471 1.282762 1.60584 0.3948658
4 -5.676662921905518 -8.466316223144531 -1.29455304145813 2.12429 0.733764 1.220281 -2.612674
4 -36.66051483154297 46.44977188110352 -0.9514402747154236 0.656868 0.550952 0.822634 -1.041924
3 23.01188659667969 0.7443909645080566 -0.4426288902759552 0.328581 0.531035 1.256609 0.448414
1 -1.446530103683472 -9.504685401916504 -0.9749292731285095 4.138771 1.551689 1.75405 -1.066513
4 8.154541969299316 -4.3848557472229 -1.163878679275513 2.023006 0.81144 1.235204 1.509032
1 14.01384925842285 27.64399909973145 -0.4872002303600311 4.383854 1.912778 1.753641 0.501065
3 34.00722122192383 13.72440910339356 -0.05743822455406189 0.197357 0.42476 0.853836 -2.614403
1 19.81386566162109 -53.78456115722656 -0.9290991425514221 3.378382 1.354296 1.49334 -1.076836
1 29.67727088928223 15.2060661315918 -0.2808699905872345 4.419816 1.469389 1.631349 2.118806
1 9.410260200500488 35.70981597900391 -0.0433465801179409 3.56355 1.531174 0.921251 0.4970507
1 35.35819625854492 -12.89284610748291 -0.4902993440628052 3.414662 1.579916 0.98052 -2.603774
3 -13.25112533569336 49.89980697631836 -0.4254840016365051 0.385691 0.050017 0.630491 -2.475935
6 -2.92022180557251 -6.75399923324585 -1.259558320045471 0.289405 0.204851 0.55402 -1.065343
4 -5.28495979309082 -9.476845741271973 -1.28807008266449 1.621749 0.586818 1.303985 -2.665169
1 -14.2244291305542 12.13158130645752 -1.166168212890625 4.552186 1.811751 1.415684 -1.047478
4 -7.589326858520508 -4.606364250183106 -1.271839618682861 1.581266 0.560247 1.322673 -2.534849
3 13.64142513275147 7.003511428833008 -0.4951241910457611 0.390604 0.651248 1.240968 0.607664
1 -20.30350303649902 28.46082305908203 -1.047838449478149 1.960345 2.069285 1.323436 -1.042659
1 18.51353073120117 -2.989040613174439 -0.6759670376777649 4.364419 1.754124 1.332931 -2.570451
4 -8.184052467346191 -3.92281436920166 -1.35666024684906 2.222811 0.662392 1.20963 -2.430423
6 2.114356279373169 -24.11004447937012 -1.360192894935608 0.842731 0.153796 0.130143 -1.054979
3 -14.49464988708496 50.28527450561523 -0.4284604489803314 0.371912 0.295494 0.625964 -2.544385
1 10.16017150878906 11.61939907073975 -0.722706139087677 3.866699 1.811807 1.58847 0.5140471
3 21.26568031311035 4.404551982879639 -0.7311248183250427 0.259838 0.377361 0.514516 -1.151897
4 2.191535711288452 6.598392486572266 -1.210915803909302 1.924554 0.928801 1.209957 -0.5714152
4 1.214035987854004 8.376677513122559 -1.229384064674377 2.315844 0.676181 1.230896 -0.6192898
1 -0.2609610259532929 27.80965805053711 -0.3932954370975494 4.227809 1.699013 1.549664 0.4846453
3 -3.35159158706665 -6.700481414794922 -1.017504930496216 0.581305 0.485482 1.736913 -1.065798
3 -2.233094930648804 -7.424786567687988 -1.015373826026917 0.751842 0.474714 1.657721 -1.066077
4 4.417171478271484 3.473177433013916 -1.121820449829102 2.24657 0.669231 1.279569 0.526176
3 -13.75133419036865 -2.036165714263916 -1.112469553947449 0.544019 0.56969 1.388805 -0.8926166
1 35.35737609863281 -2.129958629608154 -0.1893835961818695 3.615793 1.527581 1.520516 -2.572251
4 12.29580879211426 -11.23223495483398 -1.103514552116394 1.678861 0.706312 1.317893 -0.9673145
4 8.941706657409668 -5.941895484924316 -1.161257982254028 0.771227 0.484011 1.123752 2.482029
1 33.19281768798828 -0.3718940615653992 -0.7205899953842163 1.907442 1.434619 0.991489 -2.572381
1 3.055877208709717 21.71329879760742 -0.4083617329597473 3.786816 1.868405 1.732251 0.3985634
4 3.294000864028931 3.629312992095947 -1.195104598999023 2.201195 0.725254 1.168988 0.5260815
3 -2.940898895263672 -7.646424770355225 -1.156106948852539 0.511847 0.582124 1.437478 -1.064956
4 -3.702199459075928 17.60378456115723 -1.259426951408386 1.999671 0.694674 1.179653 1.967138
1 14.87325096130371 -44.8602294921875 -1.172849297523499 3.64145 1.845838 1.084941 -1.109751
1 23.20551109313965 -11.90333557128906 -0.5361724495887756 4.460127 1.839109 1.494715 -2.627929
1 18.50296020507813 18.79521179199219 -0.2697490453720093 3.365459 1.442093 1.231195 0.5387459