3 -16.88724708557129 6.685974597930908 -0.988893985748291 0.540016 0.51129 1.82651 -3.014949
3 -6.253151893615723 13.25129222869873 -1.145710945129395 0.477879 0.627956 1.367514 2.435257
3 6.433630466461182 -30.5415096282959 0.3586156964302063 0.302705 0.477148 1.507197 -1.69639
3 6.064564228057861 -30.11551666259766 0.2334499210119247 0.444127 0.486403 1.319937 -1.640109
3 -17.20140647888184 5.960958480834961 -0.9657237529754639 0.558441 0.677853 1.480751 -3.014949
4 -10.93216037750244 8.575448989868164 -1.305665731430054 1.637046 0.646147 1.373919 1.931017
1 -11.39413547515869 -39.27167892456055 0.1944892257452011 2.761596 1.621743 1.833727 -1.109892
1 -12.04069805145264 -9.002652168273926 -0.6769950985908508 4.640612 2.113372 1.799424 1.705674
4 -17.35562896728516 7.586485385894775 -1.149794816970825 0.923409 0.517813 1.278453 1.666005
6 -54.93703842163086 2.207724094390869 -0.8219060897827148 0.322279 1.047021 0.024603 -3.054521
4 -7.067332744598389 -4.463478565216065 -1.1430424451828 1.789312 0.581049 1.236249 -1.523774
1 -32.96109008789063 -17.56058883666992 -0.08277013897895813 1.571795 0.749055 0.513549 -1.41056
1 -10.79792499542236 -3.130244255065918 -1.049763441085815 4.236302 1.806181 1.45814 1.146808
3 14.02662658691406 18.61619186401367 -0.9129275679588318 0.339054 0.506602 1.154109 -3.073394
6 -23.70753479003906 -7.526700019836426 -0.6546820998191833 0.487079 0.477499 0.432518 -3.002576
4 -1.91405713558197 11.07382488250732 -1.494407415390015 1.754831 0.416656 0.964738 3.131684
3 -8.024083137512207 13.08509063720703 -1.154955744743347 0.660367 0.8302 1.319142 -0.7529311
4 -9.97154426574707 8.68590259552002 -1.333364009857178 1.975363 0.705207 1.34162 1.912726
1 -17.65605735778809 4.602292060852051 -1.049362778663635 4.104888 1.692221 1.644054 -2.979554
1 9.808562278747559 -11.19715976715088 -0.5653955340385437 2.796361 1.88788 1.777247 -1.46985
4 -16.42399215698242 7.962762355804443 -1.224062085151672 1.719404 0.81905 1.216657 1.611754
1 -28.73613166809082 -17.76046752929688 -0.4915526211261749 3.940335 1.726169 1.735333 1.703678
1 1.733618021011353 -23.8374195098877 -0.2797281444072723 3.496171 2.058546 1.871311 -1.450495
4 -29.98284149169922 5.977743625640869 -0.7182592749595642 0.52572 0.547515 0.821333 -3.045253
1 7.289082527160645 8.561866760253906 -1.21040678024292 5.010699 1.863815 1.497458 -2.965571
1 16.87163734436035 -10.53896331787109 -0.4719635248184204 4.338148 2.037336 1.814374 -1.408308
6 3.390261650085449 10.83025741577148 -0.5430782437324524 0.296088 0.368595 0.373419 -3.036586
1 11.27373218536377 -23.20498275756836 -0.3724974393844605 4.164002 1.770727 1.693352 -1.468034
4 -8.46174430847168 -6.310686111450195 -0.9238517880439758 1.263796 0.663582 0.995315 -1.682171
4 3.552200794219971 -3.631957530975342 -1.161308765411377 1.844628 0.657205 1.182307 -2.67509
3 -16.06553840637207 6.023049831390381 -1.100000858306885 0.46287 0.473167 1.632403 -3.014949
4 1.956290125846863 -3.755791425704956 -1.040945768356323 1.795972 0.693793 1.44012 -2.530905
1 1.584821462631226 7.948545932769775 -1.210241198539734 4.38807 1.824703 1.523942 -3.013273
3 -26.26600074768066 12.25174331665039 -0.6780257821083069 0.361262 0.570702 1.09961 -3.083154
4 8.363361358642578 -3.147549390792847 -1.223512053489685 2.0384 0.693021 1.218891 -0.006479122
1 -43.10339736938477 -18.07795524597168 0.1320043504238129 0.766975 1.537587 0.578888 -1.437915
3 -57.12689208984375 8.486530303955078 -0.5198756456375122 0.280977 0.56893 0.754653 -3.085721
4 -18.53512573242188 -5.333153247833252 -0.378215491771698 0.917248 0.722332 0.567921 -2.905427
1 -2.085373640060425 -13.7185525894165 -0.6141248941421509 3.517242 1.852234 1.679179 -1.420979
3 5.824721336364746 -30.70800399780273 0.3884785175323486 0.319225 0.389479 1.450022 -1.779924
4 -13.28597164154053 8.075023651123047 -1.324548959732056 0.967835 0.832686 1.302713 1.720599
1 54.20580291748047 11.93411827087402 -1.541788816452026 0.655919 1.538739 0.696578 0.1098088
4 -13.93098831176758 7.70529317855835 -1.328464388847351 0.881767 0.565136 1.264478 1.74518
4 -3.825578212738037 -4.588916301727295 -1.112000465393066 1.733036 0.726112 1.32401 -2.526613
4 49.7972412109375 1.757937908172607 -0.9167953133583069 2.246513 1.25422 1.042442 3.107978
4 -7.693009376525879 -5.491497993469238 -1.046511650085449 1.637567 0.736797 1.41526 -1.387623
4 -5.784079551696777 -5.074692249298096 -1.114312052726746 1.818629 0.734233 1.322277 -2.906603
4 -1.7415611743927 -4.316878318786621 -1.190154671669006 1.980104 0.94285 1.151312 -2.512828
3 5.473726272583008 -30.52589988708496 0.3950926065444946 0.42403 0.32225 1.691519 -1.660873
4 -2.115087509155273 10.57041931152344 -1.4626225233078 1.541352 0.617688 1.076194 3.136638
3 -15.63493824005127 6.663048267364502 -1.044299483299255 0.545383 0.725904 1.700952 -3.011733
6 -17.00524711608887 -6.003695487976074 -0.5106724500656128 0.458857 0.569065 0.125757 -3.140898
1 -11.0298318862915 -16.17185020446777 -0.6005421280860901 3.092344 1.62332 1.617879 1.552022
4 -15.13431453704834 7.564923763275147 -1.308357000350952 1.030919 0.689291 1.330277 1.781929
1 7.460413932800293 -12.24755477905273 -0.7309041023254395 4.521896 1.814229 1.594323 -1.493289
1 12.05027484893799 -10.98649978637695 -0.5523266792297363 2.627246 1.88521 1.750868 -1.450495
1 -35.61579132080078 -18.22776412963867 0.01646574959158897 3.006398 0.947247 0.762707 -1.437915
1 23.92929649353027 -9.401918411254883 -0.5315229296684265 2.737186 1.559349 1.499752 -1.457655
1 -6.570712089538574 -33.17803955078125 0.02086860872805119 2.961943 0.519114 1.549004 0.2097014
3 8.725789070129395 -12.04512405395508 -0.1429475545883179 0.363119 0.343202 0.73694 -2.967319
4 -12.22128105163574 8.301187515258789 -1.305372714996338 1.003761 0.910995 1.356865 1.781929
4 -0.1008872464299202 -4.51516056060791 -0.8895474672317505 2.341319 1.274819 2.049394 -2.478996
3 -8.916430473327637 -35.69840621948242 -0.1555700600147247 0.468546 0.776957 1.417613 -1.419197