1 -12.18219089508057 3.351643562316895 -1.093956470489502 4.222749 1.985565 1.439144 0.02873421
1 23.00008964538574 -0.1013076901435852 -0.9559897780418396 2.709849 1.910562 0.597504 -0.0235456
2 49.91365814208984 -8.691734313964844 -0.5138348937034607 6.46911 2.820012 2.028901 0.3933842
3 -19.32526206970215 20.14750862121582 -1.469608426094055 0.682893 0.36068 1.387045 -3.120219
2 -20.41431999206543 3.39668869972229 -0.8374768495559692 6.512362 2.300842 1.920194 -0.02106248
4 -2.169235944747925 -5.464499950408936 -0.9443809986114502 1.575104 0.709431 1.636543 -0.0006430837
1 42.42422866821289 -9.627522468566895 -0.5134769678115845 2.529244 1.706466 1.393014 -0.01999265
2 43.92735290527344 1.0732501745224 0.3802881836891174 12.008031 2.667091 2.118785 0.1696584
1 58.83976364135742 12.91610431671143 -1.158261775970459 3.943799 1.551712 1.251514 0.858899
4 -15.95727157592773 -6.21504545211792 -0.9274886846542358 1.042853 0.806635 1.418869 -0.01107672
6 56.75117492675781 5.852000713348389 -0.3667138516902924 0.251229 0.999059 0.394901 0.7076296
4 -4.950375080108643 -6.218762874603272 -0.9938754439353943 1.543123 0.576592 1.559479 0.004819205
1 -34.37237548828125 -2.139865636825562 -1.398726105690002 0.775898 1.83874 0.644933 0.01510657
1 12.26508903503418 -2.825852870941162 -1.030877709388733 4.106667 1.842661 1.384925 4.770141e-05
4 45.02299499511719 -5.851742267608643 -0.8301578164100647 0.829936 0.488203 0.896073 -0.01164943
1 7.914172172546387 3.546180486679077 -0.9795102477073669 4.199267 1.676343 1.588469 0.004526138
1 -33.99138641357422 -9.939120292663574 0.3190631568431854 3.677845 1.706275 2.262023 -0.01283843
1 7.186485767364502 0.4921917021274567 -0.8444170951843262 0.990142 1.885333 1.828873 -0.01703542
1 19.9365348815918 3.487094879150391 -0.8532592058181763 2.099082 1.571075 1.681447 -0.04294783
1 -3.799164772033691 3.523948192596436 -1.044921875 4.478495 2.05255 1.503122 0.03144301