1 -11.78975105285645 17.52254867553711 -1.285518646240234 3.181923 2.276692 1.224151 1.508668
3 47.24654006958008 2.536575794219971 -0.5552603602409363 0.699775 0.523637 1.49141 -1.595594
1 4.744425773620606 17.97090911865234 -1.063950896263123 3.390558 1.985467 1.392947 1.602029
4 15.28501987457275 -6.514827728271484 -1.172359228134155 2.249308 0.565079 0.774393 -0.008465176
4 26.16981887817383 8.679620742797852 -1.007646799087524 1.88497 0.659557 0.813789 0.02619625
1 37.47004318237305 18.06462478637695 -0.7126819491386414 3.517372 0.392741 1.401061 1.558627
1 -30.66567420959473 -20.96914100646973 -1.071170210838318 3.207273 1.833955 1.593801 -1.573296
1 16.48616600036621 29.0014705657959 -0.8628255724906921 3.808339 1.286448 1.371117 1.547144
4 40.03380966186523 8.398877143859863 -0.9511520266532898 0.610278 0.393432 0.94614 0.04125474
4 -54.59201431274414 -5.209506034851074 -1.830294370651245 0.86052 0.518896 0.962472 0.1054296
6 -38.02077102661133 -23.55768013000488 -1.27469265460968 0.234341 0.372889 0.546501 -1.658175
4 25.97850608825684 -6.745275020599365 -1.134538888931274 1.481415 0.464662 0.518105 0.01091169
6 38.02395629882813 8.114771842956543 -0.8492609858512878 0.47604 0.431458 0.808903 0.1628182
3 -5.641569137573242 16.2310962677002 -0.6959944367408752 0.409551 0.537757 0.569773 -1.6048
3 -10.82949542999268 29.19262504577637 -1.636907339096069 0.19479 0.227869 0.595468 -1.6048
4 39.1308479309082 4.922929286956787 -0.8659558892250061 1.308435 0.51481 1.207611 -2.748317
4 35.93055725097656 8.143697738647461 -0.8398212790489197 0.566278 0.489661 0.867546 0.1628182
4 -49.55118179321289 14.15147399902344 -1.941973567008972 2.390978 1.01153 1.344708 3.05403
1 -36.61486434936523 18.81167030334473 -1.779271841049194 1.985261 0.346551 0.779878 -1.959542
1 25.05237197875977 -3.12816596031189 -0.8348850011825562 4.319452 1.950809 1.524524 -0.003255669
3 54.87545013427734 -4.228970050811768 -0.3173786103725433 0.284677 0.310232 1.091495 2.697271
1 -34.15389251708984 2.998138427734375 -1.572182655334473 3.590184 1.58797 1.31936 1.28766
1 -27.43385696411133 -10.97204971313477 -1.265455484390259 3.991732 1.573054 1.445144 -2.309131
1 -18.23246955871582 -0.05530855804681778 -1.291985273361206 4.083028 1.687144 1.458972 -0.004018336
1 -14.89497375488281 5.394394397735596 -1.355073690414429 4.075253 1.838618 1.47915 3.114347
1 30.9157772064209 -2.902709007263184 -0.8119497299194336 2.840529 1.034804 1.356722 -0.01074773
4 30.92156028747559 -5.880558013916016 -0.4769425690174103 1.085996 0.524483 1.055837 0.0590806
1 -41.05694961547852 -9.536245346069336 -1.585511565208435 3.681686 1.673071 1.289651 -0.9615055
4 36.91542434692383 6.947351455688477 -0.4939139783382416 0.720943 0.442309 1.016413 2.769989
6 -34.60314178466797 29.01102256774902 -1.132232904434204 0.675729 0.156221 0.134755 -1.766213
3 48.95033645629883 3.421624898910523 -0.4649428129196167 0.631902 0.507617 1.307229 -1.86333
3 49.22707366943359 4.338362216949463 -0.4941506683826447 0.57977 0.235474 1.364723 -1.86333
1 -37.78715896606445 -15.46925735473633 -1.001103758811951 3.690599 0.482701 0.85784 -1.136916
3 -23.78638648986816 -13.74795055389404 -0.8511435389518738 0.345055 0.568133 1.128979 -2.680784
1 -28.92439651489258 21.41023635864258 -1.679237008094788 0.9033 1.478821 0.55057 1.496232
1 11.56162834167481 17.83250236511231 -0.8923209309577942 4.100207 1.863218 1.558103 1.542113
1 -16.75958442687988 10.18488788604736 -1.215202569961548 2.69647 1.261246 1.674629 0.004591047
6 -60.46117782592773 0.8866967558860779 -2.019381046295166 1.723922 1.962493 0.439435 3.131133
1 -35.51315307617188 24.63640594482422 -1.644761562347412 2.346616 0.949595 0.790521 -1.684703
4 -3.020320892333984 8.564496040344238 -1.221376776695252 1.633864 0.845447 1.639632 3.125019
1 -44.48920822143555 -6.160648822784424 -2.048470258712769 4.16436 0.793668 0.681576 -0.8597015
1 49.44458770751953 -2.821599006652832 -0.6483644247055054 1.147073 1.573433 1.161534 -0.01858861
4 34.33527374267578 8.590648651123047 -0.5917942523956299 1.091448 0.631662 1.240589 1.201684
3 -7.250473022460938 16.91600799560547 -0.5975411534309387 0.298905 0.364176 0.479644 -1.6048
4 30.48160934448242 8.386457443237305 -0.9105271697044373 0.583381 0.682978 0.666273 0.02619625
1 -27.24894142150879 27.76131248474121 -1.34089457988739 2.084055 0.354562 0.573141 1.389499
3 48.13621520996094 1.957378625869751 -0.5883362889289856 0.558421 0.539229 1.554919 -1.585727
3 -14.40555000305176 -11.4908332824707 -0.8523778319358826 0.371216 0.743124 1.695761 0.3408202
1 25.8619556427002 29.30639839172363 -0.8206800222396851 4.102443 1.096665 1.643264 1.538116
3 38.16480255126953 -9.769553184509277 -0.269574373960495 0.17062 0.367143 0.576262 2.943502
1 18.83044624328613 17.29767417907715 -0.6488036513328552 3.544239 1.922379 1.734467 1.575758
5 -19.26036834716797 -7.123666763305664 -1.648560166358948 0.228525 0.196799 0.355976 2.051551
1 -30.14953231811523 -16.11313629150391 -1.394295573234558 4.805307 1.76089 1.438934 -1.825007
1 47.61010360717773 0.04284602776169777 -0.7061711549758911 1.054231 1.875985 1.310923 -0.01858861
4 -50.43564605712891 12.05826663970947 -2.19384765625 1.313456 0.740793 1.32525 -1.581666
3 -10.2500581741333 28.75423240661621 -1.119868993759155 0.380606 0.516366 1.004166 -1.6048
1 -23.32312202453613 -7.380833625793457 -1.218583583831787 3.63492 1.818926 1.608587 -2.616745
1 -22.18251037597656 19.70355033874512 -1.361344933509827 3.630651 1.738359 1.269072 -3.132989
6 41.68523025512695 7.162996768951416 -1.26947832107544 0.432982 0.268695 0.394679 -1.26937
6 32.23004531860352 8.135826110839844 -0.8749863505363464 0.796076 0.491281 0.510285 0.02619625
1 -27.29646110534668 13.13027477264404 -1.739452242851257 3.697715 1.632271 1.316664 2.188892
1 -21.51166725158691 24.75125503540039 -1.735659837722778 3.738613 1.860257 1.407618 3.056594
1 23.58943176269531 17.20854568481445 -0.6925686597824097 2.817913 1.62288 1.518509 1.56511