1 54.40820693969727 2.620115280151367 0.09584787487983704 0.282439 1.025978 0.63672 0.4035337
3 46.23285675048828 -11.03766632080078 -0.1352431923151016 0.313963 0.405702 1.144295 -0.1256238
1 -15.56815433502197 3.280744552612305 -0.9926742911338806 5.304768 2.086414 1.937692 0.008510975
1 -39.35164260864258 -2.402716875076294 -1.70001220703125 0.630237 1.222384 0.522921 -0.03648455
4 45.78205108642578 -6.477886199951172 -0.4593085050582886 1.060188 0.421808 1.243697 0.6038881
1 3.663616180419922 -22.1338062286377 0.03942309692502022 3.268383 0.993147 0.613853 -1.599452
1 56.08925247192383 7.057572841644287 -0.2316140234470367 1.351311 1.349422 0.729015 0.4199083
1 9.083245277404785 0.6137146353721619 -0.7834420204162598 3.169808 2.039801 1.845929 -0.002126704
1 -13.34568214416504 -20.57002639770508 -0.1414188891649246 0.441212 1.391529 0.999942 -1.521727
4 -5.650790691375732 -6.191221714019775 -1.058753848075867 1.751429 0.729004 1.603146 0.01748057
2 53.90109634399414 -8.386702537536621 0.1560575067996979 6.018875 2.335943 2.121863 0.3434249
1 -1.617757320404053 3.587676048278809 -1.06170928478241 4.795478 2.133528 1.50108 -0.01099195
3 45.84117889404297 -8.921850204467773 -0.3437488973140717 0.460756 0.563389 1.552165 -1.514828
4 -18.97385597229004 -6.233209609985352 -1.064644694328308 1.196858 0.581558 1.369787 0.03586955
1 7.781311988830566 3.560403108596802 -0.9408403635025024 4.216971 1.773235 1.573259 0.02271528
1 -5.785827159881592 -22.42787742614746 -0.002777770627290011 3.987415 1.637834 0.932199 -1.458532
1 8.709784507751465 -21.56816864013672 0.3369269967079163 1.702535 1.745331 1.165098 -1.545432
3 -29.95612144470215 -9.558612823486328 -0.5600930452346802 0.303389 0.648082 0.880173 3.089
3 46.46914672851563 -9.792998313903809 -0.3268767595291138 0.544758 0.780299 1.527907 0.2626618
1 -8.411505699157715 3.406357288360596 -1.171877145767212 4.33323 2.052463 1.498613 5.230029e-05
4 -8.842368125915527 19.97551727294922 -1.401839256286621 0.67844 0.457627 1.661367 -3.113207
1 -0.6646652221679688 -21.50627899169922 0.0674024149775505 1.660699 1.678188 1.1235 -1.510538
3 47.0225715637207 -9.579263687133789 -0.03809230774641037 0.566411 0.537296 0.950337 0.3335478
1 20.22457313537598 0.2944917678833008 -0.4980004727840424 0.630159 1.637154 0.857839 -0.03071957
1 10.9940824508667 -22.55719566345215 0.405716210603714 4.079306 1.432359 1.442526 -1.618253
1 -15.73776435852051 -21.01589965820313 -0.0750417485833168 1.195922 1.520661 0.887045 -1.549483
1 -17.99316215515137 -20.97541427612305 -0.2761559784412384 0.782589 1.309364 0.704246 -1.598382
2 35.89394378662109 0.1830057948827744 0.2556800842285156 0.422317 2.651199 2.445335 0.04965047
1 1.662628293037415 -21.29308128356934 0.2376319915056229 1.195358 1.810066 0.96314 -1.56438
1 6.389515399932861 -21.08642578125 0.1669633239507675 1.246385 1.552569 0.910127 -1.652372
1 3.073828458786011 -2.737536430358887 -1.011401057243347 4.217424 1.981193 1.421175 -0.01000395
4 -4.825282573699951 -5.212228775024414 -0.9898831844329834 1.627225 0.824546 1.618783 0.005997971
1 16.99959564208984 3.425791740417481 -0.7516616582870483 2.731269 1.680497 1.767646 -0.02447852
1 -2.868145942687988 -21.30826950073242 -0.08167313039302826 1.454934 0.992557 0.61316 -1.525475