6 32.12807846069336 12.71180725097656 -0.9166256785392761 1.861989 0.837934 0.4554 -0.003545305
3 30.17476844787598 24.27713584899902 -1.367211222648621 0.470525 0.353541 1.169782 -1.410309
3 24.62723541259766 23.50404357910156 -1.473961472511292 0.447212 0.408446 1.295313 -1.490726
2 -11.95734024047852 18.69643592834473 -0.517783522605896 11.882421 2.984351 2.949333 -3.080152
6 20.25962066650391 -0.1971595287322998 -1.127353668212891 0.387132 0.804503 0.167484 0.0
1 -46.88684463500977 -0.3430247306823731 -1.555840492248535 1.577912 1.887191 1.118652 0.003391573
1 22.24492645263672 0.2925259172916412 -1.043096542358398 3.003263 1.999442 1.438476 0.0
4 -27.63725280761719 -3.480987310409546 -1.226628303527832 1.987133 1.188516 1.442338 3.141592
1 50.64332962036133 -0.1154255270957947 -0.8204957246780396 1.394907 1.455635 0.777347 0.02942799
4 -1.362238883972168 27.12796020507813 -1.614629507064819 2.396615 0.6942 1.415415 0.03861284
4 43.0224494934082 -3.407235145568848 -0.922908365726471 0.758925 0.507726 1.194229 0.01382379
3 24.74081802368164 24.10742378234863 -1.416674613952637 0.289161 0.517479 1.495904 -1.490726
4 26.05794143676758 -3.051716327667236 -0.8770560026168823 1.426712 0.701015 1.565703 3.141592
1 -47.63010025024414 2.822062492370606 -1.566388726234436 0.503694 1.522068 0.5304 -0.00199727
4 54.68180465698242 -3.730130195617676 -0.7128833532333374 0.374157 0.525984 1.194103 -3.062462
4 37.6188850402832 -3.292162656784058 -0.8459720611572266 1.108589 0.617966 1.686721 0.01382379
6 -49.14133453369141 5.4410400390625 -1.733307600021362 3.868995 1.328249 0.419795 -0.00199727
3 -8.10400104522705 -7.907581329345703 -0.648162305355072 0.518808 0.556415 1.766982 -3.06058