6 -41.77459335327148 -19.81557846069336 -1.127277374267578 0.711602 0.181411 0.306147 -1.764657
4 -54.84848403930664 -5.514518260955811 -0.8903156518936157 3.160891 1.023734 1.538938 3.079707
4 -30.89707946777344 -30.68774032592773 -0.3719731867313385 2.155569 0.998815 0.663249 1.240006
4 -14.9736270904541 -3.989322900772095 -0.9933990240097046 1.86753 0.732347 1.556945 3.126199
1 -47.32891464233398 12.06533432006836 -1.645307302474976 4.015333 1.491344 1.128501 -2.68029
3 -22.75933837890625 11.91159248352051 -0.8172200918197632 0.351966 0.5164 1.205796 -3.072991
1 50.16774749755859 4.161602973937988 -1.417863607406616 0.770404 1.653594 0.635571 3.127797
1 -40.24304962158203 27.54490089416504 -1.323202013969421 2.523001 0.485974 1.365692 -1.521634
4 -20.67379570007324 -7.074000835418701 -0.7018430233001709 1.755592 0.64419 1.113767 -1.631924
1 -42.42172622680664 -9.655269622802734 -1.121212005615234 1.965207 1.175142 1.146453 -1.018468
1 -25.67448425292969 10.49604034423828 -1.251099348068237 2.294981 1.664044 1.489956 2.289212
1 -8.152170181274414 3.895053386688232 -1.001990079879761 4.164206 1.692097 1.646823 3.138387
1 -34.66484451293945 -17.72932243347168 -1.104951977729797 1.505761 1.563228 0.677093 1.43751
1 -33.55709457397461 -14.73932933807373 -0.8153846859931946 1.952923 0.480779 1.178612 -1.930203
6 -40.28480911254883 21.76945304870606 -1.77237856388092 0.407842 0.123153 0.636136 -1.748098
1 -46.78951644897461 1.457177996635437 -1.525788307189941 1.171284 1.471671 0.632644 -0.04016048
1 -33.1982421875 20.3626651763916 -1.35247004032135 4.404161 1.669343 1.213494 1.876964
4 -21.62046051025391 -8.984560012817383 -0.5017972588539124 2.552227 0.890888 0.667774 0.03365899
1 -40.79196929931641 31.08952522277832 -1.721843361854553 3.219163 1.537642 1.242851 -1.53477
4 -31.68180274963379 -19.30972671508789 -0.5436566472053528 2.582603 1.184201 1.470126 3.011759
4 -3.507720947265625 10.48068428039551 -1.129840970039368 1.501719 0.675019 1.690617 3.102458
1 -43.44393920898438 15.1308708190918 -1.35483717918396 3.845508 0.641835 1.527525 -2.298541
1 10.66594123840332 4.653292655944824 -1.033449053764343 4.11 2.061498 1.644737 3.138387
1 3.568113803863525 7.568142890930176 -1.160120725631714 4.991534 1.871239 1.480258 -3.097699
3 -26.61651802062988 -16.80606651306152 -0.4713257551193237 0.275549 0.469365 1.343711 -2.167407
1 34.11494827270508 7.535371780395508 -1.350738286972046 3.787625 1.930607 1.326915 3.138387
1 -43.05181503295898 -22.80213165283203 -0.3968038558959961 3.400917 1.231717 0.651949 -1.743336
3 0.9410003423690796 -7.786110877990723 -0.6912728548049927 0.602536 0.938285 1.686909 -1.614555
1 -7.606270790100098 7.73564624786377 -1.122326135635376 4.133485 1.912018 1.607989 3.07418
4 -38.08817291259766 -6.431262969970703 -1.118741035461426 2.61617 0.896397 1.337986 1.505024
3 1.188861966133118 -8.787849426269531 -0.1058913916349411 0.335025 0.634728 0.696922 -1.540913
1 -35.66355514526367 -23.76669883728027 -0.2189071178436279 1.762469 1.117155 0.798314 1.408512
1 -42.05446243286133 -12.63186836242676 -1.022533059120178 2.822424 1.661622 1.388904 -1.592074
1 -30.16446685791016 14.40725612640381 -1.223374605178833 2.871392 1.350805 1.198384 2.172096
1 48.97045135498047 7.362174510955811 -1.626818180084229 1.656371 1.086849 0.610359 3.127797