1 -19.40300750732422 -0.6175212860107422 -1.029379963874817 3.884181 1.752295 1.522976 -0.1096606
1 31.75687789916992 43.76737594604492 -2.62450647354126 0.975423 1.351612 1.629559 -1.574353
4 38.90567779541016 -11.87645816802979 -0.8223618865013123 0.713753 0.395175 1.008114 1.617383
4 -37.38405227661133 -5.175241947174072 -0.8476131558418274 0.847667 0.44063 0.722929 -0.1258443
1 29.59163475036621 35.94842529296875 -1.95848274230957 5.283136 1.799443 1.937438 -1.599742
1 -23.46765327453613 -2.508546352386475 -1.127044081687927 3.975847 1.731341 1.446802 -0.1096606
2 -3.122819423675537 -3.698837041854858 -0.6079759001731873 11.906438 2.762653 2.317692 -0.07192827
1 26.29273796081543 32.99269485473633 -2.288581132888794 4.058341 1.704495 1.447413 -1.585813
6 55.58281326293945 16.45863914489746 -2.128388643264771 4.079942 0.801338 0.469496 2.991429
1 25.69981956481934 -21.05505752563477 -0.9420797824859619 1.190622 0.856523 0.555678 -1.886934
1 33.16989517211914 34.44737243652344 -2.575812578201294 2.405803 1.525001 0.927153 -1.53483
1 -14.5439510345459 0.7201704978942871 -0.8827126026153564 3.0416 2.023692 1.133121 -0.1096606
1 -7.455530643463135 0.1240769326686859 -1.118769645690918 3.697315 2.011928 1.337997 -0.08685429
4 48.36532211303711 -7.180180549621582 -1.026647448539734 0.712712 0.40601 1.270194 -2.451165
3 11.23647689819336 2.200381517410278 -0.9171723127365112 0.825575 0.664286 1.746291 -1.260512
4 44.59401702880859 -4.635585784912109 -1.160629510879517 1.584172 0.641195 1.148818 1.543737
4 17.81113243103027 -13.14048480987549 -0.7337836027145386 1.425826 0.654509 1.688355 0.2763862
1 37.97650527954102 -19.60152626037598 -0.7554206848144531 4.969724 1.708881 1.457577 1.431532
3 18.0581169128418 -25.91512298583984 -0.4056290090084076 0.266943 0.332692 0.804949 -1.82226
4 -44.99775695800781 6.510976314544678 -1.194776177406311 1.351205 0.454421 1.146443 0.2704911
1 31.54800033569336 -7.379410743713379 -1.229558110237122 4.957629 1.938151 0.915896 -2.224437
6 18.30375480651856 -19.80913734436035 -0.1728101521730423 0.408709 0.455904 0.725192 -1.334563
4 9.829514503479004 -8.996550559997559 -0.9135644435882568 2.850201 0.998026 1.646915 -0.1063014
2 34.32736587524414 -22.71375846862793 0.196785107254982 2.154894 2.512224 2.715984 1.40436
2 30.17949104309082 -24.67314720153809 0.1430772244930267 8.852956 2.341849 2.785244 1.42573
1 -14.07490158081055 -3.058099269866943 -1.083468556404114 3.798351 1.221324 1.461077 -0.0724586
1 -27.82647132873535 1.544398546218872 -0.2327404916286469 4.289507 1.892449 1.148233 -0.1096606
4 5.792566776275635 22.99385261535645 -1.595931053161621 1.625332 0.681555 1.705778 -3.048324
6 57.50300979614258 13.78762722015381 -2.179239273071289 3.653225 1.227019 0.495717 2.950351
6 11.96982860565186 -10.19452667236328 -0.5110711455345154 0.061666 0.157649 0.277078 -0.07486887