1 -13.89435863494873 5.962336540222168 -1.104136943817139 3.850649 1.80924 1.458026 -3.115213
5 -5.770771026611328 -2.132431983947754 -1.526858925819397 0.235594 0.223298 0.466431 1.389901
2 -58.59300231933594 7.553702354431152 -0.09667336940765381 0.443726 2.568449 3.334774 -3.118685
5 -5.02034854888916 -2.016988754272461 -1.507601022720337 0.313891 0.253215 0.48101 1.389901
1 -7.380702495574951 22.91349601745606 -1.099679470062256 3.690797 1.898608 1.421304 -1.582011
6 14.26597213745117 10.38375282287598 -1.637171268463135 1.237702 1.13435 0.687931 -3.141592
3 -42.74040222167969 14.63533782958984 -0.7784556150436401 0.450345 0.772955 1.459402 3.106728
1 -25.12278366088867 -1.275955557823181 -1.05905544757843 1.703906 0.662145 1.244842 0.006103295
1 -10.75382328033447 12.78822898864746 -1.082181692123413 4.469536 1.720937 1.625524 -2.03518
6 15.42247009277344 10.25027275085449 -1.480631113052368 1.066049 0.943206 0.975326 -0.0006202885
1 16.80188941955566 -6.655784130096436 -1.150645136833191 4.00594 1.888596 1.478104 -0.01791811
1 -15.55015373229981 -5.255095958709717 -0.945425271987915 4.326082 1.924257 1.771738 -0.01406622
1 -19.51025199890137 3.59398365020752 -1.067172169685364 4.241689 1.786539 1.437989 -3.094287
1 -40.91018676757813 4.007612228393555 -1.25075626373291 0.926891 1.46272 0.828254 -3.118685
4 35.68029403686523 7.767181873321533 -1.124338388442993 1.274244 0.607414 1.422933 -0.004193525
1 4.150681495666504 -6.495731830596924 -0.981660783290863 4.262312 1.859318 1.693385 7.314624e-17
1 -3.061760663986206 6.002391815185547 -0.9242309331893921 3.060497 1.856235 1.498492 2.010928
1 -20.06694793701172 0.7615982890129089 -0.8805809617042542 4.487666 1.983768 1.731737 0.4409134