3 -20.98147010803223 12.49215793609619 -0.7756511569023132 0.233334 0.200805 0.751413 -3.111151
3 3.390630960464478 14.76342487335205 -0.87769615650177 0.749907 0.835702 1.31069 -2.046172
4 3.965995311737061 -5.641936779022217 -1.270711183547974 3.323075 1.272061 1.162231 0.009526621
3 -21.86666870117188 12.75970077514648 -0.6447079181671143 0.653505 0.331712 1.123024 3.119897
3 6.409843921661377 14.36506175994873 -0.9589028358459473 0.560636 0.621385 0.867434 -1.521512
1 22.28393745422363 0.07290634512901306 -1.106226086616516 1.149952 1.849412 1.565513 0.02305625
3 5.23801851272583 14.34624671936035 -0.8047852516174316 0.598436 0.652263 0.813769 -1.619202
5 -9.061829566955566 7.837873458862305 -1.527235507965088 0.475118 0.307501 0.691639 -0.002142204
3 7.986435890197754 14.88596630096436 -0.737601637840271 0.490057 0.658012 1.559666 -2.78824
6 -45.06791687011719 -4.974406719207764 -1.479826211929321 2.313829 0.357852 1.060509 0.007866715
3 8.330439567565918 17.95107269287109 -0.5793532133102417 0.319521 0.631201 1.430754 -1.908083
2 56.89562225341797 8.061930656433105 -0.3721065223217011 5.125435 2.028044 2.413698 3.141137
1 -11.64080047607422 7.955420017242432 -1.099877834320068 4.146359 1.879494 1.528747 3.12428
1 -18.52961349487305 -48.32429122924805 -1.007607936859131 4.38748 0.660632 1.113513 -0.01809642
1 -18.32067108154297 -0.1893047541379929 -0.9703792929649353 3.692153 2.067931 1.702892 0.03409502
3 2.438997268676758 -10.23233795166016 -1.094016194343567 0.877315 0.722713 1.273084 1.341522
1 52.00915908813477 -3.408646821975708 -1.561465859413147 2.807543 0.799349 1.012631 -0.09351278
6 -40.59073638916016 -5.64232063293457 -1.571027040481567 1.47082 0.52218 0.567703 -1.590931
3 0.03504380956292152 15.6467924118042 -0.6513288617134094 0.456575 0.543607 1.765604 1.399607
3 9.495248794555664 15.93549251556397 -0.68044513463974 0.451289 0.704999 1.403107 -2.500387
1 15.98823070526123 -5.060463905334473 -0.9357619881629944 3.714548 1.569758 1.847111 -0.02391294
3 9.129769325256348 14.35911273956299 -0.790589451789856 0.730366 0.822451 1.890791 -2.737726
6 -47.81636428833008 -4.952575206756592 -1.591740727424622 0.467385 0.249885 0.62535 -1.359884
3 -38.7298469543457 -9.619877815246582 -0.9142419099807739 0.384755 0.227524 0.833762 -0.03224399
1 17.28450202941895 4.634390354156494 -1.012957096099854 3.941106 2.040553 1.572151 -2.804513
2 13.21008491516113 7.614513874053955 -0.475512683391571 9.728247 2.954941 2.777404 3.135449
2 37.2426872253418 8.030309677124023 -0.004011182114481926 11.393986 3.040922 3.227876 -3.122249
1 47.43026351928711 -4.133935928344727 -1.411980271339417 3.409038 1.051212 0.955674 -0.002295136
1 10.83761405944824 -5.259682178497315 -0.9660499691963196 4.202452 1.829591 1.734148 0.01607656
3 -35.00734329223633 12.56611824035645 -0.936312198638916 0.430731 0.683657 0.995411 3.133796
5 -10.00339984893799 6.17713737487793 -1.57025146484375 0.188068 0.282455 0.421913 0.03836302
5 24.13161849975586 8.472579956054688 -1.648569107055664 0.272353 0.168037 0.3779 3.071337
5 -8.525517463684082 9.327924728393555 -1.572765469551086 0.519251 0.381662 0.643977 -0.0633373
1 36.88690567016602 -4.603246688842773 -1.492399334907532 4.243003 1.864016 0.911884 0.01073838
4 -57.91004943847656 -5.742316246032715 -1.698289036750794 1.375737 0.651779 0.72348 -1.120501
1 -7.29853105545044 -5.250500679016113 -0.8961047530174255 4.536945 1.826864 1.853021 -0.006347982