6 27.8551025390625 10.94651126861572 -1.261312484741211 2.292652 0.768037 0.437158 2.892151
5 18.90820121765137 9.643327713012695 -1.725387096405029 0.172215 0.26321 0.368392 3.070561
1 -7.729136466979981 0.7751469612121582 -0.908613383769989 4.407942 2.131974 1.764863 0.1651895
1 -1.135299921035767 6.148425579071045 -1.170392513275147 4.242954 1.94046 1.445056 -3.120189
1 26.31874084472656 4.349727153778076 -1.167470216751099 3.828806 1.824811 1.393403 3.128165
5 -11.80959796905518 6.551953315734863 -1.648874521255493 0.160671 0.219212 0.408211 3.141592
1 17.13114547729492 -6.075140476226807 -1.013003826141357 3.967725 1.892161 1.630327 0.003120002
5 7.965973854064941 -1.622996091842651 -1.532983899116516 0.347262 0.292407 0.516521 0.0441272
1 -33.09415817260742 -0.5240302085876465 -1.269953727722168 2.546367 1.676836 1.255785 -0.15749
1 47.01693344116211 4.107421875 -1.172644972801209 1.856029 1.625535 1.041429 3.118901
5 7.214102268218994 -1.72413980960846 -1.506718397140503 0.229182 0.278294 0.404704 0.0441272
3 -30.91005897521973 14.61782646179199 -0.944227933883667 0.647897 0.391671 1.490486 3.080417
1 30.01208114624023 -5.991073131561279 -1.074346780776978 4.095984 1.734658 1.527611 0.03569493
1 -50.9534912109375 -5.2400803565979 -1.652218103408814 1.907832 1.744068 0.816355 -0.1365727
4 -1.704349517822266 12.11892700195313 -0.7940659523010254 1.558279 0.726667 0.769233 -0.3498651
1 -2.656789064407349 -4.867210865020752 -0.9147347211837769 4.528117 1.931353 1.744009 0.01123518
4 4.424559593200684 10.1104736328125 -1.233546853065491 1.771601 0.612008 1.514704 0.01234744
1 2.056704998016357 13.0341100692749 -1.216136813163757 4.103747 1.899342 1.60889 -2.06511
2 -47.23670959472656 7.400266647338867 -0.263457328081131 3.957721 2.582869 3.279331 -3.124247
6 -7.475088119506836 8.811673164367676 -1.790799617767334 0.274274 0.239235 0.315633 -3.134958
1 6.746206283569336 0.09713803231716156 -0.7630846500396729 3.665195 2.012374 1.943512 0.08079687
1 12.68468856811523 3.897106885910034 -1.13046669960022 4.55259 1.755414 1.501951 -0.603951