4 -48.29889678955078 29.63437461853027 -1.615337729454041 0.833858 0.352571 0.719419 3.026847
4 38.42526245117188 -19.47662734985352 -0.7742170691490173 1.631942 0.487387 1.47489 1.49092
4 9.847020149230957 -8.991951942443848 -0.8807568550109863 2.968176 1.085132 1.634667 -0.1274133
4 5.85326623916626 23.02181434631348 -1.604523420333862 1.696701 0.615512 1.717077 -2.920346
3 6.421087741851807 10.8619384765625 -0.9887312054634094 0.55032 0.748563 1.553559 -1.709635
1 26.31636428833008 33.48654174804688 -2.302380800247192 4.055205 1.699536 1.434422 -1.576061
6 50.12896347045898 7.786611557006836 -1.853937387466431 1.147384 1.211481 0.449674 -2.819857
2 34.27509307861328 -23.04036521911621 0.1281470060348511 3.28399 2.739241 3.029948 1.380835
1 -26.4691047668457 -2.456308841705322 -1.185399651527405 3.916272 1.61534 1.19308 -0.0543281
1 -14.03658676147461 -3.055150032043457 -1.061699271202087 3.733834 1.253497 1.419728 -0.0543281
4 17.8769474029541 -13.20654773712158 -0.7458484768867493 1.468201 0.645573 1.704593 0.4818956
1 -27.75395393371582 1.545639157295227 -0.2293601632118225 4.397069 1.821636 1.201397 -0.09956265
1 29.71554565429688 -10.22907447814941 -0.7194875478744507 4.979756 1.917096 1.845182 -2.080557
1 -7.451407909393311 0.1347811222076416 -1.074216604232788 3.692542 2.02035 1.426471 -0.0543281
6 32.26374053955078 43.7713508605957 -2.18689227104187 1.010998 0.307246 0.831396 -1.566516
2 30.20735549926758 -24.73505973815918 0.08737485110759735 8.987638 2.538676 3.058971 1.398457
4 56.11525344848633 -4.100390434265137 -1.350839257240295 0.70589 0.439743 1.130476 -2.596043
2 -3.171943664550781 -3.682652950286865 -0.6073158383369446 11.795691 2.81933 2.316826 -0.06031696
1 -19.29933166503906 -0.5918909311294556 -1.036342024803162 3.689454 1.819605 1.546789 -0.0543281
1 -14.56136989593506 0.6897637844085693 -0.8895673751831055 3.159702 2.135826 1.214988 -0.0543281
2 29.63382530212402 35.90537261962891 -1.988199949264526 5.139858 1.958452 2.054376 -1.605412
1 33.02677154541016 34.44031143188477 -2.552788257598877 2.45729 1.272441 0.928906 -1.509563
6 53.80014419555664 16.77424812316895 -2.050415992736816 0.379104 0.939286 0.330433 0.02326905
6 11.98087024688721 -10.17662620544434 -0.4896450042724609 0.138828 0.169315 0.317581 -0.1535602
4 -37.384033203125 -5.144088268280029 -1.106140732765198 0.87878 0.523391 1.318138 -0.1498295
6 55.89274978637695 14.03550434112549 -2.110520362854004 0.445133 1.418039 0.422032 2.977899