3 39.49894714355469 14.36341571807861 -0.4903897941112518 0.408548 0.407589 0.914 3.131576
1 -14.76027584075928 0.1965264081954956 -1.162732124328613 3.230179 2.092208 1.652773 0.02899761
1 1.24096691608429 -4.790086269378662 -0.9382003545761108 4.384442 1.826899 1.739994 -0.01445809
1 6.271117210388184 13.33358860015869 -0.7385272979736328 2.383895 1.920377 0.86699 -2.071653
1 -46.70498275756836 -4.937538623809815 -1.958146810531616 1.769711 1.339236 0.86365 -0.0220546
1 13.01617813110352 6.763775825500488 -1.040409326553345 4.841659 1.847843 1.512678 -0.9294209
1 21.24752235412598 -6.045453071594238 -0.704731285572052 3.953289 1.92855 1.648723 0.01920561
1 31.78081703186035 10.87347507476807 -1.04197895526886 2.09116 0.882451 0.779512 3.131576
3 -26.70589828491211 14.6672477722168 -1.326613783836365 0.532707 0.331837 1.533326 -3.119731
1 49.62272644042969 4.447027206420898 -0.3960430920124054 1.766644 1.704812 0.665972 -3.136406
1 34.10739517211914 -5.998178005218506 -0.6644805669784546 4.072276 1.773852 1.410962 0.04137425
2 -47.34186935424805 7.47974967956543 -0.9972312450408936 12.200305 2.577941 3.340558 3.140173
5 6.597329616546631 -1.963414430618286 -1.452079176902771 0.245343 0.193634 0.352018 1.5213
5 -3.333068370819092 8.79321575164795 -1.800768613815308 0.223326 0.156625 0.381673 0.03836832
5 -7.70525074005127 6.522935390472412 -1.798056602478027 0.244294 0.23216 0.428206 3.141592
1 9.88156509399414 0.009475350379943848 -0.816505491733551 3.583174 2.190652 1.66958 -0.01445809
5 12.07619190216065 -1.579733490943909 -1.410335898399353 0.234085 0.19649 0.434025 1.478092
4 -1.575434565544128 13.1653642654419 -1.14271080493927 1.638258 0.677123 1.476217 -0.2810594
5 11.31089210510254 -1.713922142982483 -1.381675839424133 0.272204 0.181887 0.393169 1.478092
1 2.856753349304199 6.170050621032715 -1.137411594390869 4.249566 1.877472 1.445596 -3.125359
4 4.295137405395508 11.17680168151856 -1.083460807800293 1.749756 0.85058 1.203504 -0.180043