2 23.94729995727539 -2.448063611984253 -0.2545764148235321 11.805226 2.611938 2.927385 0.07355162
1 -48.32047653198242 -2.353819370269775 -1.459288716316223 2.474763 1.285855 0.764718 0.03224821
1 -29.94210052490234 -4.033024787902832 -1.265685439109802 4.040836 1.7651 1.427846 -0.05312366
4 -43.40810394287109 -7.164868354797363 -1.34069287776947 0.945867 0.55962 0.773471 0.01325705
4 -16.69378280639648 -6.710886001586914 -1.037086486816406 2.938879 1.104477 1.658019 -0.07331254
2 47.13719177246094 7.867747783660889 0.09409238398075104 4.729403 2.54601 3.028363 0.2264566
3 40.76677703857422 26.45918655395508 -1.015098690986633 0.261731 0.571959 0.706644 -3.070085
3 -23.88628959655762 -11.30638217926025 -0.8386397361755371 0.515163 0.856116 1.481217 -0.004197075
4 -44.17787933349609 -7.810996055603027 -1.49242901802063 0.893768 0.655605 1.076929 -0.06793179
1 -58.62815475463867 -2.010926723480225 -1.108104825019836 2.095419 1.41966 1.118979 0.05241596
4 37.98648452758789 27.62797164916992 -1.310099959373474 0.62921 0.469338 0.514694 -3.070085
6 60.01490020751953 0.5219014883041382 -0.7833645343780518 1.467304 0.846412 1.301149 1.883173