1 27.82810020446777 -16.57270622253418 -0.7128980755805969 4.396178 1.713035 1.513252 -1.918756
3 5.599839687347412 22.90732192993164 -1.556875586509705 0.383192 0.543804 1.630901 -2.301658
2 30.16532135009766 -24.65533256530762 0.1158752143383026 8.849913 2.373951 3.063788 1.419152
1 -14.05654621124268 -3.0318443775177 -1.077125430107117 3.769719 1.266849 1.448436 -0.1064932
4 36.9611930847168 21.819091796875 -1.770156025886536 1.169374 0.527072 1.342893 0.8824341
6 55.81616973876953 13.945876121521 -2.08550238609314 0.257368 1.018109 0.326827 -0.0251262
6 6.262988090515137 23.25000953674316 -2.104070425033569 0.856773 0.272541 0.707799 -2.784786
4 -33.16387939453125 28.26614952087402 -1.578646898269653 0.909498 0.456738 0.849138 3.092356
2 29.60946273803711 35.90203475952148 -1.935039162635803 5.252982 1.711127 1.962574 -1.577955
1 -7.460165023803711 0.137992650270462 -1.106501698493958 3.711228 2.008056 1.36569 -0.1000473
1 -28.30337905883789 1.553406238555908 -0.222738653421402 4.438684 1.810895 1.190283 -0.09494959
1 26.31698989868164 33.56123352050781 -2.314513206481934 3.961765 1.734347 1.473832 -1.604741
3 6.849864006042481 17.32304382324219 -1.19215202331543 0.496064 0.699242 1.328525 -1.767623
2 -3.311628341674805 -3.606863021850586 -0.6120107769966125 12.005548 2.952615 2.319415 -0.07319961
6 11.97742652893066 -10.15552234649658 -0.511468231678009 0.080063 0.149605 0.275092 -0.5439367
1 -19.29368400573731 -0.6419060826301575 -1.060926198959351 3.655802 1.704644 1.594971 -0.1394217
4 -38.02807235717773 -5.127028465270996 -1.116309523582459 1.0566 0.565078 1.306109 -0.1078182
2 30.86529350280762 -4.782912731170654 -0.1719772815704346 6.226637 2.530331 3.136342 -2.269635
4 9.806421279907227 -9.03497314453125 -0.8808414936065674 2.910217 1.09098 1.63736 -0.1410283
1 33.18015670776367 34.46931076049805 -2.537484884262085 2.481646 1.610861 0.913398 -1.527867
6 54.16312026977539 16.70377540588379 -2.055624961853027 1.187267 0.841593 0.33625 -0.1055774
2 34.24206924438477 -23.08339309692383 0.08087906241416931 2.996785 2.45767 2.987507 1.406057
1 31.73594284057617 43.88074493408203 -2.608853578567505 0.910895 1.391709 1.645707 -1.660523
1 -14.64887428283691 0.7400678396224976 -0.8828744888305664 3.151983 2.053429 1.201199 -0.1712973
4 42.4149055480957 -13.18989753723145 -0.9271030426025391 1.760549 0.531368 1.192151 1.114025
4 18.01502990722656 -13.11239814758301 -0.7028848528862 1.633579 0.639885 1.625551 0.4190238