1 29.58035087585449 35.90361785888672 -1.936058282852173 5.175481 1.757086 1.93498 -1.610718
1 -7.484047412872315 0.1355276703834534 -1.127301096916199 3.671791 2.009136 1.317273 -0.08249769
1 39.11484527587891 -0.08212145417928696 -1.433880567550659 4.007325 1.334069 0.9213 0.5050845
2 15.67296314239502 4.57063102722168 -0.4538691639900208 11.970238 2.660741 2.807306 0.1050977
1 28.52063941955566 -18.53739929199219 -0.652410626411438 4.193393 1.641219 1.34716 -1.95693
1 26.28207969665527 33.56791687011719 -2.320619583129883 3.997954 1.836411 1.452051 -1.610718
4 9.803038597106934 -8.979650497436523 -0.9217358231544495 2.896657 0.995513 1.647013 -0.08417556
4 14.56341171264648 -19.67963981628418 -0.4338228702545166 2.028347 0.630884 1.569661 -1.553954
1 -14.01200103759766 -3.060527801513672 -1.087586641311646 3.687364 1.26197 1.47308 -0.08111975
1 32.19169998168945 -3.615628957748413 -1.210336565971375 3.926057 1.259889 1.167916 -2.417586
3 -2.681810617446899 25.62663650512695 -1.369741559028626 0.57029 0.364329 1.252651 3.058151
3 5.960516929626465 23.0350341796875 -1.589998960494995 1.21726 0.931965 1.685079 3.058151
4 16.03000259399414 -20.36446762084961 -0.2879557311534882 1.047932 0.581804 1.289 1.382715
2 30.35331916809082 -23.59714508056641 0.1401374191045761 6.670156 2.476441 2.752097 1.415301
2 34.30759048461914 -22.72002983093262 0.8095014095306396 2.224851 2.483189 1.50473 1.427599
1 27.72770118713379 -10.91432857513428 -0.7890908122062683 4.409895 1.676383 1.290048 -2.016129
1 -20.12298583984375 -0.5882713198661804 -1.040718793869019 3.844154 1.770347 1.517585 -0.1133375
1 -14.60667419433594 0.7134307026863098 -0.8622982501983643 3.131038 2.008351 1.161581 -0.1110171
4 42.61487197875977 -13.04499244689941 -0.9337849617004395 1.159988 0.511704 1.163237 0.5856846
2 -28.15305519104004 22.76193046569824 -0.8973414301872253 7.072695 2.38465 1.800762 2.98783
4 -50.66193008422852 -2.971395492553711 -1.072039842605591 0.944895 0.500332 1.292166 -0.1083476
4 2.339726686477661 13.81682109832764 -0.8970964550971985 1.054378 0.571019 0.724525 2.337992
6 11.96458625793457 -10.1912841796875 -0.5179297924041748 0.054834 0.171445 0.2802 -0.08086349
2 -3.156708478927612 -3.619581699371338 -0.607494056224823 12.203078 2.917162 2.315462 -0.07510074
2 24.44846725463867 -26.21086883544922 0.290993720293045 5.846509 2.369566 2.19798 -1.720996
1 33.04304504394531 34.4831428527832 -2.557831764221191 2.499724 1.394396 0.849743 -1.513154