6 -24.2326774597168 -5.826972961425781 -1.052288293838501 1.353158 0.822728 1.287553 -2.943913
4 -1.513963222503662 -5.271430492401123 -1.275874972343445 1.925846 0.595418 1.070002 -1.626173
3 47.56271743774414 11.90163612365723 -0.7813597917556763 0.287252 0.618505 0.747111 -3.049582
4 -3.883585214614868 -5.434666156768799 -1.269672751426697 1.663082 0.609428 1.055386 -1.628517
6 -8.005975723266602 -5.010979175567627 -1.515279650688171 0.618561 0.592377 0.644536 -1.409163
1 9.114212036132812 0.2466917783021927 -1.009101033210754 3.285114 2.138674 1.570411 0.02272833
3 -47.65891265869141 6.219321250915527 -0.8761295676231384 0.31467 0.370151 0.964887 3.095058
1 -10.72983169555664 -5.216176986694336 -0.9404457807540894 4.883288 1.887341 1.756212 0.02657092
4 -5.924829483032227 -5.472272396087647 -1.272263169288635 1.640626 0.556366 1.05859 -1.736903
4 3.649573564529419 -4.86890172958374 -1.138364195823669 1.956969 0.746422 1.348028 -1.616965
4 -5.07864236831665 -5.466788291931152 -1.294702649116516 1.81953 0.576226 1.022632 -1.554325
4 -3.42206597328186 -5.692359447479248 -1.265369772911072 1.859902 0.568449 1.067598 -1.666641
6 -22.80764007568359 -5.645730972290039 -1.086705207824707 1.08714 1.021358 1.410765 -2.947217
1 8.397238731384277 -4.956024646759033 -1.117014169692993 4.359328 1.691038 1.471979 0.03685381
4 1.191458225250244 -5.430992603302002 -1.161968946456909 1.930821 0.656513 1.327354 -1.645986
4 -25.20466423034668 -5.473467826843262 -1.59803056716919 0.526768 0.274381 0.529209 -2.203087
1 -47.26128768920898 5.218839168548584 -1.250616550445557 1.819757 1.775362 1.250014 3.078722
3 4.619100570678711 -8.647387504577637 -0.9400967359542847 0.430904 0.880838 1.564616 -1.052102
6 -21.14435577392578 -5.724462032318115 -1.630341410636902 0.81546 0.307604 0.27979 1.918542
4 -2.902383804321289 -5.404620170593262 -1.313674092292786 1.763123 0.579062 0.978744 -1.863482
4 -14.55604553222656 -4.91395902633667 -1.37877357006073 0.672819 0.799879 0.892333 3.073586
1 39.27210235595703 8.473133087158203 -1.244452357292175 3.777202 1.826866 1.486585 3.119375
4 -28.96857070922852 -5.746933937072754 -1.398600697517395 1.431659 0.442127 0.762121 -2.052583
4 -2.031595468521118 -5.500931739807129 -1.244501829147339 1.748174 0.507689 1.098104 -1.663389
4 2.526343822479248 -5.006072044372559 -1.279028177261353 1.575021 0.523679 1.06646 -1.616289
6 -31.89800071716309 -5.964065551757813 -1.471212029457092 0.969362 0.169737 0.688526 -1.492518
4 -6.850528717041016 -5.066276073455811 -1.25668478012085 1.321216 0.547941 1.10155 -1.159345
6 -34.30659866333008 -5.716097354888916 -1.258079648017883 2.804955 1.283279 1.23159 -0.008748466
4 -0.2855628430843353 -5.087689399719238 -1.189077496528626 2.112313 0.688242 1.288962 -1.71133
1 -44.75657653808594 -4.918142318725586 -0.9661971926689148 4.05245 1.631428 1.827155 -0.5880307
3 -37.60692596435547 -5.295506000518799 -1.474217653274536 0.626788 0.411533 0.612417 1.620214
4 5.220546722412109 -4.920224189758301 -1.201022744178772 1.842292 0.610012 1.228217 -1.623377
1 -58.56770324707031 8.292469024658203 -0.9825478196144104 2.592917 1.334205 1.640741 3.127738
4 -5.490003108978272 -5.458958148956299 -1.290347695350647 1.5482 0.430039 0.998348 -1.674154
6 -26.79012489318848 -5.734162330627441 -1.373648881912231 0.413625 0.195841 0.542208 -2.447369
1 -31.78082275390625 8.308074951171875 -1.000519156455994 4.229728 1.86647 1.65492 -3.115511
3 -36.90724945068359 5.983683586120606 -0.8691085577011108 0.290108 0.682625 1.241332 0.02322936
4 -0.9250487089157104 -5.231456756591797 -1.280088663101196 1.635753 0.615963 1.074446 -1.600618
4 -16.7161750793457 -5.444668769836426 -1.341450452804565 1.157121 0.340938 0.856927 -1.244276
4 -7.406059265136719 -5.151960849761963 -1.282116174697876 1.488943 0.602825 1.095632 -1.263612
3 -1.790015816688538 -3.97575855255127 -0.9571911096572876 0.547342 0.732826 1.723591 0.4159718
4 4.449895858764648 -5.294343948364258 -1.255941152572632 1.808338 0.748345 1.149207 -1.640242
4 -27.82490921020508 -5.814858913421631 -1.289819717407227 1.150145 0.360145 0.930795 -2.111665
4 -4.51611852645874 -5.409562587738037 -1.292670249938965 1.715369 0.594242 1.003498 -1.609238
1 43.866455078125 -4.755911350250244 -1.164034247398377 4.028601 1.575197 1.764864 -0.004440508
4 -6.362946033477783 -5.120295524597168 -1.253760933876038 1.705631 0.621235 1.095702 -1.404085
3 56.33578491210938 -9.029319763183594 -1.069143176078796 0.411401 0.463933 1.127234 -0.0885442
4 1.91978394985199 -5.149596691131592 -1.117488861083984 1.947232 0.711587 1.442777 -1.648997
4 17.43648338317871 -1.33137047290802 -1.07978355884552 2.044816 1.212174 1.511743 -0.005100891