1 -47.43497085571289 -4.107861995697022 -2.112513303756714 3.572678 0.321122 0.762481 3.113958
1 -41.91300964355469 -4.828073501586914 -1.765567064285278 3.777203 1.461597 1.22674 3.089854
5 2.570955276489258 8.837564468383789 -1.746355295181274 0.149956 0.196133 0.403161 1.766414
5 17.93553161621094 -1.549665927886963 -1.394561648368835 0.243263 0.066235 0.375634 -1.640889
4 9.582682609558105 11.55318832397461 -1.149078011512756 1.499246 0.673192 1.546145 -0.3272301
1 8.72508430480957 6.304802417755127 -1.083567023277283 4.321214 1.965267 1.394374 -3.118304
5 -1.814323782920837 6.537559509277344 -1.654872059822083 0.306825 0.31266 0.393397 3.140842
1 39.95138549804688 -6.01580286026001 -0.841957151889801 4.007747 1.734299 1.274093 0.02872145
1 27.1461296081543 -6.079392910003662 -0.736172080039978 3.912971 1.842295 1.703873 0.01495452
1 11.90917015075684 12.80560398101807 -1.110740900039673 3.63717 1.946636 1.607218 -2.060083
4 2.400189638137817 13.80594253540039 -0.9782508611679077 1.658638 0.644391 1.265488 -0.2973081
2 -41.34250640869141 7.611449241638184 -0.6252089738845825 12.334426 2.668268 3.539474 -3.140185
1 18.29246520996094 7.557563304901123 -1.04844069480896 4.681268 1.777487 1.42675 -1.010392
1 7.053203582763672 -4.823697090148926 -0.8911747336387634 4.285408 1.872826 1.721912 0.004307274
3 -20.76799774169922 14.73750495910645 -1.220746874809265 0.287162 0.544802 1.590988 1.935879
1 37.78763961791992 10.9410924911499 -1.084364175796509 2.188509 1.098411 0.678609 -2.68116e-16
5 17.18891906738281 -1.700454592704773 -1.417886018753052 0.186901 0.219835 0.36619 -0.02072389
1 -16.66339492797852 0.2989290654659271 -1.162024974822998 3.2498 2.02058 1.706791 -0.004974633
1 12.83848857879639 -0.07953504472970963 -0.8670504689216614 1.673614 1.908542 1.598068 0.006637108