2 30.15957641601563 -24.79936790466309 0.06618374586105347 9.118145 2.647567 3.189083 1.423012
4 -7.224103927612305 4.59589433670044 -1.07209837436676 1.870771 0.889972 1.586777 -0.04755051
4 -37.51502227783203 -5.146070957183838 -0.8734068870544434 0.908413 0.624424 0.851952 -0.03534998
4 -41.3288688659668 -2.995324373245239 -0.7333149313926697 1.171621 0.469214 0.882562 -0.08278093
1 -7.449107646942139 0.1252256631851196 -1.116140246391296 3.692797 2.033453 1.399801 -0.07291857
1 29.73223304748535 31.60725593566895 -1.8367919921875 5.011787 1.993223 1.937556 -1.590717
2 34.82453155517578 -19.65602874755859 0.04227031767368317 6.41096 3.272997 3.059839 1.442423
4 17.79130935668945 -13.28595161437988 -0.7304617762565613 1.340104 0.665168 1.675773 0.2531949
4 20.32968711853027 -17.15051078796387 -0.5778125524520874 0.996608 0.546439 1.307314 -1.633396
2 -3.184747457504273 -3.621588945388794 -0.6075580716133118 11.857631 3.021433 2.316151 -0.08234098
1 26.29192733764648 24.16784286499023 -2.08874773979187 4.431854 2.179793 1.14158 -1.590717
6 56.32063674926758 13.76719856262207 -2.111473321914673 1.2693 1.21548 0.419747 3.025735
1 -23.52604484558106 -2.568581581115723 -1.126107931137085 4.063121 1.78748 1.461562 -0.06444397
3 16.92857170104981 -10.72512340545654 -0.7569127678871155 0.537422 0.735411 1.753659 -0.8589057
4 4.857833862304688 21.98984527587891 -1.654230237007141 0.897447 0.699012 1.403508 -1.750953
1 -14.60337066650391 0.7380815744400024 -0.8995798230171204 3.232549 2.079753 1.234462 -0.1923714
1 -19.45810508728027 -0.6102609038352966 -1.054258823394775 4.01586 1.795764 1.582142 -0.1553452
1 -27.85296630859375 1.39339017868042 -0.2369900494813919 4.341783 1.912324 1.215596 -0.02929144
3 -48.78863525390625 32.32303619384766 -1.424718856811523 0.32937 0.15886 1.193647 -0.09805772
1 36.16424179077148 21.37097549438477 -2.020154714584351 4.182712 0.64266 1.400966 -1.189016
1 56.49421691894531 10.96688365936279 -2.035290718078613 3.756406 1.585235 0.502866 3.005565
4 52.51943206787109 22.37619590759277 -1.985461950302124 1.044197 0.524955 1.419232 -1.545116
6 11.99472713470459 -10.16168975830078 -0.5170418620109558 0.064894 0.172024 0.296474 2.909353
1 32.21181488037109 39.20098876953125 -2.188150644302368 2.502065 0.356825 1.041978 -1.590717
1 -14.07799434661865 -3.011572122573853 -1.102971315383911 3.802578 1.219113 1.500094 -0.07817563
4 43.43315124511719 -12.14443588256836 -0.929722011089325 1.032407 0.390122 1.160467 -2.275348
4 43.64091110229492 13.81595230102539 -1.660890579223633 1.649513 0.513739 1.389621 1.420681
4 9.810781478881836 -8.969197273254395 -0.9081814885139465 2.918219 1.142163 1.686869 -0.1193786