1 30.85420799255371 -8.472208976745605 -0.9212443828582764 4.429611 1.748701 1.495897 -2.212678
1 -14.52783489227295 0.7071274518966675 -0.8940629363059998 2.960551 2.075164 1.223549 -0.1337299
1 26.3096981048584 33.60178756713867 -2.318592309951782 4.045652 1.6734 1.46139 -1.587674
6 -48.95405578613281 26.09322547912598 -1.407235383987427 1.280308 1.424131 0.379147 -0.09520292
1 33.5245475769043 15.81510162353516 -1.641014575958252 4.115356 1.738393 1.501831 1.142866
4 9.84292221069336 -8.99299430847168 -0.8870155215263367 2.950588 1.1093 1.623277 -0.08344615
3 0.891298770904541 25.2290210723877 -1.480593085289002 0.591829 0.570305 1.31837 0.9480928
3 41.97885131835938 23.83376884460449 -1.770610332489014 0.327042 0.682908 1.463517 2.944752
1 -19.46847724914551 -0.6445947885513306 -1.03480339050293 3.568762 1.740676 1.531117 -0.1729972
2 -3.306501865386963 -3.675760507583618 -0.6178175210952759 12.056619 2.8527 2.333535 -0.06716476
6 16.04609107971191 -15.14054870605469 -0.1649067252874374 0.395659 0.590034 0.488569 -0.9714308
4 -45.89876556396484 -4.18988037109375 -1.098716378211975 1.291119 0.505413 1.466108 -0.1573894
2 29.58677864074707 35.86513519287109 -1.939036846160889 5.20514 1.658489 1.954565 -1.604144
1 -14.04970359802246 -3.169886827468872 -1.063590407371521 3.802407 1.445956 1.424276 -0.0764538
3 5.994755268096924 23.03106307983398 -1.683068633079529 1.231006 0.916576 1.570739 3.052412
3 42.41176223754883 -13.43007278442383 -0.681236743927002 0.509907 0.272938 0.63183 0.9334437
2 34.19349670410156 -23.09081077575684 0.1358374208211899 3.218166 2.614889 3.028707 1.415533
1 59.57457733154297 4.993628978729248 -1.704441666603088 3.776093 0.554504 0.733247 -1.771262
1 25.43986892700195 -14.10078811645508 -0.8601693511009216 4.293183 1.572896 1.466949 -1.928393
1 -7.45844316482544 0.1413637697696686 -1.11832582950592 3.700332 2.018922 1.349268 -0.08521977
4 48.00274658203125 19.38699722290039 -1.913621306419373 1.213163 0.626265 1.565201 2.146506
4 -2.864186763763428 19.51951217651367 -1.29014003276825 1.01974 0.505559 0.942527 2.332914
6 11.96323013305664 -10.16497421264648 -0.5100336670875549 0.120591 0.13007 0.306402 -0.1341365
1 33.18109130859375 34.45739364624023 -2.606803178787231 2.494457 1.617665 1.031125 -1.526218
2 30.17187309265137 -24.70320320129395 0.1123716160655022 8.959332 2.440383 2.869945 1.437185
1 31.68534851074219 43.49513244628906 -2.608816385269165 0.804955 1.487842 1.686894 -1.603088
2 20.7287540435791 5.605589389801025 -0.4037796854972839 10.338311 2.848894 3.028968 0.2294459
4 14.25553894042969 -7.947651386260986 -0.9213663339614868 1.696669 0.749383 1.484675 1.182837
1 22.9677906036377 -23.28429222106934 -0.4268038272857666 3.262135 1.407406 0.928657 -1.851298