3 5.67835283279419 24.57515525817871 -1.788333415985107 0.356341 0.617081 1.584207 1.367431
6 55.74495697021484 13.67471599578857 -2.09683084487915 0.188296 0.73072 0.373701 0.3713737
1 -14.46492767333984 0.7281414866447449 -0.9036685228347778 2.802232 2.074054 1.244244 -0.1474028
2 -3.15044641494751 -3.721033334732056 -0.6334463953971863 12.134348 2.752453 2.362827 -0.06402963
1 25.98096084594727 33.55227661132813 -2.663208484649658 3.937978 1.080704 0.763368 -1.560724
2 34.29425811767578 -22.66625213623047 0.1923189759254456 2.227565 2.455035 2.751064 1.382073
4 -14.89914226531982 26.41569137573242 -1.553969979286194 1.047992 0.459401 1.041396 3.089694
4 42.35926818847656 -13.20626258850098 -0.9696683883666992 1.961161 0.51564 1.237438 1.111179
4 9.83421802520752 -8.991802215576172 -0.8903209567070007 2.932834 1.110636 1.648506 -0.06877337
1 -14.06115627288818 -3.045979261398315 -1.072870492935181 3.787946 1.275133 1.442795 -0.07940213
1 33.07689666748047 34.44954299926758 -2.556744575500488 2.516129 1.40957 0.91333 -1.535276
4 20.93806076049805 3.705242395401001 -1.161989808082581 1.653341 0.522323 1.481306 0.9508302
1 35.21818542480469 -3.988733053207398 -1.35168731212616 4.774061 1.188156 0.879145 -2.264767
1 -46.890380859375 2.729123830795288 -0.5353682041168213 4.967332 1.734031 1.425774 -0.04261503
3 5.926390171051025 23.08791351318359 -1.61754047870636 1.127939 0.763701 1.740476 0.8845162
2 35.94333648681641 18.49431800842285 -0.7357165217399597 11.571869 2.512262 3.751428 1.081994
2 29.61639785766602 35.91915512084961 -1.973122358322144 5.197377 1.725203 2.004756 -1.590713
4 18.00283432006836 -13.20313930511475 -0.7198914289474487 1.456389 0.790397 1.643921 0.3848152
1 -7.454461574554443 0.1363504528999329 -1.116543412208557 3.704972 2.042987 1.369297 -0.06402963
2 30.16565132141113 -24.6881046295166 0.1045757159590721 8.873771 2.59472 2.881376 1.422521
4 -39.42146301269531 -4.997940063476563 -1.160794258117676 1.208164 0.644789 1.35714 -0.1483548
1 31.71901702880859 43.83239364624023 -2.629925012588501 0.842489 1.393299 1.692554 -1.6504
6 11.97655868530273 -10.17003440856934 -0.5185389518737793 0.10594 0.17254 0.297703 -0.2102501
1 -19.44140434265137 -0.6166518926620483 -1.053089261054993 3.961437 1.76642 1.581815 -0.1212652