1 21.44598197937012 -29.2103157043457 -0.4827827513217926 2.159491 1.508416 0.991719 -1.84928
4 42.42219543457031 -13.12103939056397 -1.029840469360352 1.758857 0.528656 1.377851 1.098457
1 -14.54259586334229 0.7034429907798767 -0.900300920009613 2.987509 2.074149 1.237164 -0.1240158
1 35.69681549072266 21.58778762817383 -1.955872297286987 4.146677 1.717928 1.381836 1.235963
2 -3.318941116333008 -3.545618772506714 -0.6106037497520447 12.071189 3.009391 2.318332 -0.09334156
4 -5.608749389648438 21.89227676391602 -1.441034197807312 1.407282 0.471724 1.187444 2.409895
1 -7.454033374786377 0.1393716633319855 -1.103959441184998 3.691336 2.019918 1.372565 -0.0741146
3 2.346124410629273 25.18435668945313 -1.700448632240295 0.94986 0.592419 1.762596 -3.10849
2 30.12467193603516 -24.70103645324707 0.1280044317245483 8.935427 2.575367 2.800225 1.424141
1 29.69059181213379 35.88024520874023 -1.943151712417603 5.125652 1.775723 1.963261 -1.616611
2 25.00469589233398 7.000494956970215 -0.3733229041099548 12.127726 2.5979 3.204219 0.3396226
4 -43.90924835205078 -4.400491714477539 -1.037453889846802 0.984211 0.495013 1.393757 -0.09981702
4 15.22085380554199 -5.382086277008057 -0.936791181564331 1.696722 0.694151 1.524881 1.139929
4 9.814776420593262 -8.996195793151855 -0.8813269138336182 2.908993 1.085277 1.633364 -0.08682249
3 6.050375461578369 23.09869956970215 -1.612131953239441 1.340054 0.649667 1.694725 -2.868416
1 32.99091339111328 34.39035415649414 -2.559796094894409 2.32249 1.224936 0.861223 -1.531634
1 31.67915916442871 43.72158432006836 -2.59156084060669 0.874113 1.489242 1.646589 -1.707754
1 26.30356407165527 33.65484619140625 -2.646672487258911 4.040963 1.749744 0.745995 -1.616843
4 17.22282791137695 -13.69375324249268 -0.7249163389205933 1.405017 0.721594 1.667061 0.678544
1 24.18526458740234 -18.50094223022461 -0.6475729942321777 2.114069 1.264216 1.391433 1.513721
1 60.96994018554688 2.590028524398804 -1.520928740501404 3.422856 1.952167 1.299178 2.200336
2 34.32129287719727 -22.67794227600098 0.2325472384691238 2.210629 2.463597 2.720784 1.407933
4 46.78829193115234 24.25968360900879 -2.066393852233887 1.426535 0.485153 1.297367 1.737543
1 -19.45634269714356 -0.6113866567611694 -1.038947463035584 3.840215 1.736882 1.548628 -0.1240158
1 -14.03646373748779 -3.078914880752564 -1.064009785652161 3.753374 1.256538 1.42406 -0.0741146
1 28.58431243896484 -12.10235404968262 -0.8899124264717102 4.57901 1.470571 1.470462 1.071117