3 10.66356563568115 32.03622817993164 -1.200351595878601 0.322283 0.353155 0.66241 0.08105204
3 16.58305740356445 -4.772420406341553 -1.21128249168396 0.716521 0.423219 1.027209 -1.48949
3 9.092455863952637 7.207714557647705 -0.5847507119178772 0.355305 0.564518 0.779697 0.6548043
4 -2.244601488113403 11.40204811096191 -1.202006101608276 2.0082 0.688586 1.505768 2.557319
3 -5.727051734924316 13.56016635894775 -0.9380204677581787 0.641215 0.389783 1.130104 -2.908822
1 41.20263671875 -4.356093406677246 -0.8582819700241089 4.17838 1.708257 1.682998 0.02132485
4 -9.726706504821777 -9.48769474029541 -0.6630111336708069 1.385107 0.864962 0.699613 3.112097
3 22.1253776550293 52.75810241699219 -0.2463063150644302 0.209765 0.48646 1.357816 1.254949
3 -7.818367004394531 8.292817115783691 -1.116875171661377 0.598 0.601105 1.653978 0.6269941
6 14.17794799804688 -5.076779365539551 -1.219173192977905 1.5552 0.672438 1.043596 -1.668796
1 -10.65583419799805 -4.383604049682617 -1.084131002426148 4.153081 1.67255 1.516512 -3.038238
1 6.844939231872559 -4.098567962646484 -0.8710562586784363 3.472818 1.681768 1.861388 -0.568848
5 -13.16035652160645 -2.763664960861206 -1.519119739532471 0.260879 0.233662 0.549587 3.137685
4 0.4243391156196594 -5.101542949676514 -1.255126714706421 1.629466 0.504401 1.07606 -0.9072201
4 -16.29415512084961 8.891863822937012 -1.44493556022644 1.604471 0.515825 0.965405 0.816995
3 -7.185213088989258 8.914216995239258 -1.038618564605713 0.584491 0.342603 1.751421 1.447967
3 9.294468879699707 27.14402770996094 -0.7078791856765747 0.543078 0.464731 1.773318 -1.44524
4 -9.95328140258789 9.054621696472168 -1.37230920791626 1.014 0.676853 1.08431 2.18504
6 12.47997283935547 -5.22043514251709 -1.343512058258057 1.127279 0.884852 0.948965 -1.449991
4 -10.69249153137207 9.622492790222168 -1.428452610969544 1.262292 0.539842 1.024277 0.4735465
3 8.562569618225098 7.762547969818115 -0.6901016235351562 0.395515 0.556456 0.989201 -2.17288
3 3.211268424987793 19.81661605834961 -1.020889401435852 0.491373 0.707231 1.698117 1.087297
4 6.285275459289551 -5.502085208892822 -1.458375573158264 1.666589 0.394891 0.765897 -0.3861895
3 -43.93225860595703 10.37289524078369 -1.055434823036194 0.444978 0.544601 1.418039 -5.404102e-07
3 -6.935108184814453 8.171679496765137 -1.125495672225952 0.406762 0.669561 1.621754 1.998377
5 -21.37272071838379 -2.887601613998413 -1.419449210166931 0.245122 0.154157 0.392396 3.12651
3 -18.19827461242676 -3.316031932830811 -1.08276104927063 0.761141 0.648918 1.526892 3.132101
1 -4.261320114135742 -4.922160148620606 -1.08754312992096 4.657539 1.992925 1.507736 1.664245
4 24.35289764404297 -5.168632984161377 -1.420120000839233 1.251517 0.230221 0.52586 -1.988026
4 37.54756546020508 -4.875688552856445 -1.329105854034424 1.808845 0.690878 0.753361 -1.835263
4 -13.23409938812256 8.529569625854492 -1.393613576889038 1.278951 0.483149 1.085457 0.5600352
6 28.04384613037109 -5.186892032623291 -1.136304974555969 1.122621 0.860099 1.26304 0.3480746
4 -11.13351249694824 8.392939567565918 -1.558089852333069 1.633105 0.613284 0.842206 0.5643913
4 -9.238472938537598 9.063895225524902 -1.396600604057312 1.424418 0.39707 0.971878 2.424021
1 4.224731922149658 33.3067626953125 -0.7180337905883789 4.622019 1.619142 1.839123 1.631449
1 -32.36367416381836 -4.782271385192871 -0.8131063580513 4.540999 1.391582 2.026152 -0.1994499
1 -6.979071617126465 -4.22078800201416 -1.04560399055481 3.936839 1.962973 1.465455 1.512212
4 -5.706187248229981 9.980387687683105 -1.422200083732605 1.49222 0.396698 0.968524 1.421153
1 -22.20422744750977 -5.260669708251953 -1.119997143745422 2.106593 1.758699 1.477893 -3.066833
4 -15.73126220703125 8.206829071044922 -1.455241918563843 1.453818 0.363436 0.936105 0.06643967
4 -12.38455772399902 9.123275756835938 -1.405761957168579 1.309046 0.67344 1.004275 0.1214444
3 14.8369779586792 30.66339111328125 -0.3043846189975739 0.513603 0.327744 0.939943 -1.341865
1 -39.64103317260742 -4.191912651062012 -1.047521471977234 2.288563 1.299604 1.520418 -0.08206365
4 13.34763622283936 -5.278285503387451 -1.284075379371643 1.258426 0.524833 0.875633 -1.580382
4 -7.011201858520508 9.959319114685059 -1.357762455940247 1.500492 0.616448 0.840393 1.518179
3 10.51717948913574 34.79630661010742 -1.186093211174011 0.30554 0.626389 0.424336 -2.426254
3 -21.97887992858887 8.805197715759277 -1.141198635101318 0.311919 0.55891 1.545501 -1.005244
3 14.82018089294434 7.008305072784424 -0.8423019647598267 0.533917 0.812443 1.294891 -0.1377838
4 -11.74123859405518 8.592273712158203 -1.503632426261902 1.485985 0.472591 0.938953 0.8917082
5 -2.654809951782227 -2.444799900054932 -1.32100784778595 0.302371 0.253515 0.379803 3.092613
6 3.130200386047363 -5.899237632751465 -1.572700023651123 1.15405 0.580746 0.542545 -1.659918
4 -10.29508113861084 8.447047233581543 -1.415342807769775 1.176458 0.405669 0.822266 0.7816542
3 4.180060386657715 20.30515289306641 -1.008383274078369 0.723258 0.65389 1.717693 0.871918
3 14.3558464050293 31.3741569519043 -0.5678503513336182 0.600903 0.73477 1.639643 -1.341865
6 -12.13886833190918 -7.434178352355957 -0.5294933319091797 0.336138 0.31554 0.637367 -1.367972
4 2.598874568939209 -3.793030738830566 -1.131406545639038 1.79982 0.800116 1.350993 -1.424105
6 35.49603271484375 -4.852542877197266 -1.362375140190125 1.212434 0.224848 0.458648 -1.436775
1 19.86381721496582 9.015633583068848 -1.093985438346863 4.271641 2.181981 1.811435 -3.126869
4 -6.42875862121582 9.073391914367676 -1.173834443092346 1.609554 0.577511 1.463781 1.08356
4 -15.21259880065918 8.908343315124512 -1.375662088394165 1.29139 0.480844 0.996791 0.245904
3 9.70639419555664 26.35007476806641 -0.7915550470352173 0.332331 0.424604 1.592755 2.465811
1 -1.2721027135849 -4.496288299560547 -1.083251595497131 3.861536 1.904653 1.505638 1.5843
4 -11.13831806182861 9.937488555908203 -1.410528540611267 0.885383 0.499007 1.055918 0.625403
6 22.5844898223877 -5.08812427520752 -1.292470455169678 0.916422 0.711271 0.755319 -1.540891
3 10.77515506744385 38.74946212768555 -0.83998042345047 0.922937 0.89836 1.556492 -2.426254
5 -19.44010353088379 -2.87731146812439 -1.508720874786377 0.317997 0.207648 0.600994 -3.105778
3 -45.94773483276367 -14.69966506958008 0.7212421298027039 0.891852 0.979991 0.683282 0.0705511
2 4.119665622711182 55.14865493774414 -0.4519930183887482 5.757293 2.104274 2.329841 1.617132
1 -24.33487319946289 -9.61332893371582 -0.95571368932724 2.839623 1.655799 1.727441 0.1357826
3 -23.58865356445313 -54.50153732299805 -0.2024316340684891 0.636528 0.369025 1.428169 0.09178503
4 -18.13356399536133 9.0285062789917 -1.457988381385803 1.242672 0.296736 0.768515 -0.1013808
4 23.25658226013184 -5.309731960296631 -1.189924001693726 0.430901 1.815854 0.501869 -1.194031e-16
3 -21.08596038818359 -14.06004905700684 -0.900650143623352 0.339731 0.513369 0.97139 3.111849
5 -11.23064136505127 -2.642832040786743 -1.510464549064636 0.341026 0.168901 0.511827 -3.110313
1 50.78942108154297 -3.714035987854004 -1.438307404518127 2.818371 0.263109 0.635606 0.2018944
4 -5.180921077728272 9.92306900024414 -1.380160808563232 1.440393 0.536725 1.0577 1.449532
6 19.31806564331055 -4.90611457824707 -1.075621843338013 1.909374 0.235472 1.440454 0.0
3 10.68411827087402 52.01145172119141 -0.869459867477417 0.366477 0.647846 1.418452 0.6011236
1 11.25942802429199 -0.3329172730445862 -0.9891721606254578 3.493077 1.802644 1.614798 3.093802
4 5.385117530822754 -5.705410480499268 -1.285837292671204 1.642231 0.45131 1.058085 -0.8017783
2 -12.4082202911377 -13.94565773010254 -0.4931654334068298 0.302937 1.624235 1.834572 -2.087466
6 -14.24551391601563 -6.677772998809815 -0.4244490265846252 0.265202 0.473125 0.307003 3.125674
5 -5.847733974456787 -2.236919164657593 -1.485747933387756 0.281488 0.299803 0.640782 3.092613
6 26.79628562927246 -4.8819260597229 -1.401473045349121 0.838959 0.292416 0.257496 -2.267983
4 14.86246013641357 -4.995970726013184 -1.325926303863525 1.288266 0.520529 0.646873 -1.583443
1 4.022431373596191 44.11128997802734 -1.150631070137024 3.680489 0.589177 1.045322 1.633213
5 -9.276641845703125 -2.444659948348999 -1.485108494758606 0.349826 0.259118 0.635662 -3.067713
4 3.270926237106323 -4.086205005645752 -1.5285484790802 0.419314 1.550858 0.503165 0.0
6 29.25605010986328 -4.766341686248779 -0.9801609516143799 1.068933 0.228754 1.38287 0.3765452
1 38.9784049987793 -0.7251896262168884 -0.6853596568107605 1.647788 1.191027 0.806203 -0.001904848
3 36.62493515014648 -3.688911199569702 -0.9391751289367676 0.331448 0.57755 1.388821 0.1067941
6 25.16053581237793 -5.378158569335938 -1.148717164993286 1.180844 0.596737 0.589215 -2.162615
4 -17.12830352783203 8.605630874633789 -1.465805768966675 1.509305 0.487035 0.695127 1.170468
3 7.577263832092285 18.86661148071289 -1.048575043678284 0.518002 0.514739 1.471315 1.509464
3 13.83602619171143 32.15543365478516 -1.133157014846802 0.332653 0.158793 0.412765 -1.341865
1 6.941002368927002 5.163990497589111 -1.101145505905151 4.294271 1.778033 1.501905 2.937028
6 17.62768745422363 -5.272274971008301 -1.040537357330322 1.208287 1.074726 1.383197 3.440688e-16