6 55.82298278808594 14.08354091644287 -2.086827754974365 0.293674 1.303699 0.394885 3.09062
1 -14.48208141326904 0.6770549416542053 -0.8937591314315796 2.907348 2.074734 1.223247 -0.09267924
4 -38.02479934692383 -5.136794090270996 -1.134022951126099 1.025223 0.627202 1.347407 -0.03416267
1 -7.455856323242188 0.1419594287872315 -1.069908618927002 3.693783 2.019394 1.454282 -0.09267924
4 42.24553298950195 -13.67822933197022 -0.9459933042526245 2.039861 0.760596 1.225521 1.091345
1 -14.05009460449219 -3.025097608566284 -1.075172066688538 3.79615 1.234004 1.445652 -0.09407967
6 11.96847057342529 -10.1516923904419 -0.5148159861564636 0.137438 0.171899 0.279335 -0.1206879
1 -19.35548973083496 -0.622055172920227 -1.017129182815552 3.798965 1.732657 1.508382 -0.09267924
4 -29.37937545776367 27.9705924987793 -1.692728042602539 1.089679 0.393386 1.308413 3.106363
1 33.06512832641602 34.37035751342773 -2.598869800567627 2.317573 1.461001 1.030424 -1.621541
2 37.13893508911133 1.435482382774353 -0.388083815574646 6.499618 2.512302 3.208546 -2.487966
1 -29.91651153564453 1.488669872283936 -0.2902448177337647 4.530489 1.970232 0.992911 -0.05650257
3 6.021958827972412 23.05784225463867 -1.577356338500977 1.367217 0.603244 1.669414 -2.805928
2 39.86741638183594 49.76390838623047 -1.692480325698853 9.287576 2.597026 3.072089 1.523452
1 26.26198768615723 33.57833480834961 -2.643254041671753 3.936429 1.664935 0.746307 -1.585098
4 18.01115036010742 -13.10377502441406 -0.7035657167434692 1.628518 0.633518 1.62592 0.4490102
2 34.33243179321289 -22.68913841247559 0.3112775087356567 2.260262 2.61243 2.918992 1.381228
6 54.16878128051758 16.72968292236328 -2.045419692993164 1.171842 0.974 0.378485 3.089031
2 -3.290016889572144 -3.66066575050354 -0.6134797930717468 12.02236 2.843992 2.322352 -0.0657194
3 7.167520046234131 18.99247550964356 -1.405997157096863 0.555026 0.710707 1.610343 -1.544233
4 9.810493469238281 -9.004599571228027 -0.8804248571395874 2.929746 1.158134 1.635335 -0.1111828
4 33.40869903564453 17.92571449279785 -1.632373571395874 1.492756 0.548107 1.388798 -2.285985
1 31.22294616699219 -8.173665046691895 -0.8980914354324341 4.514533 1.607251 1.456488 -2.081153
2 30.16946983337402 -24.78205108642578 0.1803727000951767 9.106767 2.629903 3.049324 1.431016
1 29.56138420104981 35.87851715087891 -1.924776792526245 5.176309 1.84189 1.93405 -1.586786