2 34.38069152832031 -22.81064033508301 0.8030266761779785 2.173931 2.53741 1.539794 1.478648
4 -22.04564666748047 27.11620140075684 -1.847687363624573 1.266548 0.389156 1.544341 3.063649
3 5.932214260101318 23.11299324035645 -1.622247695922852 1.268229 0.611416 1.759912 -2.57733
1 -34.37139511108398 1.73157274723053 -0.635807454586029 1.888201 1.6617 1.663185 -0.05368225
4 18.08078765869141 -13.02993297576904 -0.7477387189865112 1.56324 0.629337 1.707451 0.3027997
1 29.62897682189941 35.91304397583008 -1.950811743736267 5.180614 1.754102 1.977271 -1.60368
4 -38.07190322875977 -5.187656402587891 -1.10004985332489 1.056261 0.61849 1.280799 -0.1512199
4 9.818814277648926 -8.99239444732666 -0.8972260355949402 2.944727 1.071895 1.665743 -0.1025957
3 7.260991096496582 22.6154956817627 -1.612686395645142 0.626495 0.646501 1.728331 -2.416688
1 33.00672149658203 34.45384979248047 -2.55438756942749 2.447041 1.280943 0.930232 -1.516224
1 26.8147144317627 -18.66810417175293 -1.011338114738464 4.76853 0.989901 0.821913 -1.8857
1 26.3386116027832 33.58597183227539 -2.31002950668335 4.01771 1.76923 1.43973 -1.577231
6 56.03009033203125 13.71549987792969 -2.107742071151733 0.65738 1.359352 0.347495 0.3322046
1 42.14817810058594 4.55602502822876 -1.264034509658814 3.93093 1.638616 1.454549 -2.551942
2 30.08658981323242 -24.65546798706055 0.358194887638092 8.868384 2.402661 2.404719 1.422248
1 -14.52879905700684 0.6763706207275391 -0.864111602306366 3.066268 2.095483 1.163871 -0.0749699
1 -14.02444458007813 -3.052383422851563 -1.095185160636902 3.739213 1.250681 1.486477 -0.06429596
6 11.97157096862793 -10.18087577819824 -0.5182620286941528 0.200368 0.107986 0.28269 -1.012752
4 26.5842227935791 10.6813325881958 -1.40277099609375 1.635053 0.541676 1.505712 0.7892158
4 42.32920455932617 -13.5698356628418 -0.9557031989097595 2.345189 0.778592 1.229701 1.157326
1 -7.457931041717529 0.1403546780347824 -1.093858957290649 3.700942 2.021121 1.374197 -0.07185472
2 -3.040955543518066 -3.667236328125 -0.6111941933631897 11.971539 2.863638 2.320722 -0.07767963
1 -19.36071014404297 -0.5763692855834961 -1.050746321678162 3.819229 1.76126 1.575764 -0.07760442
2 39.16805648803711 32.12994766235352 -1.326878309249878 11.540753 2.580058 3.729434 1.468555
2 52.26569366455078 8.99208927154541 -0.6627171039581299 6.100482 2.42385 2.754857 -2.874508