4 13.25706386566162 11.37989807128906 -1.269665598869324 1.736564 0.931239 1.677811 2.54251
1 13.7543306350708 -4.330686569213867 -1.148388981819153 3.361452 1.978813 1.565352 1.734293
3 1.130759835243225 -4.566787242889404 -0.9771065711975098 0.7523 0.569892 1.722775 -2.438363
5 15.01795864105225 -2.732047557830811 -1.496267199516296 0.219767 0.279418 0.668427 -3.128955
3 7.514910697937012 8.167853355407715 -1.195070385932922 0.609051 0.697254 1.752894 0.4482062
4 5.005252838134766 8.521584510803223 -1.488737344741821 1.157742 0.33062 0.86805 0.6548679
3 -6.830187320709229 9.061290740966797 -1.189074397087097 0.40363 0.815399 1.819724 -1.565107
5 9.175086975097656 -2.173523664474487 -1.456670880317688 0.392552 0.318672 0.698337 -3.128955
3 22.94317626953125 18.75366592407227 -1.017006635665894 0.663212 0.566027 1.425477 -1.582978
3 -2.915570735931397 -4.433279991149902 -0.9522701501846313 0.704624 0.889786 1.69425 1.487743
4 8.402109146118164 9.937843322753906 -1.388932824134827 1.110549 0.525879 1.028986 1.080925
4 3.50993537902832 8.75816535949707 -1.425013661384583 1.488046 0.543123 1.057687 0.549307
1 -25.43657684326172 -3.813602447509766 -0.8231201767921448 4.263114 1.621312 1.466923 0.04601309
5 16.68664932250977 -2.624095439910889 -1.642182111740112 0.308247 0.288703 0.426331 -3.128955
3 8.434469223022461 8.183855056762695 -1.154671430587769 0.590946 0.541454 1.621821 0.7329388
1 19.96345329284668 33.0898551940918 -1.01666522026062 4.355801 1.938348 2.024941 1.567183
3 25.24038696289063 26.19505882263184 -0.9584729075431824 0.419441 0.392614 1.43074 0.6731077
4 -2.808172941207886 9.19266128540039 -1.506413817405701 1.44874 0.589796 0.870451 0.0503641
5 -6.183184623718262 -2.614607334136963 -1.486936807632446 0.316038 0.289762 0.650906 -3.128955
2 20.06831932067871 57.69398880004883 -0.7459165453910828 11.001154 2.35388 2.457814 1.546366
3 26.33697128295898 31.87143325805664 -1.249135136604309 0.345166 0.390638 0.696548 0.04370036
1 -17.3448486328125 -4.509055137634277 -0.6969066262245178 5.003121 1.891057 2.05883 -0.1804792
3 7.881691932678223 8.979988098144531 -1.136366248130798 0.510011 0.569868 1.858126 0.176248
3 18.32875633239746 17.71490859985352 -0.9380353093147278 0.347428 0.463109 0.990614 0.6555122
4 4.480564594268799 9.758109092712402 -1.426406025886536 1.553533 0.556765 1.040009 0.5699062
4 9.230303764343262 10.5240478515625 -1.362948179244995 1.578531 0.282439 0.977017 1.268246
1 7.915641784667969 -4.047483444213867 -1.024823904037476 3.744774 1.937506 1.467915 1.6343
1 -9.526317596435547 -9.353521347045898 -0.8164005279541016 3.576019 1.78904 1.771521 -3.040518
4 1.778852343559265 8.682352066040039 -1.446575164794922 1.480783 0.650686 1.049748 0.5710322
1 -51.32351684570313 -5.158381462097168 -0.4944669306278229 0.92825 2.192138 1.920286 -0.0209712
1 48.66237640380859 -1.326490879058838 -0.9868519306182861 1.83744 1.201404 1.132435 0.02770031
5 5.690665245056152 -2.286432504653931 -1.463566422462463 0.357553 0.275303 0.684536 -3.128955
1 22.08404350280762 -4.435423374176025 -0.9483473300933838 3.979209 1.72776 1.828996 -0.6454019
1 4.048779010772705 -4.325625419616699 -1.026816368103027 4.433008 2.031857 1.502672 -3.057677
4 5.989114284515381 9.213455200195312 -1.417274475097656 1.506618 0.648698 1.003285 -0.6020915
3 26.68059730529785 39.2457389831543 -0.7349674105644226 0.346167 0.401889 1.323767 -0.02700357
1 13.35922050476074 -0.2069713771343231 -1.029319643974304 3.341843 1.932195 1.596934 0.00133591
3 29.36018943786621 6.743947505950928 -0.9566453099250793 0.732538 0.72454 1.284728 0.003970193
5 -3.640192747116089 -2.966765880584717 -1.510337710380554 0.44044 0.355854 0.609529 -3.128955
3 17.53961753845215 17.4692554473877 -1.001900434494019 0.559489 0.682266 1.16579 0.8723509
4 4.62070369720459 -9.222527503967285 -0.9797695279121399 2.737219 1.136325 1.510308 3.109525
3 49.38644790649414 -4.6083083152771 -0.9295192956924438 0.303556 0.566855 1.671084 -0.01939499
4 9.06143569946289 9.124064445495605 -1.272467970848084 1.729548 0.549271 1.388898 0.9759448
6 1.813812375068665 -2.597090721130371 -1.276251435279846 0.300677 0.502182 0.420384 -3.128955
4 8.083365440368652 10.16871643066406 -1.531883716583252 1.258641 0.411919 0.694649 1.182109
1 20.30422019958496 38.88442230224609 -1.034244060516357 1.413948 1.066415 0.958564 1.522608
1 43.64558792114258 -5.206284523010254 -1.06001091003418 3.14724 1.536304 1.442629 0.1873594
3 29.27497100830078 13.97475624084473 -1.53657591342926 0.76587 0.878481 0.76882 -1.529006
5 3.873346090316773 -2.441725492477417 -1.483648300170898 0.381052 0.311754 0.65697 -3.128955
4 -1.274665117263794 8.893619537353516 -1.462457418441773 1.500292 0.520269 0.97724 0.7863975
1 10.64278221130371 -4.215442657470703 -1.053518891334534 3.311961 2.111519 1.425137 1.879568
3 1.221591472625732 -5.574560165405273 -1.018243312835693 0.962932 0.648207 1.840008 -2.076303
6 33.05206298828125 -5.437431335449219 -0.5746229290962219 0.693647 0.248798 0.325226 0.03640072
4 17.59321975708008 -3.720553159713745 -1.347173452377319 1.335368 0.596674 1.185902 -1.330287
4 2.801066875457764 9.379986763000488 -1.4494389295578 1.425846 0.573555 1.098641 0.1917376
4 -1.855059623718262 8.85568618774414 -1.569758296012878 1.695156 0.48252 0.770063 1.094278
4 4.175175189971924 8.472285270690918 -1.411746144294739 1.786612 0.764072 1.091845 0.6234133
4 7.341578483581543 10.34324169158936 -1.453576326370239 1.25071 0.343118 0.770168 1.169466
4 5.202036857604981 9.215994834899902 -1.383676409721375 1.313914 0.604952 1.06032 -0.4836805
1 -8.120211601257324 -4.887712955474854 -1.028278470039368 4.220055 1.825809 1.486048 -3.11041
3 -5.538280487060547 -12.88148880004883 -1.108466148376465 0.540176 0.657322 1.333055 1.160972
4 -0.4293731153011322 8.41108226776123 -1.42726480960846 1.706989 0.709877 1.122182 -3.027938
1 -46.88028335571289 6.998298645019531 -0.9777684211730957 3.686477 1.780991 1.846534 -3.139817
5 -4.214343070983887 -2.962449073791504 -1.449074625968933 0.421934 0.397576 0.735002 -3.128955
5 -4.30062198638916 -2.60212516784668 -1.467552185058594 0.445074 0.353245 0.714651 -3.128955
2 -48.78264236450195 -7.525230884552002 -0.1991245746612549 8.630581 2.208751 2.495062 1.455495
3 -32.04034805297852 11.59874629974365 -1.135745644569397 0.442459 0.749782 1.531112 -0.07831109
4 3.929554462432861 10.08505439758301 -1.443790197372437 1.529375 0.391962 1.066831 0.60769
3 26.20051383972168 34.70039749145508 -1.312182068824768 0.597382 0.401863 0.749296 1.531159
4 6.089550971984863 9.85300350189209 -1.463220596313477 1.470831 0.640799 0.996671 -0.576773
4 0.1382287740707398 9.188176155090332 -1.444161772727966 1.624287 0.661244 1.087653 -2.81659
5 -7.492817401885986 -2.54970383644104 -1.518265008926392 0.217684 0.297332 0.443407 -3.128955
5 12.40369033813477 -2.449466228485107 -1.483705639839172 0.205426 0.250353 0.633334 -3.128955
3 24.35700225830078 7.115093231201172 -1.14408278465271 0.488237 0.377895 1.83622 -0.5505438
1 28.78445625305176 4.221400260925293 -1.181871056556702 3.634567 1.938873 1.282331 3.125036
3 24.74127960205078 26.90923881530762 -0.5416672229766846 0.454111 0.695222 1.085199 0.6316341
1 34.99483489990234 8.62927532196045 -1.282882809638977 4.167201 1.754323 1.716363 3.133718
5 13.9974308013916 -2.362515926361084 -1.453430414199829 0.336064 0.259231 0.578704 -3.128955
3 9.54504680633545 13.61658573150635 -1.149007320404053 0.433275 0.585119 1.359795 -2.129713
3 23.68271064758301 7.215596675872803 -1.22296154499054 0.608557 0.586168 1.608817 -0.4170766