1 37.25259780883789 45.94721221923828 -2.22955060005188 2.332976 0.419863 1.149424 -1.504396
1 43.50727462768555 8.330037117004395 -1.754217505455017 0.894722 1.509344 0.643549 -2.023779
2 5.175066471099854 -3.030722856521606 -0.5957959294319153 11.305072 2.779733 2.408644 -0.0008843899
2 21.37545776367188 5.961820602416992 -0.4045644998550415 12.026145 2.709029 3.030771 0.1616857
2 54.34370422363281 28.3713550567627 -1.318659663200378 11.736368 2.401989 2.966989 2.462464
4 17.40819549560547 11.87626457214356 -1.183938980102539 2.104797 0.711853 1.531051 -1.641482
4 55.15533447265625 8.489580154418945 -1.520526766777039 1.548324 0.6293 1.455151 1.372884
3 -53.2257080078125 -8.571962356567383 -0.560847818851471 0.411404 0.544571 1.364187 -0.03127627
4 -13.96945953369141 -6.592947006225586 -0.9761759638786316 3.144236 1.05682 1.677971 -0.05172234
1 -31.04943466186523 2.27913236618042 -1.002945899963379 2.667421 1.86442 1.351741 -0.01746012
1 -18.11658668518066 -3.521252870559692 -1.08034873008728 4.036504 1.915706 1.493812 -0.02199479
3 -14.32136917114258 26.89497566223145 -1.466822862625122 0.622655 0.657211 1.541622 -0.02686789
1 -22.52785491943359 0.6240369081497192 -1.118346452713013 3.706441 1.859545 1.304247 -0.01746012
1 38.61893844604492 37.11699676513672 -2.402491092681885 2.126468 1.216244 0.698838 -1.495387
1 35.00658416748047 38.55597686767578 -2.080487966537476 5.360554 1.528603 1.926303 -1.504396
1 -34.4727783203125 -0.002027153968811035 -0.97637939453125 2.322345 2.006235 1.521916 -0.01746012
3 12.17143821716309 24.01666450500488 -1.367985367774963 0.995265 0.738652 1.249885 3.103024
4 -21.29341316223145 25.58197021484375 -1.395823836326599 2.107031 0.708325 1.201328 0.0120832
6 31.11095237731934 46.52121353149414 -2.871764183044434 3.806672 1.145844 0.179584 -1.512367