2 7.969120502471924 6.923041343688965 -0.4875364899635315 8.904042 2.316364 2.203881 -1.041668
5 -16.1857795715332 12.34970664978027 -1.623365521430969 0.187171 0.207371 0.553584 -2.069712
4 -6.339351654052734 -9.008139610290527 -1.231163024902344 1.826221 0.795787 1.265782 0.301897
5 -8.962980270385742 -10.62722969055176 -1.547575354576111 0.201803 0.220426 0.383784 0.4192621
5 -2.044310331344605 -9.086430549621582 -1.529767751693726 0.308093 0.200738 0.521048 -1.82278
3 -31.70003700256348 -2.392561912536621 -1.278973817825317 0.61438 0.605404 1.404478 0.4526656
5 -13.22814178466797 19.67126274108887 -1.802396655082703 0.219002 0.213142 0.307661 -1.225315
5 -13.1038064956665 18.15650177001953 -1.846598267555237 0.148798 0.17533 0.35094 -1.429769
6 -11.82803726196289 -8.276100158691406 -1.520536780357361 1.227211 0.463574 0.757266 2.038621
5 -14.68966579437256 12.36225128173828 -1.829655885696411 0.159566 0.091935 0.371698 -2.088564
5 -15.87987232208252 12.63352680206299 -1.700543284416199 0.180375 0.251812 0.626165 -1.975197
4 -48.7693977355957 -16.81611061096191 -1.233184337615967 0.726082 0.411828 1.128708 -2.55949
5 -16.86345672607422 -3.830368280410767 -1.670139074325562 0.152246 0.24621 0.428541 0.6429701
6 -17.52276802062988 4.847815990447998 -1.34977388381958 1.61071 0.422404 1.268997 0.4945616
5 -11.59925270080566 -9.044822692871094 -1.639808535575867 0.223871 0.197656 0.38475 -1.063878
6 -14.75140953063965 7.399733543395996 -1.353128790855408 1.769423 0.449531 1.219219 1.19836
5 2.640243053436279 -9.805548667907715 -1.506681203842163 0.178975 0.166604 0.388909 1.464646
5 -3.21084189414978 -9.214776039123535 -1.559932589530945 0.28023 0.193638 0.363876 -1.892637
1 4.469992160797119 6.078665256500244 -1.017391681671143 4.678202 2.036064 1.466192 -1.053145
4 -6.209000110626221 18.1900634765625 -1.078723788261414 2.80677 1.25221 1.685571 -1.017301
5 -21.52215766906738 2.074097871780396 -1.742461800575256 0.248691 0.30143 0.57574 -2.670853
1 -2.512934684753418 18.2839527130127 -1.137087106704712 4.236162 1.843921 1.421687 -0.9888415
1 33.37986373901367 -41.33544158935547 -0.2451218962669373 1.093994 1.593663 1.33067 -1.049566
5 -14.34217071533203 13.16926193237305 -1.848098158836365 0.20631 0.15199 0.347999 -1.997228
6 -15.68300533294678 6.056834697723389 -1.429916501045227 1.309684 0.362074 1.124926 0.8506407
6 -20.87279510498047 2.837542772293091 -1.567561268806458 1.293158 0.294234 0.914416 0.515891
5 -4.689194679260254 -9.356951713562012 -1.624888777732849 0.223267 0.11524 0.309202 0.2074517
5 -13.2424488067627 16.73952484130859 -1.792088508605957 0.191225 0.145232 0.457201 -1.669533
1 -10.19693946838379 36.07821273803711 -1.324106812477112 1.938976 1.921871 1.154752 -1.017268
4 -10.40303611755371 17.81013488769531 -1.268670558929443 1.695364 0.586415 1.515047 1.112007
5 -15.21000003814697 11.05932712554932 -1.792092561721802 0.117677 0.169303 0.364988 -2.065465
5 -0.610695481300354 -9.169410705566406 -1.536495208740234 0.249181 0.173375 0.423077 -1.731273
3 12.22753524780273 -23.62684631347656 -0.3547674119472504 0.483972 0.47821 1.398589 2.084502
6 -12.58565521240234 -7.064188957214356 -1.516619801521301 1.554783 0.391983 0.771855 2.063226
1 18.75966835021973 -17.32101821899414 -0.7383956909179688 4.064406 1.737656 1.584946 -1.053613
2 25.97180366516113 -28.4414234161377 -0.4171680212020874 4.924611 1.867467 1.969647 -1.04504
5 -16.01055526733398 9.848642349243164 -1.789174318313599 0.184652 0.081744 0.373382 -2.109578
5 -21.25368118286133 2.219505071640015 -1.707993865013123 0.365336 0.338519 0.582481 -2.694683
1 -11.98817825317383 22.13891983032227 -1.248968958854675 4.157844 1.521973 1.629485 -1.257108
5 1.217192888259888 -9.382973670959473 -1.569596409797669 0.185864 0.299232 0.310326 -3.140647
6 -22.80181121826172 1.524765849113464 -1.365392923355103 1.654965 0.39938 1.26426 0.5052816
5 -21.81332015991211 1.857375025749207 -1.716822028160095 0.230648 0.337387 0.448124 -2.599446
5 -13.26121044158936 -6.600645542144775 -1.664241075515747 0.186478 0.141197 0.393123 -1.062307
6 -19.61727523803711 3.464046955108643 -1.350585103034973 1.457205 0.286558 1.225954 0.4656056
3 -7.729756832122803 -13.44408130645752 -0.9086649417877197 0.529493 0.476406 1.51174 1.826174
3 -7.804869651794434 -12.75828647613525 -0.7234789729118347 0.535639 0.761813 1.91957 -1.478157