1 -5.398586750030518 -4.801379680633545 -0.9084725379943848 4.748354 1.785021 1.712089 -0.01848473
1 3.299423456192017 29.37529373168945 -1.216918349266052 3.667054 2.188644 1.367089 -1.427817
1 8.045190811157227 4.227465152740479 -1.057822585105896 4.703358 2.00201 1.726115 1.311834
5 4.592544078826904 -1.926867365837097 -1.595319151878357 0.230142 0.318903 0.437525 3.071121
6 -24.83090591430664 0.3525626957416534 -0.2945737242698669 0.794146 0.86791 0.439837 0.002995703
1 -0.4019765555858612 3.669041872024536 -1.074426174163818 4.737102 1.798575 1.408134 3.140466
6 -52.87305450439453 -3.980654716491699 -1.235634803771973 0.37446 1.446409 0.159202 3.141592
1 -3.469649314880371 6.272093772888184 -1.129544973373413 4.104053 2.013631 1.354544 -3.118496
1 -14.60496425628662 -0.330632746219635 -0.9594404697418213 3.335895 1.195859 1.485729 -0.1764908
1 14.46866416931152 -6.572011470794678 -1.124606966972351 4.087468 2.003036 1.650189 -0.02179581
3 -33.18416595458984 15.49175643920898 -0.6938942670822144 0.65477 0.512935 1.409232 3.117094
1 27.22021484375 -6.835353374481201 -1.342512845993042 4.094539 1.863335 1.432198 0.008932414
1 -10.65083980560303 4.430200576782227 -1.069638967514038 3.44065 1.903068 1.471835 3.085045
5 -9.74159049987793 9.00344467163086 -1.626949429512024 0.191305 0.182898 0.361615 3.134426
1 -9.009052276611328 1.403782844543457 -0.8648466467857361 4.581724 2.037286 1.746136 0.3957916
2 -49.51236343383789 8.65049934387207 0.2658535242080689 3.686635 2.605743 3.002512 3.112641
4 31.48540115356445 7.872347354888916 -1.532256364822388 1.668648 0.710076 1.517188 -0.03121197
1 -0.0992557480931282 12.94778060913086 -1.187551259994507 4.24291 1.920159 1.590414 -2.071378
5 5.407313823699951 -1.815820336341858 -1.608359932899475 0.274746 0.291689 0.460344 3.071121