6 -28.22452735900879 10.28394317626953 -1.594654321670532 1.836496 0.817592 0.524939 0.0007854527
6 21.79852676391602 9.51298713684082 -1.290036916732788 1.688105 0.20297 1.247094 -0.0296941
1 -38.57247161865234 -6.659661293029785 -1.3328777551651 3.991189 1.985901 1.12032 -0.0301815
6 26.2534351348877 -3.093610763549805 -1.47959315776825 1.317003 0.31482 0.710575 -1.625164
6 24.81059646606445 9.5980224609375 -1.127284049987793 2.628905 0.225078 0.880256 -0.1212336
6 42.07839965820313 34.81330871582031 -1.422402858734131 3.551223 1.289099 0.373829 -1.58317
2 46.85941314697266 -0.7723708748817444 -0.02129176072776318 11.958815 2.797304 3.190716 -1.571387
1 47.76670455932617 34.31546783447266 -0.8533421158790588 5.007472 1.495755 1.922997 -1.561673
6 26.20428276062012 -4.589667320251465 -1.489983201026917 1.665985 0.345192 0.751382 -1.625164
1 45.13971710205078 -21.78960990905762 -0.7048383951187134 4.538315 1.652774 1.159672 -1.465043
1 -25.70918273925781 -6.686568260192871 -1.411929368972778 4.101787 2.083403 1.38354 -0.02122977
4 40.63633728027344 18.056640625 -1.232216119766235 1.491747 0.298694 1.169843 0.7373922
5 23.11419868469238 9.370538711547852 -1.59112024307251 0.304847 0.27739 0.481911 3.060635
1 50.15728759765625 17.76661491394043 -0.9087589979171753 2.5149 0.256385 0.80035 -1.492904
5 23.49024772644043 9.364519119262695 -1.562476634979248 0.277214 0.276565 0.39752 3.095886
3 26.87088966369629 -10.95393180847168 -0.8152651786804199 0.342078 0.425572 1.298501 2.712391
1 -48.19408416748047 8.037176132202148 -1.279475688934326 0.479665 1.720603 1.289462 2.853573
1 -53.99738693237305 11.9597339630127 -1.467462420463562 2.593761 0.6699 1.428854 -2.029003
1 -57.0950813293457 -5.446426868438721 -1.64224898815155 0.622002 1.727106 0.753446 0.02296224
1 -49.69153213500977 13.81983089447022 -1.734245300292969 3.377999 0.428076 0.745658 -1.586149
3 3.784372568130493 13.41624450683594 -0.6871368288993835 0.526755 0.436924 0.819809 -0.01162178
1 -51.51824569702148 1.526757121086121 -1.440796732902527 0.713683 1.802022 0.606094 3.123878
6 28.15620231628418 9.619190216064453 -1.373571038246155 1.989746 0.24791 0.807916 -0.008919504
3 26.64689445495606 -10.32743358612061 -0.8050954341888428 0.479264 0.492509 1.675601 -0.409387
4 30.33326721191406 -7.959928035736084 -1.115616083145142 1.211333 0.680192 0.996781 -0.5775058
4 28.63250541687012 8.080528259277344 -1.088770747184753 1.089746 0.667741 1.499995 -2.967762
1 -55.49213409423828 5.789844036102295 -1.566198110580444 0.216934 1.307687 0.636928 3.010588
1 47.74165725708008 15.49419975280762 -0.9549310207366943 3.914998 1.648592 1.64792 -1.548273
6 30.89991760253906 9.992711067199707 -1.169496536254883 2.595482 0.490322 0.975415 0.3199107
4 19.40044975280762 9.768049240112305 -1.170012950897217 1.416996 0.677288 1.415397 -0.04956925
6 50.47039794921875 -18.12164306640625 -0.7006169557571411 3.306979 0.214316 0.302687 -1.539388
5 22.62297058105469 9.319801330566406 -1.694298982620239 0.205963 0.159808 0.495237 3.128154