1 16.08846473693848 -3.809912919998169 -1.022883415222168 4.446656 1.816104 1.517042 0.02508516
1 5.28848123550415 -6.558537006378174 -1.032936811447144 3.964955 1.841849 1.502747 -1.537591
3 47.9578742980957 0.8250291347503662 -0.3847013413906097 0.229462 0.402237 0.637045 0.01552386
2 -0.606220006942749 -16.21810340881348 -0.9507774710655212 1.796921 0.548018 1.383657 -1.551752
5 6.719144344329834 -2.209546327590942 -1.418202638626099 0.15947 0.180738 0.561822 0.06481014
1 19.77404022216797 -7.265438079833984 -1.054638981819153 3.173662 1.745206 1.493695 0.2160531
1 53.33646011352539 -3.490686178207398 -1.242129445075989 3.285663 1.457307 1.099101 -3.135159
4 -40.52450942993164 11.76284503936768 -1.210865020751953 0.684104 0.665502 1.367919 1.258256
1 14.04545593261719 -8.075547218322754 -1.089067220687866 4.329774 1.800903 1.487754 0.08414064
4 -0.914459764957428 11.7192325592041 -1.276604652404785 1.676022 0.76165 1.51133 3.115486
1 23.81601142883301 -3.310935974121094 -0.8370779752731323 4.217774 1.722092 1.588939 0.01376853
1 21.56398963928223 -0.003155119717121124 -1.035799026489258 2.587116 1.814022 1.478915 -0.02148671
5 5.135269641876221 -2.395647525787354 -1.448701500892639 0.360206 0.34967 0.675992 0.06481014
2 -2.05144476890564 -5.472068309783936 -0.7428191900253296 4.614357 1.999029 2.078001 -1.600503
3 -41.58809280395508 9.473944664001465 -0.7558103799819946 0.180533 0.171948 0.385081 1.258256
1 30.77595138549805 -3.603670358657837 -0.5616934895515442 1.583483 1.787208 1.567593 -0.006397733
5 1.994563817977905 -2.764827013015747 -1.316298961639404 0.308299 0.362344 0.523547 0.06481014
4 -41.02791213989258 13.90781688690186 -1.129597425460815 1.25908 0.467669 1.16572 -2.95265
1 -16.95022201538086 3.748880386352539 -1.090843081474304 4.341509 1.850334 1.598932 -3.121458
3 7.333924293518066 13.06167697906494 -1.198072671890259 0.753934 0.738001 1.774545 -0.02039914
1 8.295855522155762 -11.80419063568115 -0.8158071637153625 3.768792 1.356226 0.954648 -1.583916
6 0.2415121644735336 -2.984505653381348 -1.054788827896118 1.310911 0.63565 0.611361 -0.01677978
4 -7.610692977905273 -9.458444595336914 -1.411551237106323 0.555538 0.421248 0.890647 3.141592
5 3.819796323776245 -2.694607973098755 -1.475282192230225 0.395403 0.386264 0.601245 0.06481014
5 -29.69569778442383 1.600408554077148 -1.697618246078491 0.326723 0.322077 0.252494 -2.820958e-16
5 -3.910999298095703 -2.627689599990845 -1.533660650253296 0.300164 0.25524 0.468661 1.555961
1 41.14297103881836 -3.72048020362854 -0.9811445474624634 2.940746 0.592066 1.393719 0.02033807
2 0.8312137722969055 -7.666595458984375 -0.614081084728241 7.547049 2.170097 2.448143 1.450749
1 -28.18102645874023 3.701668977737427 -1.275160789489746 4.036203 1.889125 1.369587 -3.1332
1 31.55452346801758 5.28359842300415 -0.8879554271697998 4.907952 1.871658 1.89973 3.028625
3 42.9356575012207 9.742575645446777 -1.011638045310974 0.381914 0.451299 1.404448 -1.559493
6 8.04599666595459 -3.649575233459473 -1.284547448158264 1.343496 0.48089 1.014442 1.566965
4 -15.11279773712158 16.45425796508789 -1.072515845298767 1.467206 0.635606 1.245003 -0.02325019
3 -1.279029130935669 -22.51371192932129 -0.8252865076065063 0.327819 0.477403 1.56399 -1.558237