4 8.032575607299805 15.13123226165772 -1.065126061439514 1.622203 0.706421 1.523592 -0.9322383
1 -17.15434837341309 0.2811890244483948 -0.9355830550193787 3.27429 2.078036 1.71098 0.0
6 10.1047248840332 9.019850730895996 -1.690438151359558 0.155559 0.185137 0.288493 -1.353185e-15
1 16.4865608215332 6.465252876281738 -1.214511632919312 4.673873 1.963363 1.401083 -3.117773
1 24.95892715454102 9.134032249450684 -1.263574481010437 4.761787 1.646825 1.331864 -1.129753
1 -39.69009780883789 -4.44469165802002 -1.319166660308838 3.690874 0.462161 1.046446 3.141592
1 19.47411918640137 13.04181575775147 -1.195328831672669 3.773478 1.818993 1.568331 -2.164537
1 15.22264003753662 0.1093185096979141 -0.9493964314460754 1.253274 1.885583 1.568982 0.02145108
1 -46.37590026855469 -4.434788703918457 -1.485573410987854 3.630042 0.455119 0.65354 -3.140832
6 45.23471069335938 11.29904747009277 -1.470491647720337 2.06159 0.868431 0.409556 -2.531439e-16
1 14.66603469848633 -4.684707164764404 -0.9925030469894409 4.174616 1.846055 1.70266 0.02028155
3 -13.30798625946045 14.68230628967285 -0.8969159126281738 0.705065 0.336323 1.779846 3.141592
6 5.7311110496521 6.665090084075928 -1.606644511222839 0.194619 0.171919 0.407753 3.141592
1 -34.25213623046875 -5.242206573486328 -1.087355732917786 3.978483 1.818295 1.399799 3.141592
5 -25.56392669677734 6.204068660736084 -1.69274115562439 0.209251 0.223104 0.37696 3.141592
1 46.56450271606445 -5.442647933959961 -1.234222412109375 1.854535 1.386746 1.196013 0.04404902
2 -33.83914184570313 7.336977958679199 -0.2865647673606873 12.223923 2.582774 3.354127 -3.132298
1 34.55963897705078 -5.782461166381836 -1.16156005859375 3.378434 1.881932 1.546457 0.01294604
4 16.57897758483887 12.01144599914551 -1.189182996749878 1.195546 0.58493 1.554519 -0.1807929
5 -26.736328125 9.241506576538086 -1.693590402603149 0.217029 0.17656 0.418393 3.141592