5 -7.455760002136231 -3.028917789459229 -1.536842942237854 0.366792 0.339923 0.58844 0.0
3 5.623319625854492 13.61567401885986 -0.9779003262519836 0.37237 0.558331 1.17195 -1.287477
3 22.21375274658203 34.76080703735352 -1.249788165092468 0.596958 0.372258 0.699045 -1.58123
1 -13.20519828796387 -9.343655586242676 -0.8970369696617126 3.376654 1.678961 1.852015 0.09645669
1 18.51689147949219 -4.523160457611084 -0.7912892699241638 4.605816 1.91322 1.891212 -0.5492861
5 -7.975588321685791 -3.024345397949219 -1.499815344810486 0.29313 0.323178 0.573226 0.0
5 -11.41037750244141 -2.638811588287354 -1.571628212928772 0.250558 0.358196 0.438516 0.0
4 -5.04378080368042 8.99538803100586 -1.460448622703552 1.615777 0.555033 0.969678 0.8374253
3 14.59809398651123 18.38307952880859 -1.172684669494629 0.719305 0.596148 1.566723 -1.517458
3 21.29268836975098 26.40670013427734 -0.3564532995223999 0.348675 0.560113 0.743867 -2.424365
2 15.99358940124512 56.64266204833984 -0.58307945728302 8.911102 2.045946 2.015206 1.585805
3 -9.812625885009766 -13.67710876464844 -0.9599510431289673 0.357506 0.549853 1.54043 0.1411644
3 4.676668643951416 8.243906021118164 -1.116479754447937 0.676089 0.621895 1.678438 1.451783
3 -2.789459943771362 -4.967076778411865 -0.9750558733940125 0.427147 0.621533 1.639562 -2.221081
1 15.97491455078125 33.28971481323242 -0.8367072939872742 4.68137 1.814588 1.65832 1.585805
2 -52.51686477661133 -8.515116691589355 -0.09872863441705704 6.790388 1.680628 1.650134 1.497922
4 -2.037084579467773 8.682136535644531 -1.450341582298279 1.524862 0.636344 1.162975 0.528995
4 0.9046652913093567 -9.266441345214844 -0.6845949292182922 2.505584 1.111469 0.836396 3.119975
6 46.68968200683594 -5.194866180419922 -1.249899387359619 0.25976 0.737816 0.573028 -3.068814
1 -11.98232269287109 -4.93038272857666 -1.111689209938049 4.097766 1.771598 1.517251 -3.096035
3 26.46095085144043 30.58257865905762 -0.6810708045959473 0.345283 0.60038 1.717636 -2.734467
3 3.896179676055908 8.882920265197754 -1.079814195632935 0.641466 0.697388 1.800847 -0.02052197
1 6.641039371490479 -4.286820411682129 -0.9246902465820312 3.422552 1.82755 1.309091 1.586049
4 5.609564304351807 10.71917819976807 -1.380242586135864 2.022016 0.591872 1.056505 0.9922881
4 1.045068860054016 8.46776294708252 -1.518529653549194 0.98847 0.317206 0.92387 0.8153605
4 -1.113139867782593 9.370857238769531 -1.476375579833984 1.409604 0.414793 0.915971 0.1573463
3 20.7136116027832 27.05304718017578 -0.4549759030342102 0.244834 0.578037 0.93692 -2.424365
6 1.843521356582642 -2.29212212562561 -1.178395986557007 0.222217 0.273416 0.25657 -5.171841e-16
5 -8.11583137512207 -2.638225078582764 -1.463909149169922 0.307669 0.321958 0.659866 0.0
6 34.56925582885742 -5.061285495758057 -1.288958668708801 2.546742 0.552572 0.567859 -3.133982
6 -1.976199507713318 -2.539782524108887 -1.222320079803467 0.232048 0.218476 0.222675 -1.952048e-16
3 3.674831390380859 8.184895515441895 -1.118253469467163 0.686231 0.617812 1.705455 1.304086
3 -10.71169185638428 9.003680229187012 -1.144630908966065 0.338199 0.781782 1.729181 -1.490168
4 2.015421867370606 9.157493591308594 -1.557775139808655 1.683233 0.586016 0.916353 2.464292
1 16.11864852905273 45.48354339599609 -1.376263022422791 1.396852 1.604531 0.614952 1.619054
3 25.72652435302734 6.690584182739258 -0.7884401679039001 0.484992 0.802201 1.409503 0.05643385
4 0.6086308360099792 9.658275604248047 -1.421806693077087 1.652932 0.608559 1.071916 0.6562322
3 20.52066612243652 7.200356960296631 -0.984727144241333 0.455668 0.645498 1.697964 -1.774852
1 12.79139518737793 -0.2705430686473846 -0.9515191912651062 3.31672 2.124635 1.630092 -0.01507189
4 -0.4209807515144348 8.76032829284668 -1.453260779380798 1.467921 0.545763 1.057501 0.6921403
6 -45.64987945556641 -4.191971302032471 -1.133042812347412 0.198094 0.747721 0.315394 -2.303061e-16
5 10.18287086486816 -2.372504711151123 -1.374782085418701 0.420757 0.337663 0.568705 4.37347e-16
3 -2.134330034255981 -6.074522495269775 -0.7409675717353821 0.443139 0.746291 1.313898 -1.146982
5 8.519222259521484 -2.4124755859375 -1.402252554893494 0.42725 0.273403 0.627092 3.910397e-16
1 9.770204544067383 -4.550065994262695 -1.024547219276428 3.929299 1.795242 1.481769 1.586049
3 46.19253921508789 -4.378920555114746 -0.7696502208709717 0.494295 0.643027 1.516495 0.19708
5 11.105712890625 -2.643643379211426 -1.395715832710266 0.350134 0.251996 0.611661 -3.123207
4 2.965107917785645 9.89963436126709 -1.404924511909485 1.48385 0.629039 1.089568 0.5608141
4 16.90480613708496 -5.978813171386719 -1.059982180595398 1.544019 0.430594 0.695481 -0.655308
1 -55.21103286743164 -5.078117847442627 -0.8645232319831848 1.625474 0.762182 2.040217 -1.559208
3 18.99274635314941 18.7801399230957 -0.9625771641731262 0.516201 0.510979 1.436354 -2.122007
4 13.81224346160889 -3.685171604156494 -1.095261216163635 1.495655 0.983518 1.281716 -1.139202
4 -6.665810585021973 9.237651824951172 -1.502158880233765 1.538232 0.341984 0.980762 0.03321168
1 31.19342803955078 8.614265441894531 -0.9981016516685486 4.215171 1.838241 1.674259 3.093362
1 -21.23869514465332 -4.573847770690918 -0.8911322951316833 4.827912 1.844466 1.994565 -0.1834506
4 4.166934490203857 10.27325248718262 -1.445178747177124 1.569852 0.556736 0.93591 1.03224
1 51.59557342529297 -4.866874694824219 -0.2462000697851181 2.289517 1.381377 0.936254 0.01154214
3 19.83267784118652 7.319067478179932 -1.049136996269226 0.49625 0.73263 1.491324 -1.774852
6 39.75358200073242 -5.392261505126953 -0.8967617750167847 2.551883 0.930649 1.333159 0.1995521
5 -10.04668235778809 -2.674728870391846 -1.472803950309753 0.376223 0.249791 0.584175 2.405079e-16
4 0.2306061387062073 8.539746284484863 -1.442367553710938 1.698086 0.669872 1.142332 0.4777347
1 46.08238220214844 -1.168810963630676 -0.5155501365661621 1.940949 1.176613 0.996532 -0.00606873
4 0.1632840484380722 10.00768089294434 -1.466699838638306 1.34564 0.379397 0.71031 0.5983943
1 -29.26301574707031 -3.971043586730957 -1.014828085899353 4.18515 1.618787 1.445513 0.0
4 -5.789387226104736 8.629830360412598 -1.445989370346069 1.343062 0.590133 1.037865 -1.99466
1 0.2774573564529419 -4.310297966003418 -1.017646670341492 4.477582 1.888449 1.518781 -3.053881
3 13.71376514434815 18.08457756042481 -0.9533470273017883 0.711672 0.463368 1.173967 -1.517458
4 -3.830952405929565 9.189793586730957 -1.554993987083435 1.790975 0.686042 1.051283 0.5240827
4 4.889031887054443 9.433269500732422 -1.405636310577393 1.329356 0.69208 1.007551 1.124303
1 16.37837409973145 40.46846008300781 -0.816326379776001 4.388601 1.254619 1.504426 1.585805
4 9.217400550842285 11.37910461425781 -1.186312556266785 2.037187 1.03648 1.595296 2.470486
4 6.736702919006348 10.69676399230957 -1.520353555679321 2.981777 0.524708 0.8378 1.08538
4 -4.324885368347168 8.4003267288208 -1.451965570449829 1.672028 0.616875 1.0386 0.1373004
4 1.395474195480347 9.020076751708984 -1.381669282913208 1.000444 0.494047 1.036546 -0.5370745
5 5.342746734619141 -2.134991884231567 -1.399626731872559 0.395362 0.360798 0.708385 -6.685553e-16
3 22.34031677246094 31.91846466064453 -1.170244097709656 0.386552 0.337283 0.686971 -0.1363669
3 25.9462890625 31.11543464660645 -0.8091496825218201 0.383688 0.576965 1.558401 -1.797066
1 23.00813674926758 4.324998378753662 -1.069278240203857 3.919135 2.00075 1.418073 3.133526
6 17.56833839416504 -5.626483917236328 -1.117714047431946 0.85473 0.326025 0.318896 -0.6472421
3 -6.90715503692627 -3.935481071472168 -0.9801973104476929 0.765802 0.891864 1.711085 1.204416
1 -52.7300910949707 6.952432632446289 -0.9509039521217346 3.728175 1.782794 1.70267 3.086632
6 28.89974594116211 -5.456969261169434 -0.4976187944412231 1.097162 0.785132 0.477197 -0.1100554
3 22.56748008728027 39.13816833496094 -0.5917913317680359 0.313953 0.302134 1.025932 -1.363904
1 4.103964328765869 -4.585690975189209 -0.9693775177001953 4.599066 2.104264 1.512543 1.586049
4 2.407018661499023 10.39947700500488 -1.422332286834717 1.381444 0.637259 1.015333 0.9774498
3 25.3128719329834 13.99945259094238 -1.323126196861267 0.67359 0.330442 0.621742 0.005622098
3 -35.29327392578125 11.35996055603027 -1.476055145263672 0.859629 0.656717 1.35014 2.92441
5 12.84163284301758 -2.63181734085083 -1.497871518135071 0.333485 0.33628 0.467502 3.165557e-16