4 -19.57948684692383 -7.12094783782959 -1.147241830825806 2.392086 0.685672 1.314146 -0.09795838
1 -44.78390502929688 -3.387593507766724 -1.468044757843018 0.891028 1.576293 0.583832 0.01361223
1 -55.81915283203125 -2.909462690353394 -1.046440362930298 1.805347 1.595625 1.091097 0.01361223
2 33.73234176635742 -2.95719575881958 -0.2374204695224762 11.8345 2.715788 3.068955 0.06096188
3 -0.04173747077584267 -11.17034530639648 -0.6295099854469299 0.611187 0.64234 1.615737 -0.01182798
1 -24.81150817871094 -3.50693941116333 -1.148438096046448 3.77336 2.001436 1.472977 -0.04124494
4 -22.09668159484863 -7.442147731781006 -1.271487832069397 1.760515 0.733419 1.143777 -0.09395409
4 -37.63296508789063 -6.975056171417236 -1.089609265327454 1.07208 0.584233 1.274941 0.01855456
3 -19.80713081359863 -7.974611282348633 -1.056135773658752 0.810736 0.664058 1.287581 -0.125552
3 -19.82123184204102 -8.861876487731934 -1.270263910293579 0.494309 0.4755 0.413787 -0.8561463
3 -57.85164642333984 -13.1362943649292 -0.7814741134643555 0.301559 0.554576 1.276247 -0.05729048
1 -51.92569732666016 -8.112503051757812 -0.7943279147148132 1.863481 1.575052 1.391174 0.01207637
4 -4.542202472686768 -6.090487957000732 -0.8893814086914062 2.904596 1.160189 1.715821 -0.0458798
3 -54.75482177734375 -10.02990913391113 -0.0751597136259079 0.967192 0.593248 1.114542 0.03692622