5 -21.44552040100098 1.0829097032547 -1.105613708496094 0.355341 0.333945 0.893383 1.080884
5 1.048617720603943 -4.586102485656738 -1.634098291397095 0.267505 0.388251 0.428384 2.759874
1 32.44120407104492 -17.7021427154541 -1.545295000076294 0.996929 1.814377 1.232217 -0.5662242
5 7.58205509185791 0.9919577240943909 -1.582127809524536 0.281299 0.285868 0.467229 2.611384
1 4.928566455841065 24.95513534545898 -0.8279726505279541 3.924028 1.951101 1.492128 -2.143283
5 15.95853805541992 9.830060005187988 -1.571804881095886 0.237201 0.200942 0.417271 2.433542
2 24.73380470275879 0.5980510711669922 -0.4256058931350708 8.318104 2.618589 2.869573 2.592822
4 56.19118499755859 -23.19207191467285 -1.520678639411926 1.029906 0.647313 1.2562 2.671717
1 15.145751953125 28.77446365356445 -1.143157243728638 0.651142 1.804282 1.050003 1.085218
5 17.34950637817383 8.068453788757324 -1.575401306152344 0.219749 0.185913 0.302174 -2.121291
5 13.94268417358398 12.91458415985107 -1.483273506164551 0.223235 0.169533 0.431246 1.875846
5 -12.95847988128662 -7.21666955947876 -1.553218841552734 0.254264 0.223099 0.402471 2.713571
5 13.19740104675293 20.09389495849609 -1.502591013908386 0.160758 0.21141 0.462333 1.525442
5 13.7162446975708 23.18609809875488 -1.440670967102051 0.185697 0.128517 0.385304 1.486596