5 19.09845924377441 -6.788141250610352 -1.795918703079224 0.299723 0.057197 0.302529 -1.663003
1 16.54354286193848 3.616214990615845 -1.077510833740234 4.107095 2.038148 1.52511 3.117173
5 -29.74440002441406 1.70907986164093 -1.352153182029724 0.311507 0.201949 0.683792 0.0633176
1 -5.347107887268066 3.92046070098877 -0.8097284436225891 4.787179 2.059443 1.902712 3.11468
3 25.37092208862305 12.49890041351318 -1.332893371582031 0.79092 0.710207 1.610893 -0.1121921
4 15.75771141052246 -9.569371223449707 -1.627530932426453 1.579606 0.4418 0.796048 -3.118695
2 -43.38674163818359 -7.77272891998291 0.0852598026394844 11.307729 3.291732 3.526293 -0.4507321
5 28.20359611511231 -2.861587762832642 -1.754927754402161 0.19313 0.194955 0.407769 -3.039255
1 46.43603897094727 -3.980669975280762 -1.249751210212708 3.320853 1.36492 1.259243 0.001078844
4 -0.1990901529788971 16.44895935058594 -0.9837818741798401 1.347687 0.740976 1.615194 -0.0251549
6 23.37013626098633 -3.280824899673462 -1.459490656852722 1.544986 0.589643 0.978106 -1.194061e-16
2 20.84980392456055 -5.985220432281494 -0.9480556845664978 4.874504 1.932308 2.098747 -1.624827
5 -6.668223857879639 1.883257627487183 -1.53363049030304 0.202262 0.254823 0.439896 3.141592
1 37.83803558349609 -4.408756256103516 -1.476485371589661 1.714932 1.591151 1.002876 0.07064436
5 -28.94854736328125 1.377292633056641 -1.29742693901062 0.373165 0.355729 0.660619 2.364479e-16
1 -48.71860885620117 -2.865578651428223 -1.339566230773926 0.768679 1.585714 0.607676 0.05123959
2 23.49425888061523 -8.849954605102539 -0.6409731507301331 5.929712 1.615646 2.614759 -1.714607
6 31.0781135559082 -4.168697834014893 -1.472085237503052 0.347265 1.338417 0.67662 0.06640234
1 21.95536804199219 -0.6480823755264282 -1.148567080497742 3.292058 1.936654 1.612157 -0.03938246
6 -18.3858814239502 8.091660499572754 -0.4629106223583221 0.560198 0.199594 0.370522 0.9691278
4 31.63370132446289 11.2191858291626 -1.309111714363098 1.329543 0.606174 1.268741 2.88734
1 -36.41095352172852 -23.2270679473877 -1.266481399536133 1.298869 1.142216 0.760769 -1.506835
5 -8.049163818359375 -2.503643035888672 -1.508610844612122 0.156161 0.248914 0.39032 3.141592
4 -17.77145767211914 14.33536529541016 -0.4267750978469849 0.847403 0.508445 0.761985 -0.0584725
4 -52.31249618530273 13.65481281280518 -0.8261358737945557 1.581535 1.216802 1.441413 3.141592
1 -41.65907287597656 4.484018802642822 -0.718682587146759 1.027684 1.575082 1.392586 2.860603
1 -43.58140182495117 12.53386497497559 -1.058127045631409 3.943269 1.699162 1.031746 -2.880091
1 43.70581817626953 -7.125087261199951 -1.777902126312256 1.41659 0.287209 0.603931 0.2495748
3 -17.87675094604492 8.401033401489258 -0.9455775618553162 0.725676 0.485797 1.352286 2.224457
5 26.88901901245117 -3.124588966369629 -1.745691180229187 0.345742 0.292755 0.536581 -3.039255
1 -45.33655548095703 1.323583006858826 -1.065020442008972 1.74867 1.889649 0.938906 3.11762
5 24.97331428527832 -3.144493103027344 -1.737398505210877 0.294431 0.323541 0.49623 -3.004276
5 -28.28842544555664 2.999556541442871 -1.262749671936035 0.332149 0.241743 0.616106 -3.003806
6 48.39474105834961 -7.059731006622315 -1.252693891525269 0.479356 0.75943 0.337472 0.1881552
5 29.79504585266113 -2.71417760848999 -1.662448167800903 0.150638 0.158963 0.397711 -3.004276
4 -44.48952484130859 -13.59335327148438 -0.9118716716766357 2.729885 1.559738 1.71582 -2.299796
4 -17.28326606750488 12.31301593780518 -0.3831844031810761 0.819945 0.823437 0.717541 0.1381637