1 31.66609573364258 43.67187881469727 -2.598309278488159 0.891083 1.452553 1.658402 -1.613305
1 59.92977905273438 3.64069414138794 -1.719066143035889 4.249115 0.565965 0.736528 -1.469744
1 22.01478385925293 -26.91065979003906 -0.5548679828643799 4.227295 1.562743 1.149506 -1.825118
4 -44.93310546875 -4.273571968078613 -1.062679648399353 1.278893 0.483971 1.420421 -0.1377463
1 26.30999755859375 33.6207389831543 -2.657227039337158 4.138258 1.686225 0.76886 -1.59459
4 16.57901954650879 -14.14513111114502 -0.4547332525253296 0.776826 0.720697 1.126353 1.861845
6 12.02453994750977 -10.19044017791748 -0.5457568168640137 0.314679 0.227986 0.428393 -0.4590152
2 30.07985687255859 -24.71397399902344 0.3217384517192841 8.967406 2.431928 2.474665 1.419127
1 -19.27254486083984 -0.664768397808075 -1.057957172393799 3.356729 1.726118 1.581538 -0.1305792
2 34.36267471313477 -22.79677200317383 0.8372281789779663 2.203601 2.546622 1.466245 1.481536
2 17.60175704956055 4.747151851654053 -0.3258945941925049 0.397215 2.552714 2.35502 0.2384069
1 -14.62510013580322 0.7178617715835571 -0.8702703714370728 3.198619 2.077468 1.176144 -0.1320377
1 -7.45836877822876 0.1375579237937927 -1.115497708320618 3.703278 2.020805 1.3463 -0.06962635
3 6.015007019042969 23.15203285217285 -1.678201079368591 1.351873 0.672425 1.554434 -2.687085
1 34.65775299072266 18.65665626525879 -1.731234312057495 4.285805 1.690029 1.531001 1.200458
6 43.03522872924805 25.82845687866211 -1.826166033744812 0.687788 0.411948 0.947139 1.524369
4 9.826759338378906 -8.988245010375977 -0.9103276133537292 2.894168 1.014423 1.615454 -0.1081213
3 1.612317562103272 25.23184585571289 -1.563684821128845 0.710113 0.618863 1.488527 -0.07841688
4 -4.152145862579346 20.73028755187988 -1.365809202194214 0.948372 0.938972 1.167229 -2.988628
2 -3.168057441711426 -3.649365425109863 -0.6114341616630554 11.770336 2.857511 2.318209 -0.06962635
1 24.73815155029297 -16.60104370117188 -0.7109410762786865 4.015206 1.615246 1.53295 -1.835049
1 -14.05939197540283 -3.042506694793701 -1.094709753990173 3.823214 1.250417 1.486225 -0.06962635
4 14.63952827453613 -6.710035800933838 -0.9208566546440125 1.695151 0.637921 1.492575 1.211662
1 29.74102020263672 -10.21893501281738 -1.097050189971924 4.549597 1.694117 1.005339 -2.135811
1 33.06634140014648 34.45198822021484 -2.541743516921997 2.461042 1.507755 0.899751 -1.603723
1 29.68148422241211 35.88991546630859 -1.935189127922058 5.142739 1.801556 1.946332 -1.603723
4 47.23593521118164 21.84980583190918 -1.905081868171692 1.269019 0.713168 1.524647 2.072054