5 -7.315591812133789 8.768893241882324 -1.784092545509338 0.165465 0.245177 0.318143 2.162637
5 7.289770126342773 -1.710723638534546 -1.539146423339844 0.255103 0.19891 0.377814 0.989152
1 -37.10865783691406 -0.4584358334541321 -1.313464760780335 2.292434 1.979202 1.129769 -0.00699339
4 3.126756191253662 10.28657722473145 -1.197535991668701 1.691624 0.787403 1.489039 -0.02391933
1 29.67237281799316 4.239757061004639 -1.164398312568665 3.736413 1.807258 1.237009 3.043973
6 2.604069232940674 -2.049494981765747 -1.359928965568543 0.158813 0.265922 0.088239 -3.141592
1 30.0494441986084 -5.982830047607422 -1.017725348472595 4.01546 1.691106 1.440489 0.04135654
1 -1.030183434486389 6.173663139343262 -1.163381814956665 4.222757 1.882699 1.427697 -3.077788
1 -2.542540311813355 -4.840560913085938 -0.9539564251899719 4.539774 1.792459 1.656197 0.007138341
6 -50.31301879882813 -5.028398990631104 -1.693576216697693 0.998736 1.259851 0.648981 0.02711054
1 11.47342777252197 4.69563627243042 -1.096509337425232 4.671875 1.903802 1.483792 -0.6540689
3 -30.73991394042969 14.6228837966919 -1.053496599197388 0.363909 0.566108 1.36416 -1.529465
1 17.25855255126953 -6.069335460662842 -0.9114261269569397 4.029053 1.891869 1.674999 0.005057906
5 -11.71039199829102 6.52199649810791 -1.671573162078857 0.258095 0.260093 0.328307 3.141592
6 28.58292579650879 10.9484281539917 -1.265357494354248 1.09106 1.056775 0.473785 2.875675
1 50.42433929443359 4.112176418304443 -1.353721261024475 0.327841 1.375102 0.50745 -3.127814
5 8.064051628112793 -1.578397274017334 -1.537955403327942 0.282867 0.193645 0.435521 0.989152
4 -2.226850748062134 12.33448791503906 -0.852668046951294 1.553038 0.680986 0.979721 -0.3208221
1 2.153273344039917 13.04050254821777 -1.195351004600525 4.074193 1.892741 1.570986 -2.041654
1 6.634545803070068 -0.06271953135728836 -0.9218303561210632 3.483984 1.85268 1.679588 0.0202297
1 -8.72636890411377 0.5165219902992249 -0.9461401104927063 4.439359 2.12674 1.719224 0.1096319
2 -50.07466506958008 7.422906875610352 -0.4062058925628662 9.714051 2.645717 3.483518 -3.141417