6 17.03284072875977 10.23788452148438 -1.623689770698547 1.179248 1.421963 0.709755 3.141592
6 -33.03738403320313 0.375174880027771 -0.2596197724342346 0.203027 0.461849 0.054983 0.0
1 6.566366195678711 -6.577070236206055 -1.038858771324158 4.151251 1.7712 1.667778 -0.02850794
4 35.81258392333984 7.13633394241333 -1.134208083152771 1.423547 0.762673 1.452256 -0.01208394
6 18.19919586181641 9.9474515914917 -1.505969882011414 1.052259 0.933025 0.975812 -4.330319e-16
1 -17.57172584533691 1.04143762588501 -0.9049392342567444 4.811084 2.033978 1.680155 0.391566
1 -4.342689514160156 23.44275665283203 -0.9616129398345947 3.949598 1.893002 1.540529 -1.607527
2 -55.84153366088867 8.620206832885742 0.02482650987803936 0.533364 2.479678 2.951759 3.121759
3 -40.10292816162109 15.44772148132324 -0.7412475943565369 0.378896 0.661766 1.408801 3.141592
1 -11.2593584060669 6.186777114868164 -1.095041751861572 4.030817 1.848666 1.384176 -3.134503
1 -7.910850048065186 12.88998222351074 -1.032787084579468 4.491789 1.633068 1.618513 -2.09309
1 -0.4010410904884338 6.404621124267578 -0.8528554439544678 4.711139 2.07155 1.94288 1.869961
1 -14.76613330841065 3.816203594207764 -1.062642216682434 4.216778 1.727234 1.394669 3.109096
1 -13.03422069549561 -4.987880706787109 -0.9981396794319153 4.310171 1.920727 1.747717 -0.02653182
6 -3.243911743164063 -2.050458908081055 -1.441470861434937 0.245762 0.258363 0.225134 0.02570911
1 -34.25968933105469 4.634322643280029 -1.058806657791138 0.868435 1.577204 1.346594 3.087098
1 19.27157020568848 -6.952641010284424 -1.201451063156128 4.034199 1.834093 1.424864 -0.02850794
1 -23.24261856079102 -0.7268729209899902 -1.019926190376282 3.388246 0.851945 1.305723 -0.01231132