5 -14.78806209564209 16.14506912231445 -1.575203537940979 0.143634 0.211171 0.43106 1.729829
5 -9.329981803894043 -10.91413879394531 -1.416345715522766 0.230882 0.169326 0.417904 -2.919091
5 2.23465371131897 -9.66091537475586 -1.503272294998169 0.186339 0.222067 0.30768 -0.1617137
3 11.12807273864746 -21.28716468811035 -0.5599759817123413 0.362275 0.612225 1.553645 -1.503736
5 -16.45292282104492 10.39985942840576 -1.49227237701416 0.228548 0.176541 0.435547 1.17644
5 -22.78397560119629 0.9104828238487244 -1.202769875526428 0.405823 0.32518 0.659467 0.5209864
4 -12.71910572052002 29.71455764770508 -1.21575391292572 1.352341 0.727384 1.22552 -1.073237
5 -17.51106262207031 11.62201690673828 -1.435541391372681 0.231033 0.160296 0.568236 0.5363459
3 -28.61127090454102 -0.9645940065383911 -0.8608295321464539 0.717876 0.588083 1.486714 0.4027114
5 -22.07180404663086 1.346640467643738 -1.385009407997131 0.257591 0.349656 0.568131 0.6031471
5 -15.68071365356445 12.5697135925293 -1.556216239929199 0.22375 0.153734 0.459783 1.318361
5 -19.1707878112793 6.984981060028076 -1.449390411376953 0.193807 0.25175 0.399375 0.06726684
5 0.8002909421920776 -9.268498420715332 -1.556082725524902 0.222869 0.250483 0.416272 3.019824
5 -17.47685623168945 -4.543073177337647 -1.365875124931335 0.166062 0.23779 0.419388 -2.558746
4 6.655182838439941 -4.141138553619385 -0.8777106404304504 2.785829 1.438529 1.713765 -1.031595
6 -15.86919975280762 6.989626407623291 -1.248590588569641 1.317391 0.501967 0.89613 1.20683
5 -2.447397708892822 -9.161561965942383 -1.492352247238159 0.239188 0.210417 0.418709 1.485803
6 -12.24959087371826 -8.830826759338379 -1.289786815643311 1.630814 0.56654 0.745697 -0.9877194
5 -1.008077740669251 -9.093927383422852 -1.495398640632629 0.23016 0.33786 0.494182 -0.04403917
1 18.26712989807129 -15.78956508636475 -1.055082440376282 3.889816 1.609052 1.322368 -1.004797
3 -8.067215919494629 -13.81910514831543 -0.7033113241195679 0.71601 0.53986 1.510243 -2.489295
4 -6.769766330718994 -9.242472648620605 -1.10206401348114 1.876012 0.722756 1.257158 0.2735417
1 28.27070999145508 -31.76051330566406 -1.022680282592773 4.054142 1.855155 1.425673 -0.9789301
2 27.50606346130371 -23.78585052490234 -0.02459094673395157 8.778173 2.574518 3.032526 -0.9519935
5 -14.69483757019043 17.64348030090332 -1.59113872051239 0.279006 0.262866 0.310445 0.1650064
5 -22.44025421142578 1.147575497627258 -1.355714797973633 0.313911 0.24254 0.469527 0.4473813
1 37.12140655517578 -10.25085258483887 -0.81070876121521 4.352446 1.793525 1.550862 2.183322
1 -14.401535987854 21.34451675415039 -1.088014364242554 4.25185 2.799457 1.671696 -1.241042
6 -16.44181442260742 5.511050224304199 -1.108139634132385 1.795522 0.402126 1.26885 0.8453482
1 11.24563789367676 -0.7006422281265259 -1.039918065071106 4.486408 1.705677 1.39798 -1.013677
3 -6.830907344818115 -10.51021671295166 -1.060874223709106 0.558712 0.42418 1.108169 -0.7805388
4 28.58206176757813 -41.13276290893555 -0.9346927404403687 0.774792 0.535144 1.03411 -0.8592981
6 -23.70282936096191 0.486217200756073 -0.9926176071166992 1.529395 0.610154 1.251421 -2.610733
4 38.61803436279297 -2.429178714752197 -1.144508719444275 0.998716 0.353174 1.293115 2.196446
4 14.15108680725098 30.77393531799316 -1.505101203918457 1.209766 0.309137 0.904313 2.331422
3 -7.907373905181885 -12.95607948303223 -0.6860955357551575 0.641094 0.455962 1.696505 0.453168
5 -17.24715995788574 11.98150825500488 -1.428058981895447 0.131843 0.20317 0.55257 2.724775
5 -5.108461380004883 -9.541061401367188 -1.485749483108521 0.226183 0.13064 0.370072 -3.028017
5 -15.97510719299316 11.73800945281982 -1.529277443885803 0.25675 0.201614 0.450968 1.034585
6 -21.16203880310059 2.353380441665649 -1.15774142742157 2.820028 0.312074 1.105873 0.5376796
3 5.736852645874023 53.22565460205078 -0.2269172221422195 0.189359 0.363542 1.295638 1.753335
6 -18.5972785949707 4.116975784301758 -1.101710915565491 1.698108 0.611375 1.293263 0.6347005
6 -13.04928302764893 -7.559547901153565 -1.268013954162598 1.401487 0.411187 0.708251 -1.021464
5 -17.19308280944824 9.121464729309082 -1.448602199554443 0.182423 0.238647 0.536434 0.8865274
5 -3.604386329650879 -9.350231170654297 -1.478880524635315 0.272208 0.239917 0.46551 1.631657