1 -40.42807388305664 -4.895801067352295 -1.497087121009827 4.041713 1.098835 0.59548 0.004721824
2 -40.65200805664063 7.263128757476807 -0.1794696599245071 12.513366 2.55116 3.562903 -3.115239
1 -18.60654258728027 0.03276705741882324 -0.9534143209457397 2.847368 2.08902 1.698047 0.01666146
2 -18.01070785522461 7.546842098236084 -0.4278177917003632 12.532147 2.617734 2.93816 -3.132195
1 8.271443367004395 -5.070677757263184 -1.095199346542358 4.269924 1.856678 1.486027 0.003382866
6 -53.49761962890625 -0.564974308013916 -0.4982669949531555 0.104509 0.794454 0.042103 0.006586211
2 14.47472095489502 7.562056064605713 -0.4631857872009277 12.254249 2.825746 2.884849 -3.132171
5 22.70721054077148 6.431649208068848 -1.708487868309021 0.117084 0.219847 0.300111 -3.133742
3 2.179111242294312 9.565986633300781 -1.131453156471252 0.636538 0.726031 1.547204 3.127166
1 -6.804649353027344 -5.119664192199707 -0.9181356430053711 4.712084 2.035265 1.788616 0.009199767
3 1.24362850189209 18.91518020629883 -0.6783959865570068 0.305708 0.599232 1.59266 1.552461
3 -2.589806318283081 23.94551086425781 -0.5504387617111206 0.342905 0.598572 1.510941 3.104635
1 1.631611704826355 -5.028059005737305 -1.05702543258667 4.675825 2.010821 1.53292 -0.03717268
1 -15.18784999847412 -5.357660293579102 -0.822564423084259 4.511997 1.957124 1.937265 0.0007845696
1 -20.11153984069824 -5.11005973815918 -0.8934766054153442 3.675453 1.712592 1.760171 -0.05275417
5 21.55077362060547 7.132334709167481 -1.781687736511231 0.119201 0.25879 0.302752 3.141482
1 5.846281051635742 7.888857364654541 -0.9815478920936584 4.071445 2.37343 1.853176 -3.132171
1 13.5596981048584 -5.043461799621582 -1.112224578857422 4.109857 1.591854 1.497107 0.01029539
1 -25.16579246520996 -4.202482223510742 -1.029661774635315 4.17023 1.163942 1.634352 0.03709085
1 19.02056312561035 0.157950222492218 -1.00670862197876 3.61221 2.242576 1.53489 -0.00597631
3 1.085437178611755 24.19046974182129 -0.4928675591945648 0.915258 0.566626 1.670292 1.552461