1 29.6289176940918 35.89521026611328 -1.944981694221497 5.231033 1.834394 1.901059 -1.611676
6 55.64882659912109 16.42997169494629 -2.398773908615112 3.910701 1.371846 0.428565 3.095185
1 -27.83225250244141 1.544814944267273 -0.2133634388446808 4.342315 1.807801 1.116681 -0.08847704
3 14.59243965148926 -6.36768388748169 -0.8276779651641846 0.83072 0.568304 1.74416 -1.548711
2 30.11251068115234 -24.60383605957031 0.1159407794475555 8.752579 2.512755 2.829982 1.431926
6 11.99581432342529 -10.15971660614014 -0.5082225203514099 0.178452 0.08066 0.288804 -1.739743
2 -3.333407402038574 -3.621216297149658 -0.6127461194992065 12.08127 2.880964 2.320624 -0.07183082
1 32.22255706787109 43.83583068847656 -2.165393114089966 0.84032 0.321292 0.711713 -1.582821
4 -27.92529487609863 5.58797550201416 -1.254161357879639 1.619067 0.641873 1.428773 0.3012715
4 5.821429252624512 23.02741241455078 -1.68618655204773 1.631412 0.745506 1.563486 3.064742
1 40.34070587158203 -10.72943019866943 -0.9776594042778015 4.894708 1.146426 1.292084 1.150693
4 -37.46764373779297 -5.246053218841553 -0.8448262214660645 0.832001 0.565294 0.742701 -0.1153445
1 26.26773452758789 32.97464370727539 -2.640334844589233 4.028013 1.571543 0.723203 -1.582843
1 -14.59489822387695 0.6952260732650757 -0.8886492252349854 3.156692 2.054646 1.144909 -0.08847704
4 40.25788497924805 -2.946477651596069 -1.171533107757568 1.504473 0.428697 1.31064 1.455733
1 -14.08653831481934 -3.043822765350342 -1.081375241279602 3.832029 1.190816 1.383856 -0.08779789
6 57.53679275512695 13.86964797973633 -2.167954206466675 3.657458 1.335162 0.493987 3.034883
1 -23.47536659240723 -2.526159048080444 -1.128044605255127 3.962196 1.740752 1.458314 -0.08903142
1 33.09261703491211 34.04259490966797 -2.580229997634888 3.553682 1.315399 0.960228 -1.522894
4 17.82084274291992 -13.17124462127686 -0.7430480718612671 1.378002 0.67799 1.645831 0.1911649
1 -7.430838584899902 0.1425888240337372 -1.117286920547485 3.657286 1.974243 1.348863 -0.0718487
2 34.13119888305664 -23.88844871520996 0.100249171257019 4.540345 2.439243 2.960198 1.428142
4 45.51766204833984 14.75822830200195 -1.631465554237366 1.600378 0.464813 1.159977 1.508588
4 42.02281951904297 7.828368186950684 -1.519932627677918 2.008998 0.70928 1.274728 1.503552
1 -19.35811424255371 -0.6026540398597717 -1.064642429351807 3.768382 1.717111 1.546139 -0.1182652
4 9.816373825073242 -8.986451148986816 -0.9070631861686707 2.893666 1.000197 1.623585 -0.09227613