4 16.18564987182617 -4.718379497528076 -1.169064283370972 1.852454 0.782803 1.143948 -1.658158
6 -11.82881927490234 -5.788919925689697 -1.172192096710205 1.102385 1.096757 1.45699 -2.81856
3 39.5457649230957 14.52575778961182 -0.829602062702179 0.352043 0.451019 1.089779 -3.091857
3 -30.73984718322754 33.86321258544922 -0.936647355556488 0.221844 0.387476 0.665328 1.962757
4 17.31235694885254 -1.048184275627136 -0.9677765369415283 2.17679 1.095134 1.477805 0.04678047
6 -22.79414558410645 -5.941949844360352 -1.290896773338318 4.116103 1.377547 1.386876 3.141332
4 6.19963264465332 -5.274935722351074 -1.270779967308044 1.752515 0.483713 1.106598 -1.11877
4 7.105067253112793 -5.04457950592041 -1.330854296684265 1.082385 0.396122 0.98216 -1.524492
1 -20.8988208770752 8.150111198425293 -1.108214020729065 4.241043 2.073437 1.607398 -3.10016
3 4.563173770904541 -3.961342096328735 -0.9713893532752991 0.719923 0.477719 1.689566 -3.078835
3 -47.07995223999023 12.67322731018066 -1.289446234703064 0.257103 0.303293 1.285757 2.446128
3 -31.57207489013672 25.50268363952637 -0.2149013876914978 0.513475 0.220256 0.75399 0.6011667
4 9.497145652770996 -4.889065265655518 -1.283260703086853 1.432001 0.486837 1.083797 -1.57703
4 4.187443733215332 -5.180742740631104 -1.193521618843079 1.791998 0.664209 1.30076 -1.254951
3 -26.507568359375 29.74541854858398 -0.6033704876899719 0.331817 0.590401 1.546292 2.156077
1 50.00614166259766 9.072074890136719 -1.046220898628235 3.651839 1.763842 1.276748 -3.137294
4 8.923986434936523 -4.893728733062744 -1.266760587692261 1.368181 0.60953 1.112367 -1.465849
4 4.812595367431641 -5.120311260223389 -1.225562334060669 2.071885 0.683115 1.142493 -1.275857
1 -33.86412048339844 -5.13177490234375 -1.121646881103516 4.578238 1.82141 1.827255 -0.5874493
1 19.34519195556641 -4.723883628845215 -1.070638775825501 4.101155 1.666575 1.418931 0.05595897
4 -16.9104175567627 -6.226564884185791 -1.464131474494934 1.673063 0.562691 0.97009 -2.00646
1 -48.67691802978516 7.613195896148682 -0.8461892604827881 1.009705 0.862802 0.879348 0.2125774
1 8.49306869506836 0.2871641218662262 -0.9947758316993713 3.303133 2.133202 1.602628 0.02629365
4 -26.74884796142578 -5.847345352172852 -1.435206651687622 1.291908 0.762072 1.018137 -2.023311
4 -5.723663330078125 -5.659594058990479 -1.369406461715698 1.504703 0.670471 1.045224 -1.372629
4 -17.92221832275391 -5.959398746490479 -1.480916500091553 1.541824 0.688675 0.946455 -1.996618
4 -18.81108665466309 -6.288909912109375 -1.480171203613281 1.855046 0.711253 0.978124 -2.080165
4 8.345001220703125 -5.270925045013428 -1.283667325973511 1.671832 0.517461 1.013709 -1.545742
4 10.00997066497803 -4.980414390563965 -1.274050951004028 1.285182 0.427954 1.019024 -1.649633
4 10.76669311523438 -4.85953950881958 -1.18471896648407 1.779796 0.578263 1.291458 -1.814123
3 15.91492176055908 -7.920716762542725 -0.6743729710578918 0.324955 0.426519 0.910074 0.06993268
4 15.22918128967285 -5.085340023040772 -1.206822276115418 1.647979 0.480006 0.932739 -1.668368
3 -26.88911819458008 30.92845153808594 -0.5828897953033447 0.246768 0.269572 1.088937 2.469995
4 -15.08073425292969 -6.070057392120361 -1.535555958747864 1.417624 0.245843 0.759602 -2.380967
6 -13.10299587249756 -5.747804164886475 -1.185274600982666 1.210773 0.540782 1.434525 -2.808471
4 7.594014644622803 -5.264001369476318 -1.268465757369995 1.281786 0.482234 0.977117 -1.672223
1 -35.96781921386719 4.782944679260254 -1.307791709899902 1.114123 1.906188 1.156767 3.04762
3 22.1650276184082 35.79005813598633 -0.2974513471126556 0.233843 0.43789 0.530553 -2.495514
1 54.24507522583008 -4.127370357513428 -1.008221626281738 2.807471 1.628667 1.817828 0.008658249
4 12.476731300354 -8.008302688598633 -1.314328551292419 0.575244 0.26312 0.624487 0.03524623
4 7.977518558502197 -5.351361274719238 -1.287475943565369 1.45919 0.417908 1.070355 -1.572884
4 14.55464458465576 -4.583792686462402 -1.20052170753479 1.690445 0.623413 1.201135 -1.58509
3 -36.3693733215332 6.35857105255127 -1.154514193534851 0.424022 0.513108 1.453668 -2.617148
4 -3.743878841400147 -5.482432842254639 -1.139202475547791 2.240123 0.682613 1.394817 -1.816758
4 12.19320583343506 -5.121990203857422 -1.293057560920715 1.53689 0.60603 0.990203 -1.738574
4 5.595705986022949 -5.423205852508545 -1.273698210716248 2.153696 0.659277 1.174238 -1.02404
4 57.74113845825195 12.88292503356934 -0.1800998002290726 0.947528 0.231582 1.416659 -3.03217
4 12.88333606719971 -4.815377235412598 -1.252817630767822 1.619879 0.639301 1.155903 -1.661286
6 14.02876567840576 -4.948468685150147 -1.229160904884338 1.339925 0.218555 0.428484 -1.649484
4 7.578171253204346 14.09459972381592 -1.158841848373413 1.376408 0.669021 1.119699 -3.108953
3 10.28676795959473 -7.876230239868164 -0.96993488073349 0.295148 0.481012 0.535009 -0.04891144
6 -10.53410148620606 -5.857207775115967 -1.485595107078552 1.070744 0.88287 0.847232 -2.854714
4 9.39096450805664 14.06436824798584 -1.150924921035767 1.46473 0.478388 0.76313 -3.058862
6 -41.77416229248047 -3.725871801376343 -1.540013432502747 1.431523 1.040817 0.882261 -0.00245524
3 -26.02273941040039 5.843801021575928 -0.9355630874633789 0.305794 0.678996 1.398948 0.1338242
3 -26.49102973937988 31.42448425292969 -0.4994387328624725 0.274532 0.45116 1.334669 2.604547
3 -51.95299911499023 -10.41044425964356 -1.134896159172058 0.623009 0.931222 0.804628 -2.939378
3 -36.80471420288086 5.71790075302124 -1.304856061935425 0.257568 0.32661 1.126124 -2.768784
4 -16.06099700927734 -6.075577259063721 -1.490941524505615 1.503495 0.378364 0.872597 -2.271838
1 0.3160776495933533 -5.200425624847412 -0.893187940120697 4.549351 2.06224 1.844711 0.05892248
4 3.659124851226807 -5.172793865203857 -1.289584398269653 1.82472 0.51185 1.064813 -1.22999
4 13.46000480651856 -4.753736019134522 -1.402453541755676 1.445712 0.517669 0.901704 -1.660095
4 6.528013229370117 -4.82929801940918 -1.39384651184082 0.775038 0.493137 0.879312 -1.347031
4 -14.249267578125 -5.681920528411865 -1.495641708374023 0.915528 0.32558 0.741137 -1.998603