4 12.8282995223999 -12.54741764068604 -0.8527544736862183 1.370886 0.768439 1.558696 1.173963
4 5.968398571014404 23.00397872924805 -1.60598087310791 1.231263 1.011283 1.72612 3.018405
4 6.041891574859619 3.616644859313965 -1.019980907440186 2.124255 0.856198 1.623461 -1.969683
1 -14.08436584472656 -3.125746965408325 -1.061397910118103 3.795544 1.441013 1.419233 -0.09155281
2 34.29852294921875 -22.67933654785156 0.8332094550132751 2.199253 2.486537 1.477001 1.390849
1 26.1663818359375 -17.2985725402832 -0.7083770632743835 4.539126 1.533776 1.507745 -1.832909
2 13.66660881042481 4.310111522674561 -0.4743263721466065 12.036419 2.533439 2.729398 0.07836126
2 30.17950057983398 -24.68438720703125 0.2126599550247192 8.879895 2.387399 2.69187 1.417288
3 -11.60623073577881 26.71378898620606 -1.577021360397339 0.459057 0.563723 1.419286 -0.06370696
4 42.50078201293945 -13.24029636383057 -1.032459497451782 1.874554 0.633637 1.384687 1.146886
1 -7.789726734161377 0.1608035266399384 -1.117284178733826 3.841927 2.046204 1.360378 -0.09155281
1 29.61024475097656 35.91741561889648 -1.934967041015625 5.182922 1.714553 1.948429 -1.606275
2 32.80157089233398 5.378534317016602 -0.4913877546787262 4.578639 2.292093 3.079764 -2.328123
1 -13.75332641601563 18.07302284240723 -1.173588037490845 3.674028 1.696087 0.967896 3.061195
1 -4.108996391296387 21.22451019287109 -1.445890426635742 3.367847 1.729079 1.051533 3.017964
2 -3.114675760269165 -3.644526481628418 -0.6114705204963684 11.890638 2.927267 2.318813 -0.06940304
1 33.14776992797852 34.45135116577148 -2.597836971282959 2.450981 1.629648 0.929001 -1.556218
4 7.026106834411621 0.5860703587532043 -1.009749412536621 1.727603 0.768071 1.600562 2.211567
1 -20.53742408752441 -0.5126701593399048 -1.072656869888306 3.819751 1.631167 1.556099 -0.1727098
1 26.29021644592285 33.58945846557617 -2.662405252456665 3.985487 1.720994 0.778451 -1.563258
4 7.828787326812744 -8.781219482421875 -0.9471341967582703 2.919118 1.067133 1.594593 -0.1305808
4 25.69399642944336 2.042960643768311 -1.057785391807556 1.817496 0.550843 1.682125 0.8777738
1 -15.19261074066162 0.7517958283424377 -0.9554280638694763 3.140048 2.01334 1.439698 -0.1322264