1 -22.90869522094727 56.1317024230957 -0.2834248542785645 2.257233 1.329581 1.32167 2.504631
6 8.948323249816895 10.48184204101563 -1.45592725276947 3.54434 0.969181 0.975226 -0.03921978
1 -20.07938957214356 5.619649887084961 -1.081552267074585 3.799904 1.829854 1.409958 -3.105738
1 -55.4566535949707 2.944793224334717 -1.024259328842163 1.007233 1.317416 1.102168 -3.12509
1 -10.37173938751221 7.610410213470459 -1.003930926322937 4.718187 1.9273 1.69637 2.224092
3 -48.65616607666016 13.97570419311523 -0.2829599976539612 0.200298 0.486972 0.912477 3.132473
1 -16.10373687744141 13.81808948516846 -1.037514925003052 1.060876 1.16704 1.240391 2.910266
4 58.42385482788086 10.37611961364746 -1.766607284545898 2.798557 0.651606 0.687205 -0.03986681
6 -11.8331298828125 -2.311224699020386 -1.398751497268677 0.067591 0.255756 0.097569 3.022802
1 -22.26484489440918 48.98523712158203 -0.4681614935398102 0.8773 1.463607 0.714134 2.398337
1 -13.86898994445801 21.04382133483887 -0.9887691736221313 4.036351 1.787007 1.531798 -1.534738
1 -15.25975608825684 30.73967552185059 -1.21042788028717 1.253466 1.916954 0.659085 -1.517609
1 -31.31022644042969 -1.799285054206848 -1.019174456596375 1.866975 0.51173 1.389418 0.04376377
5 -11.07771873474121 -2.174614667892456 -1.498469352722168 0.309451 0.18517 0.445312 1.569588
4 34.88829803466797 8.65407657623291 -1.186529755592346 1.444719 0.684787 1.436664 0.06596402
1 -30.23278427124023 3.241638422012329 -1.168615818023682 3.128943 1.783138 1.014203 3.138278
1 10.98063945770264 -6.38921594619751 -1.170656442642212 4.269036 1.878957 1.50915 0.0298185
1 -1.555513381958008 -6.471643924713135 -1.003151059150696 4.469501 1.928577 1.690751 -0.003059368
1 -21.50608825683594 -5.583828926086426 -0.9583545327186584 4.299393 1.869951 1.632178 0.005122498
1 -26.34357643127441 0.2179912626743317 -0.9023945331573486 4.782466 2.013313 1.641411 0.4564991