3 -13.77021598815918 7.093316555023193 -1.00386106967926 0.37325 0.599502 1.741559 3.085173
1 -41.98837661743164 -4.594109535217285 -1.075400114059448 1.328168 0.797008 1.090624 -0.05720925
3 -27.19401741027832 9.056694030761719 -0.4186728596687317 0.179338 0.337347 0.511246 -3.121819
1 -24.51268768310547 -3.983610391616821 -0.9074808955192566 2.464153 1.671914 0.993127 1.568161
4 -25.90215110778809 10.88804435729981 -1.150339722633362 2.091681 0.279741 0.519128 2.656134
4 -36.66800308227539 8.978248596191406 -1.544196128845215 2.213925 0.985109 0.738028 0.4090119
6 -1.866043567657471 -5.507576942443848 -1.101545691490173 4.469554 1.073181 1.429052 3.141592
3 -13.86944103240967 23.64060783386231 -0.6961357593536377 0.319724 0.607787 1.555236 1.583485
3 -4.79114294052124 6.470380306243897 -0.9751365184783936 0.492073 0.624683 1.702284 -0.02944066
3 -25.5888671875 13.66703319549561 -0.8598737716674805 0.53657 0.280599 0.687272 -3.12437
1 26.69291687011719 -1.417558670043945 -0.7286918759346008 1.570499 1.151234 0.917563 -0.0181131
3 -38.28596496582031 -3.186898946762085 -1.004396200180054 0.448777 0.963463 1.502567 0.676702
5 -25.89211273193359 -2.201324939727783 -1.609053611755371 0.167268 0.258437 0.46893 -0.03877506
1 -59.80001449584961 -3.651508331298828 -0.8045691847801208 2.280789 1.087925 1.301319 0.01555523
6 38.5746955871582 -4.876026630401611 -1.165813326835632 1.148721 0.251262 0.266736 -1.799854
1 20.20181655883789 -5.120349407196045 -0.9058007001876831 2.459815 1.818703 1.732102 -0.00868631
4 -8.064043998718262 -5.598677158355713 -1.354698300361633 1.622035 0.595647 1.042058 -1.576217
1 -14.14977741241455 45.35066223144531 -0.8571730256080627 0.953302 0.548317 0.988951 1.75753
4 31.83894729614258 -4.81294584274292 -1.217974185943604 1.430503 0.397834 0.818308 -1.616022
4 -17.67147254943848 -3.25860857963562 -1.430564403533936 0.406849 0.501899 0.939603 3.138338
1 8.162708282470703 -0.1175273731350899 -0.9860062003135681 3.605855 1.904542 1.603811 -0.01724562
6 29.29640197753906 -4.77012300491333 -1.552138209342957 0.141598 0.194929 0.554288 -1.616022
4 -5.883104801177979 -5.297708988189697 -1.299796462059021 1.597187 0.702526 1.128665 -1.576217
4 30.02018356323242 -4.973666191101074 -1.231409788131714 1.164015 0.273197 0.935549 -1.193529
6 -9.27349853515625 -5.540063858032227 -1.627118587493897 1.120521 1.294971 0.519482 -0.04523299
6 35.61250305175781 -4.801918029785156 -1.186346411705017 1.565251 0.33239 0.869039 -1.616022
4 -31.13628005981445 8.460289001464844 -1.52682638168335 2.312999 1.043471 0.787756 0.1933559
3 -14.31848621368408 35.07537078857422 -1.099366307258606 0.536092 0.111534 0.686815 1.620561
4 -35.75111389160156 8.34232234954834 -1.484942197799683 1.068903 0.364864 0.710022 -3.038582
3 -8.661761283874512 38.99590682983398 -0.5619926452636719 0.51272 0.487375 1.511326 1.620561
3 -6.123053073883057 13.90147495269775 -1.189780712127686 0.353205 0.358719 0.307005 -1.319589
3 55.90283584594727 13.89578342437744 -0.9768142700195312 0.135757 0.495688 0.81078 3.127921
3 -27.73472023010254 8.277677536010742 -0.8623100519180298 0.397016 0.556431 1.13198 -3.121819
1 -12.59458065032959 -4.518585681915283 -0.9769940972328186 4.553893 1.870044 1.7772 -0.5870946
4 -6.625759601593018 -5.627720832824707 -1.386334776878357 1.59867 0.640224 0.992944 -1.576217
3 -15.12349700927734 38.70005416870117 -0.8385900855064392 0.790033 0.283393 1.110512 1.620561
6 25.60369873046875 -4.443369388580322 -1.418883681297302 0.352098 0.206944 0.701868 -1.616022
5 -21.06031608581543 -2.40125298500061 -1.532194375991821 0.214868 0.414635 0.703488 -0.03877506
3 -3.404602289199829 -4.947661399841309 -1.260792851448059 0.585885 0.645058 1.075855 1.621709
4 -24.92617797851563 11.58757305145264 -1.373904347419739 1.603478 0.473205 1.011724 -2.34688
6 1.608721613883972 -5.475734233856201 -1.620061278343201 0.927137 0.586243 0.429735 -2.091341
3 -9.973618507385254 26.26156425476074 -0.4061211049556732 0.460912 0.425733 1.242892 1.583485
3 -12.27815914154053 18.7391529083252 -0.884550929069519 0.478331 0.711614 1.478963 1.583485
5 -29.39256477355957 -2.299039602279663 -1.544304609298706 0.074478 0.15568 0.308249 -3.062792
4 -24.23330688476563 11.50878620147705 -1.624796271324158 1.305596 0.577583 0.510336 -2.34688
6 7.974492073059082 -5.562917232513428 -1.101443648338318 1.215801 0.914454 1.452048 -2.861803
3 -5.774924755096436 13.95675182342529 -1.100320219993591 0.35049 0.336319 0.496328 -1.319589
3 -10.51606273651123 26.94108009338379 -0.340764731168747 0.460799 0.422049 1.439263 1.583485
3 -25.50163459777832 12.72260093688965 -1.068472027778626 0.62926 0.623513 1.186949 -3.12437
4 -25.19083786010742 12.02244186401367 -1.418204188346863 2.117554 0.490278 1.063573 -2.34688
4 4.239046573638916 -5.554627418518066 -1.28486442565918 1.310375 0.757434 1.045307 -2.060246
4 5.773553848266602 -5.804505825042725 -1.307262420654297 1.568449 0.779197 1.069974 -2.060246
6 9.169514656066895 -5.406044483184815 -1.102771520614624 1.117173 0.669733 1.442642 -2.861803
3 -14.78218936920166 23.68007469177246 -0.8117811679840088 0.306506 0.399486 1.41685 1.583485
4 17.34627532958984 -5.362934589385986 -1.310752868652344 2.122122 0.721614 1.11792 -1.933169
4 37.33701705932617 -4.689235687255859 -1.253485918045044 1.144004 0.360228 0.911149 -1.616022
1 0.1707093864679337 8.573399543762207 -1.002588391304016 4.567156 1.923023 1.665721 3.13605
4 -5.216732978820801 -5.371432304382324 -1.285912275314331 1.506501 0.572859 1.039319 -1.576217
3 -4.76297664642334 30.39549064636231 -0.6546383500099182 0.42302 0.315031 1.412389 1.568976
3 20.33744430541992 -3.791919946670532 -0.9421700239181519 0.723579 0.732349 1.601351 -0.00868631
6 10.60287570953369 -5.466767311096191 -1.611726403236389 0.802643 0.717043 0.428905 -2.861803
1 -26.98637008666992 -3.903901815414429 -1.066333293914795 3.164715 1.274169 1.199898 1.403435
2 -14.99431705474854 58.02613830566406 0.02799142152070999 11.812952 1.986673 2.293364 1.587277
4 2.315998077392578 -5.541088581085205 -1.321926355361939 1.289101 0.654085 1.009274 -2.060246
5 -20.04104995727539 -2.666878700256348 -1.517189621925354 0.360995 0.191794 0.511978 -0.03877506
3 -14.20085620880127 7.785250663757324 -1.05553150177002 0.438635 0.689738 1.648839 3.085173
4 6.66558313369751 -5.678380012512207 -1.380144119262695 1.588885 0.488791 0.909303 -2.060246
4 -7.405459403991699 -5.596849918365479 -1.318094849586487 1.581572 0.666542 1.079967 -1.576217
1 -16.04859733581543 5.681853771209717 -1.115638852119446 3.85272 1.838402 1.49171 2.969224
4 15.362548828125 -5.407342433929443 -1.294820308685303 1.356172 0.59437 1.021852 -1.577293
3 -41.97175216674805 9.0247220993042 -1.120461702346802 0.400294 0.421073 1.601998 3.096272
6 -29.47112655639648 -3.644598722457886 -0.7589161992073059 0.317409 1.069904 0.354664 1.5126
4 33.90830230712891 -4.939578533172607 -1.305742383003235 1.285721 0.329283 0.836034 -1.616022
1 -21.19758033752441 -3.554004907608032 -1.209191083908081 1.842547 1.528855 1.290463 1.568161
3 -26.77890777587891 8.384540557861328 -0.6471275091171265 0.310799 0.45457 0.736828 -3.121819
4 3.216757535934448 -5.471553325653076 -1.279349446296692 1.397802 0.572301 1.102906 -2.060246
1 -53.13199234008789 -3.930445671081543 -0.689769446849823 2.472967 1.206371 1.714097 0.01555523
4 4.973666667938232 -5.725002288818359 -1.328068614006043 1.51906 0.639135 0.920725 -2.060246