2 44.65143585205078 8.00669002532959 0.1191384568810463 11.145295 2.418696 3.272326 0.1676584
2 21.09870338439941 -2.338354110717773 -0.2855790257453919 11.870803 2.753978 2.862187 0.08364928
1 55.18141937255859 2.535273551940918 -0.3660163581371307 0.402735 1.604715 1.035105 -0.2754646
6 -50.08213424682617 -7.368039608001709 -1.27504289150238 0.098123 0.783718 0.266707 -0.1871693
6 -47.43401718139648 -1.846967220306397 -1.687233328819275 0.417688 1.386281 0.333195 0.07000463
1 -30.92121696472168 -4.054054737091065 -1.410749793052673 3.812027 1.917114 1.372062 -0.06458483
4 34.61016082763672 25.93769454956055 -0.7822776436805725 0.547238 0.414954 0.877973 2.86814
4 -19.38846015930176 -6.834917545318604 -1.125048041343689 2.897909 1.227412 1.692413 -0.07657919
4 30.3805046081543 27.32740020751953 -0.8327813744544983 0.582374 0.552156 0.624095 3.064024
3 -29.59100532531738 -11.27463722229004 -0.8551428318023682 0.300318 0.520394 1.377517 0.4082788
6 -58.27134704589844 -1.165890693664551 -1.47891104221344 0.300922 0.633022 0.347418 0.6681827