2 30.26062202453613 -24.12691307067871 0.1620999574661255 8.349731 2.356659 2.849915 1.426133
1 -27.85440444946289 1.511322259902954 -0.2105624973773956 4.311801 1.812276 1.163465 -0.07750136
2 -3.101484060287476 -3.694635391235352 -0.6067200303077698 11.895681 2.764977 2.313699 -0.08048892
3 4.863883972167969 20.55119514465332 -1.273748874664307 0.255998 0.171642 0.383123 1.079494
1 32.50994110107422 35.83243179321289 -2.311941623687744 1.505738 0.381742 1.485363 -1.487479
4 20.47461891174316 -17.11957931518555 -0.6063792705535889 0.998735 0.545746 1.363439 1.156271
1 29.60695266723633 28.48650550842285 -1.815984129905701 5.230993 1.938086 2.017782 -1.592893
3 -48.77075958251953 32.29987716674805 -1.352917790412903 0.152098 0.264916 1.366753 -0.1113391
4 -37.43222045898438 -5.19135856628418 -0.8300466537475586 0.926719 0.555716 0.765685 -0.1020896
4 -3.243368148803711 4.487193584442139 -1.044806599617004 1.977142 0.861562 1.515497 0.09906066
6 11.96850299835205 -10.17669010162354 -0.5121882557868958 0.085104 0.173444 0.291551 -0.4217457
1 39.34873199462891 15.87510013580322 -1.742812156677246 4.367038 0.762365 1.317952 -1.00296
1 -14.65777206420898 0.7551414966583252 -0.8559856414794922 3.203474 2.05058 1.147694 -0.1581496
4 9.883434295654297 -8.993301391601562 -0.8809476494789124 3.05833 1.052356 1.634378 -0.1118748
1 -19.27611351013184 -0.6478046178817749 -1.069835066795349 3.656236 1.707171 1.613927 -0.1801659
2 34.96176910400391 -17.79207038879395 0.02127987891435623 9.006036 2.809215 3.041402 1.422755
6 56.39845275878906 11.05139350891113 -2.026336669921875 3.668126 1.423405 0.383254 2.99565
6 55.90533447265625 14.0774564743042 -2.097886562347412 0.305249 1.249873 0.392347 3.05956
4 43.45364761352539 -12.19831085205078 -1.044541001319885 1.29324 0.510723 1.386967 -1.99256
1 25.9661922454834 18.95749092102051 -1.783239960670471 4.391625 1.737988 1.370149 -1.607963
1 -14.11173439025879 -3.028989791870117 -1.097649216651917 3.801893 1.239514 1.489117 -0.07750136
4 17.81891059875488 -13.29996681213379 -0.7278792858123779 1.373424 0.690192 1.669739 0.4145602
3 4.474290370941162 20.67326736450195 -1.457793951034546 0.51526 0.179814 1.124437 1.079494
6 54.20217514038086 16.66926002502441 -2.071272611618042 1.03955 1.243938 0.366798 -2.962397
1 -23.49476623535156 -2.551904678344727 -1.126091241836548 3.946056 1.790815 1.456861 -0.07750136
1 -7.436599254608154 0.1411118507385254 -1.094398617744446 3.666917 2.010427 1.364231 -0.07673
3 17.16704559326172 -11.34107208251953 -0.7390372157096863 0.544424 0.715472 1.711873 -1.040619