4 -37.48289108276367 -5.262522220611572 -0.8377891182899475 0.941047 0.554924 0.775777 -0.09797651
4 18.43720626831055 -23.2786979675293 -0.4461402595043182 1.411982 0.558483 1.309116 -1.542695
1 -14.05228996276856 -3.044166564941406 -1.0780029296875 3.730312 1.202927 1.450341 -0.08926409
1 -19.35308074951172 -0.5886906385421753 -1.048100233078003 3.823747 1.721616 1.569717 -0.076658
1 -7.462194442749023 0.1446191072463989 -1.087590217590332 3.714025 2.01311 1.384676 -0.08308977
1 47.07867813110352 6.591753959655762 -1.779590487480164 4.48527 1.665118 0.674838 -2.600309
4 17.57966423034668 -13.21441650390625 -0.715883731842041 1.266344 0.640097 1.655168 0.363788
1 -14.515793800354 0.6902996897697449 -0.8737815022468567 3.000965 2.082669 1.182901 -0.076658
3 42.46382141113281 -13.10205268859863 -0.9086620807647705 0.825394 0.387794 1.153062 1.354952
2 -3.233407497406006 -3.70243763923645 -0.5945460200309753 12.120174 2.818973 2.286575 -0.08394001
1 29.55887794494629 35.82899856567383 -1.789413094520569 5.262198 1.622244 1.672435 -1.596554
2 30.1948184967041 -24.67061424255371 0.1442325860261917 8.859159 2.377275 2.932318 1.426581
2 34.29828643798828 -22.65628623962402 0.1985908597707748 2.242903 2.446464 2.818311 1.390389
6 56.03239059448242 14.02679443359375 -2.113141775131226 1.372198 0.765657 0.36114 -2.142221
3 7.464585781097412 8.807710647583008 -1.044650077819824 0.759997 0.966128 1.747773 0.766563
1 -23.53770256042481 -2.614617347717285 -1.066919922828674 3.968717 1.798621 1.335956 -0.05554348
4 5.835832118988037 23.02265548706055 -1.593979835510254 1.672423 0.568516 1.696421 -2.922467
4 38.78816604614258 -15.54673385620117 -0.807148814201355 1.665271 0.619043 1.571654 1.457963
1 -27.18901252746582 1.404349207878113 -0.158593013882637 2.991007 1.903429 1.058399 -0.05554348
1 33.07441711425781 34.47441864013672 -2.543603420257568 2.489866 1.399998 0.926058 -1.549496
1 26.04670715332031 33.57584762573242 -2.677460432052612 4.20614 1.267978 0.8272 -1.612429
6 53.74338531494141 16.82435607910156 -2.040105819702148 0.318854 0.877457 0.351497 -2.695886
4 40.0143928527832 -11.21996021270752 -0.9472576975822449 1.768016 0.585624 1.308352 1.541443
6 52.95363235473633 -4.930281639099121 -1.111594200134277 0.585455 0.297773 0.792045 -2.061278
4 -58.69181060791016 7.550391674041748 -1.129466772079468 1.25998 0.804231 1.175692 -0.05662274
1 36.76556396484375 -1.614246010780335 -1.395621657371521 4.428385 1.844478 1.055403 -2.375458
4 9.841218948364258 -8.982993125915527 -0.884030818939209 2.969842 1.094248 1.643211 -0.07061931
6 11.9652214050293 -10.18939971923828 -0.510279655456543 0.080995 0.178804 0.303649 -0.1523904