2 37.33205795288086 38.95328521728516 -1.792732238769531 5.120799 1.99358 2.136169 -1.52564
3 -13.55808925628662 26.81255340576172 -1.26381516456604 0.413999 0.5736 1.14677 3.07708
4 14.62254810333252 24.21780967712402 -1.504172682762146 1.379534 0.640094 1.414913 -3.098297
2 7.933939456939697 -2.945905208587647 -0.5623958110809326 12.947322 2.927301 2.512691 -0.001425219
3 -50.79264450073242 -8.786581993103027 -0.3055813610553742 0.31225 0.481497 0.938862 2.986328
4 56.31505966186523 5.724555492401123 -1.534387469291687 2.248356 0.746297 1.479598 1.283777
4 -12.01761150360107 25.16948509216309 -1.547099351882935 1.544379 0.466424 1.236263 3.092915
6 45.57213973999023 8.661008834838867 -1.647521138191223 0.621227 0.410614 0.282491 1.586786
2 23.79551696777344 6.189818382263184 -0.3289379775524139 12.099444 2.733586 3.116001 0.1695955
6 32.68453598022461 49.95675659179688 -2.895344734191895 1.14311 0.293067 0.362538 -1.375528
1 -27.70459938049316 0.5459263324737549 -1.239372134208679 3.376738 1.52483 1.202249 0.0009240969
1 -36.13542556762695 2.744536638259888 -1.037474155426025 2.54636 1.99311 1.589138 -0.03125271
4 -17.36734008789063 -6.479565620422363 -0.9493374824523926 2.974993 1.055874 1.731637 -0.05530193
4 19.72184371948242 12.0703182220459 -1.120359301567078 2.090088 0.59009 1.233103 -1.563763
1 -20.59289741516113 -3.534294843673706 -1.061311483383179 3.950385 1.943784 1.492043 -0.03097663
1 -40.14362716674805 0.4554155766963959 -0.8227083086967468 1.782963 1.888059 0.981633 0.006633873
6 40.65117645263672 37.39601516723633 -2.323889970779419 1.990399 1.005172 0.455836 1.652127
1 39.30533218383789 46.07303237915039 -2.236565828323364 2.329553 0.35651 1.213299 -1.533838