1 -20.13464546203613 -0.5567795634269714 -1.043852925300598 3.772074 1.639169 1.520779 -0.1096375
2 34.42439651489258 -22.0794849395752 0.1787581145763397 0.956242 2.482299 2.670527 1.461969
1 -14.67933464050293 0.7141775488853455 -0.9732293486595154 3.1704 2.020915 1.375872 -0.1096375
1 -29.87827301025391 19.61161613464356 -1.201464891433716 2.828928 1.386036 0.665163 3.071829
1 33.0538444519043 34.46269989013672 -2.596783876419067 2.488773 1.403887 0.99834 -1.535232
2 30.14377593994141 -24.71506690979004 0.06197201833128929 9.012911 2.303151 2.984914 1.413852
2 31.28766822814941 2.591259002685547 -0.5036681294441223 6.204869 2.481337 2.913121 -2.085231
1 -14.05089282989502 -3.060153245925903 -1.069018959999085 3.796931 1.257351 1.435937 -0.07913122
1 29.60820007324219 35.88619232177734 -1.956709027290344 5.129018 1.647778 1.976051 -1.605541
4 42.44699859619141 -13.19354724884033 -1.043218374252319 1.59102 0.49191 1.386811 1.106939
4 5.867058753967285 23.13625526428223 -1.646033644676209 1.352484 0.887556 1.487808 -2.488922
4 6.614738464355469 2.530474662780762 -1.013597011566162 1.79669 0.701263 1.602833 1.613907
2 26.73930740356445 18.51467704772949 -1.208272933959961 6.059972 2.554227 2.501112 -3.133258
4 27.84571075439453 4.29515552520752 -1.096354365348816 1.82329 0.711334 1.654488 0.8931995
1 29.89976119995117 6.676987171173096 -0.0274939239025116 0.210344 1.629414 1.57741 -2.423426
4 5.467445850372315 -0.6360657811164856 -0.9872227907180786 2.094575 0.764342 1.608938 -1.410852
1 37.43447113037109 6.833336353302002 -1.370755791664124 1.439662 0.297998 1.098171 -2.596754
2 13.66945648193359 4.338455677032471 -0.4785924553871155 12.030434 2.56972 2.736079 0.08559549
4 9.682559967041016 -9.037339210510254 -0.8850625157356262 2.938436 1.181289 1.62405 -0.1099302
1 26.09968948364258 33.58320617675781 -2.366101026535034 3.979105 1.529724 1.543544 -1.588151
1 -7.464067935943604 0.1354662328958511 -1.088379859924316 3.697209 1.946622 1.351935 -0.1227825
3 -9.783863067626953 26.61557769775391 -1.619566321372986 0.793556 0.375131 1.549974 2.970704
1 -21.92390251159668 23.4212532043457 -1.65266489982605 1.521438 1.915826 0.674066 2.942326
2 -3.267473220825195 -3.660280466079712 -0.6070982813835144 12.23767 2.809567 2.313299 -0.07471021