5 -12.18538856506348 6.522113800048828 -1.697838068008423 0.146589 0.194252 0.359277 0.0187003
1 31.4098014831543 4.153875350952148 -1.360161542892456 1.666671 1.502984 0.841121 -3.130651
1 -19.83417129516602 -0.4014644920825958 -1.121078848838806 2.613125 1.910549 1.454197 0.01709142
5 18.55755996704102 9.620784759521484 -1.787121772766113 0.265868 0.25861 0.337801 9.778531e-16
1 16.75249099731445 -6.151334762573242 -1.017759680747986 4.042705 1.85312 1.670115 0.01094196
1 -1.536987900733948 6.139161109924316 -1.172226786613464 4.155752 1.85309 1.455295 -3.106386
1 16.43911552429199 4.507449626922607 -1.175029873847961 3.922997 1.987012 1.482096 3.115001
5 7.57108211517334 -1.629582524299622 -1.547179222106934 0.195039 0.256947 0.448614 -0.10975
4 -0.6006675958633423 11.07277011871338 -0.9006936550140381 1.413913 0.64874 1.03303 -0.6923426
6 27.40398216247559 10.86499404907227 -1.483308553695679 2.302609 0.976879 0.579923 3.087994
4 11.33738899230957 9.708276748657227 -1.25735068321228 1.722591 0.596296 1.535396 -0.005290256
1 1.60579240322113 12.94946479797363 -1.224993467330933 4.188727 1.85634 1.640769 -2.072563
1 7.280220985412598 0.2827097475528717 -0.9806548953056335 4.480563 1.990978 1.672849 0.2009853
1 29.46012687683106 -6.070922374725342 -1.210193514823914 3.877314 1.705937 1.38465 0.01390991
1 18.0664119720459 1.306736946105957 -0.7822267413139343 2.73318 1.348881 0.754 2.788198
3 -31.30113029479981 14.63514423370361 -0.98336261510849 0.58713 0.365591 1.555277 3.139309
1 -3.122714996337891 -4.850900173187256 -0.9743977189064026 4.6836 1.813607 1.664217 0.005163264
5 6.793012619018555 -1.727547764778137 -1.529161095619202 0.145757 0.250887 0.398902 -0.10975
5 -7.860487937927246 8.807787895202637 -1.735356330871582 0.224494 0.201151 0.367373 3.140013
1 -51.99831771850586 -5.3984375 -1.47926938533783 3.548629 1.953848 0.759571 -0.01244069
1 -5.708590984344482 1.561814904212952 -0.9448931813240051 4.473447 2.052071 1.74835 0.3231972
2 -51.44926834106445 7.48718786239624 -0.4183182418346405 11.442767 2.591283 3.428024 3.124149