4 18.36174774169922 -5.2640380859375 -0.9106842279434204 2.845779 1.055214 1.632281 -0.006928739
4 21.62346649169922 -7.359204292297363 -1.307804226875305 0.886046 0.682878 0.819555 -0.00692874
1 -39.67426681518555 -3.335830450057983 -1.389284253120422 3.146074 1.939905 1.117804 0.0
3 -9.566576957702637 -10.59588813781738 -0.3910348415374756 0.517883 0.720107 0.926719 -2.897799
1 -2.746037721633911 16.07816505432129 -1.186736941337585 4.455805 0.734119 1.674423 -3.091285
6 1.829786777496338 23.89540100097656 -1.943750739097595 0.895086 0.292003 0.58926 0.0
1 -15.3194465637207 -3.011774778366089 -1.052288293838501 3.957984 1.958514 1.441169 0.02178824
3 -13.17053604125977 -11.71677112579346 -0.3233982920646668 0.245576 0.382777 1.102978 -3.121072
4 -11.90793037414551 -5.82483434677124 -0.9632114171981812 1.716215 0.681867 1.627886 -2.973382
4 -2.883373975753784 -5.200708389282227 -0.9892457127571106 1.741488 0.725657 1.581277 -0.1842503
2 50.64872741699219 -3.976680040359497 -0.0426747277379036 11.907903 2.617741 2.546345 -0.006928803
1 -9.08734130859375 -7.279346466064453 -0.7826382517814636 5.132805 2.154641 1.921438 0.05053598
6 -53.62633895874023 -2.735840797424316 -1.344250440597534 0.409502 1.698932 0.342211 0.0
2 -44.70240783691406 17.25527954101563 -0.7029193639755249 4.304582 1.511228 1.836121 -3.126308