1 14.92842483520508 22.06429672241211 -0.9579283595085144 4.329403 2.820785 1.710431 -1.833938
6 5.943219661712647 10.36266422271729 -1.154939413070679 1.752892 0.252748 1.187526 0.667099
1 21.99753952026367 2.771268844604492 -0.5336373448371887 5.425072 1.756198 2.01365 -1.530505
3 1.86655867099762 -11.00079154968262 -0.4192818105220795 0.4561 0.532309 0.648302 0.0688624
5 11.61911392211914 -12.00080108642578 -1.473119258880615 0.188026 0.232044 0.349548 -0.2851209
5 7.811391830444336 -9.692902565002441 -1.531764626502991 0.125057 0.157888 0.33461 -0.4675806
3 14.42691516876221 -32.34819412231445 -0.5914028286933899 0.482203 0.548892 1.595035 -1.603223
1 15.86627960205078 35.44462203979492 -1.09478747844696 4.168383 1.827027 1.284311 -1.601668
5 8.850335121154785 -10.1737642288208 -1.473611354827881 0.166062 0.175429 0.421979 -0.4179077
6 2.245337009429932 9.601319313049316 -1.19392466545105 1.641714 0.793088 1.24963 -0.005309463
5 -2.279034614562988 9.062237739562988 -1.567187309265137 0.30486 0.361001 0.597429 3.113768
1 22.89453887939453 -49.41688537597656 -0.8111808896064758 4.18404 1.802568 1.440758 -1.468836
3 1.375084757804871 -10.28233909606934 -0.5898966193199158 0.535188 0.531671 1.165632 -1.323519
4 -12.53550910949707 6.872257709503174 -1.123781323432922 1.696325 0.541291 1.555474 -3.090828
6 -0.9258758425712585 9.442910194396973 -1.192828893661499 2.758233 0.428597 1.213112 -0.03221546
5 2.107954502105713 -7.94498872756958 -1.52740204334259 0.278873 0.267865 0.474877 -2.394779
5 4.722736835479736 12.69589614868164 -1.487960815429688 0.126743 0.151681 0.422699 -2.717967
1 25.14268493652344 -2.71655011177063 -0.7000510692596436 4.411441 1.0535 1.609304 -1.544572
2 22.19330024719238 -28.18989944458008 0.00829213485121727 12.025011 2.608137 3.18886 -1.544626
5 -2.989266872406006 9.06650447845459 -1.59464168548584 0.278108 0.350432 0.523703 -0.02349175
4 5.280143737792969 -7.947493553161621 -1.195334434509277 2.031951 0.634148 1.254918 -0.2859548
6 18.31806945800781 46.04117584228516 -0.7209159135818481 1.755076 0.970242 1.298468 -1.49731
6 -3.926353693008423 9.235079765319824 -1.215072274208069 1.719506 0.427127 1.233814 -0.02349175
5 8.397066116333008 14.76579093933106 -1.549734234809876 0.097344 0.106895 0.435855 -2.717967
6 -53.22770690917969 8.744643211364746 -1.670011281967163 0.253539 0.640217 0.337206 0.1482093
6 4.511392593383789 9.692537307739258 -1.170334339141846 1.389837 0.240755 1.235529 0.3341689
2 24.46131896972656 39.22639083862305 0.04871157184243202 8.532969 2.485654 3.316923 -1.53051
4 5.688392639160156 11.62949562072754 -1.075422167778015 1.737459 0.626208 1.558939 0.2248144
1 26.77741813659668 -44.44908905029297 -0.5302914977073669 1.056185 1.684898 1.435272 -1.422192
5 -2.646624803543091 9.076033592224121 -1.484547138214111 0.270708 0.314283 0.592745 -0.06160472
6 0.7856945395469666 -4.738541126251221 -1.447951555252075 1.533738 0.331929 0.746976 -1.593963
5 10.11317157745361 -10.90636825561523 -1.518735647201538 0.12081 0.196155 0.393044 -0.4179077
1 21.51054763793945 22.18499374389648 -0.906904935836792 4.384548 1.733731 1.521677 -1.558743
1 22.86804580688477 -15.09315204620361 -0.6416870951652527 4.237549 1.862398 1.739937 -1.480906
1 -49.62760925292969 -8.004669189453125 -1.662520051002502 0.491509 1.754792 0.629907 0.02894249
5 3.580926895141602 -8.147968292236328 -1.54800546169281 0.177 0.260051 0.421968 2.969005
3 2.108003854751587 -10.37988662719727 -0.3177627325057983 0.453396 0.43826 0.814297 -1.554657
6 0.7817398905754089 -3.318832397460938 -1.433456301689148 0.301176 1.286881 0.772612 -0.03811607
3 -18.95848083496094 10.8884334564209 -0.8464421033859253 0.324965 0.491774 1.038216 -0.6272383