1 33.02077102661133 34.41888046264648 -2.528505802154541 2.366384 1.431731 0.891715 -1.598317
4 18.12225723266602 -13.08323097229004 -0.7359341382980347 1.587028 0.609945 1.689042 0.4309773
4 23.55200576782227 7.15106725692749 -1.232310295104981 1.669731 0.553576 1.435241 0.8412442
6 55.86468887329102 14.05763912200928 -2.073815822601318 0.504735 1.255732 0.372649 0.1290629
4 9.825571060180664 -9.029619216918945 -0.8935147523880005 2.945342 1.136241 1.660891 -0.158289
1 -14.42451000213623 0.6544533967971802 -0.8562967777252197 2.872442 2.055845 1.148195 -0.08171815
1 26.27334022521973 33.58512115478516 -2.686021327972412 4.00083 1.692058 0.830442 -1.598317
2 61.39865875244141 10.11852931976318 -0.6811823844909668 5.8415 2.286549 2.41767 3.134202
3 5.785172462463379 23.05867385864258 -1.560301184654236 1.02302 0.63966 1.639672 -2.429544
4 -18.39692115783691 26.71849632263184 -1.84813380241394 1.347642 0.474115 1.410906 3.016641
2 38.0245475769043 24.5821418762207 -0.9446711540222168 11.403425 2.549896 3.211078 1.291012
1 31.62920379638672 43.67475128173828 -2.600477933883667 0.845012 1.562207 1.668298 -1.538336
1 -7.451097011566162 0.1320439279079437 -1.126289963722229 3.687181 2.008866 1.343488 -0.08171815
3 6.760237216949463 23.88865661621094 -1.680143594741821 0.543176 0.676708 1.766939 -0.9178463
1 29.59671401977539 35.88917541503906 -1.955137848854065 5.13106 1.830396 1.997558 -1.598317
1 -19.25650787353516 -0.6443576812744141 -1.050597429275513 3.629236 1.696048 1.575646 -0.2269266
2 -3.218254327774048 -3.609110116958618 -0.6122204661369324 12.20866 2.937871 2.321262 -0.08171815
1 49.35595321655273 7.974835395812988 -1.709099173545837 2.672147 1.58416 1.213464 -3.10662
2 34.36812973022461 -22.7244987487793 0.2208592146635056 2.106058 2.592283 2.729608 1.425924
2 30.16036796569824 -24.68294906616211 0.08690764009952545 8.877993 2.369236 2.927199 1.425924
1 -14.04997730255127 -3.034553527832031 -1.087066054344177 3.800788 1.278903 1.469646 -0.08171815
1 30.27472686767578 -10.86210346221924 -0.9467955827713013 4.726032 0.922033 1.224601 -2.134074
6 11.97993087768555 -10.17125225067139 -0.5191490054130554 0.193159 0.097418 0.291252 -1.633239
4 -38.51417922973633 -5.079519271850586 -1.144953012466431 1.135416 0.651037 1.349033 -0.1156692
1 -39.77944946289063 2.153750896453857 -0.4303754568099976 2.024375 1.705262 1.233405 -0.05774901