6 -26.36000061035156 29.39702033996582 -1.617429137229919 0.181647 0.652829 0.388994 1.645712
4 9.500354766845703 6.645320415496826 -1.169139862060547 1.991061 0.848107 1.540643 -3.101187
5 -15.20934200286865 13.89856052398682 -1.716647982597351 0.178468 0.200954 0.420599 3.080801
5 -17.21455764770508 9.304777145385742 -1.596771836280823 0.283706 0.294046 0.408937 -3.113362
5 -20.23126792907715 -6.157941818237305 -1.508784890174866 0.135808 0.139376 0.368352 -3.022369
5 -30.87734413146973 -15.90540885925293 -1.298198819160461 0.233296 0.128928 0.447356 1.464902
1 40.95808410644531 -0.8949873447418213 -1.218692660331726 1.085794 1.748305 1.469214 -0.002216398
2 -2.693681001663208 10.69056034088135 -0.6977754235267639 8.065919 2.581516 2.629269 -3.13645
5 -13.062424659729 13.1056718826294 -1.748217225074768 0.199529 0.212252 0.327437 -3.098029
3 13.12934589385986 14.87067317962647 -0.9378841519355774 0.5247 0.525419 0.905337 3.1228
5 -22.99878883361816 21.11524772644043 -1.913574457168579 0.181884 0.385931 0.416903 2.231718
1 -32.66220474243164 21.03815078735352 -1.251852512359619 3.851598 1.809833 1.582563 -1.549067
5 -18.55364418029785 15.44290637969971 -1.776792526245117 0.19098 0.273776 0.426428 3.081941
5 -24.08586120605469 24.02617454528809 -1.865939378738403 0.18007 0.250311 0.448619 2.001994
5 -21.92356300354004 18.89214706420898 -1.899282336235046 0.255551 0.237471 0.377686 3.068431
5 -17.64972686767578 1.876651287078857 -1.543908357620239 0.124621 0.112629 0.354641 -3.112423