1 -58.25199890136719 -5.819528579711914 -1.842452883720398 1.432935 1.45366 1.051679 -1.462034e-16
1 30.42138290405273 -4.610030651092529 -1.070983648300171 3.782248 1.6156 1.463294 0.08572986
1 35.32062530517578 -3.6471266746521 -1.004589796066284 3.871186 1.557635 1.529684 0.0517212
5 9.561237335205078 6.898177623748779 -1.453773975372315 0.304165 0.323564 0.599379 1.581689
2 -3.821905612945557 7.341951847076416 -0.4587377905845642 9.346386 2.919004 2.140282 3.11377
1 -28.76165008544922 7.729982852935791 -1.230149865150452 3.993291 1.701814 1.433474 -3.134211
5 6.981795787811279 8.311935424804688 -1.470994830131531 0.361781 0.26917 0.593397 0.01641061
2 20.46056365966797 7.884239673614502 -0.3198421001434326 12.165038 2.974931 2.972789 -3.120634
1 19.80652809143066 -4.750761032104492 -1.074746489524841 4.525178 1.906176 1.490098 0.02251174
1 -18.20806312561035 -0.1638206839561462 -1.0466628074646 2.746713 2.108159 1.606027 0.005027863
3 -38.85318374633789 12.60895729064941 -0.4370104372501373 0.405648 0.198198 0.317051 -3.121876
3 -38.04619979858398 12.56032180786133 -0.9205361008644104 0.546734 0.381585 0.887268 -1.583926
1 -1.011386156082153 -5.241277694702148 -0.8602405190467834 3.842007 1.903805 1.897575 0.002244691
5 -25.62246513366699 9.204215049743652 -1.697658181190491 0.260487 0.274475 0.49189 0.02368611
4 -13.30244827270508 -5.786415576934815 -1.309648752212524 3.590026 1.218249 1.099505 0.008435737
2 42.72952651977539 8.29548168182373 0.05632387474179268 11.226161 2.842821 3.473525 3.141191
1 52.42374420166016 -3.688509702682495 -0.8939158916473389 0.896173 0.402543 1.486016 -0.001869891
1 -5.993907451629639 -5.275496959686279 -0.9624298214912415 4.403021 1.851691 1.7434 0.02535846
1 22.45597267150879 0.1296790242195129 -0.8996894955635071 1.074091 1.789135 1.656253 0.0137202
3 3.575917482376099 13.92924976348877 -0.6798161268234253 0.599536 0.724013 1.505068 -1.913444
5 -26.18559074401856 7.730123519897461 -1.701839327812195 0.266208 0.33758 0.496778 0.004257872
1 -2.767421245574951 4.081845760345459 -0.9338120222091675 4.673614 2.076023 1.682906 -3.009811
1 -24.42323684692383 -5.440292358398438 -1.00223445892334 4.473218 1.829024 1.86926 0.001273377
1 41.72829818725586 -4.254137992858887 -0.1807605773210526 4.672577 1.119376 0.642272 0.004986682