4 -3.430514574050903 15.86296367645264 -1.101771354675293 1.78995 0.522325 1.51073 1.061418
5 -9.01706600189209 12.57862281799316 -1.55599045753479 0.191562 0.173572 0.397673 0.004834416
5 -7.992486953735352 13.52542209625244 -1.597655177116394 0.193359 0.17836 0.409147 -1.74207
6 -17.54139709472656 5.985247611999512 -1.166393160820007 1.560707 0.257557 1.237139 0.20958
6 -8.449383735656738 9.90306282043457 -1.19286584854126 1.681547 0.576168 1.205293 0.9841625
1 25.02554893493652 20.97255706787109 -0.9236733317375183 3.943647 1.551908 1.087303 1.853133
5 -2.522937297821045 -8.68248176574707 -1.606940388679504 0.130059 0.20755 0.355474 2.611864
4 -4.016125679016113 -8.023201942443848 -1.241873264312744 1.816356 0.738101 1.265624 0.01612675
3 11.07331371307373 -27.61801528930664 -0.7103557586669922 0.524783 0.500927 1.531647 1.893276
6 -13.98540306091309 7.227737426757813 -1.179468274116516 1.341928 0.25041 1.192918 0.2858495
5 -5.465855598449707 -8.687409400939941 -1.627143383026123 0.192287 0.183184 0.362967 0.502122
1 0.5767903923988342 34.86711883544922 -1.089707136154175 3.143414 1.615642 1.356834 -1.117168
4 -38.29668426513672 -3.057036399841309 -0.995213508605957 1.308055 0.512676 1.493368 -2.863699
5 -6.661029815673828 15.39978408813477 -1.619297385215759 0.155671 0.129572 0.437403 1.282332
1 22.19603538513184 -33.39716720581055 -0.8914438486099243 4.11324 1.709652 1.766672 -1.247323
6 -11.71208572387695 8.120726585388184 -1.206165909767151 1.607547 0.507003 1.182851 0.2776098
5 -8.640420913696289 15.03602027893066 -1.453142762184143 0.26493 0.338608 0.499505 0.1656804
5 1.512395262718201 -9.471038818359375 -1.640760660171509 0.274744 0.208928 0.385364 1.118101
5 3.197981595993042 -10.15966320037842 -1.665619134902954 0.129869 0.193879 0.307674 -0.3168212
5 -13.06098175048828 -0.539703369140625 -1.547650575637817 0.141282 0.20519 0.419798 -2.845567
1 4.364288330078125 24.65255546569824 -1.111189961433411 4.352532 1.857623 1.367272 -1.337476
3 -6.281417369842529 -11.24171447753906 -0.427583634853363 0.388897 0.587955 0.900117 -1.986718
3 -6.229907989501953 -12.02839660644531 -0.4973211884498596 0.311451 0.486573 0.722947 0.6057628
5 -6.961859703063965 -8.916203498840332 -1.525203347206116 0.201531 0.168644 0.384416 2.966475
6 -3.716488122940064 56.13860321044922 -1.325509905815125 0.643371 0.254741 0.026878 0.0
6 -9.629744529724121 8.822273254394531 -1.347548604011536 1.33556 0.490751 0.904288 0.5473804
1 12.43940544128418 -3.540452003479004 -0.9681031107902527 4.411932 1.607454 1.604872 -1.277398
5 -16.24498558044434 6.300120830535889 -1.508767127990723 0.279001 0.276091 0.548705 -0.1158888
2 24.86123085021973 -45.65020751953125 -0.249511644244194 10.308413 2.700237 3.299583 -1.283609
2 9.168901443481445 18.68170356750488 -0.3726097047328949 8.750853 2.448346 2.754065 -1.25155
1 -5.659002304077148 36.51580810546875 -1.183135986328125 3.667277 1.958309 1.486814 -1.341026
6 -9.665863037109375 -4.71621036529541 -1.448158979415894 1.496111 0.422621 0.69826 -1.330739
5 -15.87057399749756 6.385052680969238 -1.480584144592285 0.264706 0.275213 0.556311 0.3161396
3 -29.05251884460449 3.691452980041504 -1.026935338973999 0.424212 0.619667 1.502947 0.3472447
5 -10.19761848449707 -4.200266361236572 -1.529253125190735 0.142302 0.067684 0.305014 -2.961104
2 17.60563087463379 -18.10235595703125 -0.7034602761268616 5.105436 1.8266 2.113928 -1.232601
6 -15.41382503509522 6.877039909362793 -1.378911375999451 1.283776 0.322192 0.862606 0.2914145
5 -1.028384447097778 -8.902261734008789 -1.597511291503906 0.144517 0.181575 0.381348 2.611864
5 -8.287651062011719 15.26386547088623 -1.452713251113892 0.20749 0.35125 0.678686 -1.594869
5 0.1223733052611351 -9.131394386291504 -1.588602662086487 0.190648 0.213578 0.441259 2.611864
5 4.506189346313477 -10.93386268615723 -1.62525224685669 0.13828 0.121481 0.401704 0.9904032
1 -3.040191888809204 23.55096817016602 -1.030682325363159 4.399395 2.678243 1.631107 -1.458335
5 -7.159614086151123 14.70166397094727 -1.560388326644898 0.129455 0.183039 0.418592 3.138374
1 25.28194999694824 -32.14068603515625 -1.292639970779419 4.175567 1.834349 0.989204 -1.267982
5 -16.58792686462402 6.167905807495117 -1.587001204490662 0.238554 0.194628 0.439587 0.1956648
4 -0.7912453413009644 29.72199440002441 -0.9677248597145081 2.243083 1.160745 1.630383 -1.321133
6 -9.211108207702637 -6.041329383850098 -1.470516443252564 1.297681 0.485442 0.769913 -1.319278
5 -9.11174201965332 -6.840879917144775 -1.628932595252991 0.215786 0.164146 0.440399 -1.295923