6 27.22953224182129 10.83060550689697 -1.39495849609375 2.285782 0.934273 0.702965 0.006334405
2 -50.84850311279297 7.382178783416748 -0.2818724513053894 10.014367 2.602688 3.284508 0.01529101
5 6.620575428009033 -1.748564600944519 -1.531461477279663 0.159434 0.243672 0.334349 0.02299366
6 -51.07626724243164 -5.116157531738281 -1.445252180099487 1.047763 1.635771 0.650487 3.141592
6 19.9189624786377 0.7061017751693726 -0.5562259554862976 2.165445 1.375555 0.344411 -0.2029972
1 14.12867069244385 4.626035213470459 -1.156295418739319 3.93058 2.310979 1.471657 3.139622
1 7.266353607177734 0.3097388744354248 -0.9511640667915344 4.48615 1.99761 1.624643 0.2287237
3 39.74842071533203 14.21974945068359 -1.236166119575501 0.508236 0.477351 1.396182 -3.03083
4 -0.5115306377410889 10.84136295318604 -0.9433808326721191 1.469504 0.664902 1.059684 -0.7651189
3 -31.46640586853027 14.64114952087402 -0.9787721037864685 0.67106 0.346484 1.545065 0.09147537
5 7.40618896484375 -1.6164790391922 -1.565254211425781 0.218281 0.25172 0.38735 0.003747806
1 28.29220008850098 4.135342597961426 -1.144823789596558 2.268449 1.760403 1.202241 3.035586
1 29.31168365478516 -6.097695350646973 -1.162258744239807 3.912852 1.804559 1.26587 0.02757299
4 13.22498893737793 9.504953384399414 -1.268961787223816 1.695946 0.628165 1.4459 -0.04867537
1 16.60263824462891 -6.157254219055176 -1.028400301933289 4.124605 2.002299 1.681328 0.009691274
1 1.465987086296082 12.94751834869385 -1.212383985519409 4.226713 1.902067 1.613108 -2.051276
5 18.34817123413086 9.605364799499512 -1.783823251724243 0.17085 0.261973 0.331151 0.0007913433
5 -12.35016822814941 6.546478271484375 -1.629381656646729 0.229781 0.284388 0.40845 -3.141592
1 -17.92231559753418 -0.453784316778183 -1.070770025253296 3.473335 1.984549 1.488106 0.01529101
6 -8.022531509399414 8.794368743896484 -1.749317169189453 0.235943 0.187649 0.375389 0.1295996
1 -1.689614534378052 6.150042057037354 -1.161782145500183 4.198055 1.964767 1.434221 -3.117945
1 -3.193487644195557 -4.835562705993652 -0.9662003517150879 4.555778 1.841314 1.689911 -0.006410168
1 -5.77463436126709 1.627218842506409 -0.9168127775192261 4.493414 2.075949 1.760988 0.3349802