4 -38.22969436645508 -8.014531135559082 -1.114051103591919 0.935712 0.715362 1.292893 -0.05271732
6 -52.60006332397461 -7.457257270812988 -0.6372109651565552 0.099036 0.379803 0.300671 0.0
6 -40.9063720703125 -7.317198276519775 -1.333488702774048 0.783228 0.06421 0.497522 -0.2568385
6 -46.77750015258789 -2.926220178604126 -1.41697096824646 0.527829 1.371522 0.298907 0.0
3 -18.02569961547852 -11.23594665527344 -0.7547406554222107 0.492753 0.445734 1.454551 0.002938293
2 53.04346466064453 8.220903396606445 -0.09363611042499542 4.768582 2.349228 3.037377 0.2264314
1 -28.70627403259277 -4.028240203857422 -1.195410370826721 4.050321 1.905006 1.361549 -0.02626579
2 26.73608016967773 -2.489002466201782 -0.3034459352493286 11.767331 2.723617 2.959557 0.06353917
4 -13.78856945037842 -6.603381633758545 -0.9717690348625183 2.979501 1.129456 1.677675 -0.03153342
1 -57.8166389465332 -2.077990770339966 -0.9730136394500732 1.816203 0.67889 0.831485 0.0
4 -37.73652648925781 -7.331727504730225 -1.325263857841492 1.893133 0.547817 1.130736 -0.09122878
3 47.34449005126953 26.8631591796875 -1.143115043640137 0.253594 0.592175 0.789638 -3.098617