6 -37.49319839477539 -5.278324604034424 -1.365179419517517 1.952665 0.570248 0.898666 -3.114656
6 -26.08633995056152 -5.761768341064453 -1.158565163612366 2.296914 1.053085 1.398939 -2.929018
6 -23.80795478820801 -5.701479911804199 -1.716892004013062 0.453139 0.939811 0.349754 -3.025429
4 0.955903947353363 -4.785014629364014 -1.064871072769165 1.674318 0.534464 1.405806 1.506497
4 -34.60726547241211 -5.652731418609619 -1.599207282066345 0.541014 0.15874 0.721863 -1.494452
4 -7.632531642913818 -4.934891223907471 -1.356996774673462 0.641938 0.455964 0.759376 -1.581371
4 -3.550147533416748 -5.208534717559815 -1.285773396492004 1.374513 0.294111 0.919807 -1.667276
3 -50.4371337890625 6.827230930328369 -1.233238816261292 0.287512 0.331172 1.051391 -1.724189
1 5.794033527374268 -5.036204814910889 -1.067634582519531 4.411447 1.855308 1.458771 0.06763204
3 31.23079872131348 13.93284702301025 -0.7481095194816589 0.327056 0.543134 1.103985 0.05924331
4 -17.11807823181152 -4.803375244140625 -1.358478903770447 0.645509 0.54827 0.859898 -1.581763
6 -31.47349739074707 -5.672219753265381 -1.334884405136108 1.020379 0.17479 0.431161 -1.93768
4 -2.904214143753052 -5.122556209564209 -1.192524313926697 1.919459 0.499683 1.159943 -1.649216
1 -46.92141723632813 -4.350496292114258 -1.54744815826416 3.845865 0.434752 0.694885 -0.5584024
4 -4.78847599029541 -4.79583740234375 -1.406532049179077 0.642001 0.396999 0.712038 -1.57529
4 -8.546955108642578 -5.095274925231934 -1.25804615020752 0.842159 0.492677 0.97063 -1.581371
6 -35.7504997253418 -5.861053943634033 -1.172855377197266 0.884919 0.287513 0.921531 -1.531801
1 -34.31846237182617 8.394617080688477 -1.228243470191956 4.040284 1.853768 1.691394 -3.135291
6 -40.30249786376953 -5.169306755065918 -1.552569508552551 0.606505 0.47322 0.573514 -1.657572
4 -8.95140552520752 -4.702045440673828 -1.380302906036377 0.739895 0.268072 0.771084 -1.581371
1 9.697864532470703 0.211095467209816 -1.004364609718323 3.3349 1.838827 1.577192 0.006301641
6 -32.14443969726563 -5.717010021209717 -1.596638441085815 0.948757 0.375826 0.481522 -1.520257
3 1.933904528617859 -8.675640106201172 -0.695548415184021 0.368271 0.867704 1.14964 -0.9921184
1 57.32073593139648 4.742941379547119 -1.073484301567078 2.542158 1.525687 1.113244 -3.095605
4 -9.464749336242676 -4.785958766937256 -1.318771719932556 0.538047 0.768298 0.826914 -1.589183
1 41.46513748168945 -4.917362213134766 -0.8806649446487427 4.542625 1.699025 1.928686 0.00468564
1 36.48593902587891 8.376696586608887 -1.169349193572998 3.857565 1.912071 1.458766 3.117966
4 -1.414005637168884 -5.317514419555664 -1.128404974937439 1.634651 0.639309 1.288543 -1.682862
4 -0.04453922808170319 -5.033761978149414 -1.245965957641602 1.552573 0.490356 1.040741 -1.630914
6 -30.2884693145752 -5.500922679901123 -1.641557812690735 0.538318 0.092385 0.432048 -1.93768
4 -19.62609100341797 -5.23683500289917 -1.602526068687439 0.666332 0.619586 0.555776 -1.425917
4 -6.530753612518311 -5.04027271270752 -1.361448287963867 0.663832 0.461422 0.85084 -1.57001
3 44.94118499755859 11.69801616668701 -0.7130367755889893 0.299126 0.584936 0.711685 -0.002440589
4 -7.053720474243164 -4.986499786376953 -1.364120960235596 0.80081 0.488168 0.816596 -1.570009
1 52.07609176635742 -4.85279130935669 -1.461566209793091 1.740635 0.318589 0.662942 0.02396607
4 -5.968681812286377 -5.116753578186035 -1.367224335670471 0.544992 0.308934 0.753385 -1.595829
1 57.93450927734375 -4.713210105895996 -1.246039152145386 0.454856 0.906819 0.880557 -0.01599819
3 -39.5783805847168 6.136267185211182 -1.169648051261902 0.694035 0.812548 1.738563 0.02343537
4 2.599882364273071 -4.850012302398682 -1.072857141494751 1.734084 0.710505 1.433303 -1.638278
1 -49.92263031005859 5.422289848327637 -1.354281187057495 2.079193 1.945328 1.304237 -0.1952783
3 -3.168367862701416 -3.919711351394653 -0.9337696433067322 0.416992 0.668336 1.712965 0.02024397
4 -8.043383598327637 -5.091676235198975 -1.286198854446411 0.636729 0.295991 0.569092 -1.581371
4 -10.19191360473633 -5.128946781158447 -1.399963140487671 1.270262 0.810257 0.877144 -1.335501
2 60.27493667602539 7.839948654174805 -0.4612438976764679 5.212907 2.77921 2.52111 3.123887
4 -5.630117416381836 -5.150161266326904 -1.291376352310181 0.679203 0.255369 0.577004 -1.595829
4 1.796911597251892 -5.273811340332031 -1.182331800460815 1.5463 0.687038 1.224177 1.521969
4 -4.116626739501953 -5.088803768157959 -1.385909914970398 1.523893 0.404807 0.741071 -1.569337
3 53.52498626708984 -8.947051048278809 -0.8718021512031555 0.413316 0.394002 0.826273 -0.02651809
4 18.53588104248047 -1.271947026252747 -1.021559715270996 2.022173 1.154826 1.515609 0.006301641
4 -0.6407953500747681 -5.01097583770752 -1.0798100233078 1.664225 0.617547 1.409921 -1.678372
1 -13.17222595214844 -5.152842521667481 -0.9693785309791565 4.713984 1.723805 1.692749 0.04412562
4 -5.330745697021484 -4.946067333221436 -1.317583322525024 0.735481 0.309011 0.682044 -1.577882