6 -38.33699417114258 -5.633494853973389 -1.118649959564209 2.814618 1.423039 1.36515 3.129117
4 -4.851329326629639 -5.576902866363525 -1.221913814544678 1.182551 0.493956 0.975219 -1.733969
4 -4.284121513366699 -5.16187858581543 -1.188734173774719 2.062925 0.561472 1.130449 -1.734488
4 -8.484896659851074 -5.475550651550293 -1.283788323402405 1.758151 0.494397 1.058902 -1.591505
6 -20.80729675292969 -5.249773025512695 -1.551733136177063 0.687542 0.185716 0.386019 -1.453594
4 -5.495593070983887 -5.08932638168335 -1.401792645454407 1.456552 0.367428 0.786718 -1.537121
2 58.57389831542969 7.805658340454102 -0.7759576439857483 4.590344 2.822205 2.62458 3.130499
3 0.5572006702423096 -8.701375007629395 -0.6725691556930542 0.302965 0.829083 1.123372 -0.9942446
1 -35.67076110839844 8.367324829101562 -1.08603310585022 4.071834 1.930466 1.718399 -3.131888
4 -9.032732963562012 -5.48892879486084 -1.266636252403259 1.792668 0.498675 1.092579 -1.548497
4 -6.736969470977783 -5.27120304107666 -1.2492835521698 1.348341 0.524947 0.956906 -1.588281
4 -2.081237316131592 -5.022937297821045 -1.108537673950195 1.614221 0.595254 1.376831 -1.672772
3 30.47966003417969 13.86770820617676 -0.9393419027328491 0.305392 0.620218 1.089432 -0.004615609
4 -18.47047996520996 -4.740757465362549 -1.360602021217346 0.540906 0.515124 0.892853 -1.554278
4 1.26254940032959 -5.00419807434082 -1.074942469596863 1.998171 0.696102 1.453111 -1.663143
1 39.95627212524414 -4.969081878662109 -1.138811111450195 4.252182 1.608859 1.76966 0.001561025
4 -1.456506133079529 -5.108550548553467 -1.257114171981812 1.866645 0.710141 1.073715 -1.713545
4 50.75286483764648 -5.084413528442383 -1.585728883743286 1.784818 0.373979 0.851619 0.002837455
6 -35.9280891418457 -5.815911769866943 -1.467958211898804 0.956009 0.157178 0.671595 -1.495988
3 44.05098724365234 12.90549945831299 -0.9592770338058472 0.248969 0.246631 0.65005 0.02925587
6 53.99482345581055 4.466586112976074 -1.679011821746826 0.531896 1.594164 0.352567 3.134771
3 -40.96712112426758 6.232663154602051 -0.8425677418708801 0.678779 0.351755 1.073699 -3.088758
4 19.04309844970703 -1.21927285194397 -1.083271980285645 1.94285 1.101609 1.416338 0.02123299
1 -51.29637145996094 5.320458889007568 -1.244355797767639 1.955861 1.845255 1.097566 -0.04362852
1 35.30307769775391 8.19227409362793 -1.370351076126099 4.008441 1.764429 1.310916 3.09383
4 -6.134829998016357 -4.96968412399292 -1.237541198730469 1.132097 0.427427 1.096575 -1.673016
4 -7.933585643768311 -5.439372062683106 -1.284905672073364 1.598407 0.57405 1.036306 -1.601236
6 -29.23332214355469 -5.251467704772949 -1.601082682609558 0.168264 0.159804 0.419895 -1.88851
6 -30.88252830505371 -5.729348659515381 -1.328548192977905 0.225457 0.147009 0.403177 -1.851331
4 0.4669499099254608 -5.31493616104126 -1.247770309448242 1.756533 0.795456 1.088895 -1.713545
1 56.98249053955078 -4.980966091156006 -1.237565755844116 1.398773 1.067695 1.470593 -0.007352059
1 9.972070693969727 0.1772259622812271 -1.02591598033905 3.326193 2.080962 1.565885 0.006280423
1 4.432896614074707 -5.054702758789063 -1.07246208190918 4.409262 1.788705 1.46762 0.03834772
3 -3.929882526397705 -3.86783504486084 -0.9245491623878479 0.445533 0.645525 1.665022 0.004814517
6 -41.66889572143555 -4.948879718780518 -1.364385962486267 0.394927 0.572872 0.493715 -1.655059
4 -2.774017572402954 -5.276898384094238 -1.130309224128723 1.611687 0.714203 1.324929 -1.703865
3 43.61741256713867 11.57466697692871 -0.9310817122459412 0.315855 0.519324 0.665287 3.121121
4 -7.300036430358887 -5.537191390991211 -1.270614981651306 1.48879 0.630733 1.072615 -1.62756
4 -9.48353099822998 -5.422145843505859 -1.30933678150177 1.324602 0.465419 0.981485 -1.610197
1 -14.57673931121826 -5.201029300689697 -0.9150718450546265 4.926825 1.803577 1.762292 0.04014213
4 -10.29962348937988 -5.16471529006958 -1.238328576087952 1.829177 0.609258 1.137521 -1.448342
4 -0.4050214886665344 -4.856218814849854 -1.060770153999329 1.817659 0.592241 1.403383 -1.713545
6 -32.76317977905273 -5.398394584655762 -1.650267243385315 0.650854 0.210943 0.462335 -2.051465
1 -48.66781234741211 -4.821337699890137 -1.155400514602661 3.7662 1.650315 1.511762 -0.5808879
6 -26.98311424255371 -5.62054967880249 -1.127163767814636 1.463314 1.108793 1.321283 -2.888433
6 -31.77586364746094 -5.491434574127197 -1.366232991218567 0.326122 0.102754 0.395166 -1.903069
2 -51.0999755859375 32.78293991088867 -0.5828112363815308 4.325022 1.130382 0.80354 -1.550087
4 -11.42968082427979 -5.056598663330078 -1.345327854156494 1.231456 0.331601 0.732557 -1.331058
4 -9.869826316833496 -5.521501541137695 -1.282229423522949 1.647098 0.404118 1.053762 -1.632626
4 -10.89297580718994 -4.792646408081055 -1.340176463127136 0.77563 0.440225 0.895271 -1.264954
6 -25.13997077941895 -5.648343563079834 -1.673301100730896 0.774222 0.2386 0.341651 -1.39419