1 55.42326736450195 16.61690521240234 -2.030205488204956 3.759362 1.009033 0.800876 2.954756
4 40.74316024780273 -6.078714847564697 -0.9949663281440735 2.065293 0.573562 1.397591 1.549772
4 5.927289962768555 23.18259620666504 -1.605628728866577 1.307594 0.623668 1.722663 -2.612322
4 -37.41833114624023 -5.24632453918457 -0.8294063210487366 0.985115 0.551735 0.762073 -0.07085061
1 -7.451091289520264 0.1305935382843018 -1.109456419944763 3.695665 2.03589 1.372558 -0.06669807
1 -27.95234489440918 1.574366807937622 -0.2507771551609039 4.652905 1.947061 1.244757 -0.08569898
1 -23.47790718078613 -2.579434871673584 -1.096580624580383 3.958943 1.821504 1.399056 -0.06669807
6 32.26007461547852 43.76616287231445 -2.186700105667114 0.983853 0.355626 0.830358 -1.60631
1 38.04554748535156 -19.30791091918945 -0.7134166359901428 3.395288 1.749176 1.359374 1.430091
6 56.30400848388672 13.79029750823975 -2.108046770095825 1.295027 1.123995 0.415435 2.929197
1 29.61807441711426 35.9453010559082 -1.929508447647095 5.239649 1.850755 1.933745 -1.60631
2 34.34291839599609 -22.65596199035645 0.2530443668365479 2.276038 2.550015 2.837399 1.411603
1 28.84740257263184 -11.23108100891113 -0.9133421778678894 4.892609 0.840632 1.194179 -2.037441
4 44.77424621582031 -2.108379602432251 -1.193642735481262 1.510141 0.628887 1.241724 1.528766
4 47.35570526123047 -7.857381820678711 -1.038586854934692 0.867723 0.431541 1.298464 -2.573041
6 11.97381496429443 -10.17443180084229 -0.5124439597129822 0.142525 0.261408 0.362343 -0.1758233
4 9.821346282958984 -8.978462219238281 -0.8806039094924927 2.965978 1.142166 1.632092 -0.1362272
1 26.28946113586426 32.90764999389648 -2.281635761260986 3.956357 1.763528 1.431904 -1.609122
3 11.8643684387207 0.7018023133277893 -0.9146249890327454 0.980736 0.770063 1.712307 -1.349649
4 -42.13914108276367 6.227708339691162 -1.237367749214172 1.354493 0.7701 1.410841 -0.06290691
4 17.83645439147949 -13.12244987487793 -0.6976261734962463 1.429818 0.688463 1.611443 0.253756
2 -3.142623424530029 -3.673076391220093 -0.6081192493438721 11.720285 2.911047 2.31731 -0.07788883
3 18.28034210205078 -24.55870246887207 -0.4641400277614594 0.978032 0.665122 1.33507 -1.675202
1 -14.50603580474854 0.6959217190742493 -0.9003197550773621 3.002955 2.100411 1.237448 -0.06669807
2 30.11397171020508 -24.72488594055176 0.1702327430248261 9.000712 2.349845 3.035695 1.401899
1 -19.41726875305176 -0.6194484233856201 -1.017102956771851 3.911035 1.755405 1.509482 -0.1039286
1 -14.05795574188232 -3.042489767074585 -1.061707019805908 3.75421 1.245472 1.418636 -0.06669807
1 33.00966644287109 34.41854095458984 -2.571094751358032 2.355254 1.429134 0.963978 -1.60631
4 39.16334915161133 -10.24268627166748 -0.9592564702033997 1.618342 0.540794 1.344269 1.324525