1 49.90188980102539 6.2682785987854 -0.295129120349884 0.344636 1.625848 0.668577 0.3426408
5 26.00107765197754 -9.611534118652344 -0.9373559951782227 0.147894 0.158485 0.364281 -2.97159
1 -54.84986114501953 6.951404094696045 -2.359387636184692 1.292498 1.530359 1.013937 3.064093
1 38.96798706054688 10.07311344146729 -0.4874809682369232 2.176871 1.976525 1.535386 -2.910813
2 38.56551361083984 -21.24122428894043 0.6790300011634827 8.102403 2.36551 2.411324 1.868948
1 -16.18998718261719 2.842301845550537 -1.478617310523987 4.337872 1.792772 1.509936 -3.083725
1 56.32526779174805 8.697402000427246 -0.3609773814678192 0.54119 0.807503 0.745404 0.2447666
5 3.614827394485474 9.626263618469238 -1.050022482872009 0.155614 0.249948 0.33304 1.790259
5 17.39345359802246 -9.468308448791504 -1.169128775596619 0.201077 0.175009 0.370114 -2.97159
5 33.08042907714844 -7.921083927154541 -0.7970190048217773 0.157447 0.088955 0.427685 -2.822599
5 5.082001686096191 -2.104941129684448 -1.47638201713562 0.2469 0.266908 0.436282 -2.944241
1 25.90756797790527 -20.1119556427002 -0.2587665617465973 4.4169 1.891556 1.427398 -1.234887