3 -21.10517120361328 44.89523696899414 -1.330342650413513 0.270558 0.487088 0.592625 1.482473
2 1.906080484390259 10.77784633636475 -0.6908345222473145 8.178677 2.725233 2.680117 -3.135814
5 -12.42704105377197 9.499061584472656 -1.665160179138184 0.214571 0.148056 0.405228 -3.101449
5 -19.18349647521973 24.33246040344238 -1.86274254322052 0.249413 0.168517 0.522258 0.0
5 -12.96589851379395 2.171047687530518 -1.556981801986694 0.146174 0.2419 0.417329 -3.139942
3 18.60539245605469 14.66196346282959 -0.9762306809425354 0.396978 0.665947 0.953091 7.802787e-16
5 -10.38632297515869 14.08430290222168 -1.712504744529724 0.248048 0.167032 0.42945 8.76244e-16
6 -26.41096496582031 -15.48864364624023 -1.372263073921204 0.125421 0.10734 0.186444 1.201184
5 -15.28761863708496 17.06981468200684 -1.87504506111145 0.251401 0.204441 0.369767 3.087048
5 -8.26628303527832 13.22846984863281 -1.730201363563538 0.27151 0.159178 0.479946 0.0
5 -13.70329666137695 15.66219615936279 -1.801983118057251 0.195333 0.154338 0.306571 0.0
1 40.66516876220703 -1.361249446868897 -1.199281573295593 1.080457 1.735461 1.402427 0.0
1 -27.72231483459473 21.43632888793945 -1.372710347175598 3.915284 1.6747 1.414405 -1.59143
4 18.49655914306641 6.645798206329346 -1.235727190971375 1.814158 0.82917 1.474125 3.129415
5 -17.02460670471191 19.20182228088379 -1.820175766944885 0.246461 0.221576 0.314769 -0.282613
5 -18.0748176574707 21.47593307495117 -1.829811573028565 0.223496 0.156793 0.407977 -1.139229e-15
6 -21.2645263671875 29.73002815246582 -1.669813632965088 0.323381 0.73171 0.719344 1.545036
5 -15.65752410888672 -5.9051194190979 -1.486211180686951 0.18398 0.164616 0.417139 0.0