1 48.25970077514648 -3.323062419891357 -1.516074895858765 3.943201 1.01544 1.008226 0.05309209
3 1.072836399078369 14.25942420959473 -1.024955749511719 0.600124 0.680931 1.100691 -1.529663
5 -13.23642730712891 7.827317714691162 -1.557182312011719 0.286099 0.453306 0.630951 -2.385756
3 -25.85109329223633 12.81891632080078 -0.3659885227680206 0.347318 0.356274 0.475772 0.007836225
2 9.059743881225586 7.630629062652588 -0.5524764060974121 9.298378 2.990468 2.631842 -3.138836
3 -0.6694210171699524 14.76029396057129 -0.9652090072631836 0.98649 0.633741 1.31142 -1.254335
3 -6.531350612640381 37.41999435424805 0.3567911684513092 0.775378 0.278118 1.842976 3.052363
3 0.03451567515730858 15.01082229614258 -0.9776909947395325 0.687204 0.680862 0.780785 -1.117159
1 12.3427209854126 4.44503927230835 -1.038951992988586 3.763069 1.997201 1.64928 -2.846677
3 -38.65633773803711 12.40046501159668 -0.8098917603492737 0.327821 0.489005 1.047015 3.141592
1 23.8025074005127 0.08896346390247345 -1.121796369552612 3.78909 1.864795 1.521674 0.008167053
5 3.421795606613159 18.04592704772949 -1.148720860481262 0.264951 0.212572 0.48366 -1.890228
1 -45.20273208618164 -5.617284774780273 -1.364891052246094 1.52118 1.458431 0.775318 0.03350274
2 53.18860244750977 8.322087287902832 -0.09535149484872818 6.25066 2.285222 3.528142 -3.070577
3 -1.703005075454712 -10.30201625823975 -1.057450294494629 0.77398 0.628761 1.239906 0.9321417
1 32.65814971923828 -4.644080638885498 -1.459475874900818 4.15271 1.835923 1.066259 0.01675249
3 -4.013309478759766 15.70810127258301 -0.7350530028343201 0.643277 0.610727 1.734222 -1.355836
1 6.724136829376221 -5.326263904571533 -0.944193422794342 4.279198 1.937954 1.756939 0.01675249
1 -11.4808406829834 -5.300466537475586 -0.8680126667022705 4.490474 1.773056 1.923225 -0.003383401
5 -14.16832256317139 6.151161670684815 -1.581477880477905 0.199972 0.287565 0.328673 -3.133756
1 -15.83510875701904 7.834237098693848 -1.123110413551331 4.142576 1.787901 1.492239 -3.128875
4 -0.1929233521223068 -5.689176082611084 -1.231981039047241 3.387896 1.489151 1.14597 0.02907094
3 5.101767539978027 14.08913516998291 -0.8611478805541992 0.569592 0.69264 1.645749 -2.072357
3 3.582007884979248 14.60423469543457 -0.7630166411399841 0.415913 0.646906 1.449493 -1.916327
1 43.43987274169922 -4.33591365814209 -1.326342344284058 3.833031 1.251325 1.547565 0.02779202
3 -25.18906784057617 12.76088809967041 -0.482290655374527 0.19646 0.503763 0.436577 -3.112788
5 -12.61080551147461 9.288145065307617 -1.57364821434021 0.398171 0.430318 0.611885 3.013011
1 -17.94154167175293 -0.1979926526546478 -0.9244111180305481 3.129584 2.064459 1.66735 0.01271802
3 5.211981296539307 15.70179271697998 -0.8292615413665771 0.893129 0.700245 1.517241 -1.961359
3 -42.89884948730469 -9.55997371673584 -0.7725269794464111 0.349768 0.452266 0.892945 3.072813
1 -51.3570556640625 -4.996641159057617 -1.478846073150635 2.539517 0.385934 0.772652 -0.01791983
1 11.77579021453857 -5.08191442489624 -0.8978438377380371 3.86131 1.598506 1.881508 0.01675249
2 33.03759002685547 8.054305076599121 -0.248673215508461 11.429122 2.976822 3.181592 -3.107456
3 4.279862880706787 17.54010963439941 -0.5178337693214417 0.39812 0.478266 1.02555 -1.540017
3 2.251761913299561 14.32296085357666 -1.038370370864868 0.424392 0.706634 0.96198 -1.624477