3 9.400979995727539 57.55046081542969 -1.118587136268616 0.301328 0.64149 1.142114 -1.899203
4 -12.34195804595947 9.984969139099121 -1.40281355381012 1.621931 0.502652 1.045227 -1.585139
4 -18.81010437011719 8.73852825164795 -1.421141862869263 1.317719 0.375029 0.690626 0.5619254
4 4.881267547607422 -5.398263931274414 -1.236615777015686 1.570207 0.729564 1.080234 -1.817989
5 -13.06103897094727 -2.262379884719849 -1.510743379592896 0.299204 0.259823 0.586663 3.094285
4 -18.34952354431152 8.339972496032715 -1.535198569297791 1.668155 0.410091 0.766273 0.4425518
4 -13.50579738616943 9.166046142578125 -1.393174171447754 1.445099 0.512747 0.982252 -2.053958
4 30.16349411010742 -4.761062145233154 -1.239316701889038 1.691363 0.391092 1.015449 -1.850335
3 2.071366310119629 26.99681282043457 -0.7039125561714172 0.480454 0.631077 1.556466 -2.045575
1 12.76580810546875 8.8698148727417 -1.073649764060974 4.33889 2.12471 1.718843 3.141283
5 -18.43217849731445 -2.612931251525879 -1.547746300697327 0.311997 0.301196 0.580052 3.117757
3 -12.98739624023438 13.63315010070801 -1.294508099555969 0.653418 0.744088 1.559457 -1.164892
4 7.3310866355896 -5.703807353973389 -1.092982172966003 1.338525 0.783881 1.147678 -2.940656
3 7.152300357818604 31.13172149658203 -0.5865517258644104 0.338991 0.527329 1.194911 -1.62578
3 -28.31783485412598 -14.15919971466065 -0.7419039011001587 0.34973 0.493305 0.839827 2.936897
5 -7.205933570861816 -2.697425603866577 -1.502929091453552 0.304622 0.304249 0.568229 -3.068563
1 -0.04301673173904419 -4.356132984161377 -0.8955397009849548 4.21498 2.184622 1.834009 -0.5750765
3 6.803989887237549 14.00049114227295 -1.388454914093018 0.531239 0.844065 0.810121 -1.460808
1 9.898917198181152 -0.2086568027734757 -0.9878649711608887 3.623338 1.947325 1.618749 0.04074188
6 38.51258087158203 -3.885449409484863 -1.260518074035645 0.245713 0.172555 0.4696 -3.058507
1 -17.88715744018555 -4.427521228790283 -0.8485933542251587 3.992802 1.746495 0.90029 0.1109644
3 1.35735809803009 7.1334228515625 -1.028176784515381 0.762888 0.622246 1.681631 3.054735
4 -17.5324764251709 8.331748962402344 -1.524571418762207 1.017378 0.34853 0.62377 0.540722
1 -30.04887390136719 -5.216739177703857 -1.202782511711121 3.262255 1.715695 1.320752 -3.112936
4 16.8814697265625 -5.561490058898926 -1.210067391395569 1.885861 0.601396 0.959229 -1.996965
2 -39.55806732177734 -4.655082702636719 -0.84876948595047 3.96974 1.141461 2.07269 -0.2184387
4 -12.93344688415527 10.00732517242432 -1.430924654006958 1.521294 0.641908 0.997764 -1.586475
4 7.441452503204346 -4.719145774841309 -1.328595638275147 0.595586 0.329982 0.728147 1.744683
6 -3.849636793136597 -5.896983146667481 -1.627542495727539 0.276034 0.263844 0.419398 1.609562
5 -16.53030586242676 -2.44446873664856 -1.504855632781982 0.35585 0.290972 0.657237 3.117757
3 7.742969989776611 6.890507221221924 -1.056878924369812 0.886742 0.758686 1.730826 0.2154779
6 23.61754035949707 -4.813234806060791 -1.588014125823975 0.327624 0.101533 0.322385 0.2093854
3 7.68225622177124 30.52337074279785 -0.4849225878715515 0.346662 0.438067 1.373492 1.082027
1 -11.67649459838867 -4.412890434265137 -1.042753338813782 3.442811 1.779477 1.370833 1.573293
4 -24.2391471862793 8.478793144226074 -1.542146563529968 1.529086 0.737248 0.781478 1.055201
1 -46.73751831054688 -3.958817005157471 -1.118086576461792 2.018383 0.638624 1.470082 -0.002823518
6 42.68881607055664 -4.040182590484619 -1.540835618972778 0.220949 0.24676 0.254612 -1.520317
6 3.524930238723755 -5.45670747756958 -1.550418853759766 1.246891 1.329912 0.57141 -3.095255
1 -2.865547180175781 52.53362655639648 0.4003133773803711 0.244061 1.974605 0.594288 1.586071
4 -22.29621505737305 9.0518217086792 -1.545511960983276 1.305938 0.355203 0.69203 0.2840168
4 6.850257873535156 -4.914446830749512 -1.357903122901917 1.353695 0.470284 0.849846 -1.995062
6 -14.05078887939453 9.801384925842285 -1.460724830627441 1.014394 0.934413 0.941191 -2.97659
1 34.34716033935547 -0.8902106881141663 -0.6851488947868347 1.639515 1.150021 0.913656 0.02926814
4 -17.00249862670898 -9.473725318908691 -0.6597268581390381 1.355766 0.758686 0.611593 0.0
3 -3.379998683929443 21.0751953125 -0.940946638584137 0.419992 0.750973 1.611858 1.202626
1 -2.572281360626221 32.75857925415039 -0.7804940938949585 3.599979 1.704219 1.653493 1.634885
4 44.82903289794922 -4.182351589202881 -1.184052109718323 1.274209 0.611594 1.181635 -1.520317
6 -4.144440650939941 -4.986937999725342 -1.456029057502747 3.135182 0.614011 0.695447 -1.607772
4 -7.056459903717041 -5.078061103820801 -1.292415022850037 2.153491 0.743354 1.134596 -0.9262506
1 -1.706672310829163 38.77413558959961 -0.757875382900238 1.251596 1.058818 1.511843 1.458362
3 3.371649265289307 57.44350051879883 -1.085036396980286 0.28303 0.568491 1.148154 1.658761
1 -14.19213676452637 -4.077497959136963 -1.101714611053467 3.41664 1.940245 1.46967 1.360204
4 -4.591825008392334 -8.564035415649414 -1.281163215637207 1.63649 0.665271 0.886345 0.04640925
4 -20.50901985168457 8.507955551147461 -1.607838153839111 1.199975 0.31873 0.595551 0.5176725
5 -20.40661811828613 -2.780038595199585 -1.549916625022888 0.23734 0.186661 0.517579 3.117757
4 -4.256384372711182 -7.397437572479248 -1.27261757850647 1.514908 0.782201 1.143067 -3.12488
1 -31.70877075195313 -9.660412788391113 -0.5856645107269287 3.103555 1.805941 1.21772 0.003958284
4 14.97963428497315 -5.471826553344727 -1.24665367603302 1.672165 1.245294 0.916435 -1.85539
4 -18.02287292480469 9.185208320617676 -1.454967856407166 1.154367 0.344561 0.586074 -1.666841
3 3.567142724990845 51.88506317138672 -0.9346648454666138 0.241455 0.567399 1.680792 0.9500205
3 30.53087997436523 -3.613489389419556 -0.9530892968177795 0.492723 0.825602 1.566996 -0.2089786
4 -4.641676425933838 -3.901850461959839 -1.147233843803406 1.751072 0.861353 1.372077 -1.345289
4 6.19157600402832 -5.511550903320313 -1.234543442726135 1.722705 0.652897 0.985055 -1.499981
5 -5.531449317932129 -2.644118785858154 -1.576871633529663 0.263509 0.260715 0.453508 -3.068563
1 48.47587585449219 -4.104978561401367 -1.191087126731873 3.778937 1.189074 1.05598 0.04851694
4 -5.289763450622559 -6.945469856262207 -1.327189803123474 1.556333 0.740645 1.080161 -1.20636
3 -15.01319599151611 8.208008766174316 -1.106809735298157 0.609523 0.625999 1.650429 2.268786
3 0.3169317841529846 18.80640983581543 -1.01738429069519 0.58728 0.643009 1.540212 1.235359
3 -29.20975685119629 8.768266677856445 -1.111490607261658 0.452924 0.418603 1.609236 3.127277
5 -9.817103385925293 -2.47468638420105 -1.498006224632263 0.216573 0.306932 0.64086 -3.102514
4 -19.1976261138916 9.249103546142578 -1.492386102676392 1.357449 0.555765 0.944655 0.4374647
4 -17.1445369720459 8.902668952941895 -1.528638601303101 0.775805 0.494238 0.82975 -0.86882
3 0.8198106288909912 7.950875282287598 -1.071073770523071 0.832704 0.939892 1.705196 -3.080436
6 10.9639949798584 -5.221500873565674 -1.050392508506775 1.532397 4.3905 1.387461 1.623717
4 5.459005355834961 -5.479621410369873 -1.235793948173523 1.575884 0.823481 1.09651 -1.589599
4 -10.32515048980713 12.06246662139893 -1.186979174613953 2.1167 0.787225 1.584337 2.573761
1 33.78710174560547 -4.607104778289795 -0.8359817266464233 3.703817 1.573877 1.711088 0.06771621
4 43.34479522705078 -4.110950946807861 -1.336982607841492 0.574301 0.225642 0.719267 -1.520317
6 -21.48878288269043 -7.655942916870117 -0.5265238881111145 0.459857 0.414833 0.281916 -0.1010861
4 -22.87520599365234 8.133209228515625 -1.371600866317749 1.22885 0.349249 0.885255 0.2053002
5 -8.202503204345703 -2.397870063781738 -1.488809108734131 0.290569 0.360476 0.634064 -3.068563
3 2.533690929412842 26.20443344116211 -0.7546082139015198 0.310448 0.579362 1.665269 2.282817
3 -18.67728233337402 -8.153258323669434 -0.4981703758239746 0.203933 0.345256 0.340485 -0.04942363
3 -25.23424911499023 -3.076868057250977 -1.067976355552673 1.048077 0.568815 1.298177 1.268746
3 -2.564948558807373 21.43684387207031 -0.9569525718688965 0.427679 0.651664 1.634055 1.245705
3 3.737224340438843 38.69211578369141 -0.7425433397293091 0.706384 0.823544 1.469214 -2.735622
3 -14.43591499328613 8.887722969055176 -1.042540669441223 0.414091 0.687513 1.7331 -0.7701491
6 18.62674903869629 -5.451340198516846 -1.319205522537231 2.805836 1.091463 0.811544 -3.129616
4 16.01359939575195 -5.546958923339844 -1.24971866607666 1.987944 0.960867 0.893055 -1.803968
1 -8.352413177490234 -4.836246490478516 -1.10652506351471 4.455783 1.902435 1.506131 1.573293
2 -19.9681510925293 -13.82002258300781 -0.5432963967323303 0.303051 2.305485 1.797373 0.9743612
3 4.361183166503906 23.78557777404785 -0.9769221544265747 0.617621 0.458235 0.925424 1.685102
1 -2.277295112609863 5.520803451538086 -1.0973140001297 4.31125 1.855912 1.479502 2.925743
3 -49.40493011474609 10.21237659454346 -1.21137011051178 0.334119 0.594361 1.586875 3.136286
3 -14.19202709197998 8.096593856811523 -1.120044231414795 0.508539 0.7201 1.584911 2.061175
4 28.2783088684082 -5.044979572296143 -1.388894319534302 1.478629 0.563074 0.736142 -1.333604
6 21.38551902770996 -5.194264888763428 -1.051789164543152 2.427952 0.957196 1.454516 0.2093853