3 3.045882225036621 9.719472885131836 -0.8599851131439209 0.697988 1.036151 1.56275 1.52245
4 -20.73344039916992 35.18429183959961 -0.9956712126731873 2.907799 0.974385 1.266885 2.665612
2 26.30473709106445 -23.32959175109863 -1.107356429100037 4.864484 1.816221 1.941218 -2.253552
5 -9.200977325439453 11.89632797241211 -1.346000909805298 0.327354 0.277634 0.675185 2.254595
1 -14.79949569702148 29.71904182434082 -0.789162814617157 4.296102 1.773867 1.543019 2.768647
4 7.254983901977539 15.96451282501221 -0.7134941816329956 1.776349 0.780262 1.699612 2.81011
4 6.271830081939697 14.00221347808838 -0.7837453484535217 1.683065 0.844909 1.668193 2.410861
1 -14.86087131500244 15.71359252929688 -0.8507137298583984 4.434417 1.844942 1.665341 1.589568
1 -29.37698554992676 24.80350494384766 -1.217239856719971 0.885135 1.238347 0.518615 -0.638978
1 -31.24693298339844 -4.425068378448486 -1.485574960708618 4.318012 1.873409 1.48306 -2.172224
5 -7.992427349090576 12.92887496948242 -1.324977040290833 0.273431 0.215281 0.599026 0.999002
4 51.91899871826172 -22.01618957519531 -1.169329166412354 0.983965 0.307648 0.880738 -0.6369575
6 -31.6490478515625 41.55017471313477 -0.3478561341762543 0.392032 1.118349 0.311299 2.611352
3 37.43085861206055 -8.518620491027832 -1.052060008049011 0.301936 0.652763 1.280057 -0.4907217
6 -14.60323619842529 13.37877082824707 -1.054387211799622 1.001943 0.266411 0.180914 0.02856496
4 16.54451942443848 11.17218208312988 -0.8837057948112488 1.654213 0.81085 1.567478 -0.7352089
6 19.95690155029297 -22.95036697387695 -1.853520631790161 1.130283 0.331559 0.510172 2.699797
1 10.68548488616943 0.4157484173774719 -0.9674779772758484 5.105586 1.925501 1.627983 2.481436
2 27.15947341918945 -27.03619575500488 -0.7911112308502197 6.711198 1.859382 2.942715 -2.347682
5 -9.90966796875 12.5679874420166 -1.192487359046936 0.271726 0.317048 0.733563 0.0
1 -32.53014373779297 22.97293281555176 -1.313065528869629 0.786596 1.638129 0.59532 -0.640712
5 8.738515853881836 -0.6657724380493164 -1.58880603313446 0.325731 0.232926 0.44906 1.194475
4 -30.92283439636231 9.142824172973633 -1.15971052646637 2.761497 2.140768 1.642357 -2.719973
1 16.01773071289063 -8.720464706420898 -1.13411545753479 4.430986 1.83436 1.557468 -0.6622041
1 39.79095840454102 -21.28836059570313 -0.772065281867981 1.380167 0.886844 0.504075 2.516937
5 -15.48478603363037 -10.22191333770752 -1.833596348762512 0.277791 0.285102 0.388875 -0.5675554
5 4.93785285949707 -3.352012395858765 -1.657360553741455 0.301212 0.316414 0.401494 2.475359
5 -21.91680526733398 -6.257739067077637 -1.783116698265076 0.227125 0.149965 0.493478 -2.062425
5 -9.61965560913086 12.05096912384033 -1.448126435279846 0.230916 0.254673 0.433299 0.9630472
2 -26.67056655883789 13.25372886657715 -0.2961247861385346 11.327394 3.138228 3.273249 -1.093002
5 12.9852352142334 6.142948150634766 -1.564752578735352 0.304569 0.315425 0.414336 -2.167298
6 29.59274291992188 -22.34210586547852 -1.574014663696289 0.431316 0.603268 0.954709 -2.268892