6 43.52145004272461 -4.527191638946533 -0.9045383334159851 1.311163 1.568701 1.163422 0.02395573
3 7.555980682373047 19.70591163635254 -1.00328516960144 0.756005 0.593486 1.699148 1.611434
3 -3.254916906356812 8.181130409240723 -1.126784682273865 0.515638 0.638602 1.664151 1.699691
6 26.12585067749023 -5.015494346618652 -1.354000091552734 0.433137 0.186626 0.497384 -1.436172
4 -1.403157711029053 10.09136581420898 -1.457081317901611 1.620761 0.436491 0.989025 1.525942
1 -3.396181344985962 -4.494818687438965 -1.098367810249329 4.473888 2.166151 1.525882 1.540031
1 8.15211009979248 33.31155395507813 -0.7059020400047302 4.622438 1.892189 1.755865 1.599737
1 11.77442836761475 -0.3625846803188324 -0.994195818901062 3.236211 1.965954 1.638086 0.005302812
3 18.54935646057129 30.71070861816406 -0.08949943631887436 0.277895 0.31811 0.462254 2.632278
1 7.785030364990234 46.75095367431641 -1.128809213638306 3.725565 0.807009 0.94998 1.593455
4 -8.127959251403809 8.714982986450195 -1.414038181304932 1.532599 0.692581 1.132045 0.8013635
6 18.00171661376953 -4.58857011795044 -1.385600924491882 0.511402 0.569415 0.747594 -0.0550488
3 -22.05118751525879 -54.6771354675293 -0.4411931037902832 0.372412 0.572147 1.892182 1.711517
1 -19.48545074462891 -5.207571029663086 -1.131831407546997 4.086236 1.678453 1.531096 -3.135857
3 14.45939350128174 32.03263473510742 -1.030810952186585 0.436739 0.429242 0.633604 -1.477119
4 -14.30482482910156 9.07273006439209 -1.501502394676209 1.443407 0.385218 0.982829 0.07037387
4 -2.554978847503662 9.335674285888672 -1.402854323387146 1.866853 0.650797 1.09124 1.108154
3 -41.15686798095703 10.51292324066162 -1.224472045898438 0.464788 0.591832 1.399725 -0.05695041
4 -5.10586404800415 10.31189250946045 -1.431688666343689 1.625377 0.478189 1.057348 -2.384992
4 -6.86182165145874 9.761240005493164 -1.418820381164551 1.530984 0.476489 1.088109 0.6069808
4 -6.635916233062744 -9.328133583068848 -0.765859842300415 2.507312 1.051381 0.836155 -3.134705
3 17.62668418884277 14.20264339447022 -1.298160314559937 0.822683 0.427588 0.820511 -3.105184
3 -10.56260681152344 -6.143027782440186 -0.4648495614528656 0.452382 0.387874 0.467328 3.02796
4 -3.332363128662109 10.14923095703125 -1.417674899101257 1.596975 0.548651 1.079141 1.480068
1 23.54337692260742 8.990741729736328 -0.9319472908973694 4.180863 2.116314 1.427921 3.127924
5 -17.63715934753418 -2.8386390209198 -1.571496486663818 0.23906 0.200571 0.580906 2.942489
1 -36.47714996337891 -4.3902587890625 -0.927893877029419 3.531356 1.566263 1.369546 0.002120887
4 9.279838562011719 -5.670686721801758 -1.334226727485657 1.655758 0.525081 1.096564 -0.8745098
4 -9.714567184448242 8.543020248413086 -1.56215500831604 1.697412 0.536293 0.841986 0.4674422
3 -22.4073600769043 -54.28324508666992 -0.4516433775424957 0.306811 0.401718 1.911448 1.711517
3 -18.29125595092773 8.833634376525879 -1.145803809165955 0.449181 0.529979 1.664686 -1.552259
6 22.36446762084961 -5.263435363769531 -1.074816584587097 3.999854 1.183562 1.453284 0.009310223
3 12.8472146987915 7.276654243469238 -1.00947916507721 0.366445 0.518659 1.707483 -1.901858
3 39.78580093383789 -3.766998291015625 -0.7865181565284729 0.358252 0.627213 1.555334 -0.03107985
3 -42.39778137207031 -14.66644859313965 0.686241865158081 0.930573 0.640926 0.638491 0.05117207
4 -6.457539558410645 8.442773818969727 -1.466644167900085 1.308434 0.648067 0.960467 0.9217097
6 28.904052734375 -5.270732879638672 -1.231472849845886 1.08164 0.114755 0.409606 -2.403554
4 -12.67527770996094 8.874208450317383 -1.450572490692139 1.589154 0.589307 1.053734 0.7895504
1 -0.695382833480835 -4.517495155334473 -0.9576624035835266 3.636727 2.112759 1.237007 1.661829
3 -53.06768798828125 -4.609070777893066 -1.50044310092926 0.345888 0.358416 0.599197 -0.03055826
3 18.4036808013916 7.005288124084473 -0.3661973178386688 0.455701 0.302183 0.411762 1.629663
3 -20.06955528259277 -54.4189567565918 -0.4627920091152191 0.323054 0.675306 1.927661 1.67705
4 10.01772975921631 -5.48831844329834 -1.441930413246155 1.527338 0.266864 0.760175 -0.3774807
3 12.98645401000977 27.19339179992676 -0.6719601154327393 0.641717 0.556178 1.709099 -1.607549
4 6.450257301330566 -3.829412937164307 -1.270933985710144 1.803807 1.19346 1.103043 -1.491618
3 20.11499786376953 -4.686420440673828 -1.214330911636353 0.567297 0.407082 0.801839 1.545577
4 -8.885454177856445 9.257442474365234 -1.473099708557129 1.526789 0.402632 1.072101 0.2817205
3 14.43798732757568 38.79853820800781 -0.6282996535301208 0.560461 1.141418 1.55922 -0.005663981
2 -60.05299377441406 -8.326773643493652 0.05516845732927322 5.33599 1.916508 1.467371 1.510784
3 13.42600536346436 26.44345474243164 -0.6716293692588806 0.340586 0.540772 1.710259 1.135688
6 41.06244659423828 -4.739733219146729 -1.330007314682007 1.032195 0.225324 0.518522 -2.05893
1 2.3548743724823 -4.856990814208984 -1.122621536254883 4.793838 1.904557 1.584224 1.58875
4 1.516321182250977 11.34618473052979 -1.1645827293396 2.005975 0.731742 1.555638 2.532871
3 -4.050363540649414 8.408262252807617 -1.101781845092773 0.727589 0.492844 1.694378 1.068781
5 -9.400660514831543 -2.721490859985352 -1.470147013664246 0.28595 0.274476 0.526231 -3.127332
3 -14.61696720123291 -3.313410758972168 -1.130932569503784 0.628115 1.061027 1.509068 1.00362
1 -7.134120464324951 -4.382683277130127 -1.090903759002686 4.468776 1.689992 1.537398 -3.035237
3 17.57765769958496 32.23980712890625 -1.098849058151245 0.344886 0.400477 0.631708 -0.02402194
4 -11.93400382995606 8.278478622436523 -1.461791515350342 1.418674 0.51995 1.047397 0.1601063
3 18.06253433227539 31.34492111206055 -0.6104432344436646 0.559777 0.673302 1.560423 -2.111421
5 3.6950364112854 -2.590500354766846 -1.472934246063232 0.335342 0.356453 0.645021 1.528343
5 -15.49907684326172 -3.147652387619019 -1.560904502868652 0.179824 0.165826 0.47046 -3.111282
6 32.99141311645508 -4.695913791656494 -1.008637070655823 0.984313 0.240547 1.319586 0.2573472
4 28.03424263000488 -5.420461654663086 -1.293393135070801 1.253334 0.422307 0.943685 -2.122438
3 -2.045830488204956 13.57827472686768 -1.145084381103516 0.430848 0.553288 1.546922 -1.316105
5 -18.88914108276367 -2.843731880187988 -1.638957619667053 0.087581 0.24394 0.30247 -3.123542
5 -7.52002477645874 -2.573621273040772 -1.522140026092529 0.251532 0.317219 0.624333 -3.127332
2 7.91588020324707 56.70255279541016 -0.3328179121017456 8.896813 2.164805 2.03419 1.586849
4 -6.38598108291626 9.141470909118652 -1.368664741516113 0.966029 0.477402 1.009842 -0.04416224
4 -1.880120635032654 10.15655040740967 -1.389802575111389 1.76215 0.47248 1.105507 1.40593
4 27.09678649902344 -5.161593914031982 -1.238762497901917 1.310271 0.335645 0.916519 -1.897704
5 -15.70958614349365 -2.80333948135376 -1.50351357460022 0.381829 0.231473 0.587162 -3.111282
1 -21.11520195007324 -9.631962776184082 -0.9497944712638855 4.235649 1.658514 1.776031 0.1158403
1 -28.57380867004395 -4.707746505737305 -0.8453805446624756 4.430395 1.428944 2.099061 -0.1882571
6 39.16461563110352 -4.77424955368042 -1.26241946220398 1.081401 0.188584 0.459734 -1.457488
5 5.299287796020508 -2.544357299804688 -1.575466632843018 0.241878 0.331767 0.444523 1.528343
4 -13.43064308166504 8.655287742614746 -1.51401674747467 1.495555 0.416266 0.925135 1.211162
3 -22.72226905822754 -54.4229621887207 -0.20610012114048 0.259518 0.247609 1.421232 1.664201
4 -4.777119636535645 9.863968849182129 -1.499577403068543 1.493019 0.807276 0.937717 -2.32246
3 -17.27008056640625 -13.93653297424316 -0.8335941433906555 0.383553 0.50309 1.003212 3.036936
6 6.912877559661865 -5.616791248321533 -1.59221088886261 1.630972 0.872517 0.533233 1.471207
3 14.35349178314209 34.80056381225586 -1.039489984512329 0.464343 0.380934 0.451279 1.537246
6 26.45630836486816 -4.983057975769043 -1.448756456375122 0.646708 0.149326 0.373585 -1.697123
3 -8.803112983703613 -7.021259307861328 -0.4916450679302216 0.378526 0.321169 0.491295 3.02796
3 6.536660194396973 19.27660942077637 -1.00305986404419 0.536928 0.49632 1.725461 1.611434
1 40.97528457641602 -0.810728907585144 -0.6922757029533386 1.644646 1.05428 0.786122 -0.01770708
4 -7.475968837738037 9.913341522216797 -1.486437082290649 1.405282 0.336903 0.964585 0.5970073
4 -11.49749851226807 9.048032760620117 -1.453882098197937 1.619712 0.656803 1.063311 0.3167266
4 -7.438865184783936 8.405522346496582 -1.399738311767578 1.680282 0.661722 1.119584 0.7231334
1 12.05335807800293 4.92002010345459 -1.087844848632813 4.382033 1.896333 1.540622 2.978372
3 12.22989559173584 7.636763095855713 -1.048470854759216 0.605789 0.606516 1.646272 -2.183943
6 30.67159843444824 -4.811385631561279 -1.426309943199158 0.512298 0.418379 0.213288 -3.025284
5 2.602195024490356 -2.323981046676636 -1.353910565376282 0.278488 0.321306 0.502443 3.105243
1 7.921876430511475 40.70178604125977 -1.067208170890808 4.024084 0.361765 1.050889 1.580624
4 -5.706595420837402 9.197936058044434 -1.50252377986908 1.852375 0.56174 0.921753 -0.591856
6 31.74729728698731 -5.209956169128418 -0.9524465799331665 1.132812 0.894547 1.249822 0.2104733
3 -3.623156309127808 8.866034507751465 -1.0289146900177 0.457585 0.443518 1.849753 0.7482455
1 11.06670379638672 -4.508438587188721 -0.8845846056938171 4.815768 1.777746 1.891091 -0.5733072
5 -5.680247306823731 -2.369730472564697 -1.507531523704529 0.401316 0.350034 0.641525 -3.127332
3 11.24858856201172 18.94764518737793 -0.9423317313194275 0.461411 0.563001 1.544946 1.519581