1 33.11888122558594 34.42616271972656 -2.569828033447266 2.457548 1.657391 0.956124 -1.603501
1 -19.3664608001709 -0.6172457933425903 -1.01653265953064 3.831668 1.706934 1.507905 -0.1944365
1 26.26009559631348 33.57743835449219 -2.656019449234009 4.179557 1.644585 0.771923 -1.600112
4 5.812044143676758 23.00024795532227 -1.60272479057312 1.693105 0.59859 1.711654 -2.976538
4 9.828975677490234 -8.985071182250977 -0.8812471032142639 2.948806 1.145913 1.634475 -0.08317409
1 -14.05526542663574 -3.019488334655762 -1.063781380653381 3.756356 1.231409 1.423136 -0.08307985
4 17.82751274108887 -13.24939346313477 -0.7006494998931885 1.423262 0.684897 1.613595 0.6228045
1 -25.39266014099121 -2.459301710128784 -1.184993028640747 3.967224 1.419792 1.26312 -0.05191028
4 40.10115051269531 -12.14595317840576 -0.9898120760917664 2.085984 0.689712 1.371736 1.636436
1 -7.468421459197998 0.1507958471775055 -1.087610483169556 3.715838 2.019227 1.398649 -0.1406764
6 45.97572326660156 6.12965726852417 -1.670016765594482 1.713954 0.686326 0.398024 0.8021464
3 6.320227146148682 10.30008411407471 -1.029552698135376 0.528299 0.6878 1.673476 -1.703452
1 27.61753273010254 -14.8474645614624 -0.6096037030220032 4.85572 1.872907 1.625987 -1.966985
1 -27.82194900512695 1.439371466636658 -0.2028919905424118 4.319803 1.809778 1.148383 -0.03941318
2 29.61523056030273 35.87944793701172 -1.961656093597412 5.124253 1.688396 2.00037 -1.612742
3 42.25251007080078 -13.55807018280029 -0.8188828229904175 0.27932 0.772919 0.959029 -0.3537662
2 -3.208315372467041 -3.685575008392334 -0.6103612184524536 11.805918 2.785377 2.323372 -0.08334854
4 -50.14433670043945 29.46434211730957 -1.66497802734375 0.791223 0.354156 0.66281 3.077832
6 11.9736499786377 -10.17462348937988 -0.5150820016860962 0.05992 0.19056 0.281992 3.019466
2 30.19861030578613 -24.64371299743652 0.2318083047866821 8.82346 2.481243 3.064901 1.43786
4 -37.50143814086914 -5.135573863983154 -1.188843488693237 1.067217 0.570979 1.480882 -0.03061652
1 -14.66172790527344 0.7414000034332275 -0.8917174935340881 3.191579 2.075741 1.21942 -0.155881
1 56.32553482055664 13.77637672424316 -2.174230575561523 1.294855 1.267875 0.55005 3.070835
2 33.77216720581055 -22.07229423522949 0.2322851270437241 0.687789 1.68582 2.768619 1.45743
4 55.30986404418945 -4.321970462799072 -1.356242179870606 0.657533 0.485308 1.171635 -2.561617