1 29.62926483154297 35.8846549987793 -1.943959712982178 5.113268 1.702944 1.942036 -1.629532
2 39.47740173339844 39.35964965820313 -1.571362495422363 8.340466 2.3397 3.439005 1.530131
2 34.38698577880859 -22.04039764404297 0.2014991343021393 0.803099 2.534313 2.73376 1.386228
6 25.50839805603027 -25.15285682678223 -0.5223078727722168 0.173101 1.334907 0.533686 -1.754554
2 30.14884567260742 -24.6934757232666 0.07292138040065765 8.953471 2.372629 2.957366 1.417554
6 6.246298313140869 23.25556564331055 -2.033961057662964 0.734465 0.354346 0.809724 -2.701335
1 -19.27097702026367 -0.615851879119873 -1.042237877845764 3.654796 1.817255 1.559621 -0.07615921
4 17.99464988708496 -13.09962463378906 -0.733794093132019 1.600409 0.681905 1.67218 0.4748755
4 -37.98587417602539 -5.19917631149292 -1.172531962394714 1.016467 0.488224 1.429343 -0.2363399
1 55.41035461425781 16.71750068664551 -2.008265733718872 3.659659 1.190676 0.722366 3.082371
1 -7.45203161239624 0.131688803434372 -1.104178071022034 3.690954 2.033121 1.346671 -0.07615921
1 -32.25686264038086 1.719793796539307 -0.3012946546077728 4.518844 1.869137 1.008404 -0.07615921
4 42.40817260742188 -13.19614505767822 -1.036585927009583 1.749822 0.502479 1.370578 1.139858
4 9.807202339172363 -8.97893238067627 -0.8980665802955627 2.904476 1.07417 1.643865 -0.07615921
1 36.03914260864258 -1.041463017463684 -1.131846427917481 4.398112 1.752741 1.418476 -2.323084
1 26.28253746032715 33.65252685546875 -2.691851615905762 4.035898 1.686581 0.81828 -1.576102
3 7.308868885040283 20.78350830078125 -1.53809130191803 0.433352 0.727385 1.708589 -1.797579
1 27.11155891418457 -34.75308227539063 -0.5294375419616699 2.26602 1.203387 0.947896 1.402223
1 -14.5982084274292 0.699226975440979 -0.8514432311058044 3.218993 2.027538 1.139163 -0.07615921
4 -25.69446563720703 27.54612350463867 -1.735989093780518 1.166596 0.381513 1.174306 3.098456
2 44.04930877685547 5.890909671783447 -0.5698826313018799 6.16654 2.368098 3.081317 -2.695929
1 33.11199188232422 34.43960571289063 -2.548622369766235 2.493834 1.566674 0.891631 -1.584889
6 11.97203731536865 -10.17530059814453 -0.5429812073707581 0.152396 0.259414 0.417818 -0.2508026
3 5.650691509246826 22.91586494445801 -1.593538284301758 0.561761 0.624882 1.695015 -2.867906
2 -3.112301349639893 -3.63203763961792 -0.6066141724586487 11.86045 2.890725 2.314918 -0.07615921
1 -14.07974815368652 -3.043432950973511 -1.087716460227966 3.767772 1.263861 1.471252 -0.07615921
4 30.01433753967285 14.2019510269165 -1.520383358001709 1.616813 0.458856 1.43674 0.8193955
1 57.35586166381836 13.7317705154419 -2.16773271560669 3.427937 1.178236 0.50694 3.088131