6 34.93669128417969 4.13023567199707 -1.658753871917725 0.201104 0.195993 0.285223 -1.041133
5 15.71937942504883 10.73361301422119 -1.457646608352661 0.264474 0.267897 0.561574 0.1046477
4 33.18563461303711 -1.675023317337036 -0.9469027519226074 0.360947 0.509859 1.459137 -1.057985
2 13.74889278411865 -44.14298629760742 -0.3183143734931946 5.670711 2.013926 1.971031 0.02780581
5 -4.329836368560791 13.12489032745361 -1.672002792358398 0.138364 0.209282 0.34851 1.807787
3 36.49994659423828 -35.78002548217773 -0.4332626760005951 0.285299 0.324088 0.659822 1.755843
1 10.60660648345947 12.64781856536865 -1.00089156627655 4.214962 1.878313 1.684527 0.5299671
1 11.72686290740967 -51.60985946655273 -1.000137090682983 2.660162 0.511971 1.039356 -2.85785
2 -0.67449551820755 53.27435302734375 0.1689956784248352 11.183231 3.203906 1.879186 -1.451661
1 12.46460628509522 26.75396537780762 -1.302017688751221 4.101963 1.915481 1.25319 -1.396419
4 -1.841567993164063 22.71382331848145 -1.216460704803467 3.003104 1.831358 1.74034 2.654076
5 -4.421597003936768 -2.160115242004395 -1.598702192306519 0.200566 0.277111 0.44861 -2.891634
2 16.34832954406738 -40.7926139831543 -0.6594446897506714 4.591589 1.81836 1.672771 -3.029776
5 15.27722549438477 9.554014205932617 -1.519243478775024 0.155298 0.091377 0.357221 -1.378703
4 1.699941992759705 26.127197265625 -1.137235999107361 2.498263 1.063907 1.78767 1.564458
2 4.009323120117188 22.13285827636719 -0.4252752661705017 10.809943 3.070844 3.047418 -1.880613
1 10.47394752502441 32.6006965637207 -1.468520402908325 0.704144 1.655351 0.517328 -1.377321
5 15.42874336242676 9.220175743103027 -1.426449775695801 0.191028 0.261034 0.556327 -1.378703
4 -0.004653637763112783 24.44683647155762 -1.191004753112793 0.947801 1.057502 1.608806 -3.085304
4 28.02977561950684 -0.1699563711881638 -0.9447452425956726 1.555927 0.859722 1.602492 1.67809
5 16.97771453857422 9.113495826721191 -1.426988005638123 0.272401 0.156267 0.614495 -2.836171
1 -11.66990184783936 12.81581783294678 -1.312639713287354 4.389866 1.680411 1.502798 -2.920022
1 15.31349754333496 -8.524164199829102 -1.067676186561585 4.446332 1.771738 1.399941 -1.082838
6 -2.659533977508545 -2.158225059509277 -1.328525066375732 0.149121 0.134186 0.060919 -1.553446
6 20.6774959564209 43.87628555297852 -0.6055998206138611 0.189505 0.696998 0.401798 1.713311
4 30.00282669067383 0.6942735314369202 -0.8359040021896362 1.122336 0.657273 1.328906 1.67809
4 22.76259613037109 30.73565673828125 -1.124691247940064 1.590443 0.695878 0.638999 -2.746484
5 -6.322479724884033 5.190706253051758 -1.557064056396484 0.198108 0.224393 0.510549 1.807787
5 14.88929748535156 -11.68958377838135 -1.581213712692261 0.255069 0.279971 0.370994 0.1272583
3 21.79693222045898 -1.322133898735046 -1.048175096511841 0.632311 0.70694 1.324887 1.08985
3 0.4834564924240112 23.39889144897461 -1.164892196655273 0.282885 0.632357 1.569071 2.711128
3 0.1676069051027298 22.67583465576172 -1.261849880218506 0.515889 0.656065 1.569051 -1.323255
1 24.43206024169922 24.28746223449707 -1.23472011089325 1.144134 1.209454 1.033659 2.097441
1 21.19671821594238 -14.2741756439209 -1.151757717132568 2.41547 0.316035 1.173961 1.710819
3 -1.667481422424316 21.4040412902832 -1.466181993484497 0.805224 0.614505 1.370373 2.634716
5 15.36246871948242 10.18651580810547 -1.456260085105896 0.16438 0.227776 0.556689 0.0