4 -1.442790627479553 -5.927806854248047 -0.9051637053489685 3.043059 1.118904 1.744478 -0.03079435
3 -13.57500648498535 -8.692493438720703 -1.257894039154053 0.406339 0.679937 0.532522 -3.108858
4 -32.91925048828125 -6.772818088531494 -1.031445264816284 1.368446 0.54996 1.292511 -0.08000988
3 -48.67549133300781 -9.897235870361328 0.2354807108640671 0.760872 0.82927 0.931054 -3.108858
1 -45.66587448120117 -8.005724906921387 -0.943328320980072 2.153317 1.719668 1.739392 0.03954048
1 -55.4979133605957 -2.799657821655273 -0.8383241295814514 2.30836 1.376751 1.40781 0.009853568
6 -43.70689392089844 -3.450504302978516 -1.301884412765503 0.514977 1.495972 0.284629 0.0424608
4 -15.92178344726563 -7.458070755004883 -1.342038869857788 1.943053 0.787022 0.923307 -0.1530405
3 5.870811939239502 -11.08583545684815 -0.6718531250953674 0.66902 0.584437 1.598455 -0.07618638
4 -13.22787189483643 -7.130837917327881 -1.177701473236084 2.104758 0.612326 1.235558 -0.02257829
3 -51.14583206176758 -12.52896213531494 -0.7984848022460938 0.26356 0.453007 1.355343 0.09962248
2 35.97078323364258 -3.217039585113525 -0.195775106549263 11.865417 2.596918 3.128983 0.05202478
1 -23.51022911071777 -3.315925121307373 -1.121553301811218 4.083403 1.825001 1.471071 -0.02611098
3 -13.62623691558838 -7.80670166015625 -1.054124236106873 0.844712 0.573547 1.429119 -0.07256339