6 -23.51201629638672 10.55075359344482 -1.615062952041626 3.364263 1.4734 0.987856 0.0
1 -21.29279518127441 -6.700395584106445 -1.193417310714722 4.235051 2.019378 1.480225 -0.01961204
6 30.13162040710449 9.687438011169434 -1.505775570869446 1.045162 0.177014 1.084037 3.13947
4 35.07078170776367 8.753641128540039 -1.396033406257629 1.037586 0.54565 1.326845 -2.475352
1 -45.7883186340332 13.71484565734863 -1.444563746452332 3.168135 1.271972 0.865014 -1.49376
1 -49.72702407836914 12.3555965423584 -1.264535784721375 3.07273 1.40541 1.669967 -2.091196
1 -51.58650207519531 5.780754566192627 -1.474228262901306 1.270158 1.47811 0.705736 3.140455
4 21.91769027709961 9.46127700805664 -1.279946804046631 1.474547 0.709599 1.532019 0.207326
6 -52.57107162475586 -5.442715167999268 -1.32782781124115 0.586754 1.780685 0.3354 0.06263512
3 7.464098453521729 13.58688926696777 -1.087026119232178 0.671008 0.456785 1.496286 0.02738002
6 35.3656120300293 10.14929676055908 -1.423226356506348 2.763653 0.397062 0.510383 -2.732944
3 31.07087898254395 -10.16360664367676 -0.9472147822380066 0.450503 0.395698 1.525616 -0.6006374
1 -49.60670852661133 1.29348349571228 -1.207830309867859 1.837913 2.0249 1.066715 0.02458572
6 28.56873893737793 9.764708518981934 -1.255919456481934 1.221565 0.203144 0.687208 3.080314
2 51.19364929199219 2.970109939575195 -0.4076411128044128 12.891421 2.760929 3.520751 -1.582749
1 49.20193862915039 -18.33660125732422 -1.009809613227844 4.091404 1.483821 1.140825 -1.518401
6 32.48000335693359 9.652388572692871 -1.465404868125916 1.598457 0.27202 1.276848 -3.107393
6 30.70621681213379 -4.545087337493897 -1.616083025932312 1.48902 0.391912 0.6283 -1.594129
4 34.46377182006836 -7.656530380249023 -1.362285017967224 0.902493 0.740438 0.990401 -0.4395115
3 31.35717391967773 -10.82298851013184 -0.9315889477729797 0.576284 0.282776 1.140713 1.291104
1 51.95353698730469 19.06316375732422 -1.217577219009399 2.487485 1.433192 1.466076 -1.591312
1 -43.80149459838867 7.996148109436035 -1.074638485908508 1.961743 1.30938 1.473158 1.34112
6 30.73066520690918 -2.981883764266968 -1.625398397445679 1.36006 0.343754 0.664666 -1.594129
6 26.62348365783691 9.525040626525879 -1.409127116203308 2.41479 0.231565 1.223285 3.04172
1 55.03863525390625 -11.97207069396973 -1.099461197853088 3.597061 0.696991 1.277367 -1.633896
1 -34.15057373046875 -6.650524616241455 -1.180384397506714 4.160466 1.910374 1.5963 -0.0005719329
4 43.8283805847168 17.32556343078613 -1.475112199783325 1.240705 0.422747 0.919196 0.8276283