5 5.943614959716797 -1.803174018859863 -1.577864289283752 0.309674 0.306828 0.485188 -3.109104
1 -24.79085540771484 0.3357848823070526 -0.3543291687965393 1.824293 1.251598 0.570678 -0.01749788
1 3.016000986099243 31.238525390625 -1.017126321792603 3.553594 1.820787 1.358546 -1.071701
2 -54.8861083984375 8.634676933288574 0.1757815629243851 15.468444 2.557995 3.088218 3.107058
5 5.151710033416748 -1.900486826896668 -1.589460372924805 0.279362 0.208944 0.434534 -1.522101
1 0.7789361476898193 3.73454761505127 -1.091591835021973 5.329097 1.784328 1.426261 -3.115917
6 -52.15133666992188 -4.380578994750977 -1.208445191383362 0.27712 0.84198 0.070025 3.141592
1 -14.0522403717041 -0.366753101348877 -1.004810333251953 3.427351 1.244601 1.459591 -0.1548481
1 -2.94265341758728 6.172944068908691 -1.139436364173889 4.15815 1.816369 1.419502 -3.120187
1 8.540725708007812 3.790107488632202 -1.045942902565002 4.792702 1.931685 1.679946 1.198286
1 -8.278512954711914 1.454710006713867 -0.8858690857887268 4.45142 2.063873 1.772079 0.3866803
5 -9.301016807556152 8.96134090423584 -1.666656732559204 0.21874 0.272979 0.455883 -1.503198
1 -8.014083862304688 4.343671798706055 -1.079637169837952 3.716336 1.976147 1.474683 3.072764
1 0.3519623279571533 12.92255306243897 -1.183539032936096 4.419016 1.866872 1.578683 -2.085482
1 -4.675458431243897 -4.88560962677002 -0.9249504804611206 4.42451 1.993686 1.716119 -0.01685566
1 27.84547233581543 -6.681492328643799 -1.258472919464111 4.094849 1.766791 1.494932 0.01065911
4 59.02759552001953 8.047744750976562 -1.497857213020325 0.58211 0.379694 1.239122 -0.04341773
1 15.00854778289795 -6.480895519256592 -1.07964551448822 4.014491 1.791264 1.68632 -0.01369191
6 29.0679817199707 8.203621864318848 -0.9417935013771057 0.698131 0.479933 0.433106 -0.01778549
3 -32.86456680297852 15.27229309082031 -0.9272886514663696 0.368939 0.799454 1.405022 -1.159092