1 28.14794731140137 -6.550158500671387 -1.111295342445374 3.912684 1.78773 1.242842 -0.004236887
5 -9.007616996765137 8.928427696228027 -1.741624474525452 0.2832 0.202462 0.424348 3.090679
6 -13.48713111877441 6.727327823638916 -1.679819941520691 0.443172 0.263133 0.376547 0.01280057
1 -6.750786781311035 1.677057981491089 -0.8550772666931152 4.445201 2.070186 1.867978 0.3022982
1 15.39048767089844 -6.418119430541992 -0.9880038499832153 4.032912 1.962165 1.66241 -0.005014776
1 0.639142632484436 12.93130493164063 -1.179519653320313 4.432262 1.856623 1.569342 -2.066904
1 -4.316985607147217 -4.918829917907715 -0.9610833525657654 4.449834 1.961353 1.675315 -0.01190388
1 -45.33272171020508 0.7520710825920105 -0.9266791939735413 2.708068 1.705442 1.113415 0.0173522
3 -32.30572891235352 15.07450866699219 -0.9972795248031616 0.480124 0.424817 1.551513 3.017913
1 6.502662181854248 0.305115282535553 -0.8147476315498352 4.433815 2.132873 1.904758 0.2980373
5 6.313578128814697 -1.747421383857727 -1.551576256752014 0.285098 0.258714 0.434256 -0.0794951
5 5.492199420928955 -1.859542965888977 -1.570474982261658 0.211109 0.256792 0.404617 -0.0794951
1 -2.63789176940918 6.202131271362305 -1.168081998825073 4.176176 2.029451 1.422561 -3.129955
1 14.30838012695313 4.130758285522461 -1.122316360473633 4.304007 1.929058 1.445579 3.123886
6 26.13352394104004 10.44355201721191 -1.390734314918518 1.949627 0.991772 0.505034 3.06597
6 -51.82679748535156 -4.496701717376709 -1.59588634967804 0.188873 0.792151 0.347486 -0.01121013
3 41.19525146484375 13.50846672058106 -1.010625958442688 0.319524 0.486327 0.946626 3.141592
1 -13.30935764312744 0.0196062121540308 -1.05699348449707 3.9582 1.774161 1.464555 0.1441144
4 2.360407114028931 9.15318775177002 -1.177718043327332 1.766589 0.674886 1.492972 0.04579259
1 30.0588264465332 -0.2213026434183121 -0.8528651595115662 3.027859 2.013123 1.106138 -0.01552971
2 -51.64076232910156 8.213959693908691 -0.2168115526437759 10.140615 2.930051 3.144063 3.090543
4 23.99783897399902 8.644181251525879 -1.228439450263977 1.503007 0.696189 1.375059 0.01165292
1 3.272701978683472 3.833917140960693 -1.08606481552124 4.031675 1.920787 1.452014 -3.072421