5 10.68166351318359 -11.1215181350708 -1.354031562805176 0.245158 0.224181 0.448859 2.766777
1 28.31291007995606 -9.031975746154785 -0.8255898952484131 4.581807 1.30986 1.366048 -1.899276
2 13.67911815643311 4.3126220703125 -0.4655120968818665 11.988919 2.886854 2.714744 0.1064317
2 30.20536994934082 -24.6552619934082 0.1362918764352799 8.946219 2.361632 2.919275 1.418541
3 -12.88773441314697 26.70580863952637 -1.685777425765991 0.510419 0.780512 1.671372 3.039941
5 11.9839973449707 -11.78120517730713 -1.406506299972534 0.143305 0.16657 0.301732 2.817645
4 6.915002346038818 5.736226558685303 -1.049015998840332 1.987274 0.812282 1.637104 -2.08653
4 7.803093910217285 -0.541501522064209 -0.9838903546333313 1.688572 0.748917 1.5299 2.127347
4 12.80322265625 -12.71760368347168 -0.8189615607261658 1.650963 0.759233 1.490438 1.385197
1 6.640818119049072 19.91845703125 -1.580553531646729 4.682114 1.704402 1.378528 3.004341
1 29.75740051269531 35.88547134399414 -1.806840419769287 5.234087 2.072111 1.695607 -1.646949
4 5.676809310913086 22.88604164123535 -1.160532832145691 0.623543 0.701829 0.83434 -3.117135
1 -14.16145420074463 -2.849613428115845 -1.088675618171692 3.779597 0.888308 1.452514 -0.09535219
1 -16.57248497009277 1.003831624984741 -0.953464686870575 3.204408 1.982591 1.34413 -0.04279866
1 -21.06949234008789 -0.4488424062728882 -1.081191420555115 3.889062 1.798587 1.541838 -0.08544111
4 24.28415298461914 0.1736269891262054 -0.8917275071144104 1.81333 0.646208 1.647537 0.8946815
1 26.23871994018555 33.70745468139648 -2.643893480300903 4.069056 1.776526 0.738624 -1.664634
2 -3.051082134246826 -3.641750574111939 -0.6162314414978027 11.977774 2.893501 2.335184 -0.07180146
2 34.07622528076172 -23.34459495544434 0.2318835854530335 3.783662 2.626997 3.046806 1.374125
1 -8.902325630187988 0.2625451683998108 -1.105517983436585 3.659017 2.018 1.352294 -0.06171232
2 33.81909561157227 6.360541820526123 -0.3364483118057251 2.710889 1.488676 2.918621 -2.447412
1 -3.552803993225098 17.56633186340332 -1.25029456615448 2.993501 1.852887 1.107342 3.072642
4 5.697263240814209 -8.269022941589355 -0.6274272203445435 1.489742 0.540649 0.903743 -0.1186591
1 32.86650085449219 34.42922210693359 -2.470993757247925 2.439265 0.977731 0.783216 -1.54654