6 -51.38824462890625 -4.804850101470947 -1.332187533378601 0.740086 1.216174 0.401934 -0.1303351
5 6.143176078796387 -1.806204795837402 -1.576006412506104 0.33027 0.30208 0.444003 2.994594
1 -56.04995727539063 0.6177852153778076 -1.088793277740479 2.62077 1.688086 1.151456 0.03468847
1 -3.728564023971558 -4.962672710418701 -0.9363402724266052 4.483076 2.092111 1.671436 -0.0147125
5 -8.538262367248535 8.91661548614502 -1.741907358169556 0.308754 0.309924 0.385671 -0.6841487
3 -31.86099052429199 14.79208946228027 -0.9965920448303223 0.566693 0.343499 1.561479 -3.141245
5 6.893385410308838 -1.674163103103638 -1.554388642311096 0.213816 0.235002 0.442461 3.086389
4 16.92460441589356 8.93120288848877 -1.11097514629364 1.162614 0.591527 1.108067 2.960216
1 22.62160873413086 0.1769388467073441 -0.697443962097168 2.824039 1.696368 0.68256 -0.02440054
1 -2.15395998954773 6.17543888092041 -1.136356592178345 4.198009 1.808795 1.375223 -3.104673
1 28.86591911315918 -6.22805643081665 -1.204258799552918 4.088382 1.869097 1.380165 -0.003358174
1 1.065785646438599 12.94167613983154 -1.200077176094055 4.386643 1.848491 1.595541 -2.055288
1 22.45120239257813 4.084489345550537 -1.183581471443176 3.556385 1.964894 1.408683 3.117192
1 -6.334014415740967 1.599926710128784 -0.9033437967300415 4.537249 2.090875 1.772056 0.3244197
1 6.98062801361084 0.4187256991863251 -0.9678348898887634 4.505129 2.003494 1.624622 0.2840007
3 40.28916168212891 13.97325325012207 -1.077996969223023 0.568397 0.565688 1.112415 0.1672506
4 -0.1060899198055267 10.13891315460205 -1.194369077682495 1.735182 0.737164 1.53676 -0.7770844
6 27.39936256408691 10.64706420898438 -1.30204164981842 1.070475 0.732814 0.274243 -0.1687202
5 -12.92299270629883 6.612640380859375 -1.685338020324707 0.334771 0.262151 0.47283 -3.079421
2 -48.20966339111328 7.748426914215088 -0.1884276121854782 3.699699 2.627716 3.16131 3.12309
1 16.05251884460449 -6.239699363708496 -1.009992957115173 4.098619 1.868611 1.667639 0.005121098
1 -14.78707790374756 -0.3637458086013794 -1.046979308128357 3.55449 2.024634 1.463541 -0.0227273
1 9.560077667236328 4.312296867370606 -1.146603465080261 4.024979 1.979128 1.454522 -3.133675