2 33.87032318115234 -1.541146993637085 -0.3386575281620026 6.321714 2.463603 3.144094 -2.376586
4 42.376708984375 -13.28104686737061 -1.057100534439087 2.046251 0.575757 1.401768 1.197187
1 33.03195571899414 34.42978286743164 -2.603096008300781 2.420397 1.342901 0.997031 -1.564162
4 38.39357757568359 -22.57221221923828 -0.7806669473648071 2.137073 0.682634 1.441987 1.305376
6 56.27413558959961 13.71737670898438 -2.141764879226685 1.242871 1.077493 0.442959 3.057443
2 -3.301365375518799 -3.601734399795532 -0.6100178360939026 12.013234 2.906003 2.316758 -0.0771135
6 55.3820686340332 16.53527641296387 -2.018848180770874 3.832923 0.977869 0.731877 2.901733
1 -14.6448221206665 0.7474222183227539 -0.8899522423744202 3.169575 2.074569 1.21686 -0.1669491
1 -14.10142803192139 -3.065474271774292 -1.091002941131592 3.836454 1.405372 1.478909 -0.0809141
2 34.30641937255859 -22.75863647460938 0.2082976400852203 2.193418 2.572136 2.822299 1.436407
6 11.99247074127197 -10.17570877075195 -0.520567774772644 0.209036 0.098229 0.29399 -1.249421
1 -19.36177444458008 -0.6008667349815369 -1.054221034049988 3.800389 1.72537 1.5843 -0.2361075
1 29.36396026611328 -12.3020715713501 -0.9287983179092407 4.416574 1.70873 1.194538 -1.967877
1 -7.458427906036377 0.1395889222621918 -1.107369542121887 3.703957 2.019403 1.367225 -0.07316401
4 -38.04483413696289 -5.213742733001709 -1.09850025177002 1.014946 0.611237 1.279073 -0.2836969
1 26.25919342041016 33.55255508422852 -2.332500219345093 4.051447 1.698943 1.465271 -1.539947
4 9.824231147766113 -8.993827819824219 -0.912109375 2.91192 1.070434 1.690099 -0.0992797
2 30.11855316162109 -24.7325325012207 0.05586183816194534 8.963705 2.458333 3.007676 1.42156
4 18.02916145324707 -13.10135459899902 -0.7417715191841125 1.597665 0.629454 1.683146 0.4245656
3 6.95529317855835 18.17410469055176 -1.399764537811279 0.566537 0.69084 1.66147 -1.833516
4 -31.13725090026856 28.16138076782227 -1.590393424034119 1.464847 0.432765 1.071159 3.056213
1 -28.88726806640625 1.562023043632507 -0.2505019307136536 4.486755 1.906744 1.255157 -0.06613196
2 29.61672210693359 35.92586517333984 -1.992648839950562 5.145549 1.789791 2.037959 -1.601332
4 35.23439407348633 19.85710525512695 -1.778084397315979 1.332088 0.429209 1.474387 1.003754
4 32.28027725219727 43.83594131469727 -2.171125173568726 0.922856 0.29397 0.765608 -1.539947
3 6.028684616088867 23.16721725463867 -1.609745860099793 1.331533 1.031118 1.727119 -3.090137