1 12.91285419464111 24.70792388916016 -1.695688009262085 4.158887 0.524913 0.934231 -1.865808
1 -39.33231353759766 14.65027236938477 -0.966724157333374 2.120092 0.452525 0.866066 -3.088696
4 7.312268733978272 27.23263740539551 -1.236676454544067 1.252682 0.675927 1.434563 -3.048437
3 -7.09133768081665 -12.19651699066162 -0.2260334044694901 0.626785 0.702326 1.212018 0.06565992
1 11.48040008544922 16.83321571350098 -1.390384435653687 4.219085 1.535311 1.299003 -3.091109
4 9.258312225341797 24.13779258728027 -1.430016160011292 1.583307 0.64894 1.688006 -3.005402
1 -39.16134643554688 -3.386465072631836 -1.396480441093445 3.317267 1.999765 1.163147 0.02381776
4 -3.931993246078491 -5.708863735198975 -0.9405704140663147 1.776388 0.807952 1.677629 0.02381776
4 21.80948829650879 -5.267186164855957 -0.8796006441116333 2.805202 1.063709 1.68366 -0.03793101
4 3.965803146362305 23.37847518920898 -1.53161358833313 1.437184 0.67701 1.513191 -0.1152268
2 -29.86163902282715 17.90835380554199 -0.7097125053405762 3.970164 2.3805 3.26407 3.126719
1 -54.56608581542969 -2.778510808944702 -1.154082775115967 1.904085 1.962322 0.78011 0.03832807
4 2.232439994812012 -4.889249801635742 -0.9778767228126526 1.680447 0.698676 1.555847 -0.1455708
1 -2.651834726333618 -7.21057939529419 -0.7967749238014221 5.08752 2.176613 1.913977 0.02381776
1 -13.99799251556397 -3.195684909820557 -1.088498473167419 3.984814 1.938478 1.468205 0.02381776
3 9.838909149169922 28.51739120483398 -1.504135966300964 0.421478 0.698521 1.210354 1.537175
2 49.53488922119141 -3.901779651641846 -0.05021077394485474 4.226269 2.62351 2.870232 -0.0131837