1 54.93373489379883 17.03160667419434 -1.940519213676453 2.82343 0.986419 0.654233 -3.092424
6 55.84529876708984 13.90467357635498 -2.121438264846802 0.257041 0.93636 0.442712 3.119535
4 -52.90898132324219 7.207534790039063 -1.307977795600891 1.253576 0.65737 1.14652 -0.06093922
4 50.86499404907227 -5.685906887054443 -1.086114645004273 0.982985 0.421698 1.305292 0.4620791
1 26.28633308410645 33.36362457275391 -2.298316717147827 3.999767 1.681809 1.432622 -1.568775
2 -3.102174282073975 -3.713753461837769 -0.6124489903450012 11.814299 2.766404 2.32438 -0.0678831
1 -23.48378372192383 -2.605580568313599 -1.138298273086548 3.97402 1.793317 1.48192 -0.05148686
4 39.02676391601563 -14.32956695556641 -0.958024263381958 1.267757 0.821539 1.316756 1.460836
3 8.697906494140625 6.935134887695313 -1.021986365318298 0.986448 0.57533 1.60452 -0.7288269
4 -37.44252777099609 -5.246710300445557 -0.8277016878128052 0.985139 0.54938 0.757895 -0.06093922
1 -14.57409763336182 0.6893203258514404 -0.8912508487701416 3.18287 2.139586 1.218621 -0.05590537
1 -27.84538841247559 1.491670489311218 -0.2366690784692764 4.349801 1.831626 1.216084 -0.05436545
2 34.31966781616211 -22.83152198791504 0.1607827693223953 2.290432 2.547753 2.871936 1.452228
6 11.9762601852417 -10.17752647399902 -0.5126330852508545 0.105769 0.222889 0.287551 0.0007456277
1 33.03890228271484 34.34616851806641 -2.569154977798462 2.28438 1.527635 0.954678 -1.596355
2 30.1512393951416 -24.6538200378418 0.1093669459223747 8.792254 2.401572 2.847325 1.430806
2 29.62693786621094 35.8922233581543 -1.965406179428101 5.187937 1.793706 2.006507 -1.582636
4 9.832406997680664 -9.000503540039062 -0.8902862668037415 2.9331 1.139024 1.651732 -0.07229491
4 5.832192897796631 23.02297210693359 -1.610607624053955 1.730911 0.646826 1.731366 -2.890886
1 37.40744400024414 -21.98446083068848 -0.7671505808830261 2.378098 1.321454 1.454259 1.419639
4 17.79490280151367 -13.11719131469727 -0.7196489572525024 1.47476 0.751612 1.655621 0.1950204
1 -7.468908309936523 0.1389623582363129 -1.095267534255981 3.733091 2.010918 1.443075 -0.05164159
1 -14.05661582946777 -3.058024406433106 -1.09259307384491 3.755643 1.236369 1.479354 -0.0595315
1 -19.32736587524414 -0.573576807975769 -1.03280520439148 3.751715 1.758806 1.540221 -0.05440946
1 32.28625869750977 43.5855598449707 -2.181547403335571 0.979218 0.262319 0.831239 1.521548
1 31.25494575500488 -8.998941421508789 -0.9297744631767273 4.976778 1.872668 1.503602 -2.144091
1 39.73909759521484 2.509175539016724 -1.713999509811401 4.395832 1.095158 0.679841 -2.44659