3 9.484861373901367 23.36204528808594 -0.4586391746997833 0.338767 0.535214 1.582781 1.48287
3 9.700440406799316 18.7025032043457 -0.6247729063034058 0.380505 0.505199 1.64116 1.568884
3 5.818065166473389 23.13048553466797 -0.4403125047683716 0.276431 0.668867 1.778097 1.535315
1 -11.67039108276367 -4.98447847366333 -0.8944486379623413 3.835956 1.719287 1.830578 -0.03930216
1 22.01095771789551 -4.893945217132568 -1.103639960289002 3.951931 1.508786 1.471043 -0.02605588
1 1.434598326683044 -4.978348255157471 -0.9199962019920349 4.401878 1.892172 1.742004 -0.001640514
1 -6.833799839019775 -5.248048305511475 -0.8378192782402039 4.674309 1.88932 1.953559 0.01652868
1 19.77258682250977 0.2008080035448074 -0.9375094175338745 3.85675 1.835495 1.643017 -0.008561891
2 -9.737918853759766 7.568595409393311 -0.5463008284568787 12.745188 2.585824 2.688545 -3.131118
1 -19.25577735900879 0.08910489082336426 -0.959765613079071 3.507366 2.060597 1.698482 0.0414502
1 -53.29689407348633 -5.412154197692871 -1.160125255584717 2.953792 1.473055 1.423102 -0.03423941
5 31.19614791870117 6.534427642822266 -1.75005567073822 0.084229 0.222068 0.311384 -3.111313
2 -32.20052337646484 7.415865898132324 -0.2268834710121155 12.563793 2.600508 3.285842 -3.133351
2 22.83833312988281 7.747224807739258 -0.393923282623291 12.154745 2.978551 2.941042 -3.130113
1 16.66975402832031 -4.846997261047363 -1.119795680046082 4.190371 1.677916 1.43713 0.01921179
2 -55.88784790039063 7.101182460784912 -0.3709684610366821 8.230944 2.422592 3.048758 -3.129537
1 -16.71468734741211 -4.443100452423096 -1.015300869941711 4.216581 1.839342 1.629113 0.06571554
1 -22.49759292602539 -4.593935489654541 -1.124781131744385 2.228059 0.486043 1.33278 0.01619642
3 11.38267040252686 9.661500930786133 -1.175086259841919 0.537428 0.647085 1.526596 -3.139982
1 14.26149463653565 7.816751480102539 -0.9585815668106079 4.070745 2.107353 1.787588 3.119487
1 9.920555114746094 -5.006615161895752 -1.095110535621643 4.40881 1.941319 1.558806 -0.03491127
6 -32.24774169921875 -4.927815914154053 -1.49311089515686 4.569259 1.292676 0.499187 -0.02738437