5 -33.62112426757813 2.155681848526001 -1.644245028495789 0.128465 0.209326 0.481802 -0.1782447
1 -6.04107666015625 -4.091694355010986 -1.04580283164978 4.296141 1.918763 1.475241 0.03100459
4 34.09818267822266 -5.255358219146729 -1.096051096916199 1.58984 0.502704 1.40604 0.245464
3 -21.17421340942383 5.040711879730225 -0.4875480532646179 0.603586 0.442755 1.196771 -3.08672
5 -13.54537677764893 2.369908332824707 -1.46399712562561 0.316262 0.285514 0.630857 0.0
5 -22.80429458618164 2.414345741271973 -1.509307026863098 0.224409 0.281613 0.460508 -2.814201e-16
5 -11.45126056671143 2.481082677841187 -1.469462990760803 0.282723 0.396703 0.667471 0.0
3 9.688183784484863 -26.17049789428711 0.6270936131477356 0.270134 0.439622 1.078843 2.299987
1 -27.59914207458496 -35.00071716308594 0.9100273251533508 4.060866 0.506193 0.668953 -2.579761
2 -9.312027931213379 18.52216148376465 -0.3943352699279785 6.812029 2.732234 2.663418 -3.106583
1 -35.22845458984375 -3.979456424713135 -1.22187614440918 3.21799 1.633267 1.01028 0.02079801
1 36.14056015014648 -6.937790870666504 -0.9344385862350464 3.426371 1.786352 1.88992 0.01412787
3 42.88590240478516 -6.190264225006104 -0.7759389877319336 0.449026 0.449239 0.880652 0.02243713
6 -22.83612823486328 2.970811367034912 -1.499512553215027 0.257501 0.506387 0.447959 0.4271713
4 43.37299728393555 -4.554707050323486 -1.039817810058594 1.587197 1.032659 1.420101 0.0001681804
1 -0.3356159329414368 -26.81467056274414 0.6930966973304749 4.250154 1.419587 0.85639 -2.951037
5 -16.66105651855469 2.61241602897644 -1.497796177864075 0.170345 0.192079 0.452854 -2.439303e-16
1 -16.68404197692871 -31.09515571594238 0.7676346898078918 3.781554 1.669424 0.947168 -2.803632
4 48.90321731567383 23.08842468261719 -1.320718050003052 0.840997 0.387785 1.122515 3.141592
1 -21.36190223693848 -32.69185256958008 0.9979464411735535 3.80153 1.717552 1.016541 -2.78367
6 -38.16426086425781 2.051328182220459 -1.574390888214111 0.17845 0.333498 0.409721 -3.074469
1 5.515366077423096 -25.38415908813477 0.6138932108879089 4.619016 0.911308 0.980479 -2.961162
3 -23.35148620605469 3.564985513687134 -1.064876079559326 0.481487 0.393386 0.646286 1.204003
1 -54.67673492431641 -4.381422996520996 -1.172198414802551 2.254758 2.10709 1.360344 0.02537642