4 9.81557559967041 -8.99234676361084 -0.8796939849853516 2.894818 1.073025 1.631239 -0.08954154
1 -7.463542938232422 0.1405940651893616 -1.126494288444519 3.716807 1.997998 1.335072 -0.09252089
4 40.19302368164063 -13.30826568603516 -0.9769980907440186 1.93137 0.662708 1.333472 1.421302
6 11.98035907745361 -10.14450550079346 -0.5188199281692505 0.118305 0.159681 0.291217 -0.660464
1 -14.56991291046143 0.6881052851676941 -0.9652209877967834 3.108368 2.04279 1.366399 -0.08702877
1 -14.09668445587158 -3.039052486419678 -1.074871420860291 3.791604 1.199259 1.443168 -0.08402401
1 -27.81095504760742 1.548295021057129 -0.200854629278183 4.529372 1.862451 1.143822 -0.1016391
1 29.58996772766113 35.86134338378906 -1.938743114471436 5.189599 1.674822 1.953608 -1.584493
2 -3.160704851150513 -3.613502979278565 -0.6141698360443115 11.734278 2.94898 2.32868 -0.08106589
1 55.37339782714844 16.69297218322754 -1.988380670547485 3.684614 1.390502 0.715351 3.124297
3 6.46114444732666 11.42762660980225 -1.069234013557434 0.916348 0.624107 1.668109 -1.133492
1 32.37911987304688 -5.94683313369751 -0.8610553741455078 4.848167 1.923959 1.793901 -2.210896
1 -27.78069305419922 -2.292049884796143 -1.169848918914795 3.935076 1.391292 1.34613 -0.1026198
2 30.10098838806152 -24.65400314331055 0.1025116592645645 8.836973 2.498686 2.882958 1.425966
4 42.63103866577148 -12.87565803527832 -0.9203448295593262 1.120879 0.454188 1.16028 0.8229672
1 -19.02856636047363 -0.615764856338501 -1.0694340467453 3.14227 1.721959 1.613469 -0.1223245
4 5.837072372436523 23.09904479980469 -1.627507567405701 1.675282 0.670142 1.75998 -2.871224
1 33.17296600341797 34.493408203125 -2.573919057846069 2.531212 1.600735 0.965528 -1.513115
2 34.17742156982422 -23.10099601745606 0.1236728802323341 3.093776 2.595705 3.013306 1.40235
1 45.16489791870117 40.17206573486328 -2.573190450668335 1.170961 0.349712 1.126034 1.732206
4 57.04137420654297 -3.727176904678345 -1.399588584899902 0.596738 0.489945 1.138342 3.141592
4 -46.38942718505859 29.50618171691895 -1.681140065193176 0.752026 0.331149 0.936098 2.963499
4 38.31229782104492 -20.84523391723633 -0.7500264644622803 1.64259 0.665436 1.419181 1.421302
6 56.27534103393555 13.77326965332031 -2.097421169281006 1.147637 1.230006 0.394573 -0.003514052
1 26.29439544677734 33.54267120361328 -2.30659294128418 4.18049 1.654113 1.447651 -1.590269
4 17.94168090820313 -13.16946697235107 -0.7337148785591125 1.461488 0.618596 1.679544 0.4830547
4 -37.37028884887695 -5.09901237487793 -1.177518486976624 0.94484 0.615125 1.463684 -0.1224786