3 4.196143627166748 6.754678249359131 -0.9659531116485596 0.596714 0.867442 1.639151 -0.03106242
5 -32.09524917602539 -2.810437440872192 -1.567806482315064 0.251521 0.185564 0.453752 -0.05301993
4 46.76682662963867 -4.939443588256836 -0.8325290679931641 2.383606 0.253841 1.486015 -1.592023
6 39.65773391723633 -4.201335430145264 -1.286136388778687 0.465572 1.515321 0.457173 -1.537036
1 -11.96282768249512 -4.825774669647217 -1.163240075111389 4.383491 1.803387 1.41619 1.566722
3 -16.44405364990234 13.51572227478027 -0.944894552230835 0.276183 0.449904 1.01796 -0.9676628
3 3.409740447998047 13.99180126190186 -1.302923798561096 0.644399 0.416495 0.865996 3.130726
5 -28.53694725036621 -2.744197845458984 -1.734710216522217 0.150454 0.207923 0.366147 -0.4061221
6 -20.60917663574219 -9.48181438446045 -0.7064662575721741 1.224125 0.772813 0.45814 5.405512e-16
1 -3.429596662521362 -4.384307861328125 -0.9252082705497742 4.302518 1.958581 1.793839 -0.5558295
4 26.60440063476563 -4.999141693115234 -1.147414326667786 1.638354 0.612285 1.002643 -1.685607
4 -8.239642143249512 -3.906437635421753 -1.223809599876404 1.701896 0.602108 1.247806 -1.368245
4 3.543951272964478 -4.837369918823242 -1.239317178726196 0.984404 0.652542 1.163504 -1.755945
3 -17.95206451416016 8.921600341796875 -1.118165850639343 0.35424 0.5706 1.646937 -0.6019748
3 -17.6285514831543 8.114726066589355 -1.169310092926025 0.410368 0.637956 1.588384 2.314336
4 -15.81183815002441 10.01560783386231 -1.442628145217896 1.597894 0.435921 1.095627 1.537946
5 -20.00901603698731 -2.45465350151062 -1.576619744300842 0.279554 0.16715 0.60005 -1.650852
1 -6.100703239440918 32.67596054077148 -0.6154348254203796 3.488625 1.81407 1.634004 1.590158
4 -22.48093795776367 8.56899642944336 -1.48553192615509 1.266322 0.423682 1.063675 0.7574345
6 0.04738742858171463 -5.426007270812988 -1.532902240753174 1.141828 1.255515 0.53671 -0.004832047
4 -17.70149230957031 9.871508598327637 -1.556779146194458 0.980425 0.439303 0.65248 2.818966
5 -30.06188201904297 -3.169892311096191 -1.632370829582214 0.127497 0.135447 0.379853 -1.522655
4 15.17752647399902 -5.529904842376709 -1.354433178901672 1.369667 0.508442 0.732487 -2.283257
3 -5.705193042755127 22.02007293701172 -0.9485160112380981 0.400211 0.476058 1.526014 1.504962
1 -50.27267837524414 -4.052629947662354 -1.194196581840515 1.973545 1.101317 1.477586 -0.05302621
4 -26.39487266540527 8.27942180633545 -1.550405263900757 1.463105 0.348073 0.853889 0.136615
6 24.67407989501953 -5.108613967895508 -1.280293464660645 1.176063 0.176582 0.453476 -1.392894
5 -16.57779121398926 -2.253407716751099 -1.553245186805725 0.222098 0.217002 0.521505 -0.1302888
1 -15.0501708984375 -4.338761329650879 -1.024348378181458 3.150386 1.852029 1.165766 1.566722
4 3.747146368026733 -5.622415065765381 -1.188106417655945 1.359501 0.664594 1.123417 -2.932245
6 17.89573478698731 -5.245381832122803 -1.018694639205933 2.358824 0.859327 1.423185 0.2515646
3 -29.17764091491699 -3.234334707260132 -1.263585209846497 0.645956 0.67741 1.388227 0.3481202
4 -21.72719192504883 8.347708702087402 -1.621447205543518 1.699442 0.612646 0.796189 0.7574345
4 2.040316343307495 -5.645551204681397 -1.249637722969055 1.869512 0.781513 1.115817 -1.226746
3 0.004823437891900539 34.64148330688477 -0.9794766306877136 0.262511 0.186718 0.563171 0.9749749
3 -32.61406326293945 8.883903503417969 -1.156300902366638 0.296005 0.488134 1.506315 -0.7609999
1 -43.85432815551758 -4.341844081878662 -0.8960151672363281 2.597375 0.996239 1.687807 -0.2259047
4 14.36772632598877 -5.53678035736084 -1.330578088760376 1.380626 0.595003 0.854524 -2.156088
3 -2.833696126937866 7.179159164428711 -1.030694723129273 0.971154 0.621271 1.594485 -3.110629
6 7.390590667724609 -5.457308292388916 -1.045521020889282 1.183826 4.398904 1.412683 1.5547
1 -6.342998504638672 5.701855182647705 -1.11683452129364 4.152847 1.922663 1.460702 2.954562
4 2.548266649246216 -5.435283184051514 -1.272399187088013 1.39097 0.459046 1.08501 -1.609278
3 5.789463520050049 -4.793098449707031 -1.214657664299011 0.598494 0.533237 1.164308 1.917961
1 -17.70539093017578 -4.04128885269165 -1.08157479763031 3.281297 1.755609 1.266938 1.369111
5 -10.73423480987549 -2.693140983581543 -1.547491908073425 0.339801 0.199637 0.590864 -0.06035592
4 -10.45222187042236 -5.265677928924561 -1.317489624023438 1.689187 0.686258 0.99699 -0.9564164
5 -13.35812187194824 -2.457555294036865 -1.54733407497406 0.200545 0.223449 0.578564 -0.06035592
4 -17.00253295898438 9.211664199829102 -1.449177265167236 1.456299 0.456376 1.042404 1.192572
3 -1.377169132232666 26.92118072509766 -0.6424865126609802 0.369562 0.569894 1.668446 -2.134741
3 -0.06640066206455231 57.31424331665039 -0.8571187853813171 0.239276 0.26934 1.504503 -2.418234
4 -20.88417816162109 8.490569114685059 -1.586304306983948 1.397197 0.58405 0.727943 0.776354
4 -26.17002296447754 9.141485214233398 -1.671183347702026 1.404402 0.477801 0.72317 0.1638869
3 -25.1046314239502 -8.11540412902832 -0.641656756401062 0.300816 0.375104 0.300569 -3.050237
6 -24.4028434753418 8.37108325958252 -1.727399706840515 0.583592 0.358197 0.508772 0.6971748
5 -9.064078330993652 -2.640348672866821 -1.629191398620606 0.180152 0.238843 0.443591 -0.06035592
1 32.17789077758789 -1.077521681785584 -0.6300377249717712 1.551867 1.096 0.832721 -0.005910916
1 9.376689910888672 8.78151798248291 -1.032864093780518 4.699423 1.982852 1.684661 -3.130068
3 -3.318905115127564 8.06365966796875 -1.064503908157349 0.426321 0.799443 1.658144 -3.051981
6 43.46839141845703 -4.552097320556641 -1.073028326034546 1.355711 0.748796 0.264582 -1.605402
6 11.5322847366333 -5.52202320098877 -1.378248333930969 1.502236 1.245596 0.815287 -1.307217
4 12.52222728729248 -5.403810977935791 -1.313845634460449 1.455083 0.63707 0.88118 -1.902154
5 -23.93262100219727 -2.743475198745728 -1.615423202514648 0.223037 0.197481 0.42634 -1.650852
3 8.82016658782959 11.54463577270508 -0.777332603931427 0.213579 0.422724 0.521921 1.077374
3 0.1308330297470093 51.8348274230957 -0.4166271686553955 0.307655 0.336611 0.645788 -1.099038
1 -33.9585075378418 -5.136125564575195 -1.249532461166382 3.969722 1.679035 1.221914 0.05848892
6 20.02400016784668 -5.008052349090576 -1.51971709728241 0.509574 0.224631 0.355719 0.2515646
3 27.66108322143555 -3.765100002288818 -0.9117189645767212 0.582096 0.554399 1.563695 -0.09401791
1 9.1206636428833 -0.2900431454181671 -0.9324342608451843 3.517895 1.772298 1.569257 0.001567862
4 13.56241226196289 -5.539630889892578 -1.316932916641235 1.444393 0.507345 0.83838 -2.0525
1 -5.228200435638428 38.69624328613281 -0.6545827984809875 0.880098 1.403035 1.663486 1.60622
5 -11.77261543273926 -2.403136491775513 -1.541458368301392 0.229678 0.295872 0.619364 -0.06035592
4 1.298415303230286 -5.549140453338623 -1.374688386917114 1.609314 0.717198 0.910419 -1.64302
4 -14.17508411407471 12.31734657287598 -0.8477530479431152 1.20929 0.677154 0.832264 2.663409
1 -21.17691612243652 -4.360214233398438 -0.8426483273506165 3.234155 1.538851 0.794592 0.111654
3 -18.40381050109863 8.138599395751953 -1.178442120552063 0.515242 0.384504 1.567217 0.1830778
4 -16.42513275146484 10.00052261352539 -1.442728996276856 1.495239 0.478434 1.062208 1.566895
3 -0.8425346612930298 26.25979995727539 -0.678658127784729 0.195502 0.512144 1.476466 2.053952
6 -7.722399234771729 -4.021641731262207 -1.596638441085815 1.143811 0.299877 0.504955 -1.647138
4 41.16204833984375 -4.437503337860107 -0.9556193351745605 1.335083 0.31033 0.824219 -1.592023
1 29.17242431640625 -4.885513782501221 -0.8105534315109253 1.665631 1.532371 1.693814 0.06656714
3 0.3352502882480621 39.02910614013672 -0.1710899770259857 0.181762 0.296802 0.6774 1.118139
3 0.9212697744369507 23.60900115966797 -0.8695546984672546 0.427702 0.431654 0.77592 0.4265484
3 -6.6098313331604 21.75949859619141 -0.9458280801773071 0.253939 0.490746 1.524752 1.504962
4 -27.79253578186035 8.596774101257324 -1.578902244567871 1.419057 0.415828 0.72587 1.299662
4 4.102236270904541 -4.845861911773682 -1.263474225997925 0.715414 0.608782 1.038724 -1.523414
5 34.85440063476563 -4.065897941589356 -1.22573983669281 0.229349 0.292583 0.660543 -1.527387
4 15.89568138122559 -5.421695232391357 -1.193262100219727 1.411204 0.345978 1.010563 -1.972074
1 -35.31766128540039 -9.5440034866333 -0.7944073677062988 2.27564 1.419891 0.704583 0.3070918
5 -7.418881893157959 -3.714704513549805 -1.575966477394104 0.263287 0.258916 0.415723 1.459251
3 -3.086065053939819 18.8090763092041 -0.9976482391357422 0.521565 0.572263 1.445635 -1.645527
3 0.1571921110153198 31.93043327331543 -0.9964088797569275 0.33296 0.343952 0.750971 1.5042
1 -6.069270133972168 52.96808242797852 -0.3857658505439758 1.530647 1.832201 2.270899 1.588916
4 44.95590209960938 -4.298920631408691 -1.052034616470337 1.331113 0.164165 0.891174 -1.592023
5 -30.10581398010254 -2.776926994323731 -1.556015968322754 0.198455 0.209978 0.531669 -1.522655
3 -52.02039337158203 10.15696716308594 -1.278641104698181 0.458385 0.460901 1.64701 -3.132074