1 -16.79814910888672 22.56755638122559 -1.622113823890686 4.294889 1.566272 1.347354 3.080414
4 5.265700817108154 0.8253068327903748 -0.9907647967338562 2.048397 0.877221 1.576785 -1.714154
4 9.31541633605957 -8.951329231262207 -0.9139325618743896 2.96221 1.081 1.634438 -0.1452138
2 31.93354225158691 3.769603490829468 -0.4840758144855499 5.75215 2.315301 2.86059 -2.16974
4 5.95159387588501 22.97658157348633 -1.643122434616089 1.294537 0.807061 1.498622 3.059977
1 -14.77976512908936 0.7419983744621277 -0.8494791388511658 3.245518 2.013721 1.24088 -0.09575184
1 -20.12731742858887 -0.5328790545463562 -1.043877601623535 3.681305 1.705489 1.514176 -0.09575184
2 -3.338423490524292 -3.621444463729858 -0.6128664016723633 12.060719 2.892816 2.324806 -0.077521
1 -14.02516174316406 -3.079271078109741 -1.067413568496704 3.702432 1.320331 1.428575 -0.09575184
1 26.28851699829102 33.62070083618164 -2.640385627746582 3.999227 1.694076 0.755044 -1.58486
1 -7.44272518157959 0.1394143104553223 -1.12518846988678 3.712986 2.018956 1.334822 -0.09575184
1 -24.69555282592773 19.04410552978516 -1.120179891586304 2.872962 1.419281 0.742364 3.121759
4 27.12234687805176 3.662635087966919 -1.069560527801514 1.826288 0.488711 1.664977 0.8122495
1 30.17558860778809 6.615518093109131 -0.006806438323110342 0.812753 1.216359 1.585665 -2.145143
1 29.59399795532227 35.87823486328125 -1.953055739402771 5.143812 1.619187 2.006314 -1.61016
2 13.66837310791016 4.303305149078369 -0.4443840086460114 12.024471 2.618338 2.68233 0.08999009
1 33.17119216918945 34.44912719726563 -2.566156387329102 2.466027 1.629433 0.921528 -1.545298
4 42.537353515625 -13.19747734069824 -1.020316362380981 1.721971 0.79427 1.389213 1.167513
4 6.398990154266357 1.947426080703735 -1.026908874511719 1.283306 0.84716 1.598356 1.712487
2 34.33515548706055 -22.7197322845459 0.2128675282001495 2.225247 2.484617 2.698751 1.407453
3 -10.37476444244385 26.66177177429199 -1.634270787239075 0.733872 0.466546 1.628223 -0.08161544
2 30.16361999511719 -24.70711135864258 0.1243360042572022 8.937201 2.371985 2.80804 1.430918
2 29.37458610534668 19.08430099487305 -1.306970119476318 1.522959 1.278452 1.855495 3.033293