1 -32.14757537841797 3.658244848251343 -1.048665165901184 3.572424 1.466805 1.469661 -3.12843
2 -3.633581638336182 -18.54989242553711 -0.4307724535465241 6.414393 1.85548 2.519699 -1.597474
1 15.47580814361572 -7.361466407775879 -1.084569573402405 2.95387 1.656856 1.547656 0.1982742
5 -33.82462310791016 1.709270477294922 -1.672779202461243 0.410623 0.31869 0.527039 -1.064907e-16
1 11.96727180480957 -3.811397790908814 -1.042351007461548 4.511644 1.730686 1.520365 0.0317061
1 49.21363830566406 -3.94468355178833 -1.173091530799866 3.39693 1.94176 1.017271 -3.066248
1 9.934093475341797 -8.121642112731934 -1.092813014984131 4.337521 1.715272 1.445 0.08420177
1 26.72174072265625 -3.805896759033203 -0.8153567910194397 1.564006 1.84365 2.044933 0.02518583
1 19.65256690979004 -3.492258310317993 -0.8905245065689087 4.226109 1.884656 1.595268 0.01161433
6 22.36267280578613 -6.253674983978272 -0.618592381477356 1.062584 1.342141 0.422144 3.137361
3 50.36683654785156 -1.107440948486328 -0.4210542738437653 0.153227 0.458277 0.658474 0.193431
4 -45.02792358398438 14.02763843536377 -1.136930108070374 0.882234 0.507576 1.043201 0.0
1 1.158101439476013 -6.798425674438477 -1.093393564224243 4.408579 1.793868 1.452117 -1.567192
5 -2.110569953918457 -2.795908927917481 -1.237248301506043 0.23951 0.268846 0.328718 3.132531
1 -6.161888599395752 -5.442673683166504 -0.7594301700592041 4.374414 1.848482 2.092199 -1.607236
4 -44.66294097900391 11.91135311126709 -1.188109993934631 0.402135 0.768642 1.184609 0.0100711
4 -6.620315074920654 11.55560493469238 -1.275310039520264 1.676009 0.557842 1.47461 -3.135733
5 2.599778652191162 -2.27014970779419 -1.36398196220398 0.187152 0.225802 0.456028 -3.112497
6 4.030467510223389 -3.736640453338623 -1.259769320487976 1.445905 0.694369 1.049037 -1.576364
1 25.21513366699219 5.328834056854248 -0.8710537552833557 5.053255 1.926655 1.90446 3.025749
6 -3.864457607269287 -2.930366516113281 -1.262644410133362 1.364261 0.616294 1.021594 -3.120478
1 21.46086120605469 -0.03752415627241135 -1.08833372592926 3.299658 1.892134 1.375705 -0.009129718
1 4.297613620758057 -11.31028175354004 -1.094522356987 4.614701 1.712102 1.42103 -1.500131
2 -3.203717708587647 -7.618809223175049 -0.5935843586921692 7.598512 2.308393 2.473363 1.453573
3 -45.80862808227539 9.803316116333008 -1.090404272079468 0.488391 0.36775 0.960259 -0.7414483
1 37.06045532226563 -3.843796014785767 -1.134354948997498 3.369098 0.44823 1.337765 -3.054526
1 -22.08374786376953 3.803467035293579 -1.11433756351471 4.368791 1.890101 1.547092 -3.140858
1 52.96367645263672 -3.934954404830933 -1.007131218910217 3.191927 0.325073 1.076688 1.674225
3 4.15689754486084 13.00420665740967 -1.11138916015625 0.829236 0.666974 1.570002 -0.005139415
4 -17.53985977172852 16.40859031677246 -1.008257746696472 0.962681 0.649619 1.246245 0.008711047
5 -8.023078918457031 -2.623764276504517 -1.533542156219482 0.301619 0.216658 0.454483 1.599925