3 0.7540851831436157 6.461722373962402 -0.9392006397247314 0.673278 0.726545 1.681493 -0.7206627
4 -29.88774871826172 9.011274337768555 -1.523322582244873 1.713644 0.740325 0.915092 -1.352993
1 8.463216781616211 -0.2075297832489014 -0.9567173719406128 3.442477 2.003754 1.640074 0.03795838
3 -36.08064270019531 8.956393241882324 -1.152389645576477 0.485294 0.317103 1.423205 -2.049906
3 -7.153022766113281 7.930618286132813 -1.029193639755249 0.474357 0.656351 1.689482 -3.089988
3 -6.728470325469971 7.19385576248169 -1.046037554740906 0.906114 0.639523 1.679631 3.054407
6 15.08694744110107 -5.048829555511475 -1.043983340263367 0.233933 0.981333 1.401401 -1.236433
4 -11.77650833129883 -3.483384370803833 -1.427048206329346 0.547439 0.931997 1.022829 -2.79253
5 -23.41701698303223 -2.363993406295776 -1.635715842247009 0.285538 0.280222 0.595308 -0.07943963
1 -9.335468292236328 52.46575164794922 0.3126686811447144 0.520392 1.790973 1.707115 1.500478
5 -14.09378433227539 -2.668168544769287 -1.60379695892334 0.281283 0.262709 0.592444 -0.07943963
4 7.696126461029053 -5.585588932037354 -1.386459946632385 1.370919 0.679728 0.854019 -1.610818
3 -6.490713596343994 18.74597549438477 -0.8559674620628357 0.508461 0.665435 1.512399 1.26716
6 32.48200607299805 -4.333387851715088 -1.216004967689514 2.071619 0.458239 0.746272 -0.0530705
6 37.87479400634766 -4.301754951477051 -1.12218177318573 0.587364 0.806874 0.660823 0.006368608
1 -6.846480846405029 -4.416267395019531 -0.9623483419418335 4.710104 1.876522 1.839288 -0.5782315
3 -4.691282272338867 26.97168731689453 -0.4720771908760071 0.457078 0.528401 1.697645 1.662269
6 3.996813535690308 -5.498963832855225 -1.063126444816589 4.446696 1.184829 1.41707 -0.01183853
3 -54.53229141235352 10.20062637329102 -1.221891283988953 0.513949 0.587115 1.468049 0.1096073
6 -11.09878063201904 -3.389504671096802 -1.652259588241577 0.60391 0.63394 0.54123 -2.92011
3 -21.86535453796387 8.175094604492188 -1.187114596366882 0.481615 0.716067 1.670462 1.483649
4 -0.8665030598640442 -5.526309490203857 -1.397636651992798 1.651251 0.400735 0.910028 -1.45332
3 -21.37169075012207 8.949213981628418 -1.043794393539429 0.404232 0.562032 1.747901 -0.5715624
4 0.5972933769226074 -5.304571151733398 -1.299196481704712 1.619907 0.560328 1.083421 -1.357954
3 -19.76385498046875 13.55070972442627 -0.5837329626083374 0.152116 0.457006 0.427622 2.818125
6 13.95087623596191 -5.488306999206543 -1.042409777641296 0.956841 1.364436 1.458902 -1.291696
4 -1.416934370994568 -5.629685401916504 -1.334183573722839 1.710493 0.489224 1.074861 -1.494888
4 8.230124473571777 -5.680955410003662 -1.196515560150147 1.731808 0.717495 1.107849 -2.082655
5 -12.52649116516113 -2.644404172897339 -1.655691146850586 0.155054 0.254406 0.400612 -0.07943963
5 -20.00896835327148 -2.193572282791138 -1.62527596950531 0.286274 0.178577 0.517571 -0.07943963
4 21.24602127075195 -5.241133689880371 -1.338459968566895 1.464727 0.327507 0.757532 -1.392787
6 -24.22235488891602 8.482315063476562 -1.742354154586792 1.154643 0.274521 0.511403 0.8783713
4 -25.1488208770752 8.345894813537598 -1.563133001327515 1.644565 0.530822 0.764737 0.776095
6 16.55788040161133 -5.058071136474609 -1.562597393989563 0.605003 0.150537 0.406275 0.2306664
1 6.04649019241333 8.616190910339355 -0.9816052317619324 4.810115 1.858998 1.729338 -3.139106
6 35.86882400512695 -4.425381183624268 -1.286325216293335 1.434383 0.66421 0.713036 -0.00602362
4 -20.87469482421875 10.22609901428223 -1.32150661945343 1.390804 0.741157 0.861224 0.7524709
4 -20.27342987060547 9.239354133605957 -1.469490051269531 1.608637 0.438032 1.013426 0.9206567
4 -31.0081729888916 8.90748405456543 -1.553941488265991 2.122954 0.665404 0.868706 1.14128
4 10.87435436248779 -5.623392105102539 -1.322614550590515 1.552645 0.479728 0.921696 -2.251147
1 30.03377151489258 -1.22130286693573 -0.5876504778862 1.636472 1.165016 0.856137 0.02370202
3 -8.69818115234375 22.52766036987305 -0.823172390460968 0.357218 0.639948 1.533885 1.402593
6 -27.6788272857666 8.430920600891113 -1.757437825202942 0.335824 0.225481 0.365689 1.034985
4 23.28634452819824 -5.237494468688965 -1.181334853172302 1.999147 0.747661 1.066841 -1.847526
1 -9.175670623779297 33.18249893188477 -0.810420036315918 4.527343 1.497746 1.292377 1.601764
1 -8.617962837219238 40.20548248291016 -0.8522095680236816 4.129843 1.707907 1.202694 1.620721
3 -0.1369872242212296 13.98617076873779 -1.116892576217651 0.722005 0.37983 0.507423 -3.064589
1 -15.36838912963867 -4.052284717559815 -1.246015310287476 2.86728 1.722867 1.420002 1.531075
1 -18.4710807800293 -4.263830184936523 -1.045853495597839 2.987231 1.460009 1.165133 1.549998
4 11.64588165283203 -5.719785213470459 -1.358559012413025 1.679055 0.438237 0.868367 -2.313734
1 -37.38676452636719 -4.601999282836914 -1.423086166381836 4.052099 1.327276 1.385346 3.067078
4 0.0513177216053009 -5.235474586486816 -1.156154036521912 1.708012 0.58269 1.363701 -1.675676
4 -2.006129741668701 -5.629991054534912 -1.323525428771973 1.798703 0.921532 1.074069 -1.905763
6 -3.378169775009155 -5.611385822296143 -1.599897027015686 1.453005 1.179526 0.526368 -1.570505
5 -15.17706108093262 -2.399900913238525 -1.555757880210877 0.305173 0.275869 0.55056 -0.07943963
4 -29.26368141174316 9.584724426269531 -1.405023336410523 1.693443 0.733467 0.681113 1.367371
1 -21.00522804260254 -4.011065483093262 -1.230016708374023 3.25076 1.556013 1.387901 1.468218
6 -14.27740573883057 -4.798924446105957 -1.53178870677948 0.365274 0.389266 0.459345 -0.01102716
3 2.31918478012085 -4.797299861907959 -1.237085700035095 0.459924 0.598496 1.147419 -1.240025
3 -32.79914474487305 -3.346029996871948 -1.331173300743103 0.768964 0.63377 1.416751 2.522502
1 -10.12415599822998 5.708332061767578 -1.095173239707947 4.225821 1.738555 1.443161 2.967046
1 -47.12640762329102 -4.205019950866699 -0.8452007174491882 2.324435 1.013838 1.561786 -0.1461561
3 24.90120697021484 -3.737915992736816 -0.8907576203346252 0.540814 0.738321 1.608553 -0.02483962
3 -9.571413040161133 22.53068542480469 -0.8479692935943604 0.535446 0.669925 1.578148 1.423663
6 40.56730651855469 -4.654776096343994 -1.086549401283264 2.307466 1.498646 1.133504 0.05039123
1 26.90348815917969 -4.906924247741699 -0.8357883095741272 4.061974 1.744387 1.819779 0.03786952
3 -4.143544673919678 26.2749080657959 -0.5397064089775085 0.377252 0.59884 1.522534 1.906546
4 10.06887435913086 -5.610429286956787 -1.324696660041809 1.558681 0.482055 0.879444 -2.052114
4 12.48437881469727 -5.530433654785156 -1.394657850265503 1.555548 0.495116 0.756311 -2.230187
4 9.110734939575195 -5.464301586151123 -1.361330389976502 1.516223 0.540054 0.856658 -2.052114
3 -21.01701164245606 8.144561767578125 -1.166370153427124 0.43293 0.70435 1.667533 2.274248
4 -18.24806213378906 12.54498767852783 -1.102302551269531 1.498973 0.931084 1.347245 3.012356
5 -16.73715209960938 -2.455890893936157 -1.566937208175659 0.11309 0.200309 0.551908 -0.07943963
6 -53.05620574951172 -3.595649242401123 -1.499730587005615 0.454104 0.6095 0.609725 -0.01395385
1 -24.48370933532715 -4.214214324951172 -0.8621821403503418 3.087806 1.474355 0.693645 0.1187083