4 5.965781211853027 23.02116203308106 -1.666274070739746 1.476603 0.608737 1.543823 -2.794478
2 -4.417983055114746 19.33798980712891 -0.8673533201217651 7.30914 2.63972 2.179818 3.042127
1 -7.454276561737061 0.13301882147789 -1.133938908576965 3.71518 2.034657 1.338129 -0.08105554
1 -20.18845367431641 -0.5149590969085693 -1.048885703086853 3.759643 1.813366 1.525674 -0.05811058
1 26.42489242553711 33.59740829467773 -2.667970180511475 3.978949 1.979152 0.788479 -1.59681
1 29.63030624389648 35.87865829467773 -1.942430019378662 5.073449 1.864158 1.962735 -1.631078
2 34.43595123291016 -22.08932304382324 0.2051521241664887 1.004603 2.502549 2.680216 1.376875
4 5.907219886779785 8.875422477722168 -1.121524453163147 1.872233 0.743724 1.612579 1.776893
6 11.94778347015381 -10.19178485870361 -0.5124347805976868 0.094695 0.159575 0.28164 -0.4838929
1 31.92104530334473 -11.12205982208252 -0.83505779504776 2.947979 2.089687 1.295523 -2.068368
2 14.05874156951904 4.351707458496094 -0.4626862406730652 12.035601 2.697266 2.728162 0.09524304
1 31.66940879821777 -2.612162351608276 -1.073709726333618 4.333258 1.694028 1.49956 -2.123343
2 -3.147625207901001 -3.69381046295166 -0.6087160706520081 11.800256 2.767706 2.312553 -0.07373025
1 43.54439926147461 4.219293594360352 -1.681935548782349 3.952263 1.705698 0.699685 -2.645989
1 -14.091872215271 -3.036400079727173 -1.083121657371521 3.787349 1.280785 1.462029 -0.0636265
1 33.01432418823242 34.42224502563477 -2.539446353912354 2.422254 1.292733 0.866077 -1.517617
2 30.17779350280762 -24.71753311157227 0.1290215253829956 8.979354 2.44401 2.839026 1.424488
4 41.67637252807617 37.4304313659668 -2.588446617126465 1.677046 0.453238 1.489918 1.56585
4 14.0040397644043 -10.35933971405029 -0.8718119263648987 2.003144 0.64773 1.608383 -1.039334
4 9.813843727111816 -9.092703819274902 -0.8916424512863159 3.005912 1.340412 1.655104 -0.1483676
1 -14.57125949859619 0.7110162377357483 -0.8629217147827148 3.168804 2.084288 1.160368 -0.05811058
2 27.28899192810059 -12.78556251525879 -0.1455909013748169 6.214789 2.777723 2.868989 -1.746499