1 32.82844543457031 -3.91203761100769 -1.056877732276917 3.848268 0.457085 1.393041 -3.090823
1 -26.97881698608398 3.753567695617676 -1.260745763778687 4.375203 1.762992 1.322532 -3.11445
5 37.28667831420898 -2.496258735656738 -1.421890258789063 0.794951 0.738939 0.482757 0.02429005
5 -4.491303443908691 -2.830945014953613 -1.501741409301758 0.38087 0.460604 0.598154 0.04184008
3 49.29205322265625 9.128681182861328 -0.7387139797210693 0.305629 0.385707 1.321957 -1.067019
3 48.928466796875 8.296529769897461 -0.8931317329406738 0.557486 0.638875 1.638489 -0.5420296
5 43.36283493041992 -2.26262640953064 -1.421709775924683 0.372039 0.51655 0.514035 0.02695912
3 0.6795850396156311 12.94654941558838 -1.152931571006775 0.781993 0.711742 1.736987 -0.01561553
2 -8.203789710998535 -18.34839057922363 -0.3577191233634949 5.94453 2.332803 2.141145 -1.570021
1 23.26792526245117 -3.77469277381897 -0.7495518326759338 3.306667 1.614262 1.930752 -0.02921992
1 11.24278545379639 -7.60849666595459 -1.033352136611939 2.893728 1.76464 1.40958 0.1525991
3 49.80072402954102 8.803569793701172 -0.7576842904090881 0.321013 0.199263 1.355291 -1.231951
2 -7.404350757598877 -7.74642276763916 -0.6018552184104919 7.683784 2.325808 2.564328 1.472117
3 -50.24644088745117 10.23781681060791 -1.375515580177307 0.332737 0.272501 1.372252 2.06241
3 45.75057983398438 -1.421279549598694 -0.3696868717670441 0.178254 0.386067 0.628945 0.04937426
4 -12.33241558074951 11.49165439605713 -1.279090881347656 1.590893 0.548507 1.49399 -3.117252
2 18.86222267150879 5.461292266845703 -0.804066002368927 5.264315 1.967834 2.0573 3.021553
2 -10.45592021942139 -4.991598606109619 -0.7899861335754395 3.396924 1.782387 2.055465 -1.628849
4 44.93249130249023 8.970090866088867 -1.384777307510376 1.014175 0.165528 0.755439 0.9458596
2 -10.9461784362793 -18.99608612060547 -0.451352059841156 2.277715 2.289152 2.38819 0.4802876
4 -48.98141098022461 12.02573299407959 -1.327963471412659 0.764192 0.446865 1.268152 2.16785
1 45.14092254638672 -4.166784763336182 -1.038472294807434 3.657478 1.919193 1.364986 0.1045523
6 -0.2119004279375076 -3.791802644729614 -1.25557804107666 1.492605 0.664832 1.026512 1.580212
1 -35.15988159179688 3.331863880157471 -1.074306488037109 1.282805 0.825646 1.364718 3.137834
1 17.67338180541992 -6.353254318237305 -1.017542600631714 2.130344 1.507586 1.319367 0.1176513
3 -49.2913932800293 14.07467460632324 -1.084821105003357 0.30208 0.411585 0.730366 2.374914
5 -3.17953896522522 -2.450526475906372 -1.376835823059082 0.297264 0.267543 0.534052 -0.01546504
5 -6.287967205047607 -2.824656248092651 -1.437283873558044 0.328715 0.327448 0.757115 0.01863229
4 -20.36672019958496 16.46231079101563 -1.103622436523438 0.904805 0.559412 0.769613 3.138472
1 15.40357875823975 -3.54224443435669 -0.9166684746742249 4.164443 1.822044 1.780044 0.01689204
1 49.55617141723633 -3.773268461227417 -0.9287271499633789 3.765087 2.018754 1.040587 1.555362
1 5.689487934112549 -8.237455368041992 -1.083632946014404 4.408995 1.936961 1.443549 0.07314554
1 20.72129440307617 -0.01278239488601685 -0.9195433855056763 3.291664 1.864161 1.589521 0.05917791
1 -2.955400228500366 -6.782241821289063 -1.093141317367554 4.330518 1.861765 1.484806 -1.569919
1 7.766268730163574 -3.966124057769775 -1.022135972976685 4.516077 1.934301 1.494727 0.008938906
4 45.37075424194336 8.774965286254883 -1.520077705383301 0.890545 0.161871 0.537778 1.071952
5 -12.30181884765625 -2.675465106964111 -1.620304346084595 0.188635 0.240827 0.384252 0.04139688
6 -8.204913139343262 -2.961808681488037 -1.282545804977417 1.583782 0.572402 1.035463 0.0
1 0.02833370864391327 -10.74136447906494 -1.157509088516235 3.499196 1.979216 1.488469 -1.514983