3 -27.54400634765625 6.803068161010742 -1.09646487236023 0.501376 0.69586 1.662015 2.741691
4 17.39092636108398 -5.089761257171631 -1.243459582328796 1.072845 0.301713 0.923888 -1.466084
1 57.83576965332031 8.066514015197754 -1.267443537712097 1.608355 1.774567 0.803058 -3.123475
4 4.866304874420166 -5.47800874710083 -1.238344192504883 2.126664 0.796577 1.194903 -1.886392
3 10.96531391143799 -4.134885311126709 -0.9730917811393738 0.458618 0.607112 1.554078 0.2950363
1 -39.18062210083008 -3.141780614852905 -1.236168146133423 1.377303 0.746542 0.513214 1.585403
5 -38.39134979248047 -2.270565748214722 -1.670172095298767 0.150943 0.212124 0.484551 0.09154611
4 22.99645805358887 -4.912410736083984 -1.18132483959198 1.688868 0.534925 1.033234 -1.652947
4 -8.338324546813965 -5.825213432312012 -1.344496369361877 1.563391 0.431625 1.057498 -2.092637
4 2.802881717681885 -5.566254138946533 -1.266694664955139 1.431015 0.483198 1.092921 -1.314379
3 -38.11655807495117 13.493821144104 -1.143708348274231 0.264533 0.41591 1.307351 2.469406
3 -25.33764457702637 26.54872512817383 -0.4640165269374847 0.245793 0.505522 0.982604 1.426375
3 -26.07292938232422 26.75692367553711 -0.4791541993618012 0.401943 0.449302 1.006677 1.4548
4 17.96428489685059 -5.191195964813232 -1.292160391807556 1.450342 0.432741 0.969944 -1.603718
6 -21.67674446105957 -5.389241218566895 -1.6330246925354 0.889548 0.590166 0.372142 -3.126287
4 12.66306972503662 -5.307090759277344 -1.253422260284424 1.526041 0.600597 1.093373 -0.6611208
6 -10.90339183807373 -5.833174705505371 -1.692449808120728 1.317344 0.463493 0.420552 -2.042471
6 -49.07566070556641 8.188822746276855 -1.670814752578735 1.725032 0.180359 0.659986 -3.117343
4 -9.349939346313477 -5.669693946838379 -1.396988034248352 1.610223 0.665726 0.948027 -2.1632
6 -41.94845199584961 -4.338077545166016 -0.752406895160675 1.124169 1.181767 0.389319 1.612658
4 -5.934748649597168 -5.822728633880615 -1.302199602127075 1.767422 0.397652 1.062968 -2.004875
4 -20.08395195007324 -5.667782783508301 -1.326388478279114 1.364971 1.037215 0.895808 -1.793093
6 -39.71415328979492 8.592083930969238 -0.593605637550354 0.952039 1.118416 0.610389 -3.140712
4 -42.69102478027344 -9.521871566772461 -0.9862691760063171 1.510033 0.868992 0.88289 -3.055026
6 -4.538828372955322 -5.725694179534912 -1.128318548202515 1.183863 0.877098 1.463358 -2.889775
6 -3.33490514755249 -5.696974277496338 -1.128464221954346 1.231011 1.002415 1.437177 -2.872982
1 -12.10338878631592 8.523978233337402 -1.049587607383728 4.272162 1.993055 1.634612 -3.123975
4 -10.19195652008057 -5.827496528625488 -1.422871947288513 1.576183 0.676598 0.875186 -2.035813
1 -25.10443496704102 -4.622183322906494 -1.010205984115601 4.545781 1.799112 1.834827 -0.5779108
4 21.42975997924805 -5.149154186248779 -1.208491325378418 1.579276 0.406266 1.251034 -1.70746
3 -27.56500816345215 7.413322925567627 -0.991216778755188 0.296782 0.6854 1.441023 -0.8944276
4 -7.518154144287109 -5.834439277648926 -1.422844290733337 1.496602 0.604721 0.892169 -2.240472
3 -41.98956298828125 12.32386875152588 -0.8795356750488281 0.312859 0.585743 0.610553 2.909936
6 13.10823917388916 -4.538331508636475 -1.365381360054016 0.323231 0.321583 0.810923 -1.3687
4 24.04343032836914 -5.375886917114258 -1.298996329307556 1.198575 0.440093 0.990486 -1.720687
4 20.68316650390625 -5.484301090240479 -1.369698405265808 1.033594 0.465055 0.816516 -1.560544
1 27.83883666992188 -4.931647300720215 -1.182098627090454 4.078022 1.248492 1.37365 0.01899018
1 8.542424201965332 0.05765746906399727 -0.9741083979606628 3.317907 2.118648 1.56538 0.003198107
6 -18.03952026367188 -5.001721858978272 -1.497276544570923 0.85789 0.611587 0.771812 -1.558379
6 -1.95719051361084 -5.869716644287109 -1.62135910987854 1.127239 1.170691 0.420459 1.884553
4 15.00686550140381 -4.855403423309326 -1.415854692459106 0.285391 0.607748 0.768263 -1.523108
1 -33.50649261474609 -2.996041059494019 -1.447196245193481 1.233637 0.920592 0.888862 1.590305
6 16.3126220703125 -5.269872188568115 -1.280638933181763 0.783092 0.503698 0.489024 -1.577217
4 -19.21030235290527 -5.750819683074951 -1.336373805999756 0.852378 0.333363 0.725662 -1.602091
6 18.37521743774414 13.78166484832764 -1.189216732978821 1.287955 0.288429 0.347614 -3.091491
4 16.4260196685791 13.75171947479248 -1.089625358581543 1.134442 0.353038 0.795318 3.114574
4 24.69842529296875 -5.052990913391113 -1.268067240715027 1.668401 0.560897 1.145595 -1.674835
4 16.79404258728027 -5.31003999710083 -1.322985410690308 1.209211 0.401795 0.875591 -1.524591
1 -27.98906898498535 5.560356140136719 -1.216753840446472 2.764835 2.156539 1.472763 2.741691
4 15.65774440765381 -5.192681312561035 -1.37734842300415 0.847169 0.435164 0.941906 -1.596812
3 -17.31414604187012 6.372768878936768 -0.8917236924171448 0.54155 0.840053 1.357265 -3.130577
3 24.83968734741211 -7.564614295959473 -0.6809651255607605 0.464199 0.495283 0.885283 -1.542252
3 -54.46186065673828 8.958181381225586 -1.01828932762146 0.279253 0.300594 1.068433 -3.096112
4 19.34878921508789 -5.07279109954834 -1.209209203720093 1.548851 0.536058 1.177271 -1.706333
4 -6.695597171783447 -5.931515693664551 -1.316189765930176 1.594876 0.633862 1.038982 -2.340765
1 8.607422828674316 -5.249718189239502 -0.9224678874015808 4.329016 1.795415 1.766389 0.03742564
3 -17.27607917785645 30.25332069396973 -0.4483103156089783 0.325046 0.504238 1.323421 2.140372
4 14.32063674926758 -5.391885757446289 -1.170356273651123 1.413479 0.494032 0.90646 -1.571721
3 -41.46841049194336 12.80048274993897 -1.153622388839722 0.190635 0.386298 0.494401 -2.941226
3 -22.38640213012695 26.11166954040527 -0.2495048940181732 0.230687 0.55287 0.928968 2.462301
6 -14.35316562652588 -5.52246618270874 -1.172726392745972 4.474898 1.746507 1.430845 0.01656955
4 21.97567176818848 -5.061966419219971 -1.115395665168762 1.322523 0.394025 0.993993 -1.613418
1 -13.89278221130371 20.88735580444336 -0.4438970983028412 4.540853 1.601225 1.083858 1.58717
4 21.05160140991211 -1.564045786857605 -1.039946913719177 1.959937 1.027331 1.397407 0.100946
6 -18.34892272949219 -5.395134449005127 -1.266802668571472 1.253999 0.370061 0.942191 -1.446934
6 -48.46626663208008 -3.149293422698975 -1.015560030937195 0.779007 0.19396 1.246176 -1.589558