4 -2.813620805740356 -5.790736198425293 -1.300678730010986 1.626463 0.671921 1.092411 -2.177349
1 8.678753852844238 0.07946464419364929 -0.9745004177093506 3.714757 2.049007 1.557834 0.0
3 -49.96608352661133 -18.94886589050293 -0.6810015439987183 0.652719 0.314599 1.166315 0.02516504
3 -22.82923316955566 7.376912117004395 -1.094354152679443 0.535191 0.668214 1.46854 -0.5011356
1 -7.325539588928223 8.488189697265625 -1.028270483016968 4.326425 1.886538 1.695972 -3.138847
6 -32.00241470336914 -3.189245939254761 -1.084271907806397 0.581226 0.679205 0.239938 -2.052302
3 -34.39109802246094 8.48898696899414 -0.7494198679924011 0.204267 0.465765 0.701902 2.971344
4 7.515120029449463 -5.502912044525147 -1.254305958747864 1.394839 0.480881 1.108097 -1.344332
1 -22.58635711669922 33.22907638549805 -0.5801123380661011 4.56953 1.551087 1.132894 1.529502
4 19.72707939147949 -4.828311443328857 -1.350143909454346 0.962237 0.247806 0.721166 -0.166162
4 -1.148506283760071 -5.704291820526123 -1.295476317405701 1.826496 0.555585 1.089961 -2.022545
3 -19.82781982421875 18.72299194335938 -0.6958848834037781 0.481643 0.475753 0.903951 1.776411
3 29.5350399017334 -7.316678524017334 -0.5759028196334839 0.357923 0.377419 0.815299 -1.183239
1 32.75009536743164 -5.205254077911377 -1.048658847808838 4.122364 1.544144 1.361657 -6.899349e-17
1 -34.55693435668945 -3.255646467208862 -1.213378548622131 1.925766 1.115487 1.091517 1.349628
3 -33.30623245239258 13.69021511077881 -1.200596332550049 0.51661 0.377049 1.635547 3.141592
3 -35.64833450317383 13.44013118743897 -1.080981492996216 0.251821 0.520262 0.626646 2.981969
3 -49.57461929321289 9.22718334197998 -1.207919955253601 0.278619 0.412456 1.54739 3.00824
4 29.5864372253418 -5.061339378356934 -1.212833881378174 1.512563 0.319699 0.998151 -1.562453
4 27.99925422668457 -5.008822441101074 -1.20618200302124 1.591572 0.653866 1.098006 -1.576838
6 -17.00541687011719 -5.216107845306397 -1.685459852218628 1.065021 0.567696 0.501492 -3.077634
4 -15.65852069854736 -5.652499675750732 -1.374620079994202 1.528629 0.451758 0.764476 -1.829218
1 -20.32978630065918 -4.533602714538574 -1.015107035636902 4.451175 1.905612 1.781727 -0.5734953
3 -20.72263336181641 25.59053993225098 -0.5239250659942627 0.316974 0.391163 1.056039 1.94135
3 -44.35559463500977 -2.981256723403931 -0.9130170941352844 0.37329 0.670105 1.153075 -0.0494116
6 -49.24029922485352 -4.287704467773438 -1.243054509162903 0.204559 0.442278 0.25809 -3.063518
4 -15.02085113525391 -5.599793434143066 -1.344335079193115 1.424479 0.393904 1.022577 -1.50912
4 -1.934355020523071 -5.8381667137146 -1.316226482391357 1.603624 0.506215 1.034605 -2.407576
3 17.8972225189209 -4.544731140136719 -1.394100785255432 0.36462 0.358965 0.71546 -1.266769
6 2.797903299331665 -5.724376678466797 -1.599609613418579 1.02622 1.134124 0.428842 -1.281849
4 -31.76204681396484 11.6995325088501 -1.539589524269104 0.875048 0.446129 0.772235 1.164073
3 14.52175140380859 -4.013683795928955 -0.9715079665184021 0.51802 0.61127 1.62664 8.016249e-16
6 0.2708863914012909 -5.816101551055908 -1.102672815322876 1.265799 1.182971 1.431639 -1.308056
4 -43.28723526000977 8.950767517089844 -1.572700619697571 0.76947 1.254908 0.910599 -3.138008
1 -28.82356071472168 -3.084433794021606 -1.366836071014404 1.366909 0.76507 0.795266 -0.4646516
4 -13.03620338439941 -5.194897174835205 -1.466880559921265 1.148384 0.414126 0.926635 -1.449256
4 26.77548408508301 -5.159060955047607 -1.239029407501221 1.218363 0.094126 0.612911 -1.615232
4 21.32944679260254 -5.150208473205566 -1.332198858261108 0.848497 0.344555 0.739829 -2.147418
4 -14.50890636444092 -5.498344898223877 -1.360507726669312 1.319443 0.404762 0.66969 -1.524274
3 -22.63521194458008 6.765049934387207 -0.9900433421134949 0.57077 0.405998 1.621382 2.935812
6 -4.991497993469238 -5.843080043792725 -1.577680110931397 0.325535 0.1855 0.420495 -1.974492
4 9.534226417541504 -5.47567892074585 -1.288089871406555 2.146276 0.685137 1.063214 -1.759732
3 -11.24047374725342 -5.019937038421631 -1.323187947273254 0.73067 0.618487 1.125139 2.973229
3 -12.40598201751709 6.466770648956299 -0.9420400857925415 0.489483 0.811599 1.55599 -0.002846305
4 26.20909690856934 -5.170348167419434 -1.201515913009644 1.606407 0.384259 0.877451 -1.631366
6 -25.45280838012695 -3.140171527862549 -1.376527428627014 0.079179 0.087021 0.67501 2.324391e-16
6 -7.991756439208984 -5.71158504486084 -1.47965943813324 1.097056 1.107397 0.79449 -1.436406
4 -5.370321750640869 -5.659702777862549 -1.322841644287109 1.415286 0.431109 1.105535 -1.980355
1 -37.14393615722656 -2.910712957382202 -1.206578135490418 1.63586 0.93686 0.918607 1.527237
4 -44.65957641601563 9.013530731201172 -1.617249965667725 0.980455 0.86299 0.89251 1.720553
4 -13.42480850219727 -5.138785839080811 -1.485978007316589 1.314026 0.434402 0.894078 -1.398031
3 -16.43913269042969 31.76191520690918 -1.057449460029602 0.21348 0.423233 0.604039 1.814983
4 -4.555546760559082 -5.651905059814453 -1.387820959091187 1.639845 0.43183 0.924376 -1.974492
1 -21.87856101989746 38.95431137084961 -0.8262972831726074 1.568458 1.713931 0.955279 1.529502
1 23.03378868103027 -1.603922247886658 -0.8754274249076843 1.954941 1.14413 1.343969 -0.02410645
3 -17.44049072265625 26.21486282348633 -0.1025981977581978 0.221305 0.39429 0.590544 2.359504
4 22.24409866333008 -5.12197732925415 -1.333894491195679 1.071102 0.537766 0.878184 -1.619154
4 24.04233360290527 -5.042014122009277 -1.252172589302063 1.50971 0.550548 1.150133 -1.616216
1 13.21266746520996 -5.299719333648682 -0.9604159593582153 3.949603 1.88682 1.72957 0.03523556
1 -23.62200355529785 5.699673175811768 -1.189688324928284 3.592237 1.760189 1.448551 3.018541
4 22.77755355834961 -5.091876029968262 -1.278932809829712 1.065226 0.285875 1.04385 -1.619154
3 -56.51145553588867 -7.252956867218018 1.098310589790344 0.771609 1.368487 2.046922 0.06458174
4 -32.6241455078125 11.34600162506104 -1.333192825317383 0.753481 0.484963 0.667335 0.3221299
6 1.462777733802795 -5.580554008483887 -1.106206297874451 0.906075 1.153403 1.462256 -1.288858
4 -3.514456748962402 -5.655248165130615 -1.360880374908447 1.353285 0.387526 0.925762 -2.059823
3 -35.05835723876953 13.46098613739014 -1.35797381401062 0.410479 0.622956 0.920919 2.981969
6 -9.720840454101562 -5.634318351745606 -1.286612749099731 1.260712 2.278619 1.175174 -1.553614
6 -6.044557094573975 -5.509533405303955 -1.634978532791138 0.857608 0.564458 0.485108 -1.683618
4 -33.28501892089844 10.18416595458984 -1.375680208206177 1.240315 0.722694 0.718262 0.9118636
6 20.42631149291992 -5.011989116668701 -1.296038627624512 0.409721 0.218233 0.412328 -1.959792