1 -7.577116012573242 7.935598850250244 -1.133297204971314 4.296134 1.905647 1.487883 3.115907
3 6.538975238800049 -10.21630001068115 -0.9987925887107849 0.846242 0.41693 1.17872 0.9042055
1 15.04223728179932 -5.196108818054199 -0.9518910646438599 4.180086 1.774933 1.68309 0.02040238
5 -5.837732791900635 6.159710884094238 -1.62231457233429 0.27823 0.289441 0.419817 3.089044
5 -4.892403602600098 7.810050487518311 -1.558700680732727 0.237293 0.281741 0.540497 -3.127826
5 -4.250466346740723 9.288473129272461 -1.6125408411026 0.314667 0.295887 0.573376 -3.050437
1 -37.05408477783203 -5.492741107940674 -1.415377140045166 1.934322 1.59759 0.885447 -0.0003495711
3 -38.36724853515625 13.63128566741943 -1.052356839179993 0.3126 0.398947 1.07577 0.01326262
1 20.15526962280273 -4.995721817016602 -0.9064431190490723 3.611842 1.517277 1.873724 -0.01059849
1 23.30597877502441 0.1310353577136993 -1.023557066917419 3.794751 1.878565 1.438197 0.01755568
3 13.52849674224854 14.55999755859375 -0.6357165575027466 0.420756 0.719989 1.546979 -2.606913
1 51.76996231079102 -3.674395561218262 -1.364089727401733 3.680896 1.28084 0.747737 0.04319701
3 -17.54146385192871 12.82790660858154 -0.7924994826316833 0.279722 0.564675 1.28806 -0.3670829
3 -31.42185020446777 12.50097846984863 -0.9485102295875549 0.460275 0.436342 1.134233 -3.088578
1 -17.93937492370606 -0.2188780903816223 -1.042417526245117 2.736516 2.080428 1.581031 -0.002861068
1 55.00581741333008 -3.412196397781372 -0.9414685368537903 0.702067 0.99311 1.110492 0.02132465
3 12.29094886779785 15.18737506866455 -0.8728790879249573 0.640896 0.54843 1.554845 -2.866467
1 -42.97012710571289 -4.902582168579102 -1.489628314971924 2.36262 0.54033 1.104992 -0.0001145766
1 -53.21606063842773 -5.546154022216797 -1.670192003250122 1.708852 1.657034 0.972344 0.0
3 7.643704414367676 14.84288597106934 -0.9534509778022766 0.770547 1.009829 1.354367 -9.947578e-16
1 22.25632476806641 4.92623233795166 -1.102266669273377 4.231473 2.073724 1.491588 -2.730224
2 17.35460090637207 7.705862045288086 -0.4074980020523071 9.100142 3.021901 2.9204 3.141277
1 41.04241561889648 -4.410123348236084 -1.414860725402832 4.306363 1.622993 0.963358 0.06818493
1 -3.237216949462891 -5.232676029205322 -0.8594881296157837 4.664017 1.805645 1.923372 -0.01800184
3 4.128393173217773 15.58879089355469 -0.7234753370285034 0.526247 0.430306 1.731659 1.827236
2 61.29469299316406 7.973999500274658 -0.5839857459068298 6.067427 2.252075 3.029189 -3.003731
3 13.89556884765625 16.24171257019043 -0.6547977328300476 0.371492 0.465723 1.256209 -2.255769
3 -16.91537094116211 12.80178070068359 -0.8508257865905762 0.451795 0.705313 1.07716 -3.100466
4 8.107744216918945 -5.612087726593018 -1.236634373664856 3.328446 1.453506 1.160364 0.03556065
2 41.74812316894531 7.745784759521484 -0.1814081519842148 12.585345 3.51375 3.480999 3.116356