1 -20.86404418945313 -0.4995639026165009 -0.9562253355979919 3.97699 1.783554 1.625797 -0.1013754
5 10.66038227081299 -11.10382461547852 -1.368032097816467 0.150606 0.170442 0.449724 0.0
2 -3.178386926651001 -3.567746639251709 -0.6072155833244324 11.774609 3.034708 2.308613 -0.08886229
1 1.285889744758606 20.41608619689941 -1.503103733062744 4.232594 1.490122 1.267353 2.994663
4 42.47727966308594 -13.22589588165283 -0.9270043969154358 1.758318 0.601754 1.187989 1.117093
1 26.40121650695801 33.65122985839844 -2.330394268035889 4.30746 1.935195 1.50236 -1.588298
1 -8.179559707641602 0.1974167078733444 -1.076453447341919 3.672401 2.01102 1.363113 -0.0930014
4 12.81321334838867 -12.69580078125 -0.872109055519104 1.662575 0.786302 1.601595 1.411811
4 24.96113014221191 1.143370151519775 -1.002602219581604 1.717969 0.652661 1.612746 0.9437572
2 30.14759254455566 -24.82183647155762 0.09135342389345169 9.229158 2.510307 2.94381 1.413355
1 31.76675033569336 43.80961608886719 -2.607253789901733 1.115792 1.284969 1.690826 -1.582465
1 -15.73792743682861 0.8763309121131897 -0.9081112742424011 3.28232 2.084821 1.32312 -0.1020215
1 26.96346092224121 -12.90651798248291 -0.8586382269859314 4.563652 0.85233 1.438001 -1.853192
4 6.642319202423096 -8.609658241271973 -0.8937670588493347 2.840889 1.05783 1.47106 -0.09707501
5 11.96587657928467 -11.81206512451172 -1.463119864463806 0.137282 0.266296 0.371571 0.0
2 34.22190475463867 -22.71629333496094 0.2184058129787445 2.245933 2.439957 2.715015 1.39077
1 -14.03769683837891 -2.820066928863525 -1.061591744422913 3.739094 0.831186 1.41932 -0.0930014
4 7.317788124084473 0.2034227252006531 -0.995115339756012 1.72309 0.763718 1.536007 2.133425
1 32.97713470458984 34.39694213867188 -2.543588876724243 2.407026 1.333841 0.916732 -1.591719
4 6.488391399383545 4.756245613098145 -1.052106142044067 2.100148 0.851057 1.640233 -1.81177
1 29.57625961303711 35.89329147338867 -1.916332602500916 5.120718 1.850153 1.92375 -1.613834
2 13.66043853759766 4.321144580841065 -0.4824982881546021 12.208789 2.668901 2.751442 0.09138047
2 32.69189834594727 5.382266998291016 -0.5721325874328613 2.076727 2.170341 2.814496 -2.48404
1 -8.723726272583008 17.84046363830566 -1.16838800907135 3.511489 1.762023 0.94446 3.102796
4 5.994897842407227 23.12696266174316 -1.592871189117432 1.419052 0.830907 1.700813 -2.801263