5 -13.17034816741943 7.335202693939209 -1.374411582946777 0.427492 0.335909 0.888342 1.299251
1 31.36540031433106 20.16643524169922 -0.92146235704422 1.843619 1.575119 0.979424 0.6941704
5 -8.297130584716797 -3.478591680526733 -1.680317282676697 0.248834 0.238166 0.459822 -2.695581
1 36.12409591674805 24.65330123901367 -1.065475463867188 1.478685 0.310013 1.01799 0.7292826
1 -47.68463134765625 -11.86540031433106 -1.79761016368866 1.295704 1.614712 0.975644 -2.81494
2 29.66894912719727 -9.929679870605469 -0.2118935883045197 8.160293 2.514369 2.654567 2.229785
5 13.73268795013428 -3.412469148635864 -1.453860521316528 0.106689 0.226637 0.459694 -0.392502
5 24.8200626373291 10.15843105316162 -1.448330402374268 0.27187 0.249459 0.440544 -1.868203
1 19.90719413757324 19.9088306427002 -0.780677855014801 3.79355 1.941922 1.653583 -2.564462
5 25.45137405395508 -0.4215554296970367 -1.339527010917664 0.225462 0.206392 0.383954 -1.822116
5 25.9484748840332 12.32848834991455 -1.391616106033325 0.152298 0.234286 0.416885 -2.262153
1 26.17727279663086 -24.72216033935547 -1.27562952041626 4.110465 1.782332 0.945627 -0.9402171
5 5.659427642822266 -6.153581142425537 -1.594904899597168 0.309328 0.217318 0.501149 -2.692894
5 24.2187557220459 7.503032684326172 -1.344327092170715 0.154196 0.155455 0.397234 -1.890058
3 46.05260467529297 -24.83523941040039 -0.4065564274787903 0.183458 0.322338 0.686983 -0.9277276
5 23.99709701538086 5.390411376953125 -1.472742557525635 0.184855 0.172809 0.390279 -1.514727
5 19.91736602783203 0.6276715993881226 -1.444319486618042 0.241954 0.188775 0.425971 0.08935257