3 9.640460014343262 -14.05968379974365 -0.9125825762748718 0.473601 0.671941 1.703477 1.471966
3 36.96391296386719 13.97180271148682 -1.547085523605347 0.467493 0.31425 0.570181 -1.612824
1 40.9984245300293 4.075552940368652 -1.205779910087585 3.375524 1.82668 1.334356 3.098526
1 28.14855575561523 38.86722564697266 -1.052097201347351 1.269322 0.480983 0.771803 1.465256
5 4.185811042785645 -2.899819612503052 -1.504368185997009 0.422627 0.330462 0.523375 -0.5008019
3 -5.095372676849365 -6.209648609161377 -0.2122360318899155 0.44337 0.288949 1.004051 -0.06423671
3 32.32974243164063 7.616313934326172 -1.149322152137756 0.438688 0.453273 1.522826 -1.031183
3 33.19807815551758 26.21464157104492 -0.7926802039146423 0.348951 0.468393 1.45892 -2.969087
3 8.57440185546875 -4.581852912902832 -0.967183530330658 0.687326 0.956899 1.690665 -0.93406
1 18.53488540649414 -4.413629531860352 -0.7681065201759338 3.375865 1.351808 0.821075 1.635807
3 32.76547241210938 27.00787353515625 -0.7970953583717346 0.436746 0.720973 1.466005 -2.525749
3 2.568527698516846 -12.69149398803711 -0.8489031791687012 0.543926 0.678357 1.386211 -1.850259
4 14.09219837188721 9.073588371276855 -1.540569543838501 1.056643 0.269384 0.881189 2.490425
4 7.439265251159668 8.432188034057617 -1.428978085517883 1.588515 0.64414 1.078403 0.1504721
4 10.76227283477783 9.32339096069336 -1.48200273513794 1.390235 0.688154 1.066123 0.242287
4 9.793976783752441 8.693657875061035 -1.561301469802856 1.48995 0.407622 0.900475 0.5195677
3 36.94350051879883 6.416794776916504 -0.9081906676292419 0.375001 0.671699 1.271408 -0.08804649
6 14.38646697998047 9.546838760375977 -1.274732828140259 0.349943 0.292377 0.25573 1.733987
1 54.01576232910156 -1.691574096679688 -0.7522837519645691 2.687366 1.65572 1.21462 -0.02456901
5 13.5314884185791 -2.277177572250366 -1.412863731384277 0.316638 0.3105 0.553521 0.1023611
5 11.69857788085938 -2.435929775238037 -1.432782649993897 0.286873 0.230261 0.522382 0.1023611
3 -25.74430847167969 11.98537540435791 -1.166633367538452 0.343886 0.634734 1.801648 3.097413
1 15.71931266784668 -4.566811084747315 -1.04851222038269 4.734053 1.530491 1.513098 1.598671
3 24.82081031799316 16.1798038482666 -0.9648816585540771 0.477242 0.457594 0.792088 0.07531925
1 -9.366556167602539 -4.512133121490479 -0.7326071262359619 4.823633 2.141962 2.071525 -0.1680311
3 17.48521614074707 13.61947345733643 -0.9127305150032043 0.388349 0.538916 0.880967 0.9695674
5 3.656145095825195 -2.874709606170654 -1.452395439147949 0.260719 0.408678 0.603253 -0.5008019
1 29.61544036865234 -4.11160945892334 -0.9016014933586121 2.953233 1.708947 1.892183 -0.6456158
4 8.026052474975586 9.20387077331543 -1.458360433578491 1.771511 0.375015 1.092453 0.2989568
3 15.89958477020264 9.037771224975586 -1.121121168136597 0.422431 0.630213 1.727161 -0.340082
1 -17.57188987731934 -3.866008996963501 -0.9269366264343262 4.439247 1.88728 1.69521 0.009982472
5 20.28549194335938 -2.368476867675781 -1.522745013237 0.1282 0.117877 0.370321 0.005308616
1 -43.27580261230469 -4.901113986968994 -0.8009055852890015 2.289615 0.375771 1.971613 -1.635713
1 27.5972957611084 32.4194221496582 -0.8970781564712524 3.05057 1.07174 1.122549 1.566085
4 11.85534000396729 8.782144546508789 -1.59343421459198 1.879841 0.437222 0.840536 0.4218792
3 16.11675834655762 8.340632438659668 -1.133163571357727 0.485502 0.470184 1.570082 -2.975348
1 42.01374816894531 8.46107006072998 -1.04720413684845 2.235347 1.586359 1.372877 -3.113879
4 6.067723274230957 8.675960540771484 -1.427168488502502 1.262389 0.463045 1.009845 0.6980628
4 13.08327102661133 8.700204849243164 -1.490195870399475 1.432544 0.43133 1.018918 0.8359861
1 -27.52095603942871 -7.973138809204102 -1.031886458396912 3.880125 0.808095 1.064884 0.1252975
5 9.688797950744629 -2.531420230865479 -1.4612135887146 0.333876 0.335565 0.660186 0.1023611
5 3.512834548950195 -2.476080656051636 -1.427943229675293 0.390836 0.316957 0.651552 -0.5008019
1 -60.51913833618164 3.510528087615967 -0.8398246169090271 2.278071 1.42773 1.362784 -0.04142817
3 30.86783409118652 18.80875778198242 -0.9971907734870911 0.350297 0.56961 1.47899 0.9205906
4 12.26629543304443 9.657018661499023 -1.44284999370575 1.822349 0.516986 0.914794 0.6316431
5 17.02604293823242 -2.146480560302734 -1.445390582084656 0.33909 0.279056 0.608577 0.1070255
4 21.04036331176758 11.44295787811279 -1.144417762756348 1.953206 0.701406 1.463032 2.674703
4 12.47375774383545 -9.191472053527832 -1.020464181900024 2.736943 1.057229 1.49486 -0.02980339
3 31.4680233001709 7.036911487579346 -0.8392061591148376 0.286118 0.637393 0.947868 -0.2305146
3 31.76209449768066 7.511120796203613 -1.366494536399841 0.34374 0.332095 1.104882 -1.031183
1 -34.30465698242188 6.977968215942383 -0.9410718083381653 4.227537 1.754818 1.948488 3.102246
2 -40.99197769165039 -8.111671447753906 -0.1324549615383148 7.26911 2.341616 2.170855 1.45626
1 -0.4292561113834381 -4.82595157623291 -0.9899352788925171 4.428745 1.967032 1.580856 -3.10758
1 -25.38351631164551 -3.714345932006836 -1.111098170280457 3.853487 0.717269 1.358427 -0.005850915
6 25.44990730285645 16.21355247497559 -0.974717915058136 0.805436 0.162313 0.761932 0.5619476
3 1.091562509536743 9.190299987792969 -1.11976969242096 0.495842 0.851626 1.738475 -1.522474
1 -1.813391804695129 -9.224883079528809 -0.6597045063972473 2.850207 1.71294 1.4853 0.1376513
3 9.340277671813965 -3.971403360366821 -0.9726049900054932 0.585468 0.704299 1.667078 -3.044223
4 13.24651432037354 9.451115608215332 -1.434199094772339 0.943032 0.444239 0.942501 0.5981437
1 11.85287857055664 -4.36801290512085 -1.056528568267822 4.421709 2.004429 1.498697 -3.05004
3 15.2911901473999 8.125686645507812 -1.155659317970276 0.604491 0.653426 1.675419 0.1662445
6 -33.90297698974609 -3.997475862503052 -0.9719897508621216 0.123699 0.964484 0.227308 0.01810618
5 21.88067436218262 -2.35910964012146 -1.427442669868469 0.365097 0.285148 0.567486 0.03256467
3 55.99853515625 -4.646379470825195 -0.9341641664505005 0.40811 0.549775 1.565176 -0.0523262
4 16.34709548950195 9.536576271057129 -1.534876108169556 1.373676 0.459949 0.728703 2.525293
1 21.53174018859863 -4.262974739074707 -1.105740070343018 3.261416 1.394356 1.511656 1.641866
3 5.144554615020752 -5.307536125183106 -0.8998430967330933 0.444231 0.833755 1.746182 1.781657
3 -42.37723159790039 15.70715141296387 -0.700981616973877 0.26196 0.467332 0.706911 2.983725
4 12.05214595794678 8.459357261657715 -1.417138338088989 1.315635 0.338579 1.043084 0.4302889
2 27.86330795288086 53.93278503417969 -0.2952915728092194 3.470913 1.459441 1.51878 1.570861
4 6.677854537963867 9.386703491210938 -1.447246432304382 1.243256 0.594118 1.052644 0.02272881
6 1.631950616836548 -2.518904447555542 -1.258195877075195 0.118995 0.135662 0.136864 -0.03985459
3 1.829429268836975 -12.29790115356445 -0.4739818871021271 0.569209 0.459213 1.565266 -0.8617955
4 5.074079990386963 9.3514986038208 -1.464812397956848 1.430518 0.35015 0.974724 0.02091968
1 14.48221206665039 -0.1045218706130981 -1.008649945259094 3.339255 1.997763 1.592797 -0.01199021
4 25.50247383117676 -3.689734697341919 -0.990134060382843 1.199765 0.567434 0.509668 -1.27968
3 -4.593342781066895 -4.821952819824219 -0.1599888354539871 0.196291 0.513573 0.887682 2.366996
4 17.34193420410156 10.50635719299316 -1.254226922988892 1.703564 0.435198 0.695538 0.9711092