2 15.7367057800293 -42.3363037109375 -0.3321475386619568 4.46395 1.790893 1.938351 -3.139315
1 23.11586761474609 -15.17547130584717 -0.8581773638725281 4.770616 0.650048 1.357637 1.621594
4 28.2976245880127 24.78961372375488 -1.614908337593079 0.370091 0.573278 0.72718 -0.5289095
4 7.43740177154541 25.78850555419922 -1.279352426528931 2.697437 1.322463 1.634269 1.464553
5 21.00963020324707 7.437905788421631 -1.495836615562439 0.356058 0.304035 0.564663 -1.409982
4 33.14032745361328 -2.116758823394775 -0.6980170607566833 1.193853 0.596715 1.309007 1.944135
3 3.464251518249512 21.41885185241699 -1.538057565689087 0.552903 0.665857 1.148502 -1.630837
5 19.27677917480469 7.966312408447266 -1.590729594230652 0.202686 0.159728 0.38021 -1.565189
5 19.83928298950195 9.012373924255371 -1.461030602455139 0.196974 0.167958 0.537141 0.1612742
6 27.79088401794434 41.21809005737305 -0.823668897151947 0.259629 0.989684 0.162044 1.576735
5 19.41086959838867 8.548466682434082 -1.427552342414856 0.200274 0.162565 0.533166 -1.33916
4 31.12926292419434 -2.853999376296997 -0.8395469188690186 1.721442 0.724473 1.628647 1.495928
1 17.79199409484863 25.36791610717773 -1.400117158889771 4.212505 1.459669 1.255898 -1.47944
3 8.900713920593262 -28.61175537109375 -1.005753517150879 0.474556 0.411895 0.586069 -1.367399
5 0.1027488112449646 13.25154781341553 -1.733570456504822 0.162166 0.190651 0.4053 -1.469254
3 24.85146522521973 -3.559613466262817 -0.8841294050216675 0.594589 0.752651 1.484661 0.1362505
4 3.455410957336426 22.58488845825195 -1.234619736671448 3.021574 1.623724 1.715759 2.543777
3 36.84298706054688 -38.44147872924805 -0.3824552297592163 0.195307 0.417211 0.968004 -1.511185
4 36.03603744506836 -3.640239715576172 -0.9239369630813599 1.094524 0.487234 1.220291 -1.749192
3 5.326167583465576 22.22476959228516 -1.290923237800598 0.399929 0.641074 1.595444 -2.04755
4 4.43291711807251 24.2797794342041 -1.268959879875183 3.077406 1.104005 1.711521 3.039056
1 33.61854934692383 31.03615760803223 -1.587895512580872 3.318279 1.615914 1.116497 0.6898431
5 -2.59552788734436 5.527401447296143 -1.601517558097839 0.257074 0.207416 0.428018 0.1289649
1 -7.311654567718506 13.71513557434082 -1.38746178150177 4.520613 1.655411 1.506573 -2.998641
4 28.34600067138672 28.16239738464356 -1.277023315429688 2.907454 1.094017 1.409431 0.1977113
1 14.66339683532715 11.30632495880127 -0.9988853931427002 4.140508 1.868195 1.762861 0.3976222
5 17.01280784606934 -13.14327812194824 -1.406121611595154 0.3123 0.198789 0.345497 -2.375152
5 38.48410415649414 0.7691518068313599 -1.462727785110474 0.343599 0.184604 0.358013 -2.244665
3 5.901835918426514 23.02963638305664 -1.198338747024536 0.286006 0.481256 1.593406 -1.278386
4 -58.24053573608398 1.615102648735046 -1.241462588310242 1.163348 0.763933 1.464695 -3.083479
2 13.45692348480225 -45.08880996704102 -0.04758840799331665 6.453703 1.293831 2.135823 -0.0494631
5 19.38236236572266 7.576629638671875 -1.464051127433777 0.224955 0.270921 0.646293 -1.378112
2 7.438808917999268 52.80908203125 -0.4823171496391296 11.187318 3.163358 2.369171 -1.523381
2 9.277200698852539 21.77330017089844 -0.4854656755924225 11.351205 3.071261 3.038809 -1.960885
6 16.98528861999512 31.27776336669922 -1.601080775260925 0.539361 1.005849 0.466697 -1.47944
1 16.55256652832031 -7.56381893157959 -0.893790066242218 4.518778 1.757691 1.604547 -0.9624661
6 38.82771301269531 19.87909889221191 -1.650642514228821 0.372686 0.279622 0.256003 -1.642717