4 -1.283947110176086 -5.408035278320313 -1.298575758934021 1.489263 0.400413 1.11854 -1.680451
4 -0.2622400224208832 -5.470166683197022 -1.315667271614075 1.972984 0.630865 1.11971 -1.640413
4 -2.149538040161133 -4.911398887634277 -1.267664313316345 1.339065 0.523997 1.076513 -1.398077
4 -23.61172294616699 -5.920188426971436 -1.600923657417297 1.222366 0.219969 0.66884 -2.067853
3 0.5414426326751709 -4.011020183563232 -0.9977591633796692 0.900923 0.790145 1.697656 -0.01462865
2 66.65603637695312 8.39956283569336 -0.08440443128347397 4.768578 2.760895 1.943149 3.124245
4 -10.32848644256592 -5.029805183410645 -1.458132028579712 1.080805 0.519756 0.980833 -1.795463
4 -2.649627447128296 -5.181746006011963 -1.304213404655457 1.586226 0.544793 1.073896 -1.321464
3 8.772359848022461 -8.571792602539062 -0.7909559607505798 0.840483 0.457224 1.330889 0.0
4 6.889000415802002 -4.961205005645752 -1.269346117973328 1.648349 0.74674 1.073455 -1.626566
1 43.18421936035156 8.774656295776367 -1.034098863601685 3.68635 1.925493 1.447977 -3.114743
4 -24.69439697265625 -6.017961025238037 -1.570162415504456 1.78915 0.408924 0.828617 -1.972697
4 1.133787631988525 -5.367895126342773 -1.299820303916931 1.302456 0.272671 1.049332 -1.641549
3 35.21163177490234 14.16568660736084 -0.6129133701324463 0.406685 0.588764 1.25944 0.00188756
4 16.34639739990234 -1.183572769165039 -0.965532124042511 2.072391 1.115935 1.541659 0.001641047
4 -3.11098575592041 -5.343417167663574 -1.31280517578125 1.947011 0.514126 1.081427 -1.242324
1 -40.46664810180664 -5.156394481658936 -1.353814959526062 4.033473 1.597906 1.632745 2.571523
1 12.56419467926025 -4.853181838989258 -1.083181262016296 4.252997 1.631973 1.415918 0.03867455
4 3.246687173843384 -8.111583709716797 -1.227307319641113 1.080644 0.561046 1.17029 0.2421351
4 5.403647899627686 -5.153525829315186 -1.263830065727234 1.418692 0.701916 1.108665 -1.536886
1 -43.19473648071289 5.363181591033936 -1.474029660224915 2.431143 2.25564 1.136614 2.761119
4 -12.6178150177002 -5.574723720550537 -1.444807291030884 1.285286 0.678918 0.96145 -1.274265
4 1.461998343467712 -5.206128120422363 -1.291366815567017 1.411664 0.553775 1.021606 -1.525199
1 -47.69200134277344 17.62012481689453 -1.699393272399902 1.786508 0.387603 0.565533 1.545258
4 -0.8324227333068848 -5.39054536819458 -1.271320581436157 1.734142 0.600877 1.080473 -1.605253
4 -25.46029472351074 -6.343824863433838 -1.585438370704651 1.954381 0.585104 1.019683 -1.973677
4 4.015367984771729 -4.933192253112793 -1.137507796287537 1.817931 0.729617 1.279086 -1.812532
4 9.418081283569336 -4.892199039459229 -1.185165643692017 1.864453 0.692923 1.214709 -1.567098
6 -22.50772094726563 -5.747015476226807 -1.715021133422852 0.59919 0.166625 0.515168 -2.228282
4 2.649189233779907 -5.015780448913574 -1.259148597717285 1.514708 0.573175 1.063216 -1.610976
1 8.790449142456055 0.2816252112388611 -0.9825065732002258 3.779999 2.073725 1.601886 0.02621245
4 2.045119047164917 -4.907811641693115 -1.241745591163635 1.273075 0.556379 1.08327 -1.586663
4 3.206749677658081 -5.151262283325195 -1.271970987319946 1.486665 0.491388 1.003246 -1.554744
3 -32.75491714477539 5.957266330718994 -1.033356904983521 0.293728 0.697731 1.348403 -0.2371476
3 0.3403203189373016 13.94722080230713 -1.046364784240723 0.575948 0.53141 1.059541 3.113548
4 -33.46685791015625 -5.742108345031738 -1.570075392723084 1.332887 0.47805 1.077121 -1.665076
6 -18.55496215820313 -5.79042911529541 -1.306898236274719 1.150804 0.907394 1.501053 0.3185774
4 -21.23677062988281 -5.737675666809082 -1.703068137168884 1.368198 0.472179 0.611166 -2.434947
4 6.068077564239502 -4.957140445709229 -1.100415706634522 1.718276 0.781731 1.364642 -1.539805
4 8.662430763244629 -5.068710803985596 -1.144462585449219 1.446711 0.472338 0.915522 -1.610376
4 -1.692348957061768 -5.496289253234863 -1.238860249519348 1.782702 0.50864 1.176067 -1.656938
4 7.769187927246094 -4.791616916656494 -1.192679286003113 1.853112 0.626601 1.196483 -1.54028
4 5.534791946411133 -8.273176193237305 -1.211442708969116 1.481622 0.798024 0.964804 -0.03540087
4 0.9010410904884338 -5.334544181823731 -1.29075825214386 1.251383 0.325883 1.010762 -1.538931
4 0.2954077124595642 -5.383250236511231 -1.198583722114563 1.854249 0.505226 1.164577 -1.647413
6 -29.66408157348633 -5.840694904327393 -1.428573131561279 4.269002 1.324246 1.502916 3.086285
3 16.16530799865723 20.91393852233887 -0.1709601283073425 0.453975 0.609206 0.762321 1.18138
1 47.50239944458008 -4.543283939361572 -0.92918461561203 2.880576 1.67943 1.809161 0.01077795
1 -27.63447570800781 8.1644287109375 -1.243104457855225 4.24261 1.983659 1.46292 -3.116354
6 -19.85878562927246 -5.709349155426025 -1.282461524009705 1.014465 0.392017 1.3509 0.470985
6 -17.22925567626953 -5.852653503417969 -1.785347938537598 0.948475 0.827893 0.476132 0.2699294
1 -6.314336776733398 -5.182209968566895 -0.9885472655296326 4.804238 1.92758 1.765579 0.04147791