4 14.20044422149658 -5.176557540893555 -1.205692052841187 1.606049 0.563127 1.221373 -1.561998
3 -24.44504928588867 29.8099308013916 -0.5298437476158142 0.289191 0.540179 1.422416 2.214133
4 18.24840927124023 -4.711112976074219 -1.255146384239197 1.759066 0.665027 1.02986 -1.694698
6 -8.410207748413086 -5.839956760406494 -1.656273365020752 0.979916 0.807831 0.426428 -2.80775
6 -20.83988189697266 -5.89406681060791 -1.221648097038269 4.317843 1.518928 1.406838 0.01300705
4 9.608439445495605 14.08225345611572 -1.027662634849548 1.255323 0.597692 0.717981 -3.085014
4 11.25540256500244 13.95686435699463 -1.293620467185974 1.217952 0.32328 0.680364 -3.069198
3 -34.38048553466797 6.517186641693115 -1.074656248092651 0.478908 0.528746 1.371001 2.840009
4 18.15726470947266 -1.048798322677612 -1.066560864448547 2.018129 1.155489 1.595106 3.496911e-07
1 56.2360954284668 -4.154913902282715 -1.070761561393738 2.835555 1.61059 1.788304 0.008995808
4 -15.89947319030762 -6.056219100952148 -1.430616736412048 1.72579 0.509703 0.944031 -1.857507
4 12.0783109664917 -5.045863628387451 -1.167272806167603 1.364206 0.438737 0.753247 -1.562888
1 -51.81330108642578 -14.05685043334961 -0.3350680470466614 3.122104 1.413854 1.003492 -0.5652556
4 11.51521492004395 -4.89583158493042 -1.302963972091675 1.359489 0.390418 1.076818 -1.537635
4 16.64428329467773 -4.632297515869141 -1.219788074493408 1.705947 0.617239 1.179548 -1.728872
1 -46.57137680053711 7.700722694396973 -0.7155881524085999 1.273084 1.033205 0.695187 -2.982749
4 6.939863681793213 -5.180137157440186 -1.270798683166504 1.935899 0.874245 1.085089 -1.228367
3 -49.46564865112305 10.61054801940918 -0.8139119148254395 0.372174 0.450287 0.718536 3.020057
3 -32.10250854492188 42.97137832641602 -0.97206050157547 0.192502 0.322469 1.054451 2.016823
1 2.259628295898438 -5.141496181488037 -0.936540961265564 4.550346 1.973206 1.77572 0.05815629
6 -9.792486190795898 -5.826765537261963 -1.122085213661194 1.109735 0.841111 1.425158 -2.845403
3 6.051077842712402 -4.04759693145752 -0.9788482785224915 0.624867 0.617782 1.652303 0.0
4 7.943098068237305 -5.246184349060059 -1.279858350753784 1.528953 0.701531 1.147905 -1.509739
4 9.949334144592285 -5.345691680908203 -1.272776603698731 1.50246 0.477807 0.956761 -1.324598
1 50.90511703491211 9.006904602050781 -1.497076153755188 1.358824 1.63181 0.637244 -3.099579
3 -55.67236709594727 -3.807417631149292 -1.200530529022217 0.288621 0.524632 1.424654 -3.12655
6 -40.14876556396484 -3.724192142486572 -1.409967541694641 1.070989 0.807045 0.777912 1.468008
4 9.562344551086426 -5.279514312744141 -1.261918306350708 1.502404 0.371895 0.978756 -1.303667
4 -3.654279470443726 -5.660025119781494 -1.387340307235718 1.521409 0.543222 0.940823 -1.201617
1 8.654905319213867 0.3102548122406006 -1.027759194374085 3.344265 2.096514 1.577079 0.01191538
4 -1.648500084877014 -5.299869537353516 -1.312300562858582 1.939202 0.623667 1.060992 -1.938898
3 -31.62985420227051 17.97495841979981 -0.576876163482666 0.40084 0.454718 0.679183 -1.237514
4 14.86660957336426 -4.861550331115723 -1.271328091621399 1.700284 0.642992 1.094635 -1.554943
3 -29.89055061340332 26.19302177429199 -0.1702712774276733 0.279975 0.162985 0.704055 -2.186532
1 -34.50542831420898 4.893045902252197 -1.21948504447937 2.304867 1.770501 1.0661 2.964182
4 -14.11486625671387 -6.345068454742432 -1.405792593955994 2.010854 0.644427 0.968377 -2.069629
1 21.38339805603027 -4.721964836120606 -1.15032947063446 4.230949 1.665936 1.429241 0.05792331
3 18.0881233215332 -7.880144596099854 -0.7415716052055359 0.276263 0.340371 0.847943 3.141592
4 9.188414573669434 -5.281331539154053 -1.293898344039917 1.504139 0.400465 0.976028 -1.284263
4 10.97161102294922 -4.847230911254883 -1.277547478675842 1.125624 0.492071 1.059541 -1.546643
4 15.51424312591553 -4.735674381256104 -1.322870373725891 1.404791 0.452802 1.004236 -1.532363
3 41.11750030517578 14.43954658508301 -0.8075661063194275 0.195247 0.454417 0.833762 -0.1257943
1 -18.85885238647461 8.170454978942871 -1.078956842422485 4.292759 1.8543 1.687066 -3.113036
3 -24.45477485656738 31.39359283447266 -0.424622118473053 0.258091 0.340557 1.255666 1.971951
6 -10.97526454925537 -5.915678977966309 -1.128950238227844 1.074625 0.844143 1.398056 -2.858829
6 -17.257568359375 -5.982013702392578 -1.638871431350708 0.928023 0.497955 0.211933 -1.881199
4 12.84001159667969 -4.773980140686035 -1.259255766868591 1.656863 0.588388 1.168209 -1.742068
1 -45.38796234130859 -3.971072435379028 -1.35723602771759 1.727174 1.111075 0.782398 1.592613
4 -16.59966278076172 -6.06385612487793 -1.486774921417236 1.363057 0.448723 0.846074 -1.948694
3 43.64159393310547 27.24148368835449 -0.04708290845155716 0.558734 0.376303 1.478984 3.103847
4 -12.28847408294678 -5.746063232421875 -1.469537854194641 0.984424 0.337674 0.825967 -2.030853
4 -24.77805519104004 -5.815290451049805 -1.378631353378296 1.30718 0.793443 1.08973 -1.848575
3 -29.51430130004883 25.50514602661133 -0.1504483669996262 0.139485 0.448629 0.68858 2.357996
4 -27.05523300170898 -6.065299987792969 -1.292823195457459 1.225744 0.398845 0.705176 -1.735999
3 -34.65820693969727 5.984606742858887 -1.087486386299133 0.343968 0.473099 1.392885 2.840009
4 -13.16093063354492 -6.268341541290283 -1.461282730102539 1.456044 0.230076 0.915822 -2.492551
4 10.32194709777832 -5.128275871276856 -1.309574723243713 1.230982 0.385499 0.975476 -1.384825
4 8.574772834777832 -5.220187187194824 -1.286592602729797 1.560412 0.478631 1.044402 -1.567435
1 -31.65777397155762 -5.219857215881348 -1.027648448944092 4.514946 1.723155 1.766085 -0.5774819
1 -49.81741714477539 -11.86580181121826 -0.6318541765213013 3.638311 1.245305 1.604978 1.550501
4 6.006503105163574 -5.179774761199951 -1.234592437744141 2.068778 0.865593 1.240352 -1.287689
3 -24.10754776000977 5.890923023223877 -0.8353387117385864 0.563707 0.792734 1.278061 0.02726912
4 17.34570503234863 -5.089841365814209 -1.348203778266907 1.560884 0.271428 0.951408 -1.734587
4 -14.80194187164307 -6.269095420837402 -1.34541118144989 1.756727 0.582047 1.019998 -2.094187
3 -45.0550422668457 12.70931720733643 -1.219070911407471 0.246675 0.389878 1.230011 -0.8158424