1 -4.320287704467773 25.70401573181152 -1.312174558639526 4.487696 1.627693 1.531857 -3.086077
5 -24.74881553649902 2.25666618347168 -1.653215885162354 0.207583 0.269604 0.456108 0.03761451
4 45.25337600708008 -5.812899589538574 -1.139067769050598 1.487833 0.415804 1.488733 0.2235738
6 -31.94124031066895 2.184875249862671 -1.372091412544251 0.525031 0.308026 1.231713 0.0388883
6 -9.481280326843262 3.037523508071899 -1.47178590297699 0.506037 0.378233 0.610412 -1.44053
3 -8.182785987854004 5.198297023773193 -0.9579909443855286 0.622816 0.711656 0.833951 -3.122269
5 -3.393455266952515 2.783706903457642 -1.462833881378174 0.360078 0.456408 0.651872 0.04265855
4 50.77273941040039 -4.527165412902832 -0.8216562867164612 0.84293 1.072726 1.385333 -0.04711428
3 -10.02665519714356 3.877140045166016 -1.112201929092407 0.501055 0.914805 0.978116 -3.122267
1 -3.631891250610352 -4.209743022918701 -1.030482530593872 4.29976 1.820178 1.462276 0.04057336
5 -20.27587699890137 2.415440559387207 -1.574960470199585 0.240498 0.351292 0.618144 0.03761451
1 -34.53026580810547 -4.019572257995606 -1.39412796497345 3.401878 1.837965 1.089911 0.03698901
1 49.45943450927734 -6.975295066833496 -0.7709790468215942 3.483265 1.697728 1.320568 0.007585807
5 -27.84191513061523 2.173221588134766 -1.657710075378418 0.269878 0.400712 0.415414 0.03761451
5 -9.488086700439453 2.581763982772827 -1.525344133377075 0.354255 0.28077 0.597424 0.05076425
2 13.81014633178711 18.881591796875 -0.5685800909996033 12.070756 3.011696 3.186369 -3.10168
1 -54.01799774169922 -4.219923496246338 -1.269594430923462 1.859076 1.636826 1.040955 0.01850083
6 9.701128959655762 14.82562637329102 -1.556659698486328 0.412442 0.173062 0.27976 1.485435
5 1.815676212310791 2.623950719833374 -1.444473028182983 0.456744 0.416135 0.677185 0.01748117