1 -51.60833740234375 2.721746206283569 -2.056993007659912 0.523593 1.806505 0.667567 -0.05416969
2 27.78567504882813 6.511732578277588 -0.01489450316876173 3.125827 2.60493 2.435522 0.2280144
3 -42.30405044555664 -10.57994937896729 -1.291900873184204 0.506831 0.629768 1.427625 -0.06155508
3 -9.277217864990234 26.32855033874512 -1.284161567687988 0.689669 0.405337 0.876371 -0.004078913
2 55.39389419555664 16.31743049621582 0.1211913377046585 6.035145 0.936429 2.946668 -2.632922
4 10.52163124084473 26.12561225891113 -1.29810643196106 1.51583 0.741732 1.28635 -3.087784
1 -30.18281173706055 -4.091980457305908 -1.546411633491516 3.613421 1.881617 1.318465 -0.07599124
4 44.61660003662109 6.972705841064453 -0.5167223215103149 1.893303 0.42174 1.455076 1.223333
1 -45.18463897705078 -0.7737048864364624 -1.861865758895874 3.013338 1.241773 0.762587 -0.05416969
2 44.02687454223633 40.62241744995117 -1.135988354682922 5.291986 1.245341 2.009322 -1.462723
2 14.31212615966797 -2.541033983230591 -0.3722649812698364 12.976694 2.915257 2.574307 0.0509597
4 -23.564697265625 -6.884000778198242 -1.270306468009949 2.841562 1.034598 1.656243 -0.06995217
3 21.78793144226074 24.86494445800781 -0.8136246204376221 0.421091 0.662406 0.868935 0.07275391