3 -29.69829940795898 5.876908302307129 -1.127617120742798 0.313671 0.543052 1.147158 2.963494e-16
1 -40.57869720458984 5.113398551940918 -1.442671060562134 3.084916 1.674004 1.223295 -0.353655
4 -22.52768325805664 -5.944679260253906 -1.707896113395691 1.095167 0.452508 0.838946 -2.056125
4 -21.65580749511719 -5.978256702423096 -1.558006882667542 1.610706 0.707555 0.865934 -2.161747
3 -30.19430160522461 29.82566452026367 -0.5893842577934265 0.619321 0.501875 1.595339 -3.025999
4 6.305088520050049 -5.101814270019531 -1.281715035438538 1.499992 0.505807 1.067568 -1.534681
3 -40.1411018371582 6.077969551086426 -1.330527663230896 0.503072 0.48624 0.999523 -2.091665
4 2.25092625617981 -5.40559720993042 -1.300778031349182 1.718662 0.409222 1.045713 -1.49962
4 1.87367570400238 -5.409605026245117 -1.307536721229553 1.595157 0.481599 0.995166 -1.588203
6 -16.76347351074219 -5.680744647979736 -1.267693042755127 1.179232 0.537377 1.344405 -2.780752
1 -57.21577453613281 -10.37790203094482 -1.645678877830505 1.562899 0.917586 0.722562 0.06271616
4 3.864510536193848 -5.366710662841797 -1.293286800384522 1.400453 0.444301 1.049572 -1.587274
4 16.29621124267578 -1.090864539146423 -0.9596925973892212 2.008645 1.131874 1.489464 0.0
6 -26.55400848388672 -5.89327335357666 -1.398879528045654 4.162275 1.353988 1.384222 3.138255
4 1.461607098579407 -5.314547061920166 -1.332666993141174 1.498714 0.394466 0.990743 -1.588203
1 -3.446085691452026 -5.138796806335449 -0.9451521635055542 4.946442 1.826569 1.807347 0.06160618
4 7.107307434082031 -4.854034900665283 -1.214584350585938 1.788417 0.811068 1.153738 -1.721207
4 9.162481307983398 -4.900808811187744 -1.100710272789002 1.767246 0.594272 1.409941 -1.721207
4 -18.37542724609375 -5.894025325775147 -1.616376519203186 1.689292 0.628507 0.775779 -2.324604
6 -15.50754356384277 -5.832842350006104 -1.239313840866089 1.306956 0.937474 1.400426 0.2984661
4 10.87180805206299 -4.679099082946777 -1.090289831161499 1.710153 0.739385 1.365313 -1.69819
4 9.738046646118164 -4.99398136138916 -1.28756308555603 1.828282 0.488177 1.079535 -1.721207
4 -19.74960136413574 -6.115539073944092 -1.542665481567383 1.543411 0.32159 0.748392 -2.269204
4 4.61104679107666 -5.261070251464844 -1.277922034263611 1.629617 0.473825 1.033069 -1.534681
1 -24.58897399902344 8.192816734313965 -1.202904939651489 4.156288 1.979189 1.615158 -3.104614
6 -14.14921092987061 -5.826293468475342 -1.760269284248352 0.929761 0.880051 0.454053 0.2455944
4 5.169732093811035 -5.075621128082275 -1.247371792793274 1.589221 0.616154 1.065267 -1.534681
4 11.59423732757568 -5.258938312530518 -1.112940430641174 1.512561 0.558884 0.736859 -1.69819
4 5.733385562896729 14.05000400543213 -1.009034872055054 1.485638 0.654339 0.679489 -3.099388
4 12.55351638793945 -4.801262378692627 -1.127009391784668 1.813328 0.647524 1.409252 -1.69819
1 -37.21798706054688 -5.330474376678467 -1.465795516967773 4.070633 1.70372 1.4224 -0.5868453
4 8.45406436920166 -5.175559043884277 -1.264946579933167 1.589728 0.621378 1.053931 -1.721207
4 2.788573503494263 -5.285726547241211 -1.307037591934204 1.621867 0.575986 1.02141 -1.533196
3 6.539979934692383 -7.94745397567749 -0.9355418682098389 0.327586 0.391451 0.513637 0.06350514
1 15.63154411315918 -4.772884368896484 -1.068248629570007 4.231189 1.707503 1.444976 0.07089932
6 -30.58691596984863 -5.398487567901611 -1.748070597648621 0.910087 0.633192 0.636134 -3.099577
3 11.98092937469482 -8.312114715576172 -0.7326797842979431 0.415142 0.780315 1.178266 -1.605561
6 -52.29401016235352 7.792778968811035 -0.6254873275756836 0.96708 0.693066 0.351941 0.0888617
4 0.4162573516368866 -5.138317108154297 -1.191607356071472 1.614762 0.590668 1.329069 -1.30694
4 3.400030612945557 -5.026835441589356 -1.321728825569153 0.995632 0.408602 0.979779 -1.587274
3 -40.70272827148438 6.466207981109619 -1.347653031349182 0.47386 0.472666 1.009558 -2.091665
4 8.722933769226074 -8.166686058044434 -1.149108052253723 1.595451 0.532221 0.839714 -0.01224892
1 46.15288162231445 8.852535247802734 -1.107758283615112 3.465393 2.069636 0.959985 -3.030457
4 -0.07459861040115356 -5.295823097229004 -1.294195652008057 1.916705 0.540687 1.109878 -1.296119
4 -7.47899341583252 -5.440715789794922 -1.349340200424194 2.170668 0.745136 1.117664 -1.889874
4 4.224070072174072 -5.441523551940918 -1.276457786560059 1.441256 0.410148 1.076328 -1.587274
3 2.175388097763062 -4.075229167938232 -0.964641273021698 0.938579 0.929884 1.672051 0.0128211
1 8.471107482910156 0.3437156081199646 -0.973434329032898 3.642423 2.126525 1.57371 0.0
3 37.07467269897461 14.30662441253662 -0.5878207087516785 0.343115 0.453081 1.114777 0.04874682
4 -20.6071949005127 -6.047414302825928 -1.591339111328125 1.415275 0.539887 0.790469 -2.056125
4 0.960224449634552 -4.872081279754639 -1.282439589500427 1.455178 0.588214 1.075287 -1.396209
1 -51.03277969360352 8.967578887939453 -1.699753046035767 2.010188 1.380943 0.631093 3.058096
4 -9.4173002243042 -5.676315307617188 -1.405216097831726 1.508254 0.551792 0.953669 -1.358125
4 5.756398677825928 -4.960866451263428 -1.260301113128662 1.476437 0.487189 1.050732 -1.534681
1 50.52085876464844 -4.274421691894531 -0.6714349985122681 2.823492 1.598801 1.639584 0.0
4 3.818217754364014 14.04472351074219 -1.077978849411011 1.479688 0.652052 1.090841 -3.099388