6 8.025922775268555 9.463833808898926 -1.129769563674927 1.706331 0.321948 1.259501 3.098631
6 23.17766571044922 22.50999069213867 -0.292542427778244 0.2471 0.237227 0.252016 0.09769496
3 7.021427631378174 -11.11780261993408 -0.8011345863342285 0.426126 0.417038 1.580546 1.954819
6 6.337325096130371 -4.725432872772217 -1.428993701934815 0.444945 1.574945 0.751045 -0.007198188
3 -14.06109237670898 11.61326217651367 -1.102530360221863 0.294455 0.61361 1.574515 -0.6301355
1 31.06135368347168 8.2557954788208 -0.4660857021808624 4.137815 1.81077 1.672401 -1.557272
6 6.34746265411377 -3.194792747497559 -1.372699618339539 1.546749 0.512232 0.779349 -1.554106
5 13.20818996429443 13.71626472473145 -1.366541981697083 0.174232 0.09563 0.393839 0.3690187
1 27.29631233215332 33.0575065612793 -0.895806074142456 3.839906 1.30768 1.189229 -1.542716
5 9.019349098205566 -8.239174842834473 -1.467054843902588 0.233179 0.263836 0.390576 2.932215
5 2.72809910774231 9.15700912475586 -1.47077214717865 0.276917 0.413489 0.646944 0.008611705
6 4.863778114318848 9.43305492401123 -1.145096063613892 2.719197 0.410151 1.299719 -0.07326286
5 3.484925508499146 9.13910961151123 -1.454157948493958 0.296423 0.476414 0.535345 3.103399
6 30.48097610473633 48.93542098999023 1.85927152633667 6.436301 2.244618 0.307062 1.64022
3 7.485055923461914 -10.60016250610352 -0.2495303899049759 0.73005 0.360301 0.789866 -1.183756
1 27.88924789428711 -7.014959812164307 -0.4678749144077301 4.316149 1.841019 1.890407 -1.537718
6 11.98187160491943 10.42013549804688 -1.041664242744446 1.240745 0.188651 1.212714 -2.557088
1 -45.68876647949219 -7.076468944549561 -2.040364503860474 3.902224 1.866617 1.187127 -0.007455129
4 8.434348106384277 10.95343971252441 -1.004674315452576 1.75376 0.610496 1.493745 0.1644538
3 19.48365592956543 -33.1726188659668 -0.4011376202106476 0.37094 0.400974 1.508652 1.542265
6 10.52977561950684 9.643845558166504 -1.081372499465942 1.85192 0.283965 1.248408 -2.892593
1 24.45829200744629 52.19831466674805 -0.6932336688041687 2.042826 1.110896 1.272698 -1.529868
3 6.737088203430176 -10.46544075012207 -0.806699812412262 0.383167 0.512454 1.747451 -0.7611676
1 27.04460716247559 -40.75578308105469 -0.5918241739273071 4.252201 1.55414 1.380146 -1.500725
5 14.28334999084473 14.60089015960693 -1.423768162727356 0.135154 0.122376 0.304379 -2.45348
4 10.66355514526367 -8.07274341583252 -1.10211992263794 1.869867 0.661092 1.276409 -0.2735627
5 3.128299713134766 9.167174339294434 -1.475313425064087 0.404134 0.30379 0.623729 -1.597195
1 -57.26981353759766 -6.88917350769043 -1.955551147460938 1.601723 1.118687 0.747493 -0.007905504
5 7.571693420410156 -8.044622421264648 -1.424818873405457 0.275087 0.271785 0.474101 -1.492591
5 15.03744411468506 15.11157894134522 -1.411085963249207 0.106058 0.151452 0.441545 -1.360359
6 -47.58490753173828 9.704678535461426 -1.87701427936554 0.495415 0.724828 0.650787 -3.123647
1 20.9851016998291 22.22718811035156 -0.7810789346694946 5.120482 2.667525 1.662601 -1.798177
2 27.20637512207031 -20.40597724914551 -0.05043293163180351 11.41697 2.599501 2.613749 -1.55001
1 27.86395835876465 11.4291877746582 -0.3151491284370422 5.414881 2.017237 2.152402 -1.560461
1 30.916015625 -14.92271327972412 -0.5440800189971924 1.874633 1.696115 1.377967 -1.565599
4 -2.129317283630371 7.083706855773926 -1.06962251663208 2.047529 0.858629 1.579721 -3.121875
5 4.17509126663208 1.751060724258423 -1.460765600204468 0.277924 0.295374 0.401078 -0.01312992
6 1.841129302978516 9.291268348693848 -1.169328689575195 1.637896 0.310018 1.255749 -0.0167575
5 5.882966041564941 -2.623476982116699 -1.53106963634491 0.232341 0.22024 0.463564 1.595977