3 12.56494522094727 -17.76490020751953 -0.9567186236381531 0.572102 0.47298 1.646113 0.1184863
5 -24.10812759399414 1.160898685455322 -0.9553082585334778 0.248658 0.24367 0.359246 -1.159082
4 -7.716668605804443 -11.03724575042725 -1.074480533599854 1.856472 0.790512 1.272471 0.5232135
1 -23.44305801391602 16.2817497253418 -0.6442748308181763 4.225767 2.824576 1.694126 -0.9531125
6 -22.66155052185059 -1.447858929634094 -0.8478779196739197 1.648566 0.256883 0.980752 -2.347579
6 -3.215795755386353 37.04758071899414 -1.401954412460327 0.540915 0.229468 0.524312 2.447124
5 -3.586278676986694 -9.836702346801758 -1.46873927116394 0.238264 0.224109 0.443503 -2.608736
1 -31.8455753326416 25.67972755432129 -0.4929531216621399 2.550702 1.28108 1.349689 -0.6867938
1 20.40237808227539 12.01148319244385 -1.230224847793579 4.646276 1.908576 1.748538 2.425824
6 -14.25299072265625 -11.1960973739624 -1.074357628822327 1.427472 0.52743 0.704407 -0.7514164
3 -7.419802665710449 -12.27323341369629 -0.9918699860572815 0.398474 0.650507 1.091488 0.8269866
5 -23.85840225219727 6.180927276611328 -0.915261447429657 0.399994 0.214958 0.499764 3.141592
1 -5.350317478179932 33.82798767089844 -0.964529812335968 4.086926 1.682751 1.520499 2.428303
6 -20.81834602355957 2.098951101303101 -0.7598714232444763 1.254339 0.227813 1.258883 -1.63888
1 18.38265800476074 -7.167349338531494 -1.393437385559082 4.289133 1.7881 1.416036 -0.6902546
5 -4.649530410766602 -10.26181602478027 -1.430903077125549 0.246422 0.287361 0.4148 2.052342
6 -21.14802742004395 0.5243915915489197 -0.7684389352798462 1.698474 0.318257 1.274794 1.096867
1 28.34254837036133 -19.23293876647949 -1.654391169548035 3.859835 1.76228 1.351613 -0.7263625
5 -25.35815811157227 -5.042912483215332 -0.97172611951828 0.205527 0.260935 0.520926 -3.141035
4 10.70050525665283 -9.054990768432617 -1.110582947731018 2.7779 1.241965 1.738895 -0.6898503
6 -24.73439598083496 -3.80191969871521 -0.6887392997741699 2.685989 0.517882 1.232923 -2.35531
5 -0.4330689609050751 -8.952251434326172 -1.574307203292847 0.258048 0.223573 0.422328 0.4393362
1 42.24398422241211 -31.49130630493164 -1.937533617019653 1.327098 1.760854 1.094331 -0.7344321
5 -25.95915603637695 -5.623301982879639 -0.6906498074531555 0.434408 0.291036 0.900072 -2.239314
3 -7.748505592346191 -15.67363929748535 -0.6567287445068359 0.403218 0.510309 1.589382 -1.562922
3 -7.863147735595703 -14.93929290771484 -0.6032620668411255 0.57139 0.514064 1.852625 3.141592
5 -22.40472793579102 6.683197975158691 -1.202726006507874 0.252443 0.28918 0.371258 -0.633386
4 28.91701126098633 12.13848304748535 -1.679991960525513 1.276318 0.909052 1.565813 2.425402
4 -26.99004554748535 31.12362861633301 -0.5023797154426575 1.390533 0.922275 1.373572 2.443094
5 -2.229932308197022 -9.295920372009277 -1.49902880191803 0.233738 0.292279 0.400882 -0.9583967
5 -25.64055824279785 -5.250306606292725 -0.9181506037712097 0.280215 0.189874 0.380987 -2.364501
2 38.42060852050781 -23.34943389892578 -0.6502344608306885 6.546124 2.476398 3.330232 -0.6963802
5 -22.30613327026367 7.506657123565674 -1.206016659736633 0.220517 0.208475 0.357711 1.163571
6 -13.04159832000732 -12.12832927703857 -1.179863691329956 1.508119 0.493026 0.693772 2.386212
3 -29.79500389099121 -7.853463172912598 -0.3824010789394379 0.431434 0.644769 1.511899 0.5470853
5 -22.72935104370117 12.69689750671387 -1.242337584495544 0.274118 0.216751 0.425095 2.642668
5 -23.62537384033203 6.541189193725586 -0.9233241677284241 0.134018 0.178276 0.521737 -3.141592
6 -26.75968551635742 -6.350113868713379 -0.5106419324874878 1.252462 0.186075 1.157152 -2.305323
5 1.0604407787323 -8.90207576751709 -1.580559968948364 0.200653 0.213513 0.42233 1.930051
5 -22.43314361572266 5.248689651489258 -1.138334155082703 0.202259 0.230527 0.503303 3.141592
4 28.29990768432617 -26.75565338134766 -1.592331051826477 0.64997 0.653182 1.649047 0.5893971
5 -6.057049751281738 -10.85499000549316 -1.419440269470215 0.14672 0.218851 0.377127 2.052342