1 8.900775909423828 -6.725074768066406 -1.035025715827942 4.150647 1.806223 1.697195 -0.03722842
6 20.57826042175293 9.86884593963623 -1.456631183624268 1.034135 0.804673 0.65243 -0.130213
3 -37.93783569335938 15.68930053710938 -0.7323122620582581 0.16711 0.544132 1.410988 3.09558
1 -1.936743021011353 24.04256439208984 -1.086355090141296 3.918641 1.801662 1.365496 -1.616843
1 -20.71928024291992 -0.5259327292442322 -1.021845102310181 3.32583 0.813537 1.439896 -0.1877384
3 44.78199005126953 12.75565719604492 -1.207547903060913 0.419771 0.702088 1.235892 -3.141592
1 -28.85643577575684 4.800050735473633 -1.138883709907532 2.7608 1.756073 1.264832 -3.13808
6 19.35124397277832 9.885828018188477 -1.69464111328125 1.06157 0.8317 0.740206 -0.03580822
1 -10.89844608306885 3.797809600830078 -1.035042881965637 4.428487 1.715299 1.394577 3.090907
4 35.55791854858398 7.109750270843506 -1.357900261878967 1.464988 0.685318 1.338726 -0.09391505
6 -58.53718566894531 -3.682528972625732 -1.40001118183136 0.38632 1.400059 0.159212 -3.141592
2 -53.42317199707031 8.904290199279785 0.2510806918144226 0.327075 2.493877 2.325438 3.125145
1 -8.902438163757324 6.185366153717041 -1.091099977493286 3.846809 1.728752 1.401223 3.125564
1 -5.561572551727295 12.93612289428711 -1.081426620483398 4.415215 1.694676 1.60062 -2.087017
6 -30.71101760864258 0.5477441549301147 -0.1989226788282394 0.213674 0.675332 0.083396 0.02678256
1 -10.79663848876953 -4.908914089202881 -0.9344640970230103 4.244715 1.854756 1.713025 -0.02870065
1 21.60442161560059 -7.017858505249023 -1.283896565437317 4.141943 1.771639 1.456453 -0.0115162
1 2.092898845672607 5.999592781066895 -0.8813796639442444 4.523741 2.04617 1.975724 1.730184
1 -15.0151309967041 1.272768139839172 -0.8713756799697876 4.398621 2.007488 1.695907 0.4012913