6 -6.000428199768066 10.5662202835083 -1.381682872772217 3.51869 1.28933 1.014376 0.004897121
3 22.72437477111816 13.79966735839844 -1.048222064971924 0.309541 0.408095 1.099217 0.5463126
6 48.72083282470703 10.05161190032959 -1.575755119323731 4.178364 0.250349 0.484037 -3.111771
1 -46.57774353027344 -1.339641094207764 -0.948881983757019 2.240194 1.292718 1.185706 0.01548576
1 -31.6983585357666 13.08582782745361 -1.021582961082459 2.86826 1.217806 1.320375 -2.030585
1 -58.46270370483398 3.159764528274536 -0.7805271744728088 1.624815 1.589892 1.312122 -3.088708
6 48.27527236938477 -2.632696628570557 -1.798490762710571 1.411484 0.20673 0.322901 -1.58996
3 49.01683044433594 -10.4952507019043 -0.9888048768043518 0.254734 0.225318 1.003518 1.693345
4 30.25935554504395 8.677778244018555 -1.314912557601929 1.462484 0.649839 1.382756 -0.009751022
6 48.32216262817383 -4.030810832977295 -1.807682394981384 1.234949 0.19849 0.331582 -1.58996
1 -28.38385200500488 16.74512481689453 -0.9282564520835876 3.631176 1.317608 1.485439 -1.545452
1 -16.53836822509766 -6.657281398773193 -0.9919179081916809 4.19662 2.011604 1.572806 0.001742488
3 49.54941940307617 -10.24113368988037 -1.155640959739685 0.450456 0.267175 1.326043 1.693345
1 -26.55598068237305 8.210579872131348 -1.108066916465759 4.574093 1.879084 1.340495 2.468673
1 -3.921976089477539 -6.5081467628479 -1.105515122413635 4.550797 1.956288 1.505798 0.02537872
1 -28.52377319335938 26.83166122436523 -1.182793974876404 4.184372 1.701345 0.723364 -1.354427
4 52.12688064575195 -7.35780143737793 -1.567182421684265 0.91962 0.571252 0.682704 -0.5273738
1 -39.48839950561523 0.6220537424087524 -0.8398494720458984 4.046204 1.814304 1.686355 0.2456658
6 44.28920364379883 9.939510345458984 -1.731479525566101 2.693825 0.568892 0.99289 -3.094434
1 -36.56436157226563 -5.505408763885498 -0.8172461986541748 3.862661 1.771268 1.664842 -0.06026719
1 -35.24848175048828 5.624063491821289 -1.161967992782593 3.754421 1.647796 1.041126 -3.101202