4 4.708577156066895 21.29125213623047 -1.33282482624054 0.676526 0.446919 1.335615 -3.077274
4 -37.39216995239258 -5.245595932006836 -0.8414371609687805 0.877484 0.521942 0.788686 -0.1001393
3 17.05871772766113 -11.01820945739746 -0.7104485034942627 0.597134 0.741366 1.657671 -1.020833
4 9.825750350952148 -8.988713264465332 -0.8896721005439758 2.904721 1.077436 1.651678 -0.08873675
4 44.31134033203125 15.81144714355469 -1.720242381095886 1.425227 0.473551 1.435708 1.301346
2 -3.321956872940064 -3.608875274658203 -0.6117925643920898 12.049186 2.909959 2.320578 -0.07648192
2 30.13056564331055 -24.64719581604004 0.1358762234449387 8.920082 2.292457 2.796047 1.40893
1 -7.456737041473389 0.1352687776088715 -1.123679518699646 3.705565 2.001875 1.311165 -0.08090162
3 -48.74866485595703 32.25249862670898 -1.411355376243591 0.363621 0.34432 1.168092 -0.07023857
1 -27.81078338623047 1.495361089706421 -0.198887512087822 4.383107 1.746644 1.139711 -0.06752592
1 32.29446411132813 37.62480545043945 -2.263005256652832 2.159655 0.351494 1.283873 -1.582519
1 -14.62284469604492 0.7394396662712097 -0.8369368314743042 3.09819 2.036524 1.108882 -0.1670933
2 34.83467864990234 -18.73568153381348 0.04110197722911835 7.25945 2.879759 3.02773 1.428358
1 37.61905670166016 18.59795570373535 -1.7542484998703 4.248784 0.514086 1.355241 -1.092851
4 -5.235888957977295 4.492462158203125 -1.054537534713745 2.151386 0.888125 1.531656 -0.0935868
4 52.38682174682617 21.3321533203125 -1.959362030029297 1.6163 0.26338 1.393218 -1.592866
1 26.0503101348877 21.63850975036621 -1.967382192611694 4.448025 1.765454 1.162829 -1.615161
6 56.32543563842773 13.78729248046875 -2.092846155166626 1.169136 1.173424 0.383855 3.118732
6 56.44514846801758 11.04288291931152 -2.023021459579468 3.743343 1.452147 0.375814 3.058474
6 11.98285293579102 -10.15318965911865 -0.5162363648414612 0.108133 0.191491 0.291629 -0.1336442
1 -14.04989814758301 -3.048733711242676 -1.092122435569763 3.751178 1.238631 1.478574 -0.08427387
1 -19.28635215759277 -0.5852968096733093 -1.040445446968079 3.649018 1.717306 1.554711 -0.1583704
1 29.68324851989746 30.07699012756348 -1.81806206703186 5.232842 1.947782 1.957904 -1.600462
4 17.79050064086914 -13.25165176391602 -0.7274006009101868 1.372082 0.513595 1.669253 0.3434004
1 -23.46900749206543 -2.592309236526489 -1.124001979827881 3.95918 1.757754 1.451136 -0.06301755
4 43.47077941894531 -12.13993263244629 -1.046724796295166 1.168248 0.350045 1.394883 -2.067109
4 20.45841598510742 -17.1040096282959 -0.5427789092063904 1.108982 0.549635 1.236847 1.215237