4 28.69394683837891 14.8786792755127 -1.563725590705872 0.914893 0.309926 0.898162 0.8031729
6 54.84296417236328 9.762092590332031 -1.412583827972412 0.276032 1.521466 0.383595 0.02196686
3 14.48553848266602 -16.38982391357422 -0.6032932996749878 0.718091 0.620432 1.1425 -1.571622
1 11.23400115966797 -8.882999420166016 -1.00749683380127 3.92555 2.094055 1.49491 -0.6181715
1 0.5694786310195923 9.125593185424805 -1.239455938339233 4.875873 1.946356 1.49995 -3.064003
3 11.63628196716309 29.24996376037598 -1.081587910652161 0.438159 0.476398 0.991827 1.716303
1 27.57108306884766 11.75190162658691 -1.273701667785645 4.507396 1.761879 1.490674 2.103892
6 40.65925979614258 9.659075736999512 -1.617405772209168 2.215724 0.942249 0.601013 0.06612856
1 17.84936904907227 -1.426624655723572 -0.9003973007202148 4.651816 1.789166 1.687132 -1.474968
4 26.94891929626465 16.4444522857666 -1.627448081970215 1.071212 0.545268 0.647145 1.31886
2 -35.68004989624023 7.709319114685059 -0.1241936236619949 11.371408 2.947175 2.966516 -3.094217
6 52.9427604675293 9.719237327575684 -1.651158571243286 0.949077 0.121995 0.453341 0.4032097
5 8.050012588500977 -8.786477088928223 -1.427723288536072 0.27935 0.242666 0.387755 -3.126265
1 7.513760089874268 -52.90588760375977 0.2746059596538544 2.62369 0.471554 0.919354 -3.139491
1 -5.196413516998291 8.669095993041992 -1.257740497589111 4.457876 1.743138 1.451251 -3.12203
5 28.424072265625 -9.258781433105469 -1.440216779708862 0.256003 0.206698 0.457515 -0.0003194776
3 16.04019927978516 -39.85413360595703 -0.3130801320075989 0.372509 0.481476 0.564149 -1.540057
4 36.55128860473633 10.51701927185059 -1.516708850860596 1.296127 0.349046 0.70178 1.374639
1 10.92309379577637 -32.47734069824219 -0.9626782536506653 3.87783 0.608804 0.626783 1.585428
3 15.55662727355957 -16.52793884277344 -0.5847328305244446 0.648771 0.612507 1.382036 -1.571622
1 7.349860191345215 10.01095676422119 -1.217595100402832 4.406152 1.820727 1.579747 -2.721257
4 45.77025985717773 10.10579967498779 -1.814297556877136 1.224527 0.711493 0.683483 2.194102
6 34.32757568359375 10.92384910583496 -1.655519485473633 0.80483 0.248842 0.311719 1.11562
4 26.46944046020508 -23.59870338439941 -0.6711025834083557 1.309574 0.500924 1.328263 1.561762
4 34.55743408203125 10.51799583435059 -1.550948023796082 1.247941 0.273207 0.525751 1.206569
5 26.98107528686523 -10.94397258758545 -1.398450016975403 0.201136 0.156271 0.4458 -0.0003194776
1 8.060770988464355 -46.03798675537109 0.08272384107112885 4.488834 1.149226 1.18925 3.120535
2 27.4874210357666 -3.96413254737854 -0.2710924446582794 8.696533 2.43298 3.00623 1.039539
5 5.544625759124756 -36.51665878295898 -0.9672886729240417 0.386525 0.339993 0.467193 1.79185
5 3.043438911437988 -13.03762531280518 -1.264947295188904 0.479825 0.434723 0.637132 0.0005895217
5 5.280658721923828 -25.80682182312012 -1.007057666778565 0.273159 0.331482 0.554169 1.79185
5 5.500953674316406 -33.01225280761719 -0.9739264845848083 0.185513 0.341932 0.34387 1.79185
5 5.314344882965088 -30.25632858276367 -0.9303421378135681 0.27205 0.346862 0.433348 1.79185
1 7.849567413330078 -40.51401138305664 -0.4753747284412384 4.685896 1.041947 1.324981 -3.139491
4 16.22702598571777 -9.34473705291748 -0.9194349646568298 2.261488 0.689932 1.675517 -1.334231
6 33.37404251098633 10.98191070556641 -1.591162323951721 0.694655 0.186856 0.254831 1.382555
4 -9.30943489074707 9.824472427368164 -1.557239770889282 1.081743 0.374881 0.63832 -3.120482
5 4.668107509613037 -6.837842464447022 -1.43414318561554 0.343151 0.293826 0.533983 -3.126265
5 1.037601828575134 -11.27485370635986 -1.197152256965637 0.31989 0.326231 0.583055 0.0005895217
1 17.83785438537598 14.90944480895996 -1.319512367248535 4.292951 1.653836 1.437455 -1.601929
6 37.01565933227539 10.28581714630127 -1.548696994781494 1.831944 0.34371 0.37648 1.374639
5 5.280685424804688 -27.86295127868652 -1.027425408363342 0.229355 0.275381 0.44594 1.79185
1 10.81909656524658 -25.72246742248535 -0.9313449263572693 2.937509 0.709258 0.647287 -1.552017
5 4.948935985565186 -14.81393814086914 -1.284836053848267 0.350174 0.342082 0.624221 0.0005895217
6 48.05017852783203 10.12718963623047 -1.583545088768005 1.196683 0.894562 0.609564 1.874712
4 -13.09230709075928 9.683557510375977 -1.69577944278717 1.510474 0.442995 0.742556 3.118839