6 10.27415466308594 4.557680130004883 -0.5791544318199158 0.84305 0.848844 2.421593 -1.343666
1 -4.109264373779297 10.13421821594238 -1.176467657089233 4.514649 1.821598 1.53994 -2.554794
1 7.749953746795654 -44.70478820800781 0.1055394858121872 1.623189 0.916707 0.643581 -3.019491
4 14.10720729827881 20.90312767028809 -1.685954809188843 1.110704 0.568465 0.816271 -1.54352
6 20.79282569885254 15.32373237609863 -1.820298314094544 0.339659 0.219514 0.345765 -1.737971
5 -4.027127265930176 -6.984381198883057 -1.475786209106445 0.199019 0.262599 0.577837 3.077517
6 12.81498527526856 23.85807800292969 -1.673254728317261 0.533578 0.492564 0.559485 -2.363099
6 22.46753692626953 14.82371711730957 -1.588542699813843 0.662756 0.322425 0.732145 -1.532447
5 -2.378976821899414 -14.78914451599121 -1.267541766166687 0.288694 0.250971 0.52551 0.0286488
5 -4.540122509002686 -13.34867477416992 -1.294292688369751 0.311732 0.323236 0.559522 0.0
1 32.94339370727539 10.80399894714356 -1.598956823348999 1.39157 1.791316 0.775451 -2.949432
1 5.733754634857178 -39.39189910888672 -0.5880260467529297 3.187603 0.576672 1.531651 -2.963769
1 2.946227312088013 -7.906523704528809 -1.035563349723816 4.231824 1.923595 1.48266 -0.4997796
1 15.4458703994751 -15.14080619812012 -0.9501467347145081 4.303996 1.894456 1.613291 1.769289
6 24.84756660461426 13.68799114227295 -1.721105933189392 0.318335 0.347714 0.452703 -1.617291
1 -16.1583366394043 6.788876056671143 -1.244487285614014 4.040382 1.870418 1.522677 -2.899119
3 -3.065244436264038 29.7731990814209 -1.026128172874451 0.647764 0.746501 0.988633 -0.977592
6 12.14418792724609 24.72914886474609 -1.752444505691528 0.558227 0.248244 0.612592 -0.7684072
4 6.749940872192383 -2.927409410476685 -1.012065529823303 1.895965 0.625084 1.591709 -1.291683
5 -0.3255850374698639 -8.291136741638184 -1.508923411369324 0.225782 0.172535 0.529364 3.077517
1 -10.49254989624023 8.046993255615234 -1.197998404502869 4.618785 1.793791 1.490416 -2.896381
6 21.30354881286621 15.18365955352783 -1.764514803886414 0.45734 0.187729 0.537903 -1.658665
6 24.43461608886719 15.29823017120361 -1.810397267341614 0.482218 0.350766 0.585513 -1.6313
2 18.06216430664063 -0.3228660821914673 -0.4696584045886993 8.65101 2.625468 2.777671 1.197697
4 14.84310913085938 19.74789619445801 -1.537090301513672 1.312971 0.309766 1.120928 -1.75417
4 0.002110645174980164 -11.30914783477783 -1.10895586013794 1.080023 0.3882 1.195219 -2.165241
5 19.7402400970459 -5.374440670013428 -1.593766331672669 0.249512 0.125796 0.446991 -2.07601
6 23.40631103515625 14.15829849243164 -1.785841345787048 0.269905 0.141045 0.411309 -1.602987
1 15.49333095550537 15.15574359893799 -1.250704884529114 4.564054 1.719912 1.475962 2.278814
6 11.14759635925293 -17.93326950073242 -1.516063213348389 0.191092 0.143076 0.404442 0.1889127
6 34.45249938964844 16.79509925842285 -1.731338977813721 0.738224 0.680784 0.952809 -1.483424
2 -46.37051773071289 0.5501311421394348 0.2264069765806198 11.823234 2.636813 2.533995 -2.923664
5 -6.815585136413574 -11.98328971862793 -1.272346019744873 0.310931 0.317463 0.578558 0.04096318
6 13.63611888885498 22.11651420593262 -1.738672971725464 0.495642 0.527479 0.800892 -1.693292