5 -4.903571605682373 -9.777883529663086 -1.476075410842896 0.322374 0.283347 0.651084 -2.925314
5 -0.5762412548065186 -6.615447044372559 -1.46493124961853 0.108927 0.12553 0.319294 -2.925314
5 -15.09144115447998 -7.099353790283203 -1.571097135543823 0.137095 0.141615 0.392373 2.168861
5 -2.125103235244751 -7.574805736541748 -1.495519757270813 0.15638 0.164058 0.402656 -2.925314
1 -52.30291748046875 4.233327388763428 -1.704869270324707 0.958315 1.993255 0.915504 3.063442
2 46.91713714599609 -5.088698387145996 -0.4604280889034271 10.970566 2.299219 2.978298 -0.009850952
5 -6.200693607330322 -9.736323356628418 -1.497199773788452 0.193817 0.164335 0.616493 -2.925314
5 -15.89128589630127 -6.640114784240723 -1.588378310203552 0.216996 0.188432 0.304987 2.942901
1 38.67998886108398 7.692116260528565 -1.424197435379028 3.732868 1.219179 1.301048 0.03341088
5 -13.70830821990967 -8.351008415222168 -1.586652874946594 0.10016 0.142605 0.387809 2.168861
5 -3.397469997406006 -9.538050651550293 -1.562230110168457 0.133318 0.103632 0.385596 -2.997767
5 -8.917134284973145 -9.773927688598633 -1.497061252593994 0.166799 0.164772 0.491812 -2.925314
4 46.52309799194336 -15.59469127655029 -0.2615623772144318 0.699971 1.112134 1.889078 -0.02987982
5 -11.65233993530273 -9.830925941467285 -1.542275786399841 0.227389 0.217128 0.602194 -2.925314
5 -14.32135200500488 -7.684496879577637 -1.566236853599548 0.08213 0.108971 0.30192 2.168861
2 -14.62939834594727 -23.85116195678711 -0.583634078502655 4.660189 1.860138 2.11423 0.01354289
5 -1.392818212509155 -7.083702564239502 -1.443957090377808 0.144958 0.216112 0.331913 -2.925314
5 -18.77431106567383 -6.371147155761719 -1.577113151550293 0.03537 0.102123 0.305879 -3.102489
5 -10.23911285400391 -9.787742614746094 -1.546692609786987 0.163777 0.187323 0.518716 -2.925314
2 49.75830841064453 8.672627449035645 -0.6945419907569885 4.706053 2.401308 2.791636 0.03341088
2 32.02653884887695 8.365428924560547 -0.9428564310073853 4.932623 2.186377 2.294633 0.03341088
5 -13.14565467834473 -9.600001335144043 -1.614227652549744 0.089694 0.120458 0.380798 2.168861
1 57.92250061035156 7.916209697723389 -1.650232553482056 3.427032 0.801625 0.880486 -3.094998
5 -2.82340669631958 -8.403667449951172 -1.350955009460449 0.336046 0.440786 0.831224 -2.925314
5 -7.563165664672852 -9.741645812988281 -1.514875292778015 0.179617 0.181542 0.616913 -2.925314
3 -21.91730880737305 -7.664790153503418 -0.883721649646759 0.482436 0.649421 1.570251 0.6259762
1 24.08608436584473 -4.975907802581787 -1.071808695793152 4.056771 1.942769 1.527613 0.03341088