4 28.25851821899414 -18.15522575378418 -1.076897740364075 1.679436 0.860805 0.840123 0.1486746
6 48.75224304199219 9.826746940612793 -1.554012775421143 0.887294 0.321754 0.460465 0.001596963
6 20.66783142089844 2.115294218063355 -0.5325098633766174 0.646898 0.756888 2.455858 -0.01603229
4 26.92830276489258 20.79242706298828 -1.507125854492188 0.958512 0.585852 0.949348 -0.0006930498
4 -9.381763458251953 9.77208137512207 -1.483042716979981 1.062984 0.307299 0.678741 -3.135821
5 8.04301929473877 -8.794607162475586 -1.434638500213623 0.284316 0.200856 0.392947 -2.681638
1 7.511322975158691 -52.89809417724609 0.235738530755043 2.632972 0.414233 0.988964 -3.121007
1 7.889713287353516 -41.02424621582031 -0.3938008248806 4.63057 1.999532 1.154368 -3.129027
1 -5.211781024932861 8.749741554260254 -1.262212038040161 4.473272 1.822923 1.459682 -3.101599
1 7.357165813446045 10.00282859802246 -1.200952529907227 4.408759 1.842817 1.534773 -2.727437
4 29.22245025634766 -13.6728458404541 -1.199197769165039 1.35655 0.519115 0.819318 -0.0604522
5 4.948758125305176 -14.82431793212891 -1.284922957420349 0.352147 0.329611 0.618401 -1.956321
1 23.12921333312988 -44.24579238891602 -0.159717321395874 3.593653 1.399753 0.652065 -1.524257
4 28.74344825744629 -14.36526679992676 -1.104289054870606 1.278281 0.2689 0.959894 -0.0004365344
5 36.59161376953125 8.6533203125 -1.620657920837402 0.334913 0.202464 0.518043 -0.3654957
6 40.51443481445313 9.667670249938965 -1.640516042709351 1.688097 0.82041 0.599117 0.001596963
1 11.23937225341797 -8.897700309753418 -1.023107767105103 3.95355 2.094182 1.514841 -0.6061735
4 27.19406127929688 17.77335739135742 -1.62848424911499 0.45122 0.531443 0.565238 -0.0001439078
6 33.7135124206543 10.99005317687988 -1.576988935470581 0.842557 0.700101 0.185319 -0.01603229
5 3.049932241439819 -12.99954700469971 -1.349823951721191 0.337191 0.292715 0.44197 -0.361025
6 26.41496086120606 22.81622695922852 -1.75731348991394 0.568491 0.513044 0.577827 -0.0006930498
4 29.06965446472168 -14.94308280944824 -1.221870303153992 1.311561 0.359291 0.891019 0.3339704
3 40.29095077514648 15.75479221343994 -0.6569663286209106 0.390116 0.708657 0.648246 3.099341
5 5.509609699249268 -33.06277847290039 -0.9515305161476135 0.278178 0.321524 0.29323 -1.517917
4 29.02840232849121 15.28585243225098 -1.54461669921875 0.762353 1.069607 0.819123 -0.0001439078
2 -35.68606185913086 7.678184509277344 0.05267021432518959 11.266228 2.618766 2.518711 -3.082688
6 37.43930435180664 6.739695549011231 -1.786272883415222 0.129828 0.15584 0.226377 3.078334
5 28.4257755279541 -9.259535789489746 -1.445337533950806 0.290798 0.158323 0.438703 -2.329403
4 31.25398826599121 -10.09605407714844 -1.321439385414124 1.74007 0.551522 0.637218 0.3347128
5 24.53499603271484 19.61819267272949 -1.911098957061768 0.220768 0.219569 0.449876 0.06942543
4 29.43161773681641 -12.7518835067749 -1.276603698730469 1.385168 0.308356 0.666324 -0.1109333
4 28.6804256439209 -16.65073966979981 -1.211994528770447 1.251647 0.343856 0.852606 -0.1313495
1 55.44675064086914 9.666549682617188 -1.639414548873901 1.391879 1.668827 0.702753 -0.02313516
5 26.96701622009277 -10.99037265777588 -1.401061058044434 0.160999 0.262026 0.424125 -0.442552
5 1.039443016052246 -11.26352405548096 -1.213715076446533 0.287437 0.308463 0.615253 0.7034324
4 30.21880912780762 -12.29462909698486 -1.297814249992371 1.237156 0.440987 0.627728 0.1110633
6 26.04635429382324 22.0290470123291 -1.813416957855225 0.548112 0.423062 0.39993 -0.0006930498
4 25.74914741516113 19.83694076538086 -1.636677503585815 0.329241 1.530207 0.548182 -0.0001439078
6 35.24846267700195 9.427356719970703 -1.698075532913208 0.162876 0.222044 0.246031 -1.644058
6 26.17053413391113 21.31015586853027 -1.70182466506958 0.24848 0.66284 0.572173 -0.0006930498
5 5.294823169708252 -25.80050849914551 -0.9634803533554077 0.264271 0.340167 0.460396 -1.788945
5 26.60208320617676 16.06044387817383 -1.897189617156982 0.182929 0.160763 0.420722 -0.2237236
6 36.4887809753418 10.55311012268066 -1.482997536659241 0.374082 1.317088 0.594393 -0.01603229
3 11.66017627716065 29.24554634094238 -1.085152745246887 0.531419 0.447394 0.98255 0.08427712
4 27.17012023925781 16.52241706848145 -1.603769779205322 0.341722 0.815104 0.546474 0.001596963
4 31.48573112487793 -10.62238502502441 -0.9293168187141418 1.058683 0.209391 0.55464 0.2297941
4 -13.10093021392822 9.613744735717773 -1.708800792694092 1.49524 0.438819 0.715153 2.966627
6 26.17500305175781 19.9964714050293 -1.757115483283997 0.446989 0.859674 0.369421 -0.0001439078
6 35.03295516967773 11.11289310455322 -1.304317474365234 1.159601 0.359805 0.787738 -0.01603229
6 27.22318840026856 18.79260635375977 -1.675377368927002 1.027256 0.684362 0.5476 -0.01199384
6 28.40133666992188 -19.6276969909668 -1.079201459884644 1.301024 0.152948 0.440976 -0.1712418
4 29.37812423706055 -13.25178813934326 -1.12471616268158 1.160146 0.382836 0.99617 -0.1046719
1 8.057686805725098 -46.05489349365234 0.09997129440307617 4.483345 1.073026 1.145473 3.110775
1 27.55472564697266 11.75965118408203 -1.279818058013916 4.46409 1.676619 1.470922 2.123429
1 0.6244151592254639 9.141703605651855 -1.239494919776917 4.991985 1.884067 1.496311 -3.041759
6 36.92891693115234 10.19600486755371 -1.465638875961304 0.339975 1.358206 0.167501 -0.01603229
5 5.295360565185547 -30.19643211364746 -0.9182724952697754 0.164775 0.208957 0.402975 1.666252
6 27.85870552062988 16.14886093139648 -1.655540704727173 1.338997 0.661361 0.660248 0.9862494
2 27.55062866210938 -3.990882873535156 -0.2839449048042297 8.663884 2.483781 2.99916 0.9936452
6 34.5079460144043 10.28096771240234 -1.698344945907593 0.442896 0.724873 0.35139 -0.01603229
4 27.55306816101074 18.28209495544434 -1.656928896903992 0.773477 0.252058 0.564549 -0.0001439078
5 5.266438961029053 -27.84095001220703 -1.006309390068054 0.254015 0.183211 0.398836 -3.11656
6 27.32222175598145 17.28304672241211 -1.625691175460815 0.683819 0.362736 0.570959 -0.0001439078
6 29.11677742004395 -15.92110538482666 -1.243626117706299 1.34326 0.433842 0.481736 0.02262517
5 4.625622749328613 -6.825084686279297 -1.444865703582764 0.255159 0.281623 0.548139 2.608928
5 5.53357744216919 -36.47997283935547 -0.9668052792549133 0.308188 0.391491 0.460532 -0.1491129
4 29.26499557495117 -15.34222316741943 -1.226843476295471 1.060124 0.326869 0.840638 0.2274708
6 37.82783889770508 2.794677734375 -1.550042271614075 0.158217 0.076728 0.291605 -1.574141
4 30.90882301330566 -11.79296207427979 -1.337535619735718 1.080839 0.315153 0.664697 0.01527632
6 25.67831230163574 23.09076499938965 -1.803948760032654 1.84129 0.145577 0.358841 1.353781
6 30.84940719604492 -11.10662078857422 -1.391155481338501 1.173101 0.407984 0.488012 0.05860849
6 52.8057746887207 9.699817657470703 -1.790701389312744 1.164896 0.724949 0.675441 0.0240145