1 39.54338455200195 -8.327731132507324 -0.784783661365509 4.546482 1.19715 1.542974 1.550491
1 -64.90693664550781 3.779766798019409 -1.87929892539978 1.177183 1.317083 0.786426 -3.126621
1 39.58007049560547 4.615704536437988 -0.7638378739356995 3.975785 1.587287 1.500464 1.502121
5 -5.293747901916504 -13.23469543457031 -1.332375645637512 0.323526 0.320935 0.770176 2.564517
5 -9.734039306640625 -2.17751669883728 -1.52213454246521 0.391406 0.293794 0.682986 -2.447474e-16
5 -11.73534297943115 -2.14118766784668 -1.569885611534119 0.26564 0.3213 0.630796 1.657967e-16
3 4.198999404907227 11.85393714904785 -0.74432772397995 0.405604 0.734212 1.132232 0.424118
1 39.19729614257813 -24.2298755645752 -0.7031922340393066 4.055348 1.767357 1.777831 1.450477
1 28.60858726501465 -29.13383865356445 -0.2449136227369309 4.505692 1.7345 1.322491 -1.609938
5 -4.945821762084961 -2.262340307235718 -1.520100951194763 0.244959 0.254785 0.53167 -3.212317e-16
1 -8.515957832336426 -24.25174331665039 -0.7727775573730469 1.230808 1.202765 1.325678 -1.607913
1 0.1786767542362213 -8.641623497009277 -0.8386632800102234 4.40737 1.929534 1.4755 -0.06996763
1 40.03940200805664 9.794573783874512 -0.9309702515602112 4.603071 1.771119 1.275435 1.412701
5 -5.153861522674561 -12.89495658874512 -1.426542639732361 0.246829 0.316256 0.5115 2.621557
6 -19.61987113952637 -8.550995826721191 -1.114675879478455 0.938864 1.359285 0.520543 -2.498941e-16
2 -50.00025939941406 0.14664126932621 -0.6370471119880676 2.010487 2.46436 2.590942 -0.0038345
1 27.92663192749023 -39.67113876342773 -0.3947835564613342 2.527978 1.585198 0.664083 -1.562796
1 29.04470634460449 -22.97381591796875 -0.5872541069984436 3.911591 2.035093 1.560989 -1.60687
1 39.51626586914063 -19.17477035522461 -1.046974658966065 4.10403 1.018139 0.972108 1.546587
1 40.54612731933594 15.05154609680176 -1.028817176818848 3.728116 1.587047 1.4074 1.539607
1 39.76059722900391 -13.35091781616211 -0.9040430188179016 4.317842 1.737565 1.22027 1.596627