2 -32.21486282348633 6.45173454284668 -0.1962148547172546 2.803631 1.967096 2.709481 1.473811
2 57.19924163818359 -3.571146965026856 -0.4353734254837036 1.132494 2.391088 2.410107 0.08878747
1 19.70647811889648 -6.814344882965088 0.3087843656539917 3.038484 0.189288 1.175253 -0.0002567252
2 21.85448265075684 5.112686634063721 -0.4409121572971344 5.301728 0.617565 2.973433 3.081986
2 -10.63441276550293 5.86210823059082 -0.5773774981498718 1.126887 2.226494 2.475005 1.586429
2 -41.84383010864258 5.218165874481201 -0.1444662064313889 0.44943 1.8431 2.549651 1.636747
4 31.80536651611328 -3.787871360778809 -1.183704853057861 0.8707 0.540132 1.646285 -0.08166299
2 -24.48762893676758 5.856242656707764 -0.3795503377914429 1.237429 2.253881 2.3349 -1.545328
1 13.86922454833984 5.772892951965332 -1.161498665809631 4.214972 1.81673 1.457798 3.073153
2 -2.49487042427063 -8.228414535522461 -0.6626817584037781 5.833493 2.359433 2.455916 1.526349
1 -13.99454212188721 6.124646663665772 -1.067813873291016 3.958138 1.25392 1.484501 0.0185149
1 1.394915223121643 -4.935317993164063 -1.053109526634216 4.568166 2.125005 1.556426 -0.2299075
2 -11.81879997253418 -15.73349475860596 -0.1325868964195252 6.778667 2.165772 2.298944 -1.775306
2 12.73185348510742 -5.262857913970947 -0.4300731718540192 0.175577 1.939171 2.349739 -1.571854
1 -28.44990730285645 5.64328145980835 -0.9327127933502197 3.869905 0.395604 1.661885 3.117433
2 58.96635055541992 4.27484655380249 -0.4280645549297333 4.321511 0.924229 2.521233 -0.06756701
2 49.79061889648438 5.325891017913818 -0.5976866483688354 4.122255 1.709321 2.817315 -3.133357
2 48.16018676757813 -8.546147346496582 -0.1088747903704643 5.48204 2.354441 3.271152 1.591304
2 -5.967746257781982 -9.020139694213867 -0.6558203101158142 5.491501 2.159129 2.453657 1.485931
1 51.33656311035156 -3.859902620315552 -1.005523920059204 1.469285 1.679659 1.092853 0.08779965
2 26.82917594909668 -7.382453441619873 0.0237930566072464 4.523673 1.775628 1.662682 -0.1544312
2 -14.41745185852051 -5.325051784515381 -0.4969077706336975 6.099477 2.230408 2.635001 0.03421384
1 29.21050834655762 5.197076320648193 -1.066643476486206 4.434023 1.113348 1.422831 3.096729
2 5.181528091430664 -7.761622905731201 -0.5240561366081238 2.292657 2.304422 2.208643 -3.133484
2 -7.159305572509766 8.006707191467285 -0.5859512686729431 6.07469 2.293046 2.48586 1.435921
2 -37.48272705078125 5.420124053955078 -0.1660565882921219 1.135321 1.909253 2.579261 1.516573
1 -0.9470683336257935 6.355692386627197 -0.9869150519371033 4.560196 2.167071 1.693538 -0.005234941
2 37.77406692504883 5.498101234436035 -0.491301029920578 8.621694 2.207921 3.068855 -0.03467065
2 -38.42502593994141 3.302468299865723 -0.07613702863454819 2.184054 2.133728 2.896624 3.116958
3 -19.66807174682617 4.730321884155273 -1.043998122215271 0.555738 0.631118 1.539441 2.939825
1 4.832847118377686 6.173118114471436 -1.115934729576111 4.697131 1.884032 1.494953 3.136358
2 7.603666305541992 -4.966654777526856 -0.6344919800758362 6.379683 2.484951 2.460583 -0.05205662
2 -21.78873252868652 6.767432689666748 -0.3566104471683502 2.353972 2.494542 2.723287 1.607395
1 27.25572776794434 -4.85122537612915 -1.22909688949585 3.754265 1.495772 1.088564 -0.005912737
2 -19.39158439636231 -10.11122417449951 0.1510851234197617 1.897943 1.419892 1.579392 -1.767274
2 -23.52371597290039 -4.471697330474854 -0.3353747427463532 6.215577 2.316423 2.869081 -0.1162236
1 17.73925971984863 -5.128881454467773 -0.9382271766662598 4.594275 1.910271 1.912196 -0.008666817
1 39.43856048583984 -8.756214141845703 -0.4952394664287567 3.674426 1.498869 0.898158 3.09895
2 17.58369827270508 6.952874660491943 -0.4746741652488709 5.151515 2.278302 2.772294 1.50969
4 -32.75165939331055 4.445783615112305 -1.328439474105835 1.307268 0.477158 0.74503 -0.7736109
1 0.4054118990898132 -7.6822829246521 -1.025618195533752 2.777432 1.517965 1.402438 -0.1358102
2 -33.63900375366211 -3.946169137954712 -0.2643654346466065 6.30216 2.031996 2.996435 0.0
2 -13.47721099853516 -9.92910099029541 -0.5327721238136292 6.129697 2.17415 2.679327 1.561053
2 9.05445671081543 7.603808879852295 -0.5771704316139221 6.256579 2.42624 2.554324 -1.6554
2 -18.42668914794922 7.226760387420654 -0.452116847038269 2.442623 2.080795 2.711857 -1.525151
1 -42.31750106811523 -3.262641668319702 -0.9203592538833618 3.222095 0.640403 1.769873 -0.04085584