3 16.33777618408203 -47.41443634033203 -0.1816056966781616 0.661462 0.850955 0.619587 -1.562902
5 4.624366283416748 -6.818676471710205 -1.453553915023804 0.172041 0.222567 0.486282 2.668591
1 7.50818681716919 -52.76614379882813 0.2764304876327515 2.470959 0.284272 0.910984 -3.08794
5 8.09220027923584 -8.789361953735352 -1.505581140518189 0.209037 0.244608 0.450417 2.668591
6 46.14604568481445 9.903510093688965 -1.542811989784241 1.041795 0.381625 0.52539 0.7812192
6 27.85513687133789 16.05104446411133 -1.676936745643616 1.119875 0.426478 0.633974 1.292238
4 -13.08691120147705 9.600539207458496 -1.629599332809448 1.367156 0.328238 0.820335 2.985091
6 5.414923191070557 -32.96823883056641 -0.9483731389045715 0.254701 0.39689 0.558581 -1.516192
5 5.801671504974365 -43.68193054199219 -0.7908400297164917 0.164034 0.171888 0.392946 -1.50525
1 27.57310295104981 11.74173259735107 -1.266604661941528 4.446669 1.68724 1.456593 2.10803
6 33.3857421875 10.98098659515381 -1.623786568641663 0.676034 0.116734 0.212048 1.395352
6 36.99365234375 9.770184516906738 -1.562224984169006 0.818986 0.135405 0.299235 1.289029
6 34.50099182128906 10.32354831695557 -1.674786686897278 0.680467 0.180997 0.222605 1.263385
1 -5.204907417297363 8.73575496673584 -1.267054796218872 4.466047 1.889998 1.471248 -3.117307
4 29.26787948608398 -13.8626184463501 -1.036123394966126 1.583689 0.462024 0.506254 -0.003033133
6 41.15642547607422 9.695890426635742 -1.473350763320923 1.187109 0.497417 0.281801 0.728
5 28.3754940032959 -9.233359336853027 -1.456253170967102 0.220064 0.096171 0.391843 -2.135994
6 29.01623153686523 -14.90645694732666 -1.244857549667358 0.851873 0.327486 0.536458 -0.003033133
6 35.21878814697266 9.420971870422363 -1.695591807365418 0.163245 0.121662 0.203083 -0.570365
5 5.299933910369873 -27.92383193969727 -1.032679915428162 0.17045 0.17232 0.364329 -1.551065
6 26.10751152038574 20.4159049987793 -1.712857961654663 1.189693 0.356513 0.632707 0.365377
6 28.76057815551758 -19.39209175109863 -0.9445837140083313 1.985589 0.793647 0.525698 -0.003033133
6 30.32947540283203 -12.36320972442627 -1.137341380119324 1.377785 0.622817 0.354435 -0.003033132
4 31.1754207611084 -11.83756732940674 -1.176460981369019 1.339588 0.480563 0.715275 -0.00303313
6 31.19474792480469 -10.49286270141602 -1.077116250991821 1.670088 0.547912 0.861051 -0.003033128
6 30.7795581817627 -11.1624059677124 -1.320218563079834 1.220461 0.557474 0.39288 -0.003033123
6 25.83820724487305 19.59376335144043 -1.711732029914856 0.967102 0.411673 0.613332 0.9223453
6 26.5620059967041 22.74367523193359 -1.639849901199341 0.660941 0.684608 0.34773 -0.001290624
1 0.6425974369049072 9.139043807983398 -1.238531470298767 4.988511 1.920883 1.495271 -3.052418
4 28.70477104187012 -16.61120986938477 -1.057078838348389 1.53628 0.504941 0.557699 -0.003033133
6 28.88961410522461 -15.74658870697022 -1.261504650115967 0.980868 0.436311 0.55925 -0.003033133
6 25.61092948913574 23.16027641296387 -1.772597312927246 1.838712 0.285246 0.275601 -1.78683
6 28.10197067260742 17.38788223266602 -1.448428630828857 1.456696 0.614944 0.893414 -0.001635641
2 -35.69400024414063 7.680263042449951 -0.09758437424898148 11.266514 2.820578 2.865615 -3.097284
6 26.12088966369629 21.24001121520996 -1.691997528076172 0.405678 0.73761 0.581642 -0.001290624
5 5.340457439422607 -30.29669570922852 -0.9375439286231995 0.342476 0.229741 0.362852 -1.474633
6 14.73615741729736 27.58246803283691 -1.161586403846741 1.010403 0.452046 0.778827 -1.546608
6 29.56594085693359 -12.79960918426514 -1.2402184009552 1.136188 0.249201 0.546534 -0.003033133
6 25.94842720031738 21.90677261352539 -1.800527095794678 0.662925 0.455232 0.418672 -0.001290624
1 8.072112083435059 -45.84426116943359 0.1213949918746948 4.31774 0.779273 1.106227 -3.132084
4 27.1474781036377 16.52040481567383 -1.593852281570435 0.218038 0.802002 0.551442 -0.003270425
6 48.39086151123047 10.27124214172363 -1.624537587165833 1.013854 0.562468 0.545492 1.317681
5 3.04987907409668 -13.03294944763184 -1.377830743789673 0.301375 0.272952 0.417856 2.448098
5 26.6704273223877 16.0651912689209 -1.898164033889771 0.219202 0.278871 0.414057 -1.088185
6 34.33879852294922 10.89712619781494 -1.669681310653687 0.759452 0.193884 0.236743 1.016405
1 7.315782070159912 10.00217151641846 -1.197029113769531 4.337718 1.850698 1.53197 -2.732772
5 36.59690856933594 8.674928665161133 -1.628235816955566 0.26797 0.154788 0.460883 -0.7329445
4 -9.447330474853516 9.801506042480469 -1.621987104415894 1.109178 0.328785 0.890018 3.028221
5 1.046903848648071 -11.27163124084473 -1.205349087715149 0.264432 0.236653 0.507585 2.444729
4 31.5634651184082 -9.756485939025879 -1.272338509559631 1.299092 0.909775 0.575053 -0.003271121
3 11.61944675445557 29.25736045837402 -1.073957800865173 0.273931 0.491659 0.923297 1.542938
4 28.72110366821289 14.85564517974854 -1.578820824623108 0.909492 0.147558 0.859259 0.8956424
5 5.318896293640137 -25.76845741271973 -1.011445879936218 0.19458 0.205804 0.477149 -1.556295
1 7.808146476745606 -40.9488525390625 -0.4714579880237579 4.55751 1.74604 1.31283 -3.132525
6 36.50976943969727 10.40562152862549 -1.636464357376099 1.009935 0.216502 0.482737 1.169182
3 38.84847640991211 17.09761047363281 -0.4962932467460632 0.291347 0.348285 0.366615 -0.003271075
6 26.97023582458496 18.9911060333252 -1.709821343421936 1.131874 0.208688 0.553431 1.009558
2 27.56277847290039 -3.952044486999512 -0.2766853868961334 8.67358 2.351209 2.998452 1.024113
5 24.53251647949219 19.64990043640137 -1.92815113067627 0.136576 0.099184 0.406114 -1.088185
4 29.12423515319824 -15.26391410827637 -1.172720193862915 1.275531 0.248997 0.741973 -0.003033133
1 55.40033340454102 9.70176887512207 -1.606196522712708 1.408292 1.761493 0.720551 -0.02979351
1 22.34397125244141 -19.96194839477539 -0.749333381652832 4.159325 1.287796 1.518381 1.597166
5 5.562308788299561 -36.34195709228516 -0.9746382832527161 0.104191 0.262839 0.414578 -1.564014
5 26.9840087890625 -10.95131874084473 -1.409971356391907 0.156 0.108552 0.368395 -2.135994
1 11.24558734893799 -8.854472160339355 -1.019316554069519 3.914095 2.06851 1.512189 -0.6629012
4 29.37844657897949 -13.35395812988281 -1.062010288238525 1.204332 0.36157 0.882338 -0.003033132
4 28.40503120422363 -18.06735801696777 -0.9133933186531067 1.300608 0.598382 0.521904 -0.003033133
5 4.959127902984619 -14.80768775939941 -1.221576690673828 0.281861 0.266684 0.566385 2.433224
4 28.76258087158203 -14.34133434295654 -1.056764483451843 1.286689 0.315263 0.873999 -0.003033133
4 27.14962959289551 17.77373695373535 -1.631961107254028 0.355271 1.275636 0.580687 -0.003259319