1 -19.80234146118164 -10.20771217346191 -0.8270480632781982 2.982954 0.723845 0.912397 -0.01613242
6 4.527176380157471 -4.149925708770752 -0.02630799636244774 0.565319 0.455559 0.504154 -1.685825
2 19.56548881530762 -4.306943416595459 -0.3210603594779968 5.841143 0.734303 2.793684 0.03576417
2 -59.71733093261719 -5.657275199890137 -0.537514865398407 6.252125 2.32881 2.494944 3.08339
2 -30.19871330261231 6.702559947967529 -0.5418965816497803 0.736395 1.919337 2.488303 1.99774
2 51.44929885864258 5.977854728698731 -0.1499178856611252 2.349215 1.501771 2.236711 1.531325
2 42.73002243041992 6.451606750488281 -0.09171789884567261 3.008695 1.236841 2.64351 -1.640608
6 -10.2607011795044 3.414080381393433 -0.344572901725769 1.001187 0.511295 0.270012 -3.137259
2 23.63070297241211 7.698997497558594 -0.183081641793251 4.177425 2.593718 2.908344 1.619327
2 26.81668663024902 5.69802713394165 -0.2032890468835831 0.747286 2.48736 2.598542 1.481131
2 15.8489875793457 6.82986307144165 -0.6177160739898682 1.117799 2.086687 2.23767 -1.488084
1 52.01890182495117 -4.05529260635376 -0.8955853581428528 4.1667 0.682055 1.330006 -0.03143866
4 -50.0340576171875 -2.945980787277222 -1.448144912719727 1.802233 1.053635 1.312581 2.95914
2 -21.37081527709961 -6.100030899047852 -0.4918180704116821 6.571794 2.180508 2.851758 3.132099
2 -24.40454292297363 6.693233013153076 -0.6207300424575806 5.921751 1.094792 2.817749 0.02829636
3 19.3831729888916 4.876621246337891 -0.9538255333900452 0.697182 0.788452 1.491699 -3.105829
2 42.22480773925781 -7.05784273147583 0.3655096888542175 7.618341 1.59781 1.726065 3.141592
2 9.312867164611816 8.54570198059082 -0.5145410895347595 6.120073 2.599229 2.464044 -1.462426
2 8.557099342346191 -6.473512649536133 -0.5668584108352661 3.36977 1.939414 2.460804 2.964294
2 -7.098423480987549 -6.075406074523926 -0.6469045877456665 6.268175 2.11233 2.45013 -0.009367189
1 19.7086124420166 6.589902400970459 -1.065755367279053 4.020634 1.505651 1.484548 -0.1379078
2 -36.82560348510742 7.170410633087158 -0.6183915138244629 1.925926 1.967984 2.915838 2.255106
2 -18.54341506958008 6.220850944519043 -0.475125789642334 1.303004 2.402094 2.612148 1.655894
1 32.88695526123047 5.919032096862793 -1.139836549758911 3.606951 0.550031 1.219981 0.006568724
2 -3.124090671539307 8.141018867492676 -0.6564186215400696 6.390551 1.743965 2.438296 1.56059
6 5.47304105758667 -5.521677017211914 -0.1272887885570526 0.322717 0.655201 0.780113 -1.497115
6 -40.31097030639648 6.144615650177002 -0.3123941421508789 0.437095 0.624729 2.30885 -1.497892
2 -43.25669097900391 6.203468799591065 -0.7371435761451721 1.508505 2.233055 2.691631 2.215701
2 2.090932369232178 7.576290607452393 -0.6362442374229431 4.730718 2.377071 2.414964 1.451978
2 -59.93929290771484 7.227208614349365 -0.7615304589271545 4.711898 0.728522 2.431484 -3.141592
6 1.388665080070496 4.78211259841919 -1.298976421356201 1.820822 0.69618 1.01081 -0.4446112
2 0.4770893454551697 -3.431295871734619 -0.6923051476478577 6.23646 1.98904 2.239094 -0.03620448
2 -6.210602760314941 3.961834669113159 -0.6931108832359314 6.303864 2.779044 2.362829 3.070393
4 -42.08718109130859 3.534314870834351 -1.497156620025635 1.14965 0.768981 1.092222 0.004961038
1 -8.36904239654541 -3.549958944320679 -0.9954996705055237 4.355727 2.026093 1.716118 -0.05107728
2 10.53521823883057 -4.166515350341797 -0.5558146834373474 6.06832 2.606995 2.555478 -0.1100871
2 41.05228424072266 -4.57022762298584 -0.02118596807122231 4.602887 2.176427 2.919652 -0.01590715
2 -40.87700653076172 -6.956930160522461 -0.8076383471488953 4.820302 2.269001 2.466574 1.971313
2 32.13372039794922 -5.635993003845215 -0.3401836752891541 1.010068 2.321011 2.068036 1.543071
1 38.94205856323242 5.827683925628662 -1.217729806900024 3.684568 0.442817 0.841387 3.11343
1 -32.76721572875977 -6.11540412902832 -1.37553596496582 3.928016 1.529861 1.358966 -0.05105025
1 5.547837734222412 6.548967838287354 -0.9102791547775269 4.36359 1.839579 1.882845 3.119707
2 12.64178943634033 6.785152435302734 -0.4351858496665955 1.692067 2.640242 2.547649 1.619457
1 34.20413970947266 -4.408170700073242 -0.8706405162811279 1.603024 1.759498 1.246563 -0.2777804
2 -0.4226893186569214 6.368083000183106 -0.6609002351760864 1.417696 2.210664 2.223189 1.491143