1 0.5887311697006226 9.142414093017578 -1.229336738586426 4.967043 1.914518 1.478579 -3.050835
2 -35.68576812744141 7.626139640808106 -0.1136072129011154 11.271591 2.850837 2.950506 -3.101618
6 46.6095085144043 10.07155513763428 -1.574164867401123 2.714168 0.906203 0.62371 0.00536524
1 11.33032608032227 -8.81722640991211 -1.024338006973267 4.015286 1.834231 1.521754 -0.6210485
1 7.810593128204346 -40.92795181274414 -0.4785756766796112 4.768822 1.718012 1.327689 -3.113586
4 -9.369593620300293 9.847088813781738 -1.596408605575562 1.043409 0.44766 0.906991 -3.140908
3 11.66378116607666 29.2602710723877 -1.073950529098511 0.392136 0.48257 0.932051 1.559516
5 4.961658000946045 -14.77700233459473 -1.26631498336792 0.332315 0.31779 0.738948 -7.160319e-16
4 34.37043762207031 10.92512798309326 -1.794195413589478 0.792169 0.160294 0.504356 0.9623248
1 -5.192720890045166 8.724207878112793 -1.252720355987549 4.449391 1.84879 1.441956 -3.132404
5 5.771657943725586 -43.70384216308594 -0.781355619430542 0.205743 0.293728 0.413655 -1.529358
5 24.51702499389648 19.60831451416016 -1.925873041152954 0.178949 0.202911 0.412689 0.0
4 48.27765274047852 10.36707973480225 -1.629160046577454 1.52604 0.255109 0.573799 1.929687
6 36.9925537109375 9.770048141479492 -1.562611818313599 0.874984 0.128186 0.324273 1.300483
1 8.14749526977539 -45.84474182128906 0.1195454448461533 4.466969 0.822684 1.110794 -3.113586
6 26.21401977539063 21.51313018798828 -1.84861147403717 0.999557 0.330903 0.480568 1.306049
1 7.507967948913574 -52.81818389892578 0.2378010749816895 2.477612 0.352473 0.98864 -3.113586
4 25.76172828674316 19.83120536804199 -1.71336841583252 1.513202 0.343815 0.668637 1.430621
5 5.294702053070068 -30.29977035522461 -0.9362114071846008 0.331571 0.197475 0.38225 -1.65233
5 1.051966190338135 -11.30670547485352 -1.196874976158142 0.333079 0.409175 0.585832 -1.064371e-15
4 34.59365081787109 10.54921722412109 -1.557916283607483 1.241687 0.268609 0.505762 1.085298
3 15.67642307281494 -36.30941009521484 -0.2866598069667816 0.314379 0.362686 0.519747 -1.519475
1 27.56393051147461 11.76610851287842 -1.293298125267029 4.482119 1.699398 1.510733 2.12331
3 44.28919219970703 15.04165840148926 -0.8470396995544434 0.309376 0.581291 0.953575 2.795017
6 25.94845581054688 22.02825546264648 -1.86529803276062 0.775312 0.286289 0.449221 1.273119
6 52.94710922241211 9.685436248779297 -1.664151549339294 0.94669 0.191138 0.365114 0.3155084
5 26.96146202087402 -10.93586730957031 -1.398646116256714 0.119544 0.138422 0.4299 0.0
5 5.535319805145264 -36.35157012939453 -0.979053258895874 0.092699 0.20874 0.426716 -1.65233
5 28.40351676940918 -9.21786880493164 -1.457786083221436 0.14927 0.226417 0.397204 0.0
5 8.067055702209473 -8.801960945129395 -1.479042410850525 0.298012 0.229313 0.484155 -6.781227e-16
5 5.325423717498779 -25.78103828430176 -1.001862049102783 0.207259 0.205429 0.510546 -1.649227
2 27.52530670166016 -3.970442771911621 -0.3010050058364868 8.687707 2.333563 3.051245 1.022774
5 5.341143608093262 -27.9507942199707 -1.020589828491211 0.222859 0.274087 0.394216 -1.65233
6 25.57832527160645 22.67349815368652 -1.774595618247986 0.916615 0.226991 0.272324 1.245623
4 27.0002498626709 16.43970680236816 -1.655042290687561 1.195258 0.590493 0.682918 1.143072
5 5.492866039276123 -32.9852294921875 -0.8600528836250305 0.217124 0.183871 0.435599 -1.65233
6 33.3947868347168 10.98795700073242 -1.620135068893433 0.654495 0.08013 0.223325 1.307695
6 54.89353942871094 9.758606910705566 -1.424391031265259 1.504128 0.316658 0.281807 1.747771
6 40.90599060058594 9.606457710266113 -1.466841220855713 1.099135 1.449354 0.27216 1.300046
1 7.357536792755127 9.999878883361816 -1.199596285820007 4.457523 1.83128 1.538602 -2.749292
4 36.44216918945313 10.18713665008545 -1.627743601799011 0.587217 0.159141 0.509452 1.159447
3 16.41368865966797 -36.50217437744141 -0.1881917417049408 0.463002 0.604309 0.750452 -1.519475
4 24.83751487731934 26.55036354064941 -1.281453847885132 0.762035 0.310739 1.065386 -1.534998
4 -13.1096715927124 9.680357933044434 -1.693789124488831 1.520789 0.431387 0.62757 -3.140908
6 35.20947265625 9.425127029418945 -1.692308068275452 0.098304 0.149436 0.213783 -0.3109156
6 37.42588043212891 6.737775802612305 -1.774104833602905 0.08496 0.156905 0.213229 0.0
5 3.069203853607178 -13.00317573547363 -1.350115299224854 0.352232 0.369526 0.454424 0.0
5 4.62269926071167 -6.814722061157227 -1.436405181884766 0.258128 0.292346 0.533185 9.877018e-16