6 48.69914245605469 9.862602233886719 -1.540640473365784 0.979178 0.341883 0.464577 -0.001445201
4 14.30181121826172 45.47098541259766 -1.328760027885437 0.713875 0.262328 0.5989 1.555022
5 27.01289176940918 -10.94482707977295 -1.396244287490845 0.168602 0.177102 0.426559 1.015852
5 3.054820537567139 -13.02453994750977 -1.366037487983704 0.37167 0.31352 0.463993 -0.6213605
6 26.59769058227539 16.07879447937012 -1.795851588249207 0.11179 0.107165 0.190105 1.376165
5 5.326154708862305 -27.97130584716797 -1.017577528953552 0.273377 0.334411 0.421182 -1.902491
6 36.72147369384766 10.4300479888916 -1.575292587280273 0.865235 0.917095 0.444565 0.0226777
1 7.377140998840332 9.983701705932617 -1.206107258796692 4.427955 1.816111 1.55134 -2.74429
4 -13.10186958312988 9.684797286987305 -1.697578430175781 1.527463 0.421891 0.739255 3.114973
6 26.33647155761719 23.03471374511719 -1.76408576965332 0.445418 0.967008 0.606465 -0.001164795
4 27.07682418823242 17.5081844329834 -1.613502502441406 0.239742 0.521403 0.55916 0.009723214
3 29.06943130493164 -30.89270973205566 -0.3262197971343994 0.371409 0.495514 0.590378 3.129249
1 11.24135780334473 -8.84809398651123 -0.9924196600914001 3.905699 2.097093 1.458464 -0.6517227
4 34.55690383911133 10.94527530670166 -1.490734100341797 0.729269 0.675523 0.764907 0.0226777
5 5.304458141326904 -25.80191993713379 -0.9935082793235779 0.24444 0.256012 0.522509 -1.55162
6 36.76438522338867 9.287118911743164 -1.46607506275177 0.516955 1.397057 0.578575 -0.001445201
1 8.147112846374512 -45.90973281860352 0.1061654016375542 4.463876 0.838461 1.137533 3.133047
6 26.19994354248047 21.3072681427002 -1.702538847923279 0.323959 0.66276 0.582857 -0.0005533409
6 24.54039192199707 38.36653137207031 -1.119951725006104 0.456984 0.26771 0.249233 1.595524
5 5.319844722747803 -30.29856300354004 -0.9388127326965332 0.316391 0.270598 0.396517 -1.902491
2 27.48801422119141 -3.928761005401611 -0.2655503153800964 8.717372 2.394094 2.9775 1.015852
5 4.971658706665039 -14.81287860870361 -1.202684879302979 0.380918 0.309378 0.613075 -0.6213605
6 26.8341236114502 18.90032196044922 -1.779062151908875 0.589859 0.147365 0.495439 1.210011
6 33.54750442504883 11.03450107574463 -1.455079793930054 0.523135 0.860977 0.404546 0.0226777
4 27.49285888671875 17.38663291931152 -1.63264262676239 0.384505 0.569654 0.567314 -0.001698807
4 28.83962631225586 15.05638313293457 -1.522310256958008 0.426968 0.512856 0.787989 -0.001698807
3 11.61978149414063 29.23863029479981 -1.073077917098999 0.325969 0.454484 0.966119 1.504248
6 26.03761863708496 22.02214813232422 -1.807903528213501 0.510602 0.423104 0.399541 -0.0005533409
4 27.16615104675293 16.55216217041016 -1.595675110816956 0.206001 0.864645 0.551843 -0.001698807
6 16.58950042724609 -40.82365036010742 -0.2443217486143112 0.463719 0.415286 0.848595 -1.508516
4 -9.3718843460083 9.836341857910156 -1.637580037117004 1.208049 0.374835 0.801737 3.114973
6 41.68849182128906 9.774123191833496 -1.394863605499268 2.666823 1.40629 0.611184 -0.08466505
4 46.18841552734375 9.881094932556152 -1.577178001403809 0.616602 0.408043 0.687813 0.02889278
2 -35.6826057434082 7.648734092712402 0.06269024312496185 11.269058 2.749797 2.598346 -3.08599
6 52.85433578491211 9.733814239501953 -1.787040710449219 0.993571 0.871011 0.656421 -0.09561158
4 25.76025581359863 19.84130859375 -1.631155252456665 0.31266 1.520735 0.547308 -0.001698807
6 26.16197967529297 20.07425117492676 -1.738391757011414 0.496326 0.87584 0.420019 -0.001698807
5 5.540440559387207 -36.33583450317383 -0.9612168073654175 0.216953 0.242311 0.461705 -2.460656
5 5.499819755554199 -32.97714233398438 -0.8642725944519043 0.193545 0.206073 0.398464 -1.902491
6 25.60549163818359 22.73274040222168 -1.776213526725769 0.948873 0.18359 0.277526 -1.742501
5 8.073118209838867 -8.788582801818848 -1.444130897521973 0.233771 0.169179 0.358087 -0.06905881
1 0.5485122799873352 9.134927749633789 -1.241183519363403 4.891317 1.910705 1.501336 -3.05544
5 4.621694564819336 -6.80106258392334 -1.433340311050415 0.256526 0.24832 0.528591 -0.06905881
3 41.1152229309082 15.47387790679932 -0.7781774997711182 0.640126 0.592395 0.895256 -3.067386
1 -5.18856143951416 8.69416618347168 -1.260682582855225 4.435521 1.731326 1.455204 -3.105858
1 7.846477508544922 -40.96002960205078 -0.5080222487449646 4.460506 1.756775 1.386819 3.13261
1 7.508415699005127 -52.84796524047852 0.2659318447113037 2.468055 0.395659 0.932496 3.133047
5 1.051282286643982 -11.26780414581299 -1.19930112361908 0.346243 0.279676 0.535914 -0.06905881
4 27.35665702819824 18.56026649475098 -1.686188340187073 1.178865 0.428228 0.693236 1.363333
1 27.5610294342041 11.78389549255371 -1.291752099990845 4.445179 1.732682 1.503232 2.095685
5 28.38468360900879 -9.232672691345215 -1.452688455581665 0.128 0.260053 0.403159 -0.04161131
6 27.84613227844238 16.28209114074707 -1.651885509490967 1.056721 0.551487 0.66426 1.359679
5 24.53176116943359 19.6024112701416 -1.915783762931824 0.173705 0.135804 0.413239 0.003305174
4 26.75546646118164 20.76141357421875 -1.472429990768433 0.595839 0.521466 0.540516 0.005413674
6 54.77438735961914 9.744486808776855 -1.423932313919067 0.126904 1.347541 0.293222 -0.02616389