2 -28.75857162475586 35.31868743896484 -0.8743232488632202 6.240149 2.447352 3.113773 -1.472932
1 -32.78269195556641 -5.785680294036865 -0.8607064485549927 3.971176 1.478822 1.585835 0.1166189
4 -7.214985847473145 -5.495448112487793 -1.244078516960144 1.635982 0.594573 1.007269 -2.365034
3 36.18829727172852 12.77405738830566 -1.047802686691284 0.377458 0.64314 1.283594 7.380155e-16
1 -37.13375854492188 -5.724830627441406 -0.9507150053977966 1.701441 0.561652 1.178432 0.1166189
1 -14.72226619720459 -4.283414840698242 -0.9852052927017212 4.773311 1.7016 1.473329 -0.07786918
3 -17.11553764343262 38.83384323120117 -1.768607497215271 0.359227 0.600362 1.391417 1.669887
1 -48.44578552246094 3.246777772903442 -0.9860836267471313 3.412792 1.78172 1.605028 -3.096802
6 -43.22301483154297 4.134787082672119 -1.217995762825012 0.219034 1.561367 1.156962 -0.3548491
1 -9.172694206237793 -4.209302425384522 -0.980567216873169 4.076574 1.866971 1.475537 0.07837792
1 -53.12390518188477 2.833722591400147 -0.8388634920120239 0.954922 1.377846 1.741185 -3.115294
1 -48.62126922607422 -6.634371280670166 -1.168606758117676 3.44783 0.878526 1.271051 -0.07943016
1 -19.86525917053223 -4.321396350860596 -0.9476600289344788 3.484133 1.560313 1.557038 0.07096409
1 -37.26713180541992 33.31444931030273 -1.546010851860046 3.999198 2.015386 0.840891 -1.470139