5 8.327943801879883 -9.943260192871094 -1.488239049911499 0.17694 0.186917 0.426048 -2.198622
6 -19.06041717529297 -8.94046401977539 -1.224342942237854 1.973882 0.935863 0.780448 -1.645419
1 23.95582962036133 6.000005722045898 -1.348137378692627 3.864246 1.562136 1.406615 0.3428516
5 6.209173679351807 20.89586448669434 -1.908291935920715 0.290776 0.177771 0.577321 -1.043201
1 12.22464656829834 0.7542921304702759 -1.115238785743713 4.241365 1.757051 1.527464 0.7201061
6 -12.20375442504883 -8.273841857910156 -1.032343029975891 0.34783 0.235446 0.42619 1.180938
5 13.23883438110352 -1.406711220741272 -1.661619067192078 0.19823 0.208176 0.354541 -2.347699
5 -17.07176017761231 -4.820348739624023 -1.50071656703949 0.166265 0.241784 0.465443 -2.934374
4 -19.97316551208496 -8.771225929260254 -1.086535573005676 1.212764 0.858537 1.086061 -1.663282
5 8.30909538269043 -13.85880279541016 -1.406575798988342 0.142846 0.210159 0.330907 -1.574863
4 -31.43940162658691 -12.74065589904785 -1.277275800704956 2.150926 0.688527 0.864731 -1.99674
4 -14.92918968200684 -8.083861351013184 -1.120139479637146 1.52582 0.622877 1.175326 -1.55916
4 -1.988212108612061 -13.86041069030762 -1.151423335075378 1.675163 0.500227 0.865171 -1.310532
4 -6.332610130310059 -9.831252098083496 -0.8821560740470886 1.03784 0.432068 0.554796 -1.859409
4 19.88173294067383 -52.11589813232422 0.06553641706705093 1.43565 1.140029 1.347096 -1.325149
4 -15.7447099685669 -7.905623912811279 -1.11869215965271 1.659572 0.676107 1.173959 -1.520145
4 -13.60916900634766 -8.366392135620117 -1.171267151832581 1.2157 0.375251 1.099691 -1.498698
4 -13.25337600708008 -7.570571422576904 -1.145359992980957 1.359495 0.394024 1.104826 -1.637169
4 -2.508999109268189 -13.97997570037842 -1.046873569488525 1.263395 0.548057 1.141458 -1.355826
6 -48.22088241577148 -18.17157936096191 -0.3164656758308411 0.577101 1.172178 0.376782 -2.833983
4 -12.06094551086426 -7.547846794128418 -1.305420398712158 0.6855 0.463035 0.752916 1.534374
5 12.19110679626465 23.25720977783203 -1.948557615280151 0.293772 0.222026 0.485226 -1.106677
4 -19.40283584594727 8.061028480529785 -1.585942387580872 1.515559 0.737217 0.844399 0.8579694
1 -5.949504375457764 53.60599136352539 -1.644273519515991 1.737727 0.22422 0.957858 -2.838239
5 6.244085311889648 18.77712059020996 -2.003934860229492 0.239405 0.146076 0.381487 -0.952463
4 -14.1241569519043 -7.953543663024902 -1.32816755771637 1.218199 0.361126 0.753366 -1.574611
4 -11.87233448028565 -8.63629150390625 -0.904815137386322 1.03206 0.43668 0.634496 -1.975396
6 10.12725925445557 17.92074012756348 -1.928016185760498 0.201276 0.104967 0.260576 -0.952463
3 14.17047691345215 -18.55427551269531 -0.4528389871120453 0.270688 0.409323 1.091424 -1.280783
2 52.99109649658203 16.00027847290039 -0.6685715913772583 11.492881 2.928151 2.880555 0.3314031
5 -11.51289081573486 -7.379177093505859 -1.426395773887634 0.190055 0.193835 0.506667 3.087777
2 -10.87353134155273 9.044133186340332 -0.6266675591468811 7.384458 2.839844 2.793306 -1.831009
4 -16.46977806091309 -8.042588233947754 -1.124170422554016 1.35214 0.653926 1.148997 -1.50081
6 15.36856746673584 -46.61943817138672 -0.591350793838501 0.152362 0.328571 0.27224 -1.227205
4 -26.83441734313965 -11.09467315673828 -1.06873881816864 0.288464 0.533898 0.797722 -1.146367
4 -1.301693558692932 -15.90774631500244 -1.004202842712402 1.149588 0.319286 1.098059 -0.7054164
1 -4.603689670562744 48.45746994018555 -1.760485172271729 1.407195 0.327312 0.982849 0.3329738
6 -16.17308044433594 6.532908916473389 -1.693812727928162 0.139724 0.217487 0.441707 -0.09866746
6 -0.4841628074645996 -17.88814353942871 -1.331439733505249 0.463202 0.64106 0.236086 1.766777
5 -15.75014877319336 -6.467743396759033 -1.383510828018189 0.289525 0.30652 0.544532 -2.934374
3 -43.56134033203125 -2.993756055831909 -0.7765247225761414 0.2412 0.674812 0.844058 0.302172
6 -0.8390069007873535 -17.58733749389648 -1.032574772834778 0.306183 0.113327 0.342417 -2.306806
5 9.72996711730957 24.23956871032715 -1.944457530975342 0.246174 0.298708 0.453577 -1.106677
1 -6.224107265472412 -6.631778717041016 -0.9078834056854248 4.579749 1.782228 1.548124 -0.7308688
1 13.05004119873047 7.23524808883667 -1.275035858154297 4.406371 1.871112 1.42519 0.3014269
1 -10.251145362854 23.31247901916504 -1.504984736442566 4.084604 1.840568 1.583503 -1.251281
4 -1.028065323829651 -16.99129676818848 -0.9419642090797424 0.553722 0.192883 0.527266 -2.2628
6 -10.13798713684082 43.66733932495117 -1.747807025909424 0.39981 0.51535 0.611579 -1.179883
1 2.923115968704224 17.95713233947754 -1.52726149559021 4.443642 1.893908 1.397008 2.778342
4 -12.94675540924072 -8.300944328308105 -1.233569264411926 1.470086 0.364466 0.894735 -1.660728
5 8.847238540649414 -7.006466865539551 -1.523073315620422 0.216046 0.107093 0.457929 -2.347699
5 11.11741733551025 -2.738153696060181 -1.595034003257752 0.23048 0.171462 0.425756 -2.347699
4 -32.65389633178711 -13.36982917785645 -1.020241260528565 2.438277 0.732037 0.626339 -1.303302
5 -0.9608017206192017 -13.28895950317383 -1.366420149803162 0.302893 0.225578 0.445443 -0.6801049
5 -4.020898342132568 -10.47909927368164 -1.40015721321106 0.223279 0.191693 0.427252 -0.7336133
1 -1.886335611343384 49.27375793457031 -1.602252244949341 1.511876 0.363783 0.629347 0.3005569
5 9.666584014892578 -4.657791137695313 -1.559333324432373 0.224389 0.241012 0.426541 -2.347699
5 0.5051167607307434 -16.4824161529541 -1.292635440826416 0.153042 0.145303 0.425069 -0.6801049
6 -11.87979698181152 4.441390037536621 0.2399583905935288 0.438584 0.45255 0.780956 -1.528858
4 -24.86390113830566 -10.6252384185791 -1.166950583457947 1.9176 1.079753 0.994145 -2.913679
6 -6.26731538772583 27.48390579223633 -1.793432712554932 0.203249 0.342405 0.634847 0.3333586
5 -14.18538475036621 -6.732337474822998 -1.510517358779907 0.234861 0.244212 0.411177 3.087777
1 18.44304275512695 3.691927194595337 -1.25177264213562 4.339381 1.83697 1.447489 0.3625092
5 -18.70995903015137 -1.168846487998962 -1.538468956947327 0.27179 0.171732 0.395566 -2.828492
6 29.0293083190918 9.958939552307129 -1.405815482139587 2.0356 0.397032 0.896679 0.4477684
3 19.61172485351563 7.019432067871094 -1.440624237060547 0.204057 0.369721 1.087629 -0.8478426