5 -0.9438089728355408 -11.87636566162109 -1.438552975654602 0.177737 0.226758 0.36809 -2.953567
5 -0.3310362696647644 -11.14512348175049 -1.433603286743164 0.18471 0.201604 0.414854 -2.953567
5 1.660419702529907 -9.271406173706055 -1.46225368976593 0.201924 0.182913 0.321239 -2.953567
1 10.9442024230957 5.763864994049072 -1.081255078315735 4.673624 1.816269 1.418561 -2.961954
5 -2.369352579116821 -15.19656085968018 -1.434094309806824 0.176232 0.210361 0.345403 -2.953567
5 2.466451644897461 -8.781147003173828 -1.432264804840088 0.193488 0.191436 0.323112 -2.953567
5 -8.223042488098145 20.92079925537109 -2.137625694274902 0.165203 0.159117 0.441598 -3.01966
5 -3.221784830093384 17.05999946594238 -1.919374704360962 0.180083 0.19035 0.399686 -3.01966
5 -2.252329826354981 -20.55265045166016 -1.377738356590271 0.176907 0.157499 0.414847 -2.953567
5 -2.734158515930176 -16.05442047119141 -1.432615041732788 0.156317 0.199813 0.401634 -2.953567
1 46.98594284057617 2.326541423797607 -0.858384907245636 5.364405 2.089545 2.051816 0.2067939
1 4.566402912139893 8.022421836853027 -0.805611789226532 3.344437 1.319298 1.098137 -2.961954
5 -1.5236736536026 -24.237548828125 -1.316808700561523 0.176907 0.165418 0.334254 -2.953567
5 -4.762109756469727 17.98058319091797 -2.054433822631836 0.163027 0.158824 0.396032 -3.01966
4 5.999172687530518 20.95780944824219 -1.300336480140686 2.197256 0.989323 1.506087 -0.1544481
5 -1.778240323066711 -13.35771465301514 -1.421789169311523 0.208038 0.18874 0.392666 -2.953567
3 -37.04935073852539 -25.87002754211426 -0.8670149445533752 0.712572 0.381607 1.451192 -1.453318
5 -2.448769092559815 -19.65463066101074 -1.397056460380554 0.151812 0.14205 0.312935 -2.953567
1 2.509206771850586 3.967227220535278 -0.9963409900665283 4.400217 2.173307 1.631374 -2.961954
4 -42.20365905761719 30.81854820251465 -1.770225286483765 0.454577 0.506705 1.258374 -1.366079
5 -6.324316024780273 18.90725517272949 -2.060092210769653 0.177603 0.162149 0.313507 -3.01966
5 -2.741893529891968 -17.84944343566895 -1.361633539199829 0.140344 0.19863 0.371506 -2.95061
5 -1.444462537765503 -12.66050148010254 -1.416840314865112 0.184386 0.218314 0.397312 -2.953567
5 0.2821806967258453 -10.46215057373047 -1.417154431343079 0.157718 0.14105 0.415289 -2.953567
5 -8.729161262512207 21.66924476623535 -2.173779726028442 0.070644 0.113012 0.340503 2.281456
5 -9.732015609741211 23.18937873840332 -2.191841840744019 0.176855 0.180894 0.402286 2.077649
5 -5.582036972045898 18.44828033447266 -2.028324365615845 0.190598 0.142548 0.402005 -3.01966
4 -0.9432554244995117 -33.67862319946289 -0.6316696405410767 1.97887 1.120434 1.518326 -1.365324
5 0.9968665838241577 -9.851652145385742 -1.411062479019165 0.200441 0.190017 0.409021 -2.953567
3 -44.08544921875 8.956542015075684 -1.336792349815369 0.282585 0.730598 1.466295 2.948528
5 -2.645163536071777 -18.8119068145752 -1.377479672431946 0.140344 0.19863 0.403198 -2.953567
5 -2.009246587753296 -14.06911373138428 -1.420658111572266 0.21335 0.16929 0.402317 -2.953567
3 16.31277465820313 21.1858024597168 -1.187506675720215 0.388582 0.288873 0.586103 -2.931369
5 -4.01343584060669 17.49668312072754 -1.981895327568054 0.185639 0.13269 0.3961 -3.01966
6 -47.93227005004883 -9.89529037475586 -1.284906029701233 0.346369 1.418719 0.341519 -2.921645
1 -33.91789627075195 -2.997734785079956 -1.034100890159607 4.603357 1.905156 1.604467 -1.36115
3 -35.96432113647461 -25.77579879760742 -0.6448593139648438 0.504733 0.406409 1.469847 -1.369788