5 22.78549957275391 19.68585205078125 -2.178321838378906 0.262261 0.165889 0.335778 -1.350305
5 2.961599588394165 -6.795071125030518 -1.463586091995239 0.228211 0.109212 0.479133 -2.393368
5 3.962429046630859 -36.42991256713867 -0.9741951823234558 0.249397 0.331793 0.477821 -1.446151
6 35.52192687988281 9.984770774841309 -1.848684072494507 1.924622 0.988126 1.1463 -0.2337933
5 3.724894285202026 -27.90377235412598 -1.003730773925781 0.305861 0.256139 0.400738 -1.639377
1 20.88309860229492 -18.17343902587891 -0.9681050181388855 4.163843 1.770369 1.424322 1.610574
5 3.752086877822876 -30.24898529052734 -0.9133066534996033 0.256206 0.268426 0.386137 -1.592473
6 53.11941528320313 9.849699974060059 -1.954240202903748 0.253624 1.571372 0.361029 -0.01152683
1 -1.109479069709778 9.109331130981445 -1.249289751052856 4.816614 1.937955 1.55158 -3.083532
5 1.409823656082153 -13.0413703918457 -1.328697681427002 0.301689 0.403985 0.525965 -2.321095
5 6.396941184997559 -8.7902250289917 -1.531431078910828 0.212892 0.195027 0.468199 -2.356759
6 39.27863693237305 9.682894706726074 -1.770331859588623 1.402959 0.766003 0.569519 -0.225543
5 3.661880493164063 -25.75936317443848 -0.9982646703720093 0.176526 0.140836 0.476439 -1.573077
6 25.45092010498047 18.85192108154297 -1.834486126899719 0.913043 1.024429 1.068266 1.05268
1 5.543012142181397 -52.79833221435547 0.1167058721184731 1.599287 0.24159 0.604467 -3.074909
6 25.93084907531738 16.24993324279785 -1.829642534255981 1.15867 1.808303 1.045023 1.443493
5 -0.6136615872383118 -11.30276012420654 -1.225508809089661 0.353087 0.309419 0.568221 -2.316379
5 25.29676055908203 -10.86212253570557 -1.67405378818512 0.15156 0.074997 0.358925 -2.049127
2 25.7849063873291 -3.824228286743164 -0.4081536531448364 8.700561 2.282898 3.159782 1.031244
5 22.33144760131836 23.25905227661133 -2.039875984191895 0.311708 0.196004 0.596518 -1.506469
5 26.70783996582031 -9.18384075164795 -1.720216393470764 0.242289 0.135185 0.370769 -2.121058
6 25.7127571105957 17.54532241821289 -1.817092061042786 0.9298 0.934196 1.019922 0.06171613
4 14.20645618438721 3.059924364089966 -1.176242589950562 1.822962 0.64531 1.615436 -1.554269
1 5.581361293792725 -40.41701126098633 -0.4941400289535523 3.170273 0.548907 1.337237 0.02887177
5 3.312535047531128 -14.82191562652588 -1.247146844863892 0.34519 0.334531 0.612571 -2.314788
4 45.057373046875 10.50510978698731 1.237447142601013 0.407051 1.151725 0.66303 -2.07933
5 24.87368202209473 16.11509323120117 -2.14473295211792 0.208781 0.153942 0.342083 -1.342254
1 6.116817951202393 -45.99786376953125 0.08060293644666672 3.92657 0.974527 1.155066 3.11023
1 5.611413955688477 10.00386333465576 -1.248132705688477 4.410787 1.863227 1.574599 -2.727772
1 -6.901427268981934 8.689803123474121 -1.214434742927551 4.436045 1.801036 1.503031 -3.095786
5 3.853511810302734 -32.99683380126953 -1.037973999977112 0.158245 0.207997 0.402453 -1.509539
5 27.02981948852539 14.96175193786621 -1.576784729957581 0.162706 0.218748 0.60831 -0.41165
4 24.03811454772949 19.8211669921875 -1.824181079864502 1.430207 0.642389 1.047527 -1.711221
6 24.00398254394531 23.10804748535156 -2.101944923400879 1.934934 0.660642 0.648761 1.267486
6 27.71588325500488 16.21628570556641 -1.804211974143982 1.477401 0.816251 1.063164 0.9709234
3 40.85922241210938 12.79302597045898 -1.258807301521301 0.282244 0.536726 0.312561 3.002675
2 -37.49373245239258 7.574913501739502 0.3313418626785278 11.48037 2.657479 2.469172 -3.081744
1 9.703106880187988 -8.777515411376953 -1.110336065292358 4.002479 1.848883 1.472126 -0.6152073
3 10.05763626098633 29.34602928161621 -1.45734429359436 0.504962 0.884789 1.127241 1.50403
6 31.7170295715332 11.00427341461182 -2.067655086517334 0.355066 0.595533 0.500817 2.686026
3 29.02638053894043 23.42501831054688 -1.108099341392517 0.276456 0.400776 0.738771 -0.8050284
5 34.925537109375 8.763330459594727 -1.978841781616211 0.35129 0.311295 0.511295 2.215861
1 25.53290557861328 11.63730621337891 -1.53899097442627 4.532435 0.959468 1.473759 2.101308