1 45.19573974609375 -13.24277114868164 -0.9668655395507812 4.441079 1.873902 1.230448 1.569513
5 2.824249505996704 -2.17078447341919 -1.372899889945984 0.270849 0.334221 0.530758 0.02236824
5 -4.320326328277588 -2.117858409881592 -1.435867786407471 0.270736 0.28314 0.548819 0.01779539
1 45.87239837646484 15.15459823608398 -1.01848304271698 3.865893 1.611672 1.337248 1.536858
3 10.03725910186768 11.80756568908691 -0.7340063452720642 0.477165 0.494616 1.008483 0.004308561
1 34.30972671508789 -23.08568382263184 -0.734444260597229 4.400691 1.771442 1.622485 -1.61811
1 -3.013637542724609 -24.53093528747559 -0.7192426323890686 1.928307 1.65839 1.607898 -1.835579
1 -4.189567089080811 -28.44836807250977 -0.352150946855545 0.880557 1.263141 1.113415 -1.785298
5 0.05395030975341797 -13.21813678741455 -1.334500789642334 0.236934 0.253568 0.606406 -1.63161
1 34.11712265014648 -28.44074249267578 -0.1892379224300385 3.473676 1.760092 0.977005 -1.608133
1 45.03869247436523 4.875049114227295 -1.052974820137024 3.992226 1.766113 1.474017 1.538267
1 44.64450454711914 -19.19882583618164 -1.163916826248169 3.704859 0.256711 1.039945 1.62159
1 33.48957443237305 -39.39604568481445 -0.4393360018730164 2.149359 1.306516 0.689841 -1.536296
1 5.385541439056397 -8.644647598266602 -0.8270275592803955 4.172397 1.745433 1.494995 -0.1004285
6 -13.93104457855225 -8.530643463134766 -1.029335141181946 0.210742 0.379406 0.428333 3.141155
1 -5.191277503967285 -35.58456420898438 -0.4598995447158814 3.628039 1.503211 1.741496 -1.853433
1 45.34429168701172 9.937604904174805 -1.028375029563904 4.566001 1.752203 1.402483 1.425616
5 -6.390723705291748 -2.085475444793701 -1.481459856033325 0.342898 0.285015 0.658155 0.01779539
1 44.15402984619141 -24.10295867919922 -0.9045443534851074 3.969213 0.583223 0.995786 1.373068
2 -48.50060653686523 0.08304809033870697 -0.5764164328575134 2.248931 2.467752 3.149606 0.01711269
1 -53.11517715454102 3.668532133102417 -1.55846631526947 0.503912 1.596313 0.602206 -3.12448
5 0.2291628122329712 -12.85283088684082 -1.364450335502625 0.276952 0.299231 0.604198 -1.722165
1 44.57275009155273 -8.344532012939453 -0.8118098974227905 4.237085 0.537784 1.557856 1.569513