4 -36.20645141601563 11.19772815704346 -1.733813762664795 0.742166 0.368972 1.109872 -3.1157
1 -4.496318340301514 52.06743621826172 -2.527505874633789 1.254745 1.498201 1.13041 1.591855
1 21.06233024597168 21.30957412719727 -1.790560126304627 4.562589 1.7695 1.506149 3.141592
2 39.34304046630859 -3.130264282226563 -0.3299708366394043 7.052595 2.477655 3.000523 0.0
6 5.242290019989014 21.84958839416504 -2.4614098072052 1.200062 0.776075 0.422292 -3.078837
1 -54.14395523071289 14.88401699066162 -1.568912506103516 3.745461 1.722576 1.531975 -3.114661
3 -4.732456684112549 -41.15031433105469 0.57342529296875 0.630083 0.388129 2.053649 -3.128625
4 33.07015609741211 -8.482444763183594 -1.026799917221069 1.574869 0.465147 1.356792 0.0
1 -9.41723346710205 16.21443939208984 -1.564766764640808 4.745915 1.762609 1.740775 3.138898
4 -10.77795505523682 2.753274440765381 -0.9070537686347961 1.682693 0.802927 1.759878 -2.110347
1 -23.24313354492188 15.8869686126709 -1.686705589294434 2.212014 0.696235 1.415161 -3.116
3 -5.69849967956543 -44.2569465637207 0.606187105178833 0.909698 0.35076 2.200916 -3.128625
1 58.39011383056641 0.4591431021690369 -1.243062615394592 1.823152 1.587858 0.815413 0.0
1 -14.69585800170898 38.15412521362305 -2.381384372711182 4.170504 1.447041 1.183346 -1.633275
1 -24.7075138092041 -3.457413911819458 -1.173044562339783 4.262084 2.093395 1.299728 -0.0346425
6 33.97969055175781 17.07358932495117 -1.805825114250183 1.638593 1.54212 1.197192 3.141592
1 -27.76238059997559 12.86216163635254 -1.592488646507263 4.89185 1.592974 1.458485 -3.1157