1 8.064732551574707 -46.09350967407227 0.09723906219005585 4.423042 1.090338 1.155315 3.049129
1 7.381052494049072 10.03633117675781 -1.189461946487427 4.355117 1.838634 1.517068 -2.715893
5 5.292030334472656 -27.86279106140137 -1.026865959167481 0.159431 0.209543 0.366547 -1.531413
4 27.22027206420898 17.93254470825195 -1.697426557540894 1.364486 0.354376 0.687851 1.294537
5 5.312259674072266 -30.20681953430176 -0.9351089596748352 0.100296 0.246346 0.354322 -1.531413
5 36.62783813476563 8.716432571411133 -1.627325415611267 0.17375 0.233954 0.468444 -0.3892047
5 8.052047729492188 -8.803720474243164 -1.496248364448547 0.217355 0.300477 0.478074 -0.695156
6 52.94214630126953 9.691658020019531 -1.670219779014587 1.055178 0.126861 0.345143 0.4757171
3 11.74496173858643 29.27302742004395 -1.342549443244934 0.373088 0.846315 1.193818 1.571083
5 5.542992115020752 -36.43548965454102 -0.9748952984809875 0.190154 0.328791 0.41042 -1.511308
6 27.16961669921875 16.56196212768555 -1.653965592384338 0.749731 0.127701 0.589121 1.308132
6 40.91001510620117 9.798819541931152 -1.356078386306763 1.094637 0.420888 0.480943 0.924158
6 26.8328971862793 18.87314033508301 -1.796021938323975 0.492806 0.082769 0.427707 0.8891602
1 7.888088226318359 -40.9066276550293 -0.4978775680065155 4.632671 1.781357 1.366275 -3.118381
6 27.73769760131836 16.31239700317383 -1.653801321983337 0.968291 0.173122 0.594889 1.270121
4 37.57172393798828 9.889298439025879 -1.46777355670929 1.169922 0.155547 0.530452 0.7700577
6 46.03614807128906 9.816534042358398 -1.555246591567993 1.051505 0.182315 0.565918 0.6835572
1 0.5939499139785767 9.14352035522461 -1.229642391204834 4.829058 1.928842 1.479393 -3.025084
5 4.63544225692749 -6.865950584411621 -1.442682981491089 0.296703 0.392359 0.509823 -0.5577582
1 27.53758430480957 11.786940574646 -1.347498059272766 4.410728 1.664458 1.340807 2.13429
5 26.57605743408203 16.05801010131836 -1.899123549461365 0.21722 0.094684 0.412739 1.774513
6 28.69904708862305 14.84446430206299 -1.578431606292725 1.08242 0.086936 0.834769 0.9386005
2 27.48367881774902 -3.975300073623657 -0.2688942551612854 8.624304 2.398264 2.985198 0.9820835
5 5.274441719055176 -25.81716918945313 -1.009913206100464 0.242608 0.211059 0.474377 -1.531413
4 -9.39840030670166 9.747793197631836 -1.638551354408264 1.04819 0.28523 0.815924 2.990369
5 3.025988101959229 -13.01833343505859 -1.272349715232849 0.322729 0.320102 0.600831 -0.695156
6 36.97705841064453 9.865752220153809 -1.455687522888184 0.635497 0.161348 0.505688 1.178455
4 15.67646026611328 12.12125396728516 -1.261099934577942 1.873814 0.659638 1.553718 -1.550536
6 48.59634399414063 9.859528541564941 -1.507757782936096 1.097868 0.225467 0.340699 -0.03851051
6 27.97091484069824 16.23895645141602 -1.74889349937439 0.945523 0.223431 0.426889 1.286856
4 -13.12788677215576 9.665719032287598 -1.69005823135376 1.630094 0.286636 0.601967 3.029205
5 4.912186622619629 -14.82177257537842 -1.282362818717957 0.310102 0.33222 0.587214 -0.695156
1 7.447904109954834 -52.88542175292969 0.2756616175174713 2.413497 0.485915 0.913035 3.111652
1 22.3339900970459 -18.24392700195313 -0.6996933817863464 4.130144 1.580127 1.520525 1.606585
6 25.61888694763184 22.74214363098145 -1.768392682075501 0.884026 0.207514 0.269734 -1.791944
4 34.57462310791016 10.53415393829346 -1.472349882125855 1.235266 0.278025 0.646686 1.219965
6 54.81153106689453 9.792638778686523 -1.42840301990509 0.17329 1.25276 0.334517 0.008721526
6 27.54459571838379 17.3698616027832 -1.686420202255249 0.699949 0.336251 0.675175 1.240489
5 1.030611038208008 -11.29311561584473 -1.184714436531067 0.279595 0.301509 0.525096 -0.695156
6 34.30241394042969 10.88813304901123 -1.555460095405579 0.616858 0.121559 0.455013 1.202315
1 -5.191919803619385 8.710454940795898 -1.25528621673584 4.449029 1.895224 1.4471 -3.13847
2 -35.69536209106445 7.666292667388916 -0.1465947777032852 11.283178 2.568121 2.918351 -3.080489
5 28.42282485961914 -9.252667427062988 -1.455999493598938 0.228264 0.130603 0.388546 0.9327263
6 27.40512084960938 20.00279045104981 -1.67176365852356 1.026985 0.529644 0.969039 -1.614307
6 5.496175765991211 -33.01823806762695 -0.9521884918212891 0.143086 0.264275 0.226507 -1.531413
5 26.93700981140137 -10.94917392730713 -1.410814642906189 0.267445 0.144989 0.382476 0.9820835
1 11.48848628997803 -8.999286651611328 -1.008894562721252 4.515874 2.060975 1.49195 -0.6859465
6 36.46899032592773 10.19622135162354 -1.640632152557373 0.483797 0.118618 0.506081 1.178455