1 7.805695056915283 -40.96083831787109 -0.4082941114902496 4.540907 1.7455 1.188069 3.141542
1 -5.193634986877441 8.75549030303955 -1.256937265396118 4.439531 1.846128 1.450447 -3.12658
5 3.065963506698608 -12.98866081237793 -1.348617076873779 0.335151 0.331373 0.322044 3.065676
4 -13.08734130859375 9.6297607421875 -1.630590438842773 1.583724 0.341482 0.53476 2.976039
6 40.54855346679688 9.749274253845215 -1.631045937538147 2.301069 1.044182 0.599442 0.4579607
5 26.96913719177246 -10.97665119171143 -1.401700258255005 0.208051 0.120445 0.435742 0.75749
4 25.94579124450684 21.75987815856934 -1.722567677497864 0.949713 0.325712 0.742373 -0.9619552
1 8.130237579345703 -45.9246826171875 0.2333955764770508 4.498606 0.90953 0.883659 -3.139066
1 27.60968399047852 11.74789810180664 -1.210810899734497 4.468103 1.759826 1.346409 2.077979
6 15.70773792266846 -38.11056518554688 -0.324300229549408 0.324031 0.240504 0.601628 -1.557056
3 14.01074886322022 52.34213256835938 -1.53857147693634 0.220369 0.313218 0.69034 1.596154
4 27.1439323425293 16.51432418823242 -1.592555046081543 0.216058 0.798139 0.550405 0.0
6 34.48065948486328 10.28345775604248 -1.652279734611511 0.837604 0.203338 0.22326 1.267203
1 11.25852680206299 -8.845510482788086 -0.9947903752326965 3.928715 2.063605 1.463981 -0.6744297
4 28.05123710632324 16.381103515625 -1.669898867607117 1.370198 0.677276 0.692797 1.034339
2 -35.64570617675781 7.688773632049561 -0.1224378496408463 11.361022 2.61087 2.967121 -3.080392
5 5.543135643005371 -36.35161590576172 -0.9645198583602905 0.145364 0.27371 0.469133 -1.449393
1 7.63608455657959 -52.80369186401367 0.3734404146671295 2.215883 0.282768 0.718054 -3.134392
4 27.25393295288086 19.70909881591797 -1.597141027450562 0.771534 1.385846 0.795597 -0.0009521919
6 55.09710311889648 9.753005981445312 -1.460018992424011 0.662503 1.560297 0.381914 -0.0275905
4 -9.359908103942871 9.80684757232666 -1.568265438079834 1.030129 0.385941 0.68372 -3.134086
5 5.497096538543701 -32.98630523681641 -0.9560883641242981 0.221875 0.214011 0.308635 -1.235987
5 24.55143928527832 19.67509460449219 -1.910326957702637 0.233771 0.239853 0.453098 -0.9918838
4 46.1533088684082 9.857549667358398 -1.582246780395508 1.033483 0.503002 0.666627 0.6441004
1 0.6456291675567627 9.154497146606445 -1.240092515945435 5.030528 1.925327 1.50038 -3.047137
2 27.69038772583008 -4.033839702606201 -0.2699093818664551 8.68375 2.720381 2.986994 1.009106
4 24.82200050354004 31.42690086364746 -1.428705453872681 0.794199 0.297675 1.211548 1.666677
5 4.627895832061768 -6.81788969039917 -1.437964200973511 0.244927 0.305415 0.538559 2.839757
6 35.20624542236328 9.436179161071777 -1.679171442985535 0.134266 0.209553 0.263744 0.02813239
6 33.37582397460938 11.00605964660645 -1.710163593292236 1.190559 0.598384 0.471812 0.4758841
4 16.69121170043945 -38.42581939697266 -0.2328157275915146 0.541133 0.66913 0.833711 -1.562326
4 36.54664611816406 10.56511402130127 -1.557687759399414 1.397419 0.262081 0.760525 1.306
5 8.043944358825684 -8.798503875732422 -1.430015563964844 0.214026 0.289209 0.388117 2.584651
4 25.75340843200684 23.1605110168457 -1.838196277618408 1.810069 0.512777 0.94841 -1.864076
5 1.047545433044434 -11.26903533935547 -1.184725880622864 0.357293 0.296599 0.557797 2.987158
6 37.01123809814453 10.27663421630859 -1.548068761825562 1.291757 0.355591 0.351073 1.361327
3 42.56199264526367 15.17376327514648 -0.6944555640220642 0.598779 0.30318 0.690748 -1.846449
3 11.66945362091065 29.24826431274414 -1.080668926239014 0.352966 0.611548 0.981146 1.254137
6 48.8072624206543 9.812422752380371 -1.544656038284302 1.019404 0.345917 0.464151 -0.007714984
5 5.278134822845459 -25.7696533203125 -0.9842681288719177 0.215117 0.257785 0.50541 -1.57738
1 7.315660953521729 10.00378513336182 -1.193466186523438 4.330503 1.847318 1.526957 -2.728498
4 27.15904235839844 17.53890228271484 -1.617285251617432 0.301887 0.873371 0.568361 4.215431e-15
4 25.87058448791504 19.79623985290527 -1.635224342346191 0.538113 1.38566 0.543824 -0.0009521919
5 5.311800956726074 -27.89299583435059 -1.009072780609131 0.160876 0.196372 0.40615 -1.583964
5 5.338812828063965 -30.26589202880859 -0.9283722043037415 0.23108 0.190528 0.427505 -1.266253
4 27.39387702941895 18.55746841430664 -1.655529737472534 0.538602 0.903093 0.577077 -0.0009521919
5 4.96329927444458 -14.81645393371582 -1.196942329406738 0.351068 0.346075 0.600474 2.731936