1 -20.5731143951416 27.16587257385254 -1.357760548591614 3.877207 1.99345 1.523069 2.521769
5 6.880186557769775 19.71385383605957 -1.861122488975525 0.123498 0.126119 0.455582 -0.2440109
3 11.27373790740967 -36.67946243286133 -1.034894466400147 0.483129 0.724203 1.474405 0.6852519
5 2.42486572265625 19.90568161010742 -1.905178070068359 0.129141 0.153227 0.411111 -0.1937524
5 7.778923034667969 19.93455696105957 -1.893979907035828 0.188805 0.187517 0.434572 0.5837204
5 9.463030815124512 20.31126213073731 -1.857401490211487 0.178264 0.201515 0.437326 0.7965571
5 -1.1437166929245 20.8931770324707 -1.93689227104187 0.163266 0.149666 0.309454 -0.3880604
3 -17.43566513061523 -25.43347930908203 -1.123818397521973 0.250408 0.217256 0.85836 -2.128788
6 -25.22993278503418 35.79402160644531 -0.9846639037132263 0.415682 0.454698 0.92327 2.531838
1 21.61229515075684 19.2281494140625 -1.294332027435303 4.102483 1.880699 1.510967 -2.150914
3 -23.2434024810791 6.459818363189697 -0.929632306098938 0.516568 0.575903 1.546456 3.056018
1 -21.46904945373535 0.1225826442241669 -1.022372484207153 4.478029 1.96332 1.491502 -0.5770375
5 5.978997707366943 19.56176567077637 -1.944826364517212 0.183406 0.169683 0.400931 -0.1637717
1 22.65802955627441 14.7447395324707 -1.233413815498352 4.424509 2.042528 1.528316 -2.17894
5 3.297315835952759 19.658935546875 -1.930064797401428 0.220446 0.179338 0.468812 -0.1644022
2 -15.3192081451416 -39.07282257080078 -0.00246703252196312 5.610681 2.207026 3.046718 -2.110318
3 -14.60484313964844 -13.62699031829834 -0.942807674407959 0.429464 0.792794 1.71256 0.7369939
1 -5.502842426300049 -31.3929328918457 -0.8710696697235107 4.003487 1.829638 1.396441 0.9944846
5 -0.2586771249771118 20.61521911621094 -1.949857354164124 0.217465 0.168993 0.397744 -0.2624406
5 -1.971729874610901 21.29555892944336 -1.898937463760376 0.114629 0.127478 0.463574 -0.5887321
4 33.86236953735352 -6.97410249710083 -1.432607769966126 2.772305 1.084415 1.338514 -0.7632387
3 11.95838260650635 -37.5958366394043 -0.9470097422599792 0.287251 0.494215 1.269527 -2.314768
5 0.6235795617103577 20.27916717529297 -1.927748084068298 0.145976 0.184331 0.406182 -0.271815
3 12.82802963256836 -35.43824768066406 -1.012925863265991 0.430335 0.567526 1.445913 1.119062
4 7.680833339691162 25.5909538269043 -1.242838978767395 2.365954 0.953818 1.554501 0.7102729
1 26.7070255279541 20.54411888122559 -1.744065523147583 1.532983 1.7046 0.702148 -2.150914
4 33.6991081237793 -37.04494094848633 -0.8407652378082275 1.721148 0.662654 1.32634 -0.7423427