1 -6.064193248748779 45.62220001220703 -1.596233367919922 3.910476 1.26632 1.161062 -0.02850448
1 -6.146579265594482 50.71992111206055 -1.026908159255981 3.910064 0.611042 1.075894 -0.02850448
4 12.398512840271 -5.592656135559082 -1.451399683952332 1.400836 0.394119 0.74175 -0.01675425
4 -12.3351001739502 -14.59627819061279 -0.8970296382904053 0.773944 0.370865 0.621406 -0.6085945
4 -12.50619697570801 -15.07293224334717 -0.9672411680221558 1.045181 0.306472 0.753294 -0.4447773
6 -10.9021053314209 -11.76837158203125 -1.280464172363281 0.723275 0.225776 0.304394 -0.5298363
4 -8.46060848236084 -10.13339805603027 -1.318624019622803 1.287771 0.548851 0.817309 -0.5786232
4 -35.22186279296875 -4.704322814941406 -1.166222095489502 1.091464 0.320311 0.873539 -1.862399
1 13.48932361602783 0.2817771434783936 -1.110538721084595 2.423307 1.841511 1.498819 -0.03599245
4 -26.83012771606445 -14.35874557495117 -1.121018290519714 1.462882 0.598769 1.119486 -1.384194
5 -0.8067739009857178 15.90592765808106 -1.54001522064209 0.210112 0.304077 0.39248 -0.7790807
6 -48.79616546630859 -3.565481662750244 -1.222692728042603 2.190455 0.356375 0.34542 -0.1256218
4 -53.35920333862305 -3.14961838722229 -1.5210200548172 1.017317 0.225206 0.583074 -2.391826
6 -46.59412384033203 -3.485035419464111 -1.307515263557434 0.785543 0.234829 0.511323 -2.455364
5 -4.384507656097412 35.04069519042969 -1.778454780578613 0.243991 0.230201 0.522359 -0.03159573
6 -8.01683521270752 -7.67941951751709 -1.53338623046875 0.238307 0.223448 0.476698 0.4872984
1 -19.25637245178223 -19.09648704528809 -0.8808544874191284 4.190015 1.800186 1.539766 1.566556
5 -14.03726005554199 -11.51609039306641 -1.481029629707336 0.084741 0.222847 0.359628 0.8262349
1 4.579071044921875 -4.40618371963501 -1.089641809463501 4.420104 1.907927 1.4978 0.001659779
3 -54.96798706054688 10.60845375061035 -0.9238810539245605 0.307317 0.358521 0.843861 3.106263
1 -21.99341583251953 23.5839786529541 -1.356580376625061 4.06551 1.695995 1.511557 -1.571549
5 -25.43281555175781 -14.13626289367676 -1.405362963676453 0.163241 0.082715 0.37771 2.015224
5 -27.33825874328613 -10.49556159973145 -1.369866132736206 0.522865 0.361531 0.649492 -2.823866
5 -4.460892200469971 32.75679016113281 -1.729171276092529 0.269032 0.310714 0.305014 -0.03159573
1 -21.59490776062012 30.37706565856934 -1.645841956138611 1.645848 0.56172 0.96752 -1.57415
5 -4.312873840332031 41.25960159301758 -1.984128952026367 0.231347 0.283193 0.304099 -0.03159573
6 -35.87985992431641 -4.018173217773438 -1.449075818061829 1.202501 0.16839 0.666307 -1.785038
5 -4.429842472076416 37.80216217041016 -1.804754734039307 0.246002 0.197193 0.307284 -0.03159573
6 -41.61277008056641 -3.677859306335449 -1.139488697052002 0.935706 0.130525 0.466246 -2.326117
4 -11.46621322631836 -12.994948387146 -0.9866906404495239 0.735137 0.212221 0.758903 -0.1431507
4 -10.75501346588135 -11.3170862197876 -1.329293727874756 0.768629 0.265528 0.914586 -0.4913572
4 -8.285673141479492 -9.60618782043457 -1.315555691719055 1.253399 0.346182 0.794568 -0.6612036
1 -18.56689262390137 -36.83866119384766 0.04009503126144409 2.829399 0.993905 0.789983 1.566556
6 -27.11016845703125 -15.90497779846191 -1.182782292366028 0.482616 1.359921 0.544495 0.2403061
5 -4.575039386749268 19.53425788879395 -1.748617768287659 0.198322 0.276251 0.539151 -0.7790807
4 -28.31296730041504 -11.42565059661865 -1.17457926273346 1.459733 0.469523 1.143982 -2.040071
1 -11.21538066864014 13.88183879852295 -1.329833507537842 4.06457 1.970924 1.473687 2.434248
6 -20.96447372436523 3.244049549102783 -0.4795516729354858 0.786991 0.847434 2.368546 -0.0304695
4 -27.95207214355469 -12.24011135101318 -1.281258821487427 1.384069 0.361353 0.809693 -1.774965
5 -4.594456672668457 11.59080696105957 -1.683797001838684 0.174169 0.157684 0.522825 -0.4111251
4 -28.72560501098633 -10.72169208526611 -1.309292316436768 1.565494 0.460742 0.762309 -1.869249
4 -9.182491302490234 -10.61648845672607 -1.29723072052002 1.436456 0.532078 0.917717 -0.3317102
5 -2.761833429336548 17.73184013366699 -1.700014352798462 0.311943 0.320814 0.613573 -0.7790807
5 -15.49474334716797 -14.12495040893555 -1.497927784919739 0.129173 0.188034 0.373396 0.8262349
6 -37.2960090637207 -4.744877338409424 -1.321680903434753 1.513456 0.460518 0.694607 -2.124698
5 -7.916099071502686 13.65105056762695 -1.785807609558106 0.207119 0.176762 0.396137 -0.2859331
4 -28.30037498474121 -13.73881340026856 -1.109870314598084 0.735879 1.909927 0.708378 -0.09147564
1 -7.843719482421875 -5.137094497680664 -0.9673756957054138 4.244094 1.92481 1.627328 0.3749833
4 -13.033522605896 -24.30087471008301 -0.620844304561615 1.398642 0.512547 1.392339 -3.084265
5 -28.26932907104492 14.88067531585693 -1.742720603942871 0.16954 0.091917 0.42386 0.9589315
1 -28.10519027709961 -6.149148464202881 -1.026214361190796 4.42046 1.422239 1.503217 -1.080969
2 35.14681625366211 -4.468724727630615 -0.2892082631587982 11.465936 2.63686 3.329206 0.01968973
6 -37.24149703979492 -3.539264917373657 -1.41440212726593 1.563392 0.532097 0.481136 -2.058381
2 -27.65044784545898 9.663991928100586 -0.3557305932044983 8.674672 2.64564 3.194192 -2.153253
4 -29.64167785644531 -9.339255332946777 -1.235681176185608 1.694076 0.443222 0.995874 -2.33426
1 -1.148368239402771 -4.616022109985352 -1.036816954612732 4.806685 2.129142 1.514527 0.04715761