1 0.5545116066932678 9.148221969604492 -1.239139914512634 4.905427 1.906323 1.497096 -3.039647
1 8.089438438415527 -46.08073806762695 0.1186295673251152 4.404964 1.055634 1.104675 3.085608
5 8.044942855834961 -8.77973747253418 -1.424140214920044 0.224933 0.284468 0.369763 1.709274
1 -5.196393966674805 8.723579406738281 -1.260631561279297 4.456805 1.851944 1.457784 -3.119669
5 5.30978536605835 -30.22296142578125 -0.9362180233001709 0.236241 0.15125 0.371592 -2.611858
1 27.56631851196289 11.74889850616455 -1.358164072036743 4.488636 1.691904 1.343617 2.097166
6 48.43173217773438 9.812236785888672 -1.519396305084229 1.451341 0.245577 0.413109 -0.0501688
5 5.285337448120117 -25.81521415710449 -0.9440529346466064 0.215696 0.157019 0.342228 -2.611858
6 46.02908325195313 9.864771842956543 -1.551907420158386 1.008 0.25445 0.607016 0.6528491
6 36.81186676025391 9.484721183776855 -1.550190448760986 1.823442 0.455079 0.725918 1.246786
5 4.620216846466065 -6.852480411529541 -1.438826203346252 0.327429 0.28308 0.535296 1.709274
5 1.0422283411026 -11.28234767913818 -1.214161396026611 0.34273 0.331855 0.612741 -1.588407
6 54.58747100830078 9.823095321655273 -1.423890471458435 0.71775 1.634473 0.337755 -3.942159e-16
1 7.318149566650391 9.978898048400879 -1.193696856498718 4.329845 1.75157 1.519139 -2.721028
4 -13.08402252197266 9.668582916259766 -1.597934365272522 1.457546 0.427667 0.822941 3.141592
5 3.046626329421997 -13.01483535766602 -1.321943759918213 0.390853 0.355456 0.378995 -1.588407
1 17.84363555908203 -8.147933959960938 -0.9908673167228699 4.115518 1.800667 1.453228 -1.473417
6 36.53685760498047 10.50378799438477 -1.640839338302612 1.280211 0.221431 0.552532 1.252325
5 5.534356594085693 -36.43849182128906 -0.8776214718818665 0.321897 0.171526 0.198455 -2.611858
1 19.33798027038574 -24.85968589782715 -0.3296394646167755 1.986396 1.16599 0.741204 -1.491153
6 25.83222007751465 20.82257843017578 -1.737605810165405 1.166906 3.454272 0.727579 0.002415139
5 28.4128360748291 -9.227574348449707 -1.446223258972168 0.267154 0.22408 0.433344 -1.501333
3 16.23995780944824 -22.68078804016113 -0.3263324797153473 0.502669 0.529379 0.775593 -1.502058
5 24.5496768951416 19.67739486694336 -1.910385012626648 0.260005 0.221077 0.442665 -1.196675
1 10.94741153717041 -32.49816131591797 -0.9845976233482361 3.740846 0.526131 0.648618 1.615644
6 33.3846435546875 11.03550052642822 -1.62744951248169 1.224317 0.683745 0.74708 0.6318553
4 27.18332481384277 17.81608963012695 -1.584227204322815 1.408191 0.386168 0.875384 1.415942
4 27.38147926330566 16.94214057922363 -1.670369267463684 1.14789 0.295791 0.685072 1.036744
1 18.00728797912598 23.38642311096191 -1.227055788040161 2.74941 1.589283 1.051047 -1.507601
4 29.15860748291016 15.25668239593506 -1.598968029022217 2.230519 1.221937 0.931252 0.7493427
1 10.87092113494873 -25.72606086730957 -0.9214773178100586 2.954938 0.672798 0.614984 1.598604
1 7.837571620941162 -40.46759796142578 -0.4739579856395721 4.55657 0.918408 1.312004 -3.108912
5 5.273612976074219 -27.89472198486328 -1.032917261123657 0.254563 0.185772 0.38596 -2.611858
3 48.39701461791992 15.0917501449585 -0.807210385799408 0.323068 0.47344 0.73517 3.101264
1 7.404849052429199 -52.8553466796875 0.2681984305381775 2.512631 0.390536 0.920584 -3.135241
1 11.27118968963623 -8.77445125579834 -1.019424319267273 3.87255 2.134155 1.505203 -0.7067438
6 34.5872917175293 10.5545072555542 -1.472326517105103 1.180984 0.376832 0.705139 1.125217
3 15.32773113250732 -22.43325614929199 -0.3261767029762268 0.473786 0.571067 0.784943 -1.502058
5 4.973616600036621 -14.80796241760254 -1.25900936126709 0.371839 0.328886 0.571453 -1.588407
4 -9.373497009277344 9.816829681396484 -1.54501473903656 1.051689 0.27371 0.565089 -3.003988
1 40.6983642578125 9.663866996765137 -1.506340146064758 1.915436 1.000577 0.811537 -0.04454415
5 26.604248046875 16.08170700073242 -1.897748112678528 0.115113 0.210508 0.446111 -0.9558024
4 28.17399406433106 16.47840690612793 -1.699417352676392 1.585693 0.769682 0.730117 0.8988066
3 11.59806060791016 29.26611518859863 -1.25085723400116 0.350232 0.558908 1.312679 1.451406
2 -35.68068695068359 7.645513534545898 0.06318485736846924 11.260919 2.800027 2.59557 -3.091683
4 23.80757904052734 -8.313395500183105 -0.868547260761261 1.54005 0.62901 1.553315 1.854367
2 27.49442100524902 -3.962965726852417 -0.3010883033275604 8.682337 2.3626 3.029026 1.028555