6 -45.94275283813477 -16.55642318725586 -1.368085265159607 1.284759 0.452948 0.158226 -1.063256
4 -31.96133804321289 -24.74848556518555 -0.6818709969520569 0.568982 1.384889 1.324079 -1.399417
2 -46.70378875732422 8.967057228088379 -0.5182190537452698 8.951599 2.337075 3.296797 -2.116901
2 16.1704216003418 -4.11862850189209 -0.2668169438838959 11.373049 3.032545 2.382435 0.02531927
6 -38.08586502075195 -16.05176734924316 -0.9472241401672363 0.691286 1.336725 0.187264 1.481994
1 -37.02362823486328 -27.0982608795166 -0.465226411819458 2.441772 0.656689 1.275379 1.613674
1 -30.31528091430664 13.70394706726074 -1.377019047737122 4.074384 1.510262 1.208255 2.393172
1 -13.81640434265137 -4.516702175140381 -1.097517251968384 4.265993 1.912748 1.410094 -0.00574833
6 -39.97879028320313 2.717574834823608 -0.7069022059440613 0.65744 0.858184 2.240557 0.0
4 -47.06193542480469 -13.19381713867188 -1.478687763214111 1.547687 0.699597 0.860054 -1.868331
1 -46.61777496337891 -6.424798488616943 -1.53917407989502 3.861898 0.313054 0.640675 -1.060189
6 -55.82684326171875 -4.206661224365234 -1.728800654411316 2.242934 1.693339 0.400111 0.0
4 -46.64932632446289 -14.12400245666504 -1.362712502479553 1.175853 0.369588 0.55744 -2.214615
6 40.25424194335938 9.243035316467285 -0.9964092373847961 0.323391 0.565253 0.228208 3.978818e-16
1 -19.94876480102539 -4.671429634094238 -1.059437036514282 4.367467 1.803618 1.327902 0.04638933
4 -10.18223857879639 -5.514783382415772 -1.354964256286621 1.271006 0.428668 0.926135 -0.03150514
4 -6.306983947753906 -5.553975582122803 -1.39473032951355 1.589192 0.512992 0.796512 0.05689624
1 -41.22003173828125 23.01419639587402 -1.566383600234985 4.086156 1.440588 1.13867 -1.518821
1 -26.61246681213379 -4.844039916992188 -1.069182515144348 3.495563 1.377331 0.909277 -0.00574833
1 9.453957557678223 0.1791932433843613 -1.043458461761475 3.378401 1.806753 1.474671 -0.0778392
6 -45.63468933105469 -14.79941749572754 -1.447258591651917 0.952513 0.304793 0.314121 -2.007077