1 0.6463731527328491 9.147074699401855 -1.247073769569397 5.040065 1.934617 1.514688 -3.047805
2 -35.76100540161133 7.678120136260986 -0.1444211751222611 11.395093 2.693857 2.911849 -3.092578
4 27.91088676452637 16.26165962219238 -1.626356840133667 1.042557 0.59876 0.640889 1.092078
4 26.14920425415039 -14.50093460083008 -0.8100912570953369 1.422126 0.694504 1.35304 1.624177
1 10.80075359344482 -32.46775436401367 -0.9583622813224792 3.713338 0.859203 0.639261 -1.572004
1 -5.194056510925293 8.739503860473633 -1.259849548339844 4.437947 1.838456 1.45622 -3.108672
5 5.522494792938232 -36.34382247924805 -0.9608927369117737 0.09822 0.232368 0.424832 1.736725
5 5.302927494049072 -25.8028564453125 -0.9899475574493408 0.192889 0.250413 0.520148 1.591285
1 27.56624603271484 11.7907657623291 -1.27734637260437 4.440005 1.745688 1.494876 2.104514
5 4.655323505401611 -6.827164173126221 -1.43723475933075 0.321822 0.306943 0.539446 3.064412
5 5.313394069671631 -27.90747833251953 -1.027558326721191 0.233302 0.211838 0.413499 0.03394097
5 26.94230651855469 -10.95085620880127 -1.383448839187622 0.214418 0.215545 0.423408 -2.424515
5 5.339768886566162 -30.23375511169434 -0.9225178360939026 0.203069 0.233866 0.382926 -1.502992
4 27.40314483642578 16.90356254577637 -1.669849157333374 1.673488 0.472126 0.725295 1.141755
3 16.07696723937988 -20.22098350524902 -0.5115776062011719 0.552718 0.594554 1.197266 -1.689362
5 3.084303379058838 -13.01219177246094 -1.267887353897095 0.349327 0.385134 0.641104 -0.08971725
1 8.062426567077637 -46.05720520019531 0.08311043679714203 4.432419 0.994282 1.190693 3.053343
5 4.970228672027588 -14.81128787994385 -1.219018340110779 0.34067 0.330084 0.649505 1.507867
4 33.47751998901367 11.06215572357178 -1.483702778816223 0.969593 0.407217 0.513931 1.246148
5 5.525368213653565 -32.97362899780273 -0.9738983511924744 0.312763 0.26326 0.346492 -0.04270353
5 8.04224681854248 -8.800032615661621 -1.488650679588318 0.206641 0.305911 0.511484 2.012189
3 50.90929794311523 14.97692012786865 -0.6024007201194763 0.191205 0.436698 0.341347 -3.115432
4 -13.18502712249756 9.667736053466797 -1.695111036300659 1.502656 0.415966 0.716677 3.08397
1 18.68626976013184 -12.46457767486572 -0.8540967106819153 3.594335 1.909948 1.661243 -1.470109
4 27.14579772949219 19.53337669372559 -1.632065176963806 1.949406 1.024403 0.919417 0.927325
5 1.035125255584717 -11.26968097686768 -1.172067284584045 0.300657 0.271885 0.536336 -1.687794
1 17.69638252258301 0.4428161680698395 -1.016804218292236 4.309019 2.254078 1.466886 -1.581701
1 11.36382675170898 -8.814047813415527 -1.025586128234863 4.031772 1.85103 1.533057 -0.6018181
4 34.50795745849609 11.2476282119751 -1.656718134880066 1.475969 0.215159 0.765703 1.037458
2 27.50870323181152 -3.968428611755371 -0.2504613101482391 8.660843 2.377584 2.97404 1.011731
6 19.90012359619141 -34.75522613525391 -0.1947616189718247 0.985237 0.573233 0.336581 -1.552532
1 7.468295097351074 -52.86983871459961 0.240595281124115 2.538369 0.472878 0.989355 3.117805
5 36.62506103515625 8.732880592346191 -1.591863036155701 0.214343 0.298526 0.51132 -0.1058703
4 48.50222396850586 9.846556663513184 -1.589406847953796 1.366485 0.300123 0.61956 -0.006309466
4 26.05491065979004 20.21829986572266 -1.575093150138855 2.36399 1.207072 1.125722 1.131555
5 26.58672523498535 16.08109474182129 -1.880635619163513 0.144398 0.196209 0.41569 -0.2492312
1 7.79935359954834 -40.94578170776367 -0.4971155524253845 4.586837 1.736841 1.370572 -3.124629
4 40.87995529174805 9.981742858886719 -1.507753729820252 2.085366 0.76403 0.87475 1.014135
4 34.63787841796875 10.56193733215332 -1.47119927406311 1.421377 0.599623 0.757788 0.8821706
1 7.366253852844238 10.00764560699463 -1.208802223205566 4.449018 1.870572 1.563759 -2.726925
3 11.69469165802002 29.24835395812988 -1.253983378410339 0.412183 0.673793 1.340297 1.27446
1 10.84042072296143 -25.74964141845703 -0.9225156307220459 3.01808 0.661106 0.631777 -1.561764
4 -9.509655952453613 9.805258750915527 -1.568401217460632 1.290298 0.288352 0.661466 3.129429
5 24.52859687805176 19.60672760009766 -1.902959108352661 0.211179 0.176778 0.424264 -1.547955
5 28.43711471557617 -9.252326011657715 -1.445793390274048 0.196102 0.290392 0.468355 -0.5206711
6 25.7048454284668 22.28525352478027 -1.838628888130188 1.822602 0.589684 0.486684 1.802205
6 25.95583343505859 23.91164016723633 -1.85162341594696 1.111437 0.531991 0.418325 1.838458
3 15.2168607711792 -19.93065071105957 -0.4007548689842224 0.39059 0.422563 0.983504 -1.508281
4 36.98410034179688 10.21865940093994 -1.433361053466797 1.329862 0.300436 0.547091 1.39157
6 54.84780120849609 9.667037963867188 -1.377036690711975 1.507406 0.234113 0.326275 1.655177
4 46.07357788085938 9.767983436584473 -1.530562877655029 1.047906 0.338923 0.634996 0.6685062
4 29.42359352111816 15.57264804840088 -1.591305494308472 2.137633 1.104897 0.954747 0.9631729
4 27.27676200866699 18.23004150390625 -1.677441954612732 1.934251 0.620139 0.713249 1.192248
4 36.50885772705078 10.42258358001709 -1.617390036582947 0.971427 0.373475 0.512245 1.168609