1 11.23122119903565 -8.806699752807617 -1.019492506980896 3.888244 2.098244 1.521547 -0.6764691
1 8.068278312683105 -46.0363883972168 0.1106614023447037 4.447391 0.941809 1.137335 3.075756
1 22.35581207275391 -18.23782730102539 -0.6800150275230408 4.222586 1.666812 1.498155 1.605274
5 24.5436897277832 19.61152458190918 -1.910876512527466 0.204938 0.087975 0.412336 2.143956
6 27.31780242919922 17.51785850524902 -1.649709463119507 0.670722 0.738862 0.690821 -1.828063
5 26.58562278747559 16.06570434570313 -1.888824939727783 0.209536 0.128198 0.405923 2.143956
1 0.5732744336128235 9.145196914672852 -1.24031138420105 4.851832 1.908425 1.502441 -3.037831
5 5.543986797332764 -36.351806640625 -0.9538872241973877 0.162011 0.271873 0.452932 -1.615865
4 36.9780158996582 9.865137100219727 -1.425703525543213 0.647869 0.16389 0.531108 1.27108
5 8.061110496520996 -8.79513931274414 -1.494750618934631 0.246736 0.296947 0.479516 2.663151
6 54.78785705566406 9.744338989257812 -1.392667531967163 0.181505 1.344559 0.301899 -0.03992261
6 25.89569282531738 19.4929370880127 -1.788387656211853 0.864518 0.47251 0.599169 -1.70187
1 7.798593521118164 -40.96315765380859 -0.4768460094928742 4.562421 1.757707 1.33153 -3.138117
6 27.60309028625488 22.91919708251953 -1.612356662750244 0.832746 0.945965 0.256936 -1.535164
5 4.620328903198242 -6.831680774688721 -1.452080368995667 0.241137 0.314953 0.496365 2.663151
5 5.275572299957275 -25.79453468322754 -0.9990678429603577 0.228087 0.260916 0.539801 -1.604435
5 36.58744430541992 8.719710350036621 -1.612366914749146 0.244525 0.192685 0.470554 -0.6563721
1 -5.208693504333496 8.734871864318848 -1.255324482917786 4.474819 1.860568 1.446318 -3.119635
5 3.053566455841065 -13.01956462860107 -1.354194521903992 0.319696 0.309514 0.461918 2.476414
1 7.359553337097168 10.00096035003662 -1.187724113464356 4.405405 1.822271 1.521198 -2.724686
6 27.3926944732666 18.5542163848877 -1.732317447662354 1.181788 0.794335 0.751704 -1.746836
6 25.85925483703613 23.69485855102539 -1.928684115409851 0.691516 0.424182 0.597688 -1.60272
4 -13.06369018554688 9.604806900024414 -1.634215831756592 1.379074 0.504005 0.860046 2.924966
6 27.15808868408203 16.54870796203613 -1.581960439682007 0.212644 0.871848 0.555323 -0.00187918
6 48.51970291137695 9.83162784576416 -1.593903660774231 1.337741 0.260394 0.610226 -0.01687237
3 11.68247127532959 29.24748802185059 -1.135647535324097 0.383782 0.511099 0.789222 1.662661
5 5.289774417877197 -27.88627815246582 -1.013795733451843 0.218236 0.278595 0.419893 -1.575296
5 28.36026382446289 -9.262614250183105 -1.445794582366943 0.282037 0.125051 0.396495 -2.177287
4 28.75908851623535 -30.9703254699707 -0.5892785787582397 1.213698 0.949286 1.2116 -1.477773
1 7.474059104919434 -52.81682586669922 0.2789028882980347 2.543291 0.351056 0.914752 -3.099204
6 28.69409561157227 14.85270023345947 -1.572365164756775 1.043062 0.450985 0.914648 -1.851725
4 15.63052558898926 16.69858932495117 -1.328935980796814 1.696388 0.633493 1.47151 -1.56225
6 33.54481887817383 11.04028511047363 -1.592260241508484 0.880473 0.497018 0.259152 -1.609911
6 27.84465599060059 16.27306938171387 -1.662368059158325 1.033858 0.534082 0.709708 -1.798928
5 1.030672430992127 -11.27099418640137 -1.192478775978088 0.399657 0.274442 0.507207 2.476414
1 27.50938606262207 11.76681518554688 -1.269277691841126 4.406981 1.670703 1.481246 2.163099
5 27.01091194152832 -10.95692348480225 -1.402504324913025 0.188212 0.147406 0.373075 -2.177287
2 27.48457145690918 -3.899590492248535 -0.2567980885505676 8.67249 2.371967 2.984186 1.031122
6 36.43426513671875 10.19406700134277 -1.615113258361816 0.5218 0.117944 0.508014 1.078571
6 5.478572368621826 -32.94004440307617 -0.9758656620979309 0.364185 0.397709 0.674552 -1.560313
6 27.12239837646484 21.81052589416504 -1.499989748001099 0.707817 0.625824 0.574899 -0.05466593
5 4.951116561889648 -14.81705093383789 -1.257513403892517 0.33943 0.357064 0.676047 2.476414
6 34.50795364379883 10.18198013305664 -1.773558974266052 0.621197 0.520931 0.555899 -1.676942
6 26.13846969604492 22.12787818908691 -1.785010457038879 1.251996 0.687571 0.670072 -1.679072
4 46.13328170776367 9.815750122070312 -1.535832405090332 1.192354 0.28649 0.566962 0.6804505
4 -9.329446792602539 9.751697540283203 -1.612305998802185 0.949662 0.284135 0.904832 3.091948
5 5.348264217376709 -30.23018264770508 -0.917442262172699 0.255283 0.264566 0.409655 -1.550691
2 -35.69356536865234 7.672084808349609 -0.1053347140550613 11.266165 2.6661 2.8521 -3.090357
6 34.48634719848633 10.9319953918457 -1.577891826629639 0.690322 0.803177 0.922493 -1.645405
6 26.44416046142578 20.7560920715332 -1.76478898525238 1.030065 0.732481 0.743744 -1.674532
6 27.42556190490723 20.00937652587891 -1.66424822807312 1.049144 0.883456 0.97968 -1.680892
6 40.88847351074219 9.848128318786621 -1.544845223426819 1.035587 1.410919 0.945246 -0.06658879