1 7.42208194732666 -52.81839752197266 0.26775261759758 2.477767 0.307215 0.895001 -3.083947
1 55.37791442871094 9.52596378326416 -1.578510999679565 1.32964 1.498786 0.677701 -0.07005847
2 27.72554206848145 -4.091836929321289 -0.2929903566837311 8.708213 2.924716 3.053379 1.003411
1 27.6505126953125 11.79135513305664 -1.280178070068359 4.452576 1.780773 1.503484 2.076817
5 5.559536457061768 -36.41205596923828 -0.975540041923523 0.206626 0.36711 0.440781 1.36396
3 15.68928813934326 -29.47511100769043 -0.3484985530376434 0.357861 0.522949 0.725443 -1.54415
6 27.84468078613281 16.29656028747559 -1.645672678947449 1.051462 0.541831 0.655858 1.422928
5 5.315352916717529 -27.8957691192627 -1.035446166992188 0.202028 0.1802 0.38877 0.01262067
4 -13.11398601531982 9.659950256347656 -1.72820782661438 1.60796 0.343705 0.65526 3.063032
1 -5.189815044403076 8.75011157989502 -1.259447932243347 4.435278 1.856786 1.454013 -3.131503
5 4.629695415496826 -6.818557739257813 -1.44902229309082 0.227801 0.179622 0.496744 0.7233846
3 16.58088493347168 -29.52373695373535 -0.3619672060012817 0.553317 0.558572 1.130743 -1.467653
1 11.37136554718018 -8.772906303405762 -1.024387955665588 4.171 1.831396 1.529273 -0.5604365
5 3.085265636444092 -13.00350856781006 -1.34902286529541 0.298533 0.277077 0.442921 -1.56629
6 26.8199520111084 18.90014839172363 -1.785183310508728 0.480872 0.134843 0.444295 0.9703383
3 45.29842758178711 15.08578491210938 -0.8531424403190613 0.313194 0.425807 0.938679 3.120743
6 41.93996810913086 9.776165008544922 -1.515617966651917 4.74254 1.254997 0.691513 -0.0006305203
6 25.59716987609863 22.67967414855957 -1.761651992797852 1.005588 0.155156 0.257085 1.361725
6 27.22956466674805 17.81844329833984 -1.660626769065857 1.155878 0.486895 0.646147 1.461259
1 0.5564201474189758 9.154784202575684 -1.253429412841797 4.867418 1.933362 1.52494 -3.046879
5 24.54084777832031 19.5881462097168 -1.91294527053833 0.211021 0.072445 0.418841 -0.9757918
1 7.329766750335693 10.04574871063232 -1.21498966217041 4.393238 1.839279 1.573375 -2.7151
1 19.30828666687012 -15.63712310791016 -0.9174938201904297 4.133265 1.425159 1.46528 -1.518823
5 5.533470153808594 -33.05355834960938 -0.9753535389900208 0.307833 0.330052 0.348228 -1.791225
5 26.97299766540527 -10.94558238983154 -1.393505334854126 0.137005 0.252485 0.439511 -0.3748018
5 26.6029167175293 16.06696510314941 -1.885656356811523 0.077296 0.211726 0.413308 0.5953164
6 36.55558776855469 10.6319637298584 -1.534078240394592 0.435207 1.301817 0.694626 3.101693
4 25.93165016174316 19.83477401733398 -1.698048114776611 1.511753 0.620951 0.648129 1.537153
5 36.60794448852539 8.681156158447266 -1.605917930603027 0.291747 0.213502 0.530439 -0.1196369
6 26.03600120544434 21.92774963378906 -1.841496586799622 0.983155 0.4309 0.475857 1.788528
6 34.20925140380859 10.80570316314697 -1.446683883666992 2.278786 3.036777 1.113352 1.307374
4 24.01982116699219 10.84134769439697 -1.200810790061951 1.678081 0.684268 1.528795 1.567205
4 -9.353805541992188 9.832066535949707 -1.63413393497467 1.025739 0.407171 0.814131 3.114655
5 1.063198924064636 -11.28538417816162 -1.196937799453735 0.257417 0.289007 0.534022 0.002253406
6 52.85002899169922 9.71301555633545 -1.772226691246033 0.945097 0.722778 0.654394 -0.08387233
6 27.30654335021973 16.75363159179688 -1.629324197769165 1.331524 0.555639 0.639446 1.433396
1 8.070473670959473 -46.03985977172852 0.1081553027033806 4.452136 0.96709 1.141564 3.09278
5 5.331790924072266 -30.21632957458496 -0.9322047829627991 0.12835 0.212066 0.378735 -1.491027
6 37.00284194946289 10.39192867279053 -1.542503714561462 1.746788 0.27175 0.291609 1.547695
6 28.85310363769531 15.02986431121826 -1.571374416351318 0.254744 0.599254 0.886859 2.076457
6 26.40563774108887 20.79552841186523 -1.656956911087036 0.843758 0.515197 0.47479 2.062232
2 -35.82425308227539 7.670384407043457 -0.1742251366376877 11.508981 2.843023 2.945481 -3.097384
5 4.966890811920166 -14.81480693817139 -1.244126200675964 0.295226 0.330337 0.660299 -3.139339
6 46.16341018676758 9.920441627502441 -1.698888301849365 0.800013 0.683857 0.901343 -0.05561354
6 48.42451477050781 9.809617042541504 -1.601953148841858 1.582693 0.296115 0.559201 3.111765
5 28.395263671875 -9.239994049072266 -1.424342274665833 0.191896 0.121382 0.428774 -2.057636
6 29.47690582275391 15.6099271774292 -1.733832001686096 1.446361 0.446875 0.657739 1.696026
5 8.066291809082031 -8.795156478881836 -1.502691984176636 0.193708 0.221296 0.442035 2.466009
1 7.810226440429688 -40.93281936645508 -0.459520161151886 4.569802 1.721371 1.29626 -3.121129
5 5.296632766723633 -25.79587364196777 -1.004356741905212 0.165573 0.235401 0.481048 1.737953