6 49.14545822143555 9.852965354919434 -1.572037816047669 2.257558 0.288932 0.811205 -0.1122832
1 7.388017177581787 -52.84692764282227 0.2753086686134338 2.547443 0.384779 0.918634 -3.098322
4 -9.362649917602539 9.806893348693848 -1.613124132156372 1.184051 0.343241 0.767761 3.110433
5 1.022176742553711 -11.29472064971924 -1.210379123687744 0.361034 0.337378 0.618667 -1.189666
4 23.58194923400879 0.6503850221633911 -0.955866277217865 1.747987 0.574736 1.575346 1.422115
1 7.375904560089111 10.00206089019775 -1.188440084457398 4.443441 1.874248 1.524367 -2.750093
5 28.43105316162109 -9.252294540405273 -1.433919787406921 0.262462 0.230451 0.452113 -0.06403598
1 7.823655605316162 -41.02183532714844 -0.4760158061981201 4.630525 1.993022 1.327215 -3.131009
1 8.097225189208984 -46.01296615600586 0.08320201933383942 4.418729 1.044105 1.189726 3.134104
1 -5.191080570220947 8.579463958740234 -1.254022836685181 4.47324 1.532406 1.444396 -3.084733
6 25.72792434692383 23.37003135681152 -1.687546133995056 1.204994 0.35368 0.121305 -1.524488
4 25.84129333496094 19.50064277648926 -1.740980625152588 0.865292 0.406878 0.509522 1.261453
4 25.89324569702148 22.11798477172852 -1.849339604377747 1.174544 0.496234 0.521548 -0.9552308
4 27.3431510925293 16.91419410705566 -1.603496074676514 1.616045 0.357672 0.596943 1.21583
5 3.038606405258179 -13.01109409332275 -1.318031549453735 0.381589 0.277147 0.383785 -1.189666
5 5.271169185638428 -27.85420799255371 -1.005296349525452 0.209113 0.259306 0.402551 -1.406962
3 16.27675247192383 -25.77279853820801 -0.2788999676704407 0.469221 0.591356 0.976713 -1.464589
1 0.5613496899604797 9.131364822387695 -1.240330576896668 4.904566 1.919073 1.502656 -3.058408
1 18.97062301635742 -18.50067520141602 -0.9004226326942444 3.95159 1.679823 1.380989 -1.453205
5 5.531291961669922 -36.42388534545898 -0.9917871952056885 0.295479 0.301431 0.528131 -1.68402
5 26.95109367370606 -10.95652770996094 -1.392013072967529 0.164373 0.296044 0.439724 -0.06403598
5 4.623392105102539 -6.815385341644287 -1.429821729660034 0.280434 0.28427 0.525997 -0.03205801
5 24.53529167175293 19.5976619720459 -1.903024673461914 0.186141 0.183247 0.469633 1.556315
5 4.932689666748047 -14.79429340362549 -1.233421564102173 0.288959 0.32473 0.53167 -1.189666
1 11.46318435668945 -8.993191719055176 -0.9965810179710388 4.466413 2.120948 1.475446 -0.6743023
5 5.301085472106934 -25.78392028808594 -0.9839261174201965 0.261775 0.315723 0.508354 -1.596148
6 26.84726524353027 18.88337898254395 -1.780067324638367 0.50966 0.250679 0.444114 1.228974
4 46.06610488891602 9.78612232208252 -1.522849202156067 1.053792 0.286398 0.568736 -2.45381
2 27.45488357543945 -3.94078540802002 -0.253042995929718 8.643245 2.326632 2.980211 1.062793
5 5.310854434967041 -30.24961090087891 -0.9335307478904724 0.25248 0.351621 0.439909 -1.291507
3 45.39299011230469 15.15451526641846 -0.8363533020019531 0.301195 0.463576 0.945994 3.096787
4 -13.13886070251465 9.626362800598145 -1.677893877029419 1.605422 0.4494 0.659943 3.004578
6 52.90989685058594 9.813020706176758 -1.780530691146851 0.986921 0.719816 0.688145 -3.117772
6 54.84186553955078 9.665708541870117 -1.382672905921936 0.265734 1.505126 0.339138 0.0411534
3 15.5099630355835 -25.65778160095215 -0.3532607555389404 0.632696 0.466995 0.822162 -1.464589
4 25.90271949768066 20.28944206237793 -1.685147404670715 0.532148 0.434084 0.681567 1.261453
4 27.17586708068848 17.83284187316895 -1.608743906021118 1.12849 0.394653 0.573627 1.240245
5 8.050190925598145 -8.801664352416992 -1.423952579498291 0.22918 0.283594 0.38115 -1.460248
3 11.60903835296631 29.2503547668457 -1.249853253364563 0.369158 0.570281 1.333475 1.569857
1 27.28600120544434 11.86635589599609 -1.252692103385925 4.014354 1.35045 1.448618 2.115225
1 18.05688667297363 4.816574573516846 -1.084612846374512 4.400752 1.698781 1.532863 -1.57366
2 -35.69172668457031 7.639033317565918 0.09084582328796387 11.285575 2.609632 2.53465 -3.067634