1 8.805492401123047 53.30225372314453 -1.866320371627808 3.267805 0.523915 0.84906 -1.438086
4 43.44316101074219 -8.508136749267578 -1.143686413764954 0.641717 0.448802 1.391902 0.00141851
1 -29.38494110107422 14.90208053588867 -1.436448693275452 4.262222 1.699713 1.632697 3.141592
1 6.306018829345703 -53.6523551940918 -0.1173955500125885 2.859943 1.186451 1.109047 -1.608479
2 40.05479431152344 -3.256626129150391 -0.1703529804944992 6.694547 2.461021 3.4772 0.0
1 0.2570438981056213 16.04541397094727 -1.683599352836609 3.064164 1.23902 1.310558 -3.130179
1 -24.39138031005859 -3.345437049865723 -1.150733351707459 4.248609 1.91109 1.27714 0.0
4 3.159704208374023 3.289028644561768 -0.7697186470031738 1.958931 0.947376 1.649406 -1.979981
1 -4.841874599456787 12.65082168579102 -1.448358774185181 4.845336 1.20154 1.492612 3.112346
6 -20.54014778137207 11.56544399261475 -1.535037517547607 1.069511 0.584636 0.640311 -0.02488791
4 -22.85495376586914 11.65926170349121 -1.51868200302124 2.625933 1.262397 1.262866 -3.108521
1 58.50656127929688 0.2820132672786713 -1.145025968551636 1.322851 1.697465 1.184135 0.0
1 34.66437911987305 21.2578125 -1.868243098258972 2.291135 1.91566 1.583966 -3.07802
1 14.71250534057617 16.19953155517578 -1.467434883117676 4.980863 1.895609 1.701951 3.112346
1 -44.05655670166016 14.55451488494873 -1.62491774559021 0.249226 1.431201 0.717099 -3.108178
6 23.29023361206055 21.30849266052246 -1.501421928405762 0.450391 0.65306 1.087528 -0.02488791