6 37.00212097167969 9.883541107177734 -1.558079600334168 0.654706 0.103988 0.312568 1.263492
6 25.66699981689453 22.74560165405273 -1.814207792282105 0.911598 0.868967 0.435141 -0.00501428
4 29.56941223144531 -12.79163932800293 -1.21224570274353 0.994606 0.293118 0.546879 0.0
1 11.24840354919434 -8.869707107543945 -1.013617038726807 3.951018 2.097631 1.499774 -0.6386111
1 7.559776306152344 -52.81504440307617 0.27356818318367 2.537866 0.450187 0.916322 -3.040432
5 4.626114368438721 -6.817117214202881 -1.442766189575195 0.216947 0.260102 0.50893 2.77089
1 -5.186521053314209 8.748246192932129 -1.255765438079834 4.439168 1.795247 1.447077 -3.109607
6 30.31200218200684 -12.32593250274658 -1.146477699279785 1.369695 0.615686 0.337306 -5.82186e-16
6 34.53916549682617 10.25329208374023 -1.66399884223938 0.771623 0.276786 0.225536 0.9250681
6 26.03520965576172 20.47001838684082 -1.648239970207214 0.77147 0.696585 0.574424 -3.640393e-05
6 52.86225891113281 9.687420845031738 -1.801162004470825 1.191543 0.128302 0.592552 0.6049818
4 27.15422058105469 16.5205192565918 -1.593878865242004 0.232212 0.818297 0.553713 -3.640393e-05
5 5.846597194671631 -43.71965026855469 -0.7976189255714417 0.237032 0.272857 0.400767 -1.568777
5 24.52066802978516 19.65020751953125 -1.929980635643005 0.234139 0.111843 0.419425 -1.001015
6 28.57097244262695 -19.53063583374023 -1.030244588851929 1.375892 0.488185 0.354497 9.842773e-16
4 29.21426582336426 -15.28523445129395 -1.173752546310425 1.142103 0.333396 0.743761 6.903613e-16
3 39.52690887451172 16.41594123840332 -0.6532111763954163 0.354972 0.547912 0.617157 0.2815605
6 35.01925659179688 11.1339693069458 -1.400433778762817 1.155132 0.329413 0.579663 -0.003972934
6 33.22103881835938 11.13258647918701 -1.746022343635559 1.02996 0.186735 0.43037 0.3660613
1 55.2275390625 9.648506164550781 -1.606862425804138 1.057396 1.539115 0.685472 0.0
6 26.14067840576172 21.30367088317871 -1.78689169883728 0.312788 0.635707 0.405055 -0.00501428
6 46.17146301269531 9.839082717895508 -1.554195523262024 0.562675 0.291848 0.583247 0.7489355
4 29.20837020874023 -13.82950592041016 -1.037339210510254 1.354061 0.525441 0.506501 5.851566e-16
4 29.44894409179688 -13.3589038848877 -1.061961889266968 1.154033 0.404364 0.881534 0.0
1 7.282834529876709 10.00549221038818 -1.200323104858398 4.282592 1.83162 1.537294 -2.704068
5 36.60060119628906 8.683297157287598 -1.629992246627808 0.209141 0.149513 0.4871 -0.2607668
5 28.36106872558594 -9.238980293273926 -1.456576824188232 0.24684 0.122766 0.391463 -2.168085
5 5.40678071975708 -32.96183013916016 -0.9614469408988953 0.210597 0.400944 0.562666 -1.562783
4 27.53993988037109 18.25056266784668 -1.651898622512817 0.824903 0.604203 0.571049 -3.640393e-05
2 27.50588607788086 -3.918990135192871 -0.3026436269283295 8.670002 2.444133 3.050709 1.064059
6 36.4781379699707 10.58979511260986 -1.475473284721375 0.381493 1.261404 0.592886 -0.005338797
1 22.70834159851074 -28.12778472900391 -0.6595633029937744 4.137084 1.84285 1.344411 1.589091
5 5.571199893951416 -36.37183380126953 -0.9794219732284546 0.219378 0.290542 0.401725 -1.517264
2 -35.7269287109375 7.619894027709961 -0.1076755970716476 11.314808 2.542671 2.847216 -3.073314
4 7.837656497955322 -11.37158584594727 -1.058614015579224 1.081434 1.459486 1.229235 -0.008186372
4 27.13084030151367 17.58334159851074 -1.616952419281006 0.269451 0.638162 0.5624 -3.640393e-05
4 40.85807418823242 9.771788597106934 -1.385958194732666 0.992272 0.991308 0.589924 -0.00501428
6 27.39321708679199 18.81641578674316 -1.665157794952393 0.37613 0.481491 0.554163 -3.640393e-05
4 28.74079895019531 -16.72198486328125 -1.057635545730591 1.289007 0.495842 0.554983 -1.390379e-15
1 7.866318225860596 -40.92813491821289 -0.4820457696914673 4.660205 1.724166 1.333827 3.126019
1 0.6414750814437866 9.158370971679688 -1.241297721862793 5.040506 1.937773 1.500715 -3.031159
4 29.03151321411133 -14.92719841003418 -1.143002867698669 0.845588 0.354196 0.743623 0.0
4 33.83681869506836 10.78093338012695 -1.772760629653931 1.066982 0.252301 0.50541 0.01993928
6 30.73408508300781 -11.04958629608154 -1.319578647613525 1.364116 0.692522 0.400201 0.0
5 8.069604873657227 -8.80019474029541 -1.50232195854187 0.237018 0.269275 0.459647 2.77089
4 -9.5067777633667 9.7865629196167 -1.500258564949036 1.27251 0.348896 0.714217 -3.122388
6 31.21151733398438 -10.4677791595459 -1.077267169952393 1.596243 0.531168 0.862036 0.0
5 5.326394081115723 -30.30767059326172 -0.9478253126144409 0.294551 0.225249 0.384157 -1.622577
3 11.63210868835449 29.25664901733398 -1.262242794036865 0.357193 0.542504 1.343041 1.456925
6 14.62706565856934 34.12968444824219 -1.180995345115662 0.600398 0.44503 0.478584 -1.521514
4 31.8337516784668 -9.699150085449219 -1.273553133010864 0.820896 0.8394 0.57629 -8.05158e-16
6 49.72912216186523 9.870345115661621 -1.831377506256104 1.305103 0.222917 0.323078 0.07050248
4 30.83525276184082 -11.66079139709473 -1.244933128356934 1.030779 0.217754 0.540968 0.0
6 29.48334884643555 16.04289817810059 -1.682778239250183 0.414372 0.488272 0.566824 -0.005950242
5 27.02581787109375 -10.94393634796143 -1.417368888854981 0.153873 0.139699 0.378034 -2.168085
5 5.286633968353272 -27.95859146118164 -1.026485085487366 0.235747 0.224022 0.386633 -1.5627
5 3.079265832901001 -13.01998996734619 -1.368846774101257 0.35644 0.270523 0.439908 2.628691
6 26.79859924316406 18.85040473937988 -1.79396390914917 0.67914 0.112037 0.433009 0.986202
6 26.64873313903809 16.05785179138184 -1.798012018203735 0.144342 0.098071 0.199381 -1.001015
1 27.55193519592285 11.78159904479981 -1.280060410499573 4.436924 1.70118 1.483383 2.128243
1 8.073365211486816 -45.8814811706543 0.0925215557217598 4.319151 0.753457 1.16394 3.116964
5 5.281143188476563 -25.81126022338867 -1.019762873649597 0.155977 0.258515 0.477598 -3.121934
4 -13.18131256103516 9.664983749389648 -1.718435525894165 1.502196 0.362138 0.698013 3.131691
6 28.96755218505859 -15.75271606445313 -1.245182633399963 1.043817 0.466529 0.526179 1.629706e-15
6 48.08663177490234 9.878751754760742 -1.619651556015015 1.022153 0.177426 0.552432 -0.0156648
6 27.85231590270996 16.19265937805176 -1.668677926063538 1.329301 0.40429 0.637712 1.169947
4 28.86463356018066 15.15644264221191 -1.597019672393799 1.590892 0.280088 0.890956 0.8399176
6 25.96907806396484 19.76443862915039 -1.63982081413269 0.468592 0.44587 0.536183 -3.640393e-05
5 4.987417697906494 -14.79533100128174 -1.220404982566834 0.312474 0.272889 0.574706 2.628691
5 1.042650938034058 -11.27934455871582 -1.195267915725708 0.342575 0.315215 0.516862 2.628691
4 28.79511642456055 -14.3512077331543 -1.055293917655945 1.313282 0.318811 0.872073 6.036351e-16
4 28.43747329711914 -18.1611385345459 -0.9133134484291077 1.290935 0.752077 0.522337 1.004162e-15
6 25.89142799377441 21.93256950378418 -1.796360731124878 0.470529 0.472891 0.381921 -0.00501428
6 27.5393180847168 17.35305404663086 -1.631743431091309 0.238971 0.482265 0.562453 -3.640393e-05