5 24.55467414855957 19.67109870910645 -1.926666975021362 0.171959 0.170774 0.415734 -1.05958
6 27.14791870117188 18.49948692321777 -1.583819031715393 1.275467 0.44403 0.904034 -1.066441
6 34.61879348754883 11.11712455749512 -1.449924945831299 1.193292 0.452965 0.672129 1.689621
1 22.2662525177002 -18.65903854370117 -0.7181808948516846 4.164903 1.394902 1.485245 1.584899
5 4.944384098052979 -14.83787345886231 -1.250245571136475 0.365333 0.37894 0.663822 2.40583
4 27.16728782653809 17.17020988464356 -1.668657898902893 1.593628 0.284287 0.654995 1.544567
6 36.60641479492188 8.736990928649902 -1.741871953010559 0.239584 0.232322 0.222839 -0.437676
6 46.04490280151367 9.86457347869873 -1.537870645523071 0.981956 0.206081 0.571945 0.6617374
6 35.23003768920898 9.407516479492188 -1.686230659484863 0.172337 0.221294 0.218273 -0.437676
5 1.020015597343445 -11.29395961761475 -1.192210674285889 0.287766 0.273933 0.500816 2.40583
1 7.298930644989014 10.00843620300293 -1.192238688468933 4.310368 1.841278 1.525982 -2.712511
3 16.46410369873047 -48.63027191162109 -0.1816043704748154 0.695283 0.924342 0.722287 -1.517102
4 28.89997673034668 15.10506439208984 -1.589661836624146 1.59596 0.463327 0.945499 1.118265
6 36.84339904785156 10.48261165618897 -1.544049263000488 0.859815 0.183497 0.272578 1.206474
6 25.9059009552002 21.78667259216309 -1.842613816261292 0.753964 0.220337 0.45055 2.003249
5 5.315945625305176 -30.20205307006836 -0.9291598796844482 0.131472 0.260588 0.384695 -1.542374
1 7.432887554168701 -52.80507278442383 0.267585426568985 2.456374 0.339111 0.90011 -3.078298
6 36.93365859985352 9.755949020385742 -1.453341484069824 0.857947 0.215034 0.519935 1.266802
1 -5.196596145629883 8.688966751098633 -1.256052017211914 4.475708 1.732916 1.448287 -3.098334
5 26.59441566467285 16.07734298706055 -1.892549633979797 0.121947 0.165634 0.39991 -1.05958
6 52.99213027954102 9.797350883483887 -1.658686876296997 1.285313 0.335474 0.375654 0.5975351
6 25.56683158874512 22.74001693725586 -1.769719004631043 0.864901 0.223343 0.263554 1.185015
6 27.75484275817871 16.49517250061035 -1.671495079994202 1.77946 0.484313 0.636804 -1.366023
1 27.57297515869141 11.75881290435791 -1.344674348831177 4.513333 1.67156 1.34637 2.129486
1 11.26254558563232 -8.84248161315918 -1.005111932754517 3.932974 2.081875 1.487743 -0.6730497
6 32.84576797485352 10.94574069976807 -1.799723982810974 0.230164 0.062911 0.257492 1.270223
5 8.067734718322754 -8.789812088012695 -1.500560641288757 0.261818 0.283814 0.459456 2.70101
1 8.066996574401855 -46.07849502563477 0.113372340798378 4.444257 1.016129 1.127953 3.067057
5 5.549159049987793 -36.41661834716797 -0.9697765111923218 0.214277 0.346175 0.419964 -1.539114
4 -13.19061374664307 9.609875679016113 -1.721269607543945 1.523984 0.343563 0.666845 3.00795
6 48.41414260864258 9.808390617370605 -1.509003520011902 1.423156 0.172482 0.352681 -0.03635139
3 11.63368797302246 29.25330352783203 -1.420638084411621 0.440769 0.563294 1.004477 1.602165
6 5.505463600158691 -33.02725601196289 -0.9471708536148071 0.173728 0.276424 0.219505 -1.542374
6 36.49616241455078 10.52192497253418 -1.5505530834198 1.294927 0.199047 0.714566 1.343919
2 27.49742889404297 -3.962698459625244 -0.2720735669136047 8.679796 2.395653 3.004148 0.9998242
4 -9.399373054504395 9.756637573242188 -1.613762736320496 1.086371 0.248792 0.888307 -3.126607
6 33.49601745605469 11.11793231964111 -1.617399215698242 0.911207 0.154938 0.205353 1.104559
5 26.97978401184082 -10.92338943481445 -1.401307463645935 0.127214 0.082847 0.388784 -2.130264
6 26.19218635559082 20.07451057434082 -1.704123616218567 0.928244 0.202793 0.591311 1.248904
6 41.00912094116211 9.678414344787598 -1.353932857513428 1.051729 0.097053 0.466575 1.040713
1 7.81000566482544 -40.9515266418457 -0.4066435694694519 4.542601 1.737366 1.187808 -3.132445
6 25.70879173278809 19.78436660766602 -1.690955877304077 1.30385 0.311879 0.581648 1.571886
6 26.2016487121582 21.04249572753906 -1.656712055206299 0.285818 0.172002 0.439418 -1.620668
6 34.33895492553711 10.38470268249512 -1.655529022216797 0.706062 0.246866 0.222746 2.001109
6 25.75406837463379 24.02272605895996 -1.843236327171326 0.653386 0.108463 0.299052 -1.53137
1 0.5582050681114197 9.14302921295166 -1.241093635559082 4.905797 1.918716 1.501003 -3.043135
5 4.62340259552002 -6.827925682067871 -1.4536212682724 0.197178 0.312809 0.492999 2.70101
2 -35.68627166748047 7.639606475830078 0.02910763025283814 11.262095 2.72515 2.493824 -3.085408
6 14.91983699798584 24.48176956176758 -1.277680635452271 1.597868 0.556089 1.24476 -1.545878
5 28.40922546386719 -9.261109352111816 -1.449228405952454 0.211967 0.170643 0.380566 -2.130264
5 5.286043643951416 -25.79930114746094 -1.00588846206665 0.158144 0.195228 0.475385 -1.542374
5 3.066702842712402 -13.05419921875 -1.361478567123413 0.423339 0.33174 0.425339 2.40583
4 35.39408111572266 11.30694389343262 -1.500515222549439 0.986152 0.49294 0.690175 1.498993
5 5.311764240264893 -27.88066864013672 -1.026839852333069 0.18494 0.197148 0.360725 -1.542374
1 55.40720367431641 9.610079765319824 -1.604999780654907 1.488945 1.739024 0.72102 -0.01676288