6 -30.55630874633789 -3.027223825454712 -0.5666018128395081 0.417639 0.42895 0.478022 -2.799272
3 11.43052864074707 -39.28072738647461 -0.5049934983253479 0.249687 0.555015 1.002937 -2.200766
3 12.22121429443359 -47.22686767578125 -0.2634866833686829 0.466813 0.553489 0.908581 -1.171533
1 9.99898624420166 0.322253406047821 -1.121380567550659 4.381409 1.750883 1.550063 0.8670878
4 12.29427719116211 -6.190114498138428 -1.191232919692993 1.285858 0.427285 1.177366 0.01042265
6 11.25540065765381 -4.757565021514893 -1.575650930404663 0.183968 0.227495 0.401473 -1.531163
4 11.73797130584717 -4.160247325897217 -1.315694332122803 1.485929 0.38018 0.825159 0.1039171
4 12.49992656707764 -4.587688446044922 -1.263204336166382 1.349855 0.334626 1.049547 0.103918
5 8.933136940002441 -10.53000640869141 -1.45083212852478 0.188173 0.203073 0.362572 -1.135284
1 -19.46166038513184 -5.386060237884522 -0.9520159363746643 4.128943 1.980268 1.624915 0.3883108
5 9.665623664855957 15.50431346893311 -1.921361327171326 0.218704 0.216624 0.368417 -0.1700117
6 -2.421975135803223 -10.28973960876465 -1.46306037902832 0.275328 0.251556 0.495857 -0.1939756
5 -14.52379322052002 -5.977475643157959 -1.486528158187866 0.273384 0.278807 0.431651 -2.933779
2 -13.75333499908447 53.24019241333008 -0.8610190153121948 0.411485 2.514046 2.042015 1.956625
1 -4.218800067901611 29.81192588806152 -1.619527578353882 3.987872 1.628385 1.478654 1.963774
5 12.60744476318359 15.16218852996826 -1.92264723777771 0.247536 0.293469 0.517108 -0.0329392
4 11.95699691772461 -7.384076595306397 -1.285469770431519 1.318476 0.435272 0.977905 0.2223924
4 12.718337059021 -3.838739156723023 -1.284939527511597 1.23536 0.520341 1.071296 -0.1743333
1 -56.56309127807617 -5.70836877822876 -0.3698567450046539 1.920876 0.651666 1.001801 2.028025
1 -0.2652896642684937 7.498493671417236 -0.9284066557884216 4.849785 1.920519 1.962926 1.956542
5 5.352284908294678 -12.27352714538574 -1.424280285835266 0.177741 0.258515 0.462219 -1.160076
1 -50.54377746582031 -3.098675489425659 -0.3638263642787933 2.739367 1.403876 1.020118 1.849292
5 -15.34539604187012 15.25117778778076 -1.807277202606201 0.205996 0.270627 0.478242 1.774523
1 -14.93482685089111 7.972403049468994 -1.289031982421875 4.534502 1.850896 1.440392 -1.874327
5 10.46921348571777 -9.082030296325684 -1.407069563865662 0.314057 0.37151 0.634112 -1.225901
6 11.70994281768799 -2.457032918930054 -1.644843697547913 0.20909 0.148336 0.429588 -1.685907
1 -45.56661224365234 0.1997419893741608 -0.875124990940094 4.73971 0.731469 1.010823 1.914449
1 1.796813011169434 18.29851722717285 -1.325120449066162 3.922392 1.627155 1.576603 2.343754
4 14.08182621002197 -14.58595275878906 -1.371757507324219 1.64174 0.384354 0.74276 -0.3712216
4 11.84375 -6.745448589324951 -1.424214601516724 1.203709 0.25635 0.653757 0.2223924
5 16.49746322631836 6.064643859863281 -1.773402690887451 0.379773 0.254468 0.478592 -2.354294
4 12.08766937255859 -5.174537181854248 -1.258163332939148 1.469194 0.690355 1.095384 0.2076602
5 5.234805107116699 17.5265064239502 -1.879584193229675 0.223466 0.170481 0.492356 -0.5396476
4 12.481201171875 -2.990942001342773 -1.296977043151856 1.34231 0.333517 1.024862 0.07682161
4 12.06021213531494 -8.283438682556152 -1.375828981399536 1.530611 0.517136 0.755121 0.2223924
2 -4.666701316833496 -5.251476287841797 -0.6081544160842896 8.675856 2.941007 2.314321 -0.2061787
4 12.07591152191162 -9.720649719238281 -1.343353986740112 1.474677 0.633169 0.814582 -0.1351869
5 10.63980770111084 -7.551943778991699 -1.556224703788757 0.200817 0.169774 0.438285 -1.632185
5 -20.80283927917481 17.0306339263916 -1.671746373176575 0.377178 0.278717 0.526401 0.4015791
1 -1.661547422409058 24.4737663269043 -1.520084261894226 4.358582 1.768345 1.488384 2.003639
4 11.87446117401123 -9.025321006774902 -1.239817619323731 1.438754 0.430612 0.981613 0.2223924
4 11.80656814575195 -3.325555562973023 -1.437563419342041 1.229578 0.422377 0.740058 0.07688025
1 -38.14957046508789 -13.17037868499756 -1.245453000068665 0.833227 1.502788 0.806978 0.3971587
4 11.49426078796387 -6.557333469390869 -1.256872534751892 1.286646 0.5935 1.023468 -0.1152095
4 12.47581195831299 -2.216661930084229 -1.404756546020508 1.295106 0.293952 0.623585 0.07670437
1 24.01238059997559 -40.78937911987305 -0.7874147295951843 3.41045 1.520785 1.508333 1.940448
5 16.52493286132813 15.37894535064697 -1.896990776062012 0.275506 0.261181 0.486452 0.3444083
4 12.89989280700684 -12.09944820404053 -1.353501439094544 1.533469 0.725081 0.656367 -0.06070721