4 60.62790298461914 -3.858916282653809 -1.209863901138306 2.345596 1.06555 1.323406 2.61711
5 0.6085256934165955 -8.169509887695312 -1.525150775909424 0.187703 0.182221 0.412097 -2.485065
2 37.50102233886719 6.983964920043945 0.6008743643760681 0.949858 0.248606 1.069297 -0.9747049
2 18.10594177246094 8.389010429382324 -0.4549958109855652 6.306486 2.330545 2.769353 0.02413746
5 -1.593783736228943 -6.831881999969482 -1.470233798027039 0.288318 0.331277 0.447245 -2.483021
2 47.53813934326172 7.101823329925537 -0.3559239804744721 0.886784 0.869357 2.163144 0.4717723
5 1.179079413414002 -8.911208152770996 -1.58948814868927 0.165119 0.235866 0.312461 -2.485065
5 -0.0122905308380723 -7.623161792755127 -1.504499316215515 0.189166 0.179883 0.416273 -2.485065
2 18.51819801330566 -4.757938861846924 -0.3824189305305481 6.21749 1.034382 2.78381 -3.137886
1 -7.67779541015625 -5.210917949676514 -0.9690277576446533 4.529269 1.962107 1.646434 0.06010953
1 6.506350517272949 7.542187690734863 -1.079540014266968 4.249774 1.708056 1.500116 0.03716388
2 56.15560150146484 -5.4404616355896 -0.2516056299209595 4.32226 2.348181 3.000335 3.063989
2 56.15492630004883 7.976833343505859 -1.015687704086304 1.741691 1.467411 1.842938 1.583833
3 -53.59318542480469 -5.223795413970947 -1.422580242156982 0.630609 0.343549 1.354325 0.005187843
2 59.17296981811523 7.077248573303223 -0.3183551728725433 0.940553 1.432599 2.308978 -3.021242
5 3.365155458450317 -10.22130870819092 -1.47840678691864 0.246939 0.328293 0.641806 -1.131595
2 -0.2757950723171234 8.053802490234375 -0.7123042941093445 5.30196 2.42814 2.317769 0.05817559
5 -0.7096206545829773 -7.082946300506592 -1.489673018455505 0.242563 0.158419 0.365281 -2.483021
5 1.752251863479614 -9.996007919311523 -1.599381923675537 0.177779 0.154475 0.344435 -2.278568
5 6.350303173065186 -10.27311420440674 -1.465192556381226 0.223261 0.223405 0.539441 -1.132476
2 41.17008972167969 6.918722152709961 -0.288345068693161 0.805982 0.947112 1.910899 0.7850782
5 7.1684250831604 -8.865588188171387 -1.455618739128113 0.264975 0.253675 0.633311 -1.132476
5 7.924983978271484 -8.075363159179688 -1.424085259437561 0.193506 0.257849 0.711162 -1.102388
2 37.36936187744141 -6.049103260040283 -0.5967903137207031 4.038995 2.060642 2.40523 1.967876
2 12.06904602050781 -5.294366836547852 -0.5204175114631653 5.98319 2.334125 2.544606 -0.008870526
1 25.86767578125 8.07794189453125 -1.060813903808594 4.611845 1.820976 1.632417 -3.117455
5 4.76250696182251 -10.18629360198975 -1.524849772453308 0.248125 0.300852 0.605633 -1.131595
5 10.56665325164795 -6.931857585906982 -1.500807046890259 0.222991 0.170436 0.39647 -1.545462
2 51.35803985595703 7.183607578277588 -0.1681275963783264 1.187096 0.88235 2.700595 0.4717723
4 15.31986236572266 -16.03433799743652 -0.6427367329597473 2.640924 1.191286 1.692758 -0.1607872
2 33.76340103149414 8.811752319335938 -0.4316165745258331 5.847788 2.389288 2.769401 -0.9747049