5 5.284866333007813 -27.85655784606934 -1.0188148021698 0.157965 0.215095 0.370435 -1.549947
6 41.25279998779297 9.87531852722168 -1.509864807128906 3.452095 1.399417 0.840632 0.07014198
5 3.077529668807983 -12.99152565002441 -1.37968122959137 0.302979 0.279225 0.444074 0.0
2 27.44751930236816 -3.895964622497559 -0.2630577087402344 8.703105 2.254035 2.972295 0.9969372
1 10.91581344604492 -32.53169631958008 -0.9666152596473694 3.779453 0.70624 0.626541 -1.496913
3 15.65770435333252 -17.77568626403809 -0.5199345946311951 0.568887 0.583148 1.228541 -1.485631
2 -35.69021987915039 7.735592842102051 -0.1224393993616104 11.258266 2.840112 2.967606 -3.092299
5 5.497548580169678 -33.03849792480469 -0.971122145652771 0.208903 0.296136 0.334291 1.387512
1 11.49188327789307 -8.983299255371094 -1.015592455863953 4.519531 2.070995 1.503703 -0.6971636
1 7.377894878387451 10.01523780822754 -1.19435179233551 4.468427 1.828059 1.52554 -2.725402
4 -9.402753829956055 9.818514823913574 -1.549718022346497 1.03526 0.424979 0.635095 -3.031729
5 1.029202580451965 -11.27161502838135 -1.182506322860718 0.276536 0.278631 0.532914 0.0
6 34.65224838256836 10.83984565734863 -1.503432869911194 2.027937 0.877052 0.789836 1.222426
6 26.13200378417969 20.24032974243164 -1.743978619575501 2.435562 1.025602 0.773206 1.395349
5 4.944109916687012 -14.77749919891357 -1.282141208648682 0.310569 0.265857 0.622754 0.0
1 17.57158851623535 9.76232624053955 -1.225080251693726 4.272667 1.820152 1.476374 -1.610825
1 47.35996627807617 9.869889259338379 -1.55147922039032 3.646985 0.537593 0.689419 0.05133737
5 5.546407699584961 -36.41809463500977 -0.9727014899253845 0.201855 0.332593 0.417758 -1.549947
5 8.042618751525879 -8.789050102233887 -1.502701163291931 0.187271 0.175413 0.464769 -1.551209e-15
6 33.5286750793457 11.05648231506348 -1.502700328826904 0.944907 0.35645 0.490346 1.289397
3 29.20005035400391 -30.93087196350098 -0.3224946558475494 0.39399 0.480227 0.580553 -3.062698
1 0.639014482498169 9.170164108276367 -1.232528805732727 5.036568 1.924669 1.482808 -3.049348
5 5.295619010925293 -25.81160354614258 -0.9941486716270447 0.259451 0.247181 0.523921 -1.549947
1 10.83603572845459 -25.64371871948242 -0.9315658211708069 2.810029 0.656513 0.687327 -1.562842
6 36.92535781860352 9.769707679748535 -1.340244770050049 0.447779 0.162029 0.32871 1.222546
1 18.06976890563965 -4.2004075050354 -0.9265205264091492 4.592969 1.782039 1.709338 -1.479658
6 25.88605308532715 23.12617301940918 -1.835870981216431 2.612319 1.018801 0.77669 1.544259
1 53.66692352294922 9.858881950378418 -1.671286582946777 2.519119 1.566976 0.870607 -0.007390652
6 36.54443359375 10.12520217895508 -1.634672403335571 0.575764 0.428634 0.561935 1.343189
4 17.94405364990234 -17.43622207641602 -0.8690093755722046 2.167521 0.628278 1.585846 -1.331875
1 7.822727203369141 -41.0235710144043 -0.508326530456543 4.625093 1.987739 1.386418 -3.128828
3 11.63650608062744 29.24404144287109 -1.276605010032654 0.475104 0.349836 1.373882 -0.03383508
1 7.432300567626953 -52.87771987915039 0.2621125876903534 2.458614 0.416118 0.939358 -3.129791
5 4.646551132202148 -6.8172287940979 -1.449818253517151 0.251683 0.204826 0.49153 0.0
5 5.329537391662598 -30.20105934143066 -0.9270419478416443 0.12102 0.21121 0.365625 -1.549947
1 27.72965431213379 11.48392009735107 -1.287652492523193 3.73721 1.729463 1.492198 2.114886
1 -5.194931030273438 8.723831176757812 -1.26731538772583 4.459113 1.746994 1.469855 -3.107255
5 24.47579765319824 19.64873123168945 -1.904281139373779 0.155946 0.119032 0.445834 -0.5466972
5 37.79421615600586 2.762280225753784 -1.63408100605011 0.144764 0.205177 0.48205 2.179366
4 -13.12523365020752 9.643489837646484 -1.681723713874817 1.647413 0.330315 0.637575 3.004462
4 26.42706871032715 -20.57482719421387 -0.5417775511741638 1.26981 0.53352 0.697159 1.633644
3 14.91791152954102 -17.49699211120606 -0.4273761212825775 0.571057 0.684884 0.750435 -1.485631
1 8.090259552001953 -46.08962631225586 0.1100399568676949 4.40841 1.113176 1.128991 3.092967