5 -20.71346282958984 -6.94298791885376 -1.634583592414856 0.211623 0.184925 0.388422 0.03724725
5 5.045913696289063 -8.087409019470215 -1.623661160469055 0.252389 0.178561 0.300466 -1.506174
2 17.85393714904785 8.86833381652832 -0.4663556218147278 5.048874 2.033278 2.842393 2.201852
5 -19.11820983886719 -7.756985187530518 -1.669108510017395 0.207743 0.145767 0.431202 0.03724725
2 48.6523323059082 6.799462795257568 -0.1330446600914002 1.621849 1.441169 2.575622 0.3549744
5 -18.48962020874023 -8.352827072143555 -1.700854897499085 0.20333 0.16718 0.328441 0.03724725
2 50.42868804931641 7.598401546478272 0.3254493474960327 3.68852 0.303455 2.235495 1.678632
5 -19.7620964050293 -7.239045143127441 -1.700178146362305 0.175123 0.185751 0.434215 0.03724725
4 36.12162399291992 -2.873759984970093 -0.944979190826416 2.678335 1.067762 1.495707 -3.026722
1 -12.1180419921875 7.572683811187744 -1.183950901031494 4.210561 1.87299 1.485639 0.0157106
2 40.1618766784668 -16.89094734191895 0.6708494424819946 2.144579 1.958041 2.235341 1.634878
6 56.94384384155273 -5.260268688201904 0.2147716879844666 0.273879 0.374357 2.156539 -0.00960639
5 6.190968990325928 -8.698078155517578 -1.582091808319092 0.12225 0.126798 0.307551 -1.506174
5 14.60079669952393 -9.130640029907227 -1.450270771980286 0.283247 0.211133 0.398027 -1.506174
6 -11.49169445037842 8.653138160705566 -1.052022099494934 1.550531 0.21193 0.80438 0.02266843
2 37.83804321289063 -5.679001331329346 -0.2591926157474518 6.076932 2.195471 2.943728 -3.121745
2 41.6788215637207 6.967012405395508 -0.3832920491695404 4.288613 1.738131 2.774618 0.01943656
2 -0.5875354409217834 -5.467318058013916 -0.6952335238456726 6.062355 2.463862 2.267404 3.113004
5 12.93027210235596 -9.102166175842285 -1.459300518035889 0.280663 0.282323 0.466368 -1.506174
2 14.57490730285645 8.55337142944336 -0.4618452191352844 5.957918 2.286528 2.71112 -0.9961067
5 16.29865455627441 -9.039271354675293 -1.479372620582581 0.263109 0.180396 0.430318 -1.506174
5 8.18699836730957 -10.35235500335693 -1.441611051559448 0.15419 0.112672 0.305356 -3.025786
2 47.68265533447266 -17.37686729431152 0.9213537573814392 5.499962 2.180585 2.07176 1.707954
6 54.96163177490234 6.114006042480469 -0.2338278740644455 0.920625 0.726769 2.113724 -1.661014
2 52.21894454956055 4.22698450088501 -0.2108498811721802 4.832379 2.203618 2.892712 3.033025
1 6.706261157989502 7.906077384948731 -1.007511138916016 4.527256 1.849862 1.632493 -3.104589
5 7.226454734802246 -9.26388168334961 -1.51248025894165 0.214841 0.123768 0.302254 -1.506174
5 11.1214771270752 -9.16427230834961 -1.450768351554871 0.218095 0.297827 0.486237 -1.506174
2 -1.07647168636322 8.253570556640625 -0.6811694502830505 6.049779 2.549263 2.397038 -0.002034617
1 -26.68098831176758 -5.226278305053711 -1.348300814628601 4.291208 1.804454 1.203474 -0.01733653
5 9.100980758666992 -9.182208061218262 -1.47715151309967 0.252077 0.289315 0.514014 -1.506174
1 25.9003963470459 -5.355706214904785 -1.103092074394226 3.856338 0.778119 1.352206 -0.01138004
2 -6.873682498931885 -5.401776790618897 -0.6273590922355652 6.20079 2.526647 2.408804 -0.01855074
1 48.63084411621094 -2.849314451217651 -0.8463765978813171 0.772834 1.475001 1.645266 -0.08568316
2 47.79961013793945 -9.293269157409668 0.111360676586628 0.392539 1.258498 2.534956 -0.1875568
2 34.39182662963867 6.986223220825195 -0.262780100107193 5.559737 0.849726 3.013127 0.001292738
2 21.99504661560059 7.067295074462891 -0.3907431662082672 1.598605 1.185304 2.91481 2.212673
2 18.37337684631348 -6.760935306549072 -0.5869486331939697 5.320107 2.389994 2.376388 1.896506
2 28.25801849365234 7.388504028320313 -0.48165363073349 1.711635 1.064059 2.80698 1.880298
2 -19.51412963867188 8.0286283493042 -0.8259873986244202 5.635087 2.31998 2.306126 0.02078444
2 57.27831268310547 -3.235578298568726 -0.02916693314909935 1.102202 2.238223 2.640554 0.0390784
2 51.271728515625 -5.237473487854004 -0.2993496954441071 4.458258 1.254818 2.990437 -0.01190228