6 26.07816314697266 13.64605808258057 -1.692883133888245 0.458444 0.14396 0.639731 1.45059
5 3.36577844619751 17.37749862670898 -1.831620335578919 0.151158 0.219131 0.463081 -2.019778
5 20.11533737182617 -8.422009468078613 -1.578168392181397 0.143595 0.193899 0.418723 -1.450373
5 -1.333244442939758 -14.69272613525391 -1.282925367355347 0.255196 0.323617 0.60255 -1.241724
1 16.5125789642334 -16.10148429870606 -0.9347800016403198 4.330704 1.950804 1.711068 1.711353
6 24.97182846069336 14.06484222412109 -1.756494045257568 0.287161 0.099478 0.386714 1.534251
6 37.12252807617188 14.62442779541016 -1.747297525405884 1.070947 0.498058 0.525578 1.112646
6 23.47616958618164 14.29128646850586 -1.804845213890076 0.891393 0.231673 0.424252 1.41457
6 27.15095901489258 13.62884426116943 -1.669414043426514 0.609748 0.285051 0.490338 1.71619
6 27.56220245361328 12.44573974609375 -1.822339773178101 0.931888 0.332133 0.42869 1.140353
6 14.2243537902832 21.6445369720459 -1.865257859230042 0.146003 0.13004 0.288784 1.342168
5 -3.43106484413147 -13.17312240600586 -1.246114492416382 0.314975 0.361868 0.566158 -1.241724
3 0.3509349822998047 29.85101127624512 -1.136260032653809 0.427195 0.525741 1.138202 1.715025
6 24.05449867248535 14.28772258758545 -1.681057929992676 1.202003 0.315008 0.415468 1.483512
5 22.42073822021484 -10.01224422454834 -1.52741277217865 0.410539 0.632146 0.54437 -1.857849
4 1.304694771766663 -11.36780548095703 -1.219226598739624 0.992805 0.344074 1.027088 0.8403893
1 18.19223213195801 14.22746753692627 -1.316502332687378 4.542068 1.830274 1.399841 2.21121
5 16.70658111572266 18.37290763854981 -1.856316804885864 0.147148 0.16362 0.439712 1.342168
4 17.02077865600586 19.83630752563477 -1.551533818244934 0.850403 0.318259 0.749997 1.672363
5 -2.52750301361084 -6.868645191192627 -1.46796977519989 0.256128 0.218224 0.530932 -1.241724
6 4.435952663421631 20.12772750854492 -1.868091344833374 0.105865 0.141268 0.417229 -2.019778
2 19.93772697448731 -1.416567325592041 -0.4387396574020386 8.773623 2.737207 2.83325 1.146809
6 14.99810409545898 25.73166465759277 -1.742936015129089 1.091781 0.552069 0.272484 1.697065
6 32.10195159912109 13.92790699005127 -1.804301381111145 2.768897 1.402819 0.658795 0.1143493
1 -8.206995010375977 8.534921646118164 -1.245606899261475 4.721515 1.882877 1.507562 -2.963017
6 25.18010139465332 13.49661731719971 -1.873252153396606 0.654141 0.142136 0.60174 1.212206
1 5.456727981567383 -45.11379623413086 0.1392465978860855 4.398271 0.386777 0.643644 -3.024365
1 4.44400691986084 -8.056527137756348 -1.042015790939331 4.13294 1.803491 1.495399 -0.5526542
4 17.29511070251465 19.19901084899902 -1.69793438911438 1.105968 0.340645 0.719013 1.281183
6 15.119873046875 24.22539901733398 -1.755626797676086 0.977349 0.21379 0.377457 -0.8004308
6 43.79361724853516 15.31718444824219 -1.651110291481018 1.026149 0.915496 0.361426 0.06555171
6 18.19519233703613 18.86858749389648 -1.722446441650391 1.583949 0.371026 0.710399 1.343582
5 1.078755140304565 -8.36549186706543 -1.506139993667603 0.214304 0.302585 0.485137 -1.241724
6 15.80768394470215 23.04567527770996 -1.524168372154236 0.812246 0.259935 0.43125 -1.265028
1 -13.93662738800049 7.532308101654053 -1.230313181877136 4.225689 1.76098 1.467521 -2.99247
2 -44.22659683227539 3.063437461853027 0.2629382610321045 11.190627 2.731282 2.490565 -2.988914
5 2.101382732391357 15.2093563079834 -1.83179497718811 0.173624 0.220566 0.458164 -2.019778
1 -1.600430130958557 10.24108028411865 -1.204542517662048 4.495143 1.874385 1.647753 -2.633074
1 37.25398254394531 9.143880844116211 -1.679962992668152 1.013893 1.799787 0.603317 -2.985491
4 17.81448745727539 18.80451393127441 -1.533393979072571 1.308567 0.196901 0.954568 1.343374
6 16.57068252563477 21.0807056427002 -1.735703110694885 0.686727 0.240492 0.540021 1.32819
5 21.30514144897461 -6.572325229644775 -1.634111166000366 0.131258 0.12948 0.412104 -1.450373
5 -5.587117195129395 -11.68740272521973 -1.199971199035645 0.349716 0.3786 0.600245 -1.241724
4 22.9261417388916 14.32104301452637 -1.534874439239502 0.717419 0.212072 0.589872 1.362832
4 8.183245658874512 -1.832808136940002 -1.015207767486572 1.850148 0.680664 1.60939 -1.40875
1 4.746330738067627 -40.23202133178711 -0.5892969965934753 4.554749 1.356931 1.185084 -3.032913
6 39.65430068969727 14.6676025390625 -1.870520830154419 2.442892 0.444829 0.659637 0.1351633