3 39.01581573486328 16.7390022277832 -0.6483067274093628 0.465343 0.445713 0.682948 -0.8990656
4 28.77669143676758 -16.62407112121582 -1.050067901611328 1.25537 0.444851 0.555036 0.006442055
6 26.36419105529785 21.07795143127441 -1.572557210922241 0.752403 0.898771 0.343295 -0.0006376979
6 48.54414367675781 9.852312088012695 -1.500730991363525 1.214046 0.242049 0.360758 -0.0163877
1 56.78628921508789 9.648664474487305 -1.596683502197266 4.138738 1.796024 0.667259 0.02088189
5 5.307175636291504 -27.88760757446289 -1.0202716588974 0.167866 0.204208 0.378909 -1.545134
6 37.57760620117188 9.934854507446289 -1.357001543045044 1.050833 0.366415 0.247335 1.111683
6 5.474429130554199 -33.01107788085938 -0.8721318244934082 0.20826 0.164911 0.372147 -1.545134
6 14.70549774169922 29.13498687744141 -1.191479682922363 0.795989 0.330209 0.775776 -1.545718
5 1.047042846679688 -11.26516437530518 -1.191204309463501 0.355682 0.266274 0.538013 2.452789
6 26.41989898681641 22.81654930114746 -1.746401429176331 0.607476 0.505387 0.576889 -0.0006376979
4 28.98820304870606 -15.22524261474609 -1.139102458953857 1.395455 0.374144 0.733062 0.006442017
4 29.47500038146973 -13.33229827880859 -1.052985548973084 0.992599 0.245561 0.878351 0.006438825
5 5.274284362792969 -25.78204727172852 -1.002696394920349 0.227411 0.252214 0.46843 -1.545134
1 22.36159324645996 -21.2673511505127 -0.7121421694755554 4.133416 1.327438 1.527604 1.587224
1 8.096997261047363 -46.04209899902344 0.1180829107761383 4.502629 0.97001 1.120462 3.036365
4 7.821758270263672 -11.34991359710693 -1.059639573097229 1.053965 1.456757 1.23973 0.007979036
6 26.99177360534668 19.09967803955078 -1.719544529914856 1.046368 0.324206 0.59519 -1.891355
5 5.764589786529541 -43.68439102172852 -0.790270984172821 0.124615 0.23006 0.380475 1.582936
4 28.85358428955078 15.04409313201904 -1.577396631240845 0.636981 0.16312 0.858261 0.9389433
6 27.86171340942383 16.28864097595215 -1.639673233032227 1.051102 0.471449 0.649872 1.288948
6 40.46059036254883 9.730732917785645 -1.470133900642395 1.187659 0.322319 0.218977 0.9807382
1 27.54855918884277 11.78413200378418 -1.276106119155884 4.427056 1.698444 1.449376 2.097625
6 41.02641296386719 9.675827980041504 -1.353417158126831 1.065342 0.176323 0.475496 1.069314
6 25.91636657714844 19.51376914978027 -1.702549576759338 0.502698 0.852296 0.411321 -0.0006376979
6 26.04246139526367 21.95606231689453 -1.803246974945068 0.503011 0.276415 0.401071 -0.0006376979
6 30.19795417785645 -12.29742527008057 -1.239244937896729 1.201661 0.382025 0.554247 0.006429104
5 4.931326866149902 -14.83105182647705 -1.254066467285156 0.334255 0.342126 0.64851 2.452789
4 31.71650695800781 -9.839776992797852 -1.259516000747681 0.637076 0.577193 0.569348 0.005919238
6 31.33439064025879 -10.43190670013428 -0.9705979228019714 1.352506 0.555647 0.664792 0.006016036
5 26.57253837585449 16.05542945861816 -1.896439552307129 0.205342 0.106727 0.395746 -1.027007
1 7.350668907165527 10.03193473815918 -1.219564914703369 4.414895 1.803423 1.497369 -2.713713
4 27.1513614654541 17.95680618286133 -1.689488172531128 1.338865 0.450306 0.675183 1.314861
6 28.92632293701172 -19.46401977539063 -0.9441261887550354 1.353048 0.706009 0.530584 0.006002462
6 36.933837890625 10.00628089904785 -1.458697080612183 0.891552 0.317347 0.489569 1.327814
6 34.55530548095703 10.99423789978027 -1.487748861312866 0.744009 0.400771 0.771914 0.0
5 28.42457389831543 -9.238862991333008 -1.439813137054443 0.234841 0.132174 0.383398 -2.185589
6 29.13519859313965 -14.99378490447998 -1.147062301635742 1.212933 0.361331 0.712154 0.005729968
1 -5.201915740966797 8.758790016174316 -1.258042454719544 4.471035 1.780703 1.447124 -3.09919
4 31.10512924194336 -11.80756855010986 -1.175109386444092 1.452793 0.536757 0.725094 0.006416162
2 -35.70404052734375 7.679810523986816 0.05068068951368332 11.259101 2.713463 2.519042 -3.094424
6 34.38088607788086 10.3711576461792 -1.678970217704773 0.509843 0.85454 0.349844 -1.973917e-15
1 0.6426266431808472 9.154302597045898 -1.241588592529297 5.03755 1.92575 1.501407 -3.034048
1 11.36609268188477 -8.813156127929688 -1.00799036026001 4.04181 1.786808 1.494282 -0.6199831
6 29.51290321350098 -12.82225131988525 -1.223429799079895 1.477828 0.431885 0.582416 0.006435582
4 28.39924240112305 -18.09881782531738 -0.9990448355674744 1.61723 0.758093 0.70718 0.006002459
6 27.53182792663574 17.36409759521484 -1.693083643913269 0.709235 0.270258 0.627202 1.34182
4 28.80399703979492 -14.38286304473877 -1.237130284309387 1.441101 0.334893 0.551076 0.006441663
6 25.67398643493652 22.67490577697754 -1.758965969085693 1.058059 0.282294 0.279326 1.291937
5 3.040019989013672 -13.04186153411865 -1.402567744255066 0.298743 0.283783 0.370532 2.452789
6 33.549560546875 11.03133296966553 -1.560839176177979 0.484205 0.869142 0.179982 0.0
4 -9.372581481933594 9.782633781433105 -1.618234515190125 1.196099 0.356371 0.767673 3.067933
5 26.94404983520508 -10.91952228546143 -1.401317119598389 0.206359 0.115359 0.377758 -2.185589
5 8.06574535369873 -8.81096363067627 -1.497671484947205 0.25653 0.28985 0.47172 2.578895
5 4.674379348754883 -6.869607448577881 -1.44181752204895 0.371785 0.334304 0.496165 2.578895
2 27.65829658508301 -4.056226253509522 -0.2618448734283447 8.664984 2.729112 2.983016 1.025879
6 25.98260307312012 20.35922431945801 -1.648013353347778 0.798091 0.631875 0.591807 -0.0006376979
5 5.346182346343994 -30.28590393066406 -0.9348592162132263 0.323521 0.224766 0.363787 -1.545134
3 16.05546760559082 -46.72861862182617 -0.1438343971967697 0.428 0.375571 0.638095 -1.538202
5 24.53263854980469 19.5877628326416 -1.921831250190735 0.204892 0.079377 0.413083 -1.027007
5 5.531463623046875 -36.35906219482422 -0.9739490151405334 0.091192 0.257844 0.427428 -1.545134
1 7.519514560699463 -52.82284545898438 0.2817985713481903 2.44931 0.345793 0.907594 -3.11968
4 29.16860008239746 -13.77269268035889 -1.029385089874268 1.20824 0.51666 0.502337 0.006440446
4 27.17827033996582 16.55156707763672 -1.640087723731995 0.873221 0.192998 0.650715 1.472774
6 30.85951614379883 -11.03146362304688 -1.257675886154175 1.272457 0.677044 0.545873 0.006064986
1 7.824223518371582 -40.94566345214844 -0.4722679257392883 4.52395 1.7557 1.320983 -3.12801
4 -13.10830783843994 9.634729385375977 -1.72084391117096 1.523455 0.364191 0.701313 3.023364
5 36.61494827270508 8.734079360961914 -1.618543386459351 0.145649 0.213749 0.493313 -0.5533376
6 29.01855659484863 -15.67322635650635 -1.248201608657837 0.98413 0.509807 0.519295 0.006442043
3 11.62234783172607 29.24982643127441 -1.270992994308472 0.308586 0.461796 1.30568 1.639075
6 36.47932434082031 10.43169021606445 -1.631214380264282 0.884398 0.242795 0.484752 1.279147
6 46.01969909667969 9.82847785949707 -1.538688540458679 1.053187 0.210576 0.580564 0.7001935