1 34.39742279052734 -13.55607318878174 -0.9190921783447266 4.43321 1.182332 1.379382 1.654177
1 34.53863906860352 4.481944561004639 -0.9244033098220825 4.019418 1.676662 1.444165 1.462131
3 -13.42286491394043 -23.77658843994141 -0.6692896485328674 0.190361 0.640998 0.35458 1.425403
1 23.46015167236328 -29.27808570861816 -0.5409784317016602 4.477967 1.676828 1.4889 -1.623862
1 35.50557708740234 14.85492706298828 -1.000877380371094 3.815244 1.567132 1.482561 1.533746
1 32.963134765625 -28.01383972167969 -1.300559878349304 1.355553 2.039301 0.766962 1.251103
1 23.83877754211426 -23.27676200866699 -0.7822871804237366 4.261935 1.825223 1.704893 -1.62309
5 -7.533041954040527 -2.236186265945435 -1.509142756462097 0.288759 0.381679 0.644301 0.01898774
1 34.16072845458984 -24.47770500183106 -0.8067114949226379 4.342903 1.735849 1.58406 1.36016
1 34.85353088378906 -19.36735153198242 -0.9319874048233032 4.042728 1.869811 1.291842 1.652206
1 22.80452537536621 -44.47379302978516 -0.5259937644004822 0.159366 1.258822 0.51811 -1.60944
6 -24.72165679931641 -8.264091491699219 -1.282137751579285 0.871574 0.636492 0.507011 0.02112893
3 -1.235441327095032 11.60540866851807 -0.7566763758659363 0.375929 0.608416 1.120126 -0.06210263
2 -51.13943862915039 0.3435916304588318 -0.6926037669181824 2.06552 2.414887 2.746916 0.005376372
1 35.01476669311523 9.698515892028809 -0.9666984677314758 4.675267 1.758009 1.481066 1.366089
5 -9.959013938903809 -2.281064748764038 -1.586323738098145 0.249754 0.359957 0.55246 0.02743329
1 34.71701431274414 -8.467140197753906 -0.803546667098999 4.547621 1.770876 1.653179 1.565739
1 22.38409614562988 -50.41449356079102 -0.3896961808204651 0.483014 0.802426 0.502253 -1.541739
6 24.45278358459473 -19.85743141174316 -1.368703365325928 0.987589 0.510154 0.516925 -0.8468003
1 -4.750982761383057 -8.71281909942627 -0.9920388460159302 4.50179 1.863447 1.651344 -0.100119
5 -14.70404529571533 -2.140321731567383 -1.585842370986939 0.233195 0.174168 0.534573 0.02472012
5 -16.78971290588379 -2.098811626434326 -1.609397649765015 0.202976 0.218777 0.490421 0.02406654
1 22.57974624633789 -39.86390686035156 -0.5902012586593628 2.540356 1.076637 0.512906 -1.597108