1 17.8834114074707 12.25990200042725 -1.281699061393738 4.254756 2.147064 1.474221 -1.625694
1 10.83237934112549 -25.53361129760742 -0.9193924069404602 2.58473 0.708057 0.654102 -1.570613
6 40.70818710327148 9.673243522644043 -1.521988868713379 1.475111 0.974722 0.874089 0.811452
1 11.31042003631592 -8.798885345458984 -1.003976702690125 3.981906 2.093912 1.480633 -0.7168442
2 27.45602416992188 -3.923372745513916 -0.04615802690386772 8.674264 2.192485 2.540997 1.026476
5 3.053452014923096 -13.03502464294434 -1.319921255111694 0.384574 0.367506 0.393015 2.576709
1 7.489219188690186 -52.81008911132813 0.275353729724884 2.500182 0.332189 0.913092 0.06318805
5 4.62601900100708 -6.824272155761719 -1.431787490844727 0.246636 0.310562 0.526336 2.576709
4 -9.459822654724121 9.7781343460083 -1.52781867980957 1.210437 0.30711 0.769377 -3.141311
5 8.038334846496582 -8.795888900756836 -1.460029363632202 0.194509 0.262478 0.444375 2.576709
5 1.071024298667908 -11.29287338256836 -1.187437295913696 0.360463 0.286286 0.564712 2.576709
5 5.775691032409668 -43.66782379150391 -0.7759081721305847 0.234716 0.299223 0.439597 -1.40311
3 17.01810836791992 -13.08783340454102 -0.3148519992828369 0.223624 0.492923 0.350244 -1.075923
6 33.33369064331055 11.10200119018555 -1.73025119304657 1.193265 0.474492 0.483795 0.5816467
1 10.82934951782227 -32.35445022583008 -0.9566788673400879 3.610926 0.859699 0.60436 1.588649
6 48.41839981079102 9.822190284729004 -1.61931300163269 1.490986 0.234377 0.645826 -0.1026986
5 5.539395809173584 -36.32951736450195 -0.960700511932373 0.202937 0.260044 0.460294 -1.280097
3 15.6640510559082 -17.16491508483887 -0.5804969072341919 0.621525 0.540586 1.356888 -1.511982
5 5.322916030883789 -25.76663589477539 -1.009702920913696 0.197359 0.211069 0.47121 -1.611744
5 5.33833122253418 -27.97275733947754 -1.007781982421875 0.326523 0.336944 0.402998 -1.507418
6 37.11509323120117 10.06671142578125 -1.444108366966248 1.620451 0.506566 0.537315 1.46528
4 26.51742553710938 -22.24090385437012 -0.4573266208171845 0.911772 0.609857 0.958565 1.632127
5 28.42760467529297 -9.25029182434082 -1.440081596374512 0.289295 0.184244 0.438177 -2.102916
1 -5.271839141845703 8.791982650756836 -1.256349444389343 4.61207 2.02415 1.448575 -3.124115
1 7.84446907043457 -40.96689224243164 -0.4093111157417297 4.462892 1.779145 1.188982 3.132505
6 29.35238647460938 15.41668701171875 -1.586166262626648 2.649516 1.152196 0.926322 0.9980316
5 26.96860313415527 -10.96530151367188 -1.390870094299316 0.305432 0.13022 0.413878 -2.102916
4 -13.07855987548828 9.669453620910645 -1.575384140014648 1.474987 0.451426 0.779694 -3.141311
5 4.953169822692871 -14.81559371948242 -1.199995994567871 0.32838 0.336529 0.60817 2.576709
5 5.517853260040283 -33.00278854370117 -0.8594422936439514 0.277175 0.235891 0.435366 -1.335894
6 46.07066345214844 9.855245590209961 -1.674696803092957 0.9997 0.2856 0.883506 0.5272645
3 11.60092735290527 29.24729156494141 -1.254987597465515 0.471256 0.554242 1.32822 1.593977
6 27.97202682495117 16.77281379699707 -1.568362712860107 1.945846 1.325676 1.133215 0.9980316
2 -35.75083160400391 7.721408843994141 -0.08864731341600418 11.361368 2.798745 2.970153 -3.089778
5 5.321246147155762 -30.31250762939453 -0.9256038665771484 0.404209 0.266607 0.40864 -1.405553
6 54.86138916015625 9.762439727783203 -1.406241774559021 0.341447 1.500745 0.335269 0.0194079
1 27.57778739929199 11.7649040222168 -1.270616054534912 4.52292 1.667911 1.463225 2.116883
1 17.93844604492188 -2.737535238265991 -0.9224348068237305 4.651395 1.871453 1.712656 -1.486417
6 34.70716857910156 10.95842170715332 -1.508885622024536 1.977973 1.187077 0.804627 0.7569918
1 7.30786943435669 9.986350059509277 -1.19891631603241 4.340124 1.862283 1.535782 -2.736588
1 0.5333080291748047 9.131509780883789 -1.237477540969849 4.850957 1.926868 1.49446 -3.052623
6 36.59967041015625 10.25053119659424 -1.547173738479614 1.787832 0.493284 0.743446 1.377565
1 8.072099685668945 -45.93129348754883 0.08007614314556122 4.315246 0.836014 1.189072 3.110188
3 14.67698097229004 -16.86174201965332 -0.6368629336357117 0.563889 0.523577 1.186465 -1.511982
6 25.61859893798828 22.95820236206055 -1.863541960716248 0.855046 2.940312 0.547577 0.2111521