6 36.58318710327148 10.31437015533447 -1.535365462303162 2.026115 2.846971 0.767507 1.564362
3 11.65917587280273 29.22908782958984 -1.097718477249146 0.335097 0.599689 1.028095 1.33863
6 19.99817848205566 -49.61150741577148 -0.6444950103759766 0.259815 0.684113 0.379452 -1.534359
5 5.499332904815674 -33.00974273681641 -0.8571372628211975 0.277482 0.271555 0.431841 -1.234432
1 7.310873985290527 9.982080459594727 -1.184835433959961 4.34442 1.866785 1.516942 -2.716879
5 3.061584711074829 -13.02994155883789 -1.317072629928589 0.36057 0.3326 0.393559 2.843942
5 5.317901611328125 -25.80595397949219 -0.9252991080284119 0.204775 0.182096 0.389074 -1.32227
1 7.49962854385376 -52.91023635864258 0.2482141554355621 2.488508 0.549169 0.970951 -3.13765
1 8.07272720336914 -45.91923904418945 0.08195523917675018 4.318465 0.779538 1.189824 3.096432
3 15.77130222320557 -33.42588806152344 -0.1618632674217224 0.322548 0.518703 0.715966 -1.413021
6 54.77811050415039 9.752012252807617 -1.407247662544251 1.347498 0.366388 0.319784 1.751995
5 26.60556221008301 16.0572681427002 -1.877067923545837 0.264123 0.157866 0.451765 -1.126895
5 5.294994831085205 -27.90199661254883 -1.007617354393005 0.201358 0.272164 0.405839 -1.492839
4 7.831738948822022 -11.29832553863525 -1.056172847747803 1.463003 0.974436 1.233532 -1.385139
5 26.96893119812012 -10.94207668304443 -1.389665007591248 0.255258 0.122876 0.430108 1.083416
6 33.94829940795898 10.91887283325195 -1.522469162940979 1.989526 2.343258 0.853862 1.500249
5 5.329928874969482 -30.28698539733887 -0.9235100150108337 0.4356 0.344543 0.413117 -1.363992
6 27.78934860229492 16.17276573181152 -1.64195716381073 0.946572 0.54837 0.63602 1.51925
6 25.5543384552002 22.42519187927246 -1.779125809669495 1.43024 0.67617 0.394139 -1.412127
5 8.065877914428711 -8.808342933654785 -1.415433883666992 0.26621 0.287471 0.36204 2.583637
1 7.82032585144043 -40.91663360595703 -0.4074064791202545 4.561034 1.716388 1.188178 -3.105663
5 4.623173713684082 -6.821945667266846 -1.434494853019714 0.25087 0.314807 0.532536 2.869279
5 28.41113471984863 -9.223562240600586 -1.431890368461609 0.308309 0.171434 0.44048 0.5928958
5 5.572408199310303 -36.34963989257813 -0.9648481607437134 0.2324 0.359286 0.471184 -1.60238
6 41.65676498413086 9.808605194091797 -1.347992181777954 2.609531 1.408371 0.547877 3.092078
5 4.963924407958984 -14.79477691650391 -1.198819994926453 0.328138 0.31943 0.607079 2.989397
1 -5.187809467315674 8.758750915527344 -1.256651520729065 4.42768 1.877111 1.448866 -3.109021
4 25.95321273803711 20.0956974029541 -1.717352151870728 2.11745 0.683011 0.739321 1.147592
5 5.810727596282959 -43.67912673950195 -0.7691183686256409 0.263338 0.239022 0.428585 3.109571
1 0.5546334981918335 9.141364097595215 -1.237550258636475 4.89722 1.903219 1.496723 -3.052849
2 27.69108581542969 -4.132946968078613 -0.2654737830162048 8.606668 3.050137 2.998189 0.9323663
4 -13.07361602783203 9.572903633117676 -1.550136804580689 1.44845 0.372963 0.727383 2.979599
1 27.54097175598145 11.78195190429688 -1.26342236995697 4.424675 1.679736 1.4667 2.134114
6 28.7019157409668 14.87954425811768 -1.550522804260254 1.062381 0.222813 0.874683 0.8991923
2 -35.69171142578125 7.701081275939941 -0.1244081407785416 11.258943 3.015233 2.963373 -3.102832
3 16.47212028503418 -33.17013549804688 -0.1475758105516434 0.468706 0.461253 0.687255 -1.62463
4 24.07607078552246 19.71937942504883 -1.287338137626648 1.716658 0.708775 1.451983 1.330282
4 46.1494140625 9.797731399536133 -1.559791326522827 1.236737 0.320589 0.685645 0.5335883
1 11.30291557312012 -8.929468154907227 -0.9948150515556335 4.04494 2.187613 1.469774 -0.5611292
5 1.061735153198242 -11.30938529968262 -1.18897020816803 0.353313 0.363143 0.569404 2.788156
6 48.6948127746582 9.85770320892334 -1.522771596908569 1.007041 0.29869 0.466491 -0.03322228
6 27.13911247253418 16.55783271789551 -1.630646347999573 0.861868 0.218341 0.608968 1.357415
6 19.87946701049805 -31.21500778198242 -0.8478835225105286 0.154299 0.86661 0.230072 -1.556853
3 45.32784652709961 15.11370086669922 -0.842375636100769 0.389431 0.399251 0.95139 -1.822611
4 -9.361016273498535 9.829830169677734 -1.525609731674194 0.971729 0.362296 0.761897 -3.090959
5 36.60147857666016 8.684466361999512 -1.604304909706116 0.234823 0.210074 0.529647 -0.4103998