5 5.149364948272705 -43.68476104736328 -0.7950480580329895 0.205593 0.250614 0.42421 1.618192
1 6.505051136016846 -52.78636169433594 0.1526801586151123 1.623939 0.260369 0.646462 -3.098895
4 -10.16591835021973 9.76004695892334 -1.466871857643127 0.891129 0.272343 0.696772 -0.03152765
5 36.77172088623047 6.828829765319824 -2.074127435684204 0.245632 0.211604 0.511687 0.07702067
5 3.977917909622192 -6.814274787902832 -1.437410831451416 0.210997 0.152738 0.481213 1.047384
1 26.65938758850098 11.6605167388916 -1.542749524116516 4.361595 1.058308 1.426368 2.115523
5 27.82025909423828 -9.201674461364746 -1.779067277908325 0.278961 0.32787 0.409827 2.356214
1 -0.07214362174272537 9.131999015808105 -1.234675288200378 4.761294 1.906211 1.492114 -3.033326
5 34.52391052246094 9.441500663757324 -2.103432416915894 0.307885 0.12913 0.218033 -2.292616
4 40.03841781616211 9.670116424560547 -1.930583715438843 0.75834 0.403287 0.878971 2.270524
6 54.14884185791016 9.800004959106445 -2.016743898391724 0.229914 1.333023 0.442175 -3.102238
5 37.1695671081543 2.822649717330933 -1.959379315376282 0.163104 0.22361 0.301152 0.0296347
5 23.36151885986328 23.19543647766113 -2.199812889099121 0.117809 0.089267 0.404296 -1.554534
1 7.071732997894287 -46.00586700439453 0.09855407476425171 3.942652 0.992649 1.159423 -3.111079
5 4.672399520874023 -25.78470230102539 -0.9991551637649536 0.209151 0.305507 0.470604 1.633105
6 27.41823577880859 16.78731727600098 -1.873261690139771 0.465749 0.768114 1.080031 -1.366599
1 -5.838409423828125 8.63290786743164 -1.199447512626648 4.39388 1.55912 1.437818 -3.107153
4 52.3743896484375 9.851053237915039 -2.257998943328857 1.41414 0.429259 0.545617 -2.335135
1 6.672397136688232 9.994674682617188 -1.261942267417908 4.476598 1.864272 1.529779 -2.727175
4 45.71222686767578 9.909223556518555 -2.077982902526856 1.771665 0.585924 0.657474 0.7191908
5 0.4039095044136047 -11.30864238739014 -1.226431965827942 0.33026 0.300267 0.589253 -0.7892202
3 11.11412811279297 29.33442687988281 -1.351609826087952 0.506886 0.863986 0.861867 1.589154
6 32.80642318725586 10.88966369628906 -2.130895376205444 0.365578 0.201323 0.518751 -0.8447928
6 25.61583137512207 22.14579582214356 -2.055210590362549 0.870957 0.235911 0.459805 -1.502153
6 26.40162658691406 19.3246955871582 -1.960334658622742 0.247674 0.607331 0.84603 -1.543377
5 25.92329978942871 16.11627769470215 -2.184907913208008 0.085937 0.148958 0.313631 -2.292616
6 25.16951179504395 23.67400169372559 -1.91971743106842 1.796993 0.91597 0.959028 -1.42194
4 -13.69459819793701 9.618207931518555 -1.454230308532715 1.363803 0.328834 0.820789 -0.03152765
5 35.93278884887695 8.746204376220703 -2.043444633483887 0.241785 0.184736 0.495659 -2.292616
1 21.72701835632324 -18.20187759399414 -1.039634585380554 4.215337 1.461035 1.566172 1.604012
3 30.60685539245606 22.90582466125488 -1.104886174201965 0.347872 0.324308 0.68127 2.233143
5 4.697503089904785 -27.89103507995606 -1.024904489517212 0.156428 0.211636 0.360624 1.584041
6 26.71563720703125 18.30448722839356 -1.859373927116394 0.369054 0.703425 1.035411 -1.276682
3 42.0455322265625 12.70803928375244 -1.306998372077942 0.474408 0.505167 0.363206 0.04589141
6 24.98312950134277 22.21785736083984 -2.080456733703613 1.020081 0.314169 0.485656 -0.7369569
2 26.82048988342285 -3.891437292098999 -0.4612399041652679 8.676146 2.473787 3.089371 1.079939
5 15.13250255584717 23.43082237243652 -1.428418397903442 0.137169 0.067631 0.521172 -1.571649
5 4.943253040313721 -36.42311477661133 -0.9679529666900635 0.210832 0.260413 0.436987 1.60973
1 56.39910125732422 4.643672466278076 -2.12522029876709 0.59678 1.045203 0.513236 3.127731
6 27.99840545654297 14.89039611816406 -1.853357672691345 0.933137 0.373634 1.088324 -2.276124
5 4.672431945800781 -30.30311584472656 -0.9281381368637085 0.228611 0.242673 0.369161 1.609568
5 26.31372833251953 -10.88445377349854 -1.725696086883545 0.086967 0.224061 0.37633 2.356214
6 48.19558715820313 9.88723087310791 -2.059960842132568 0.716865 0.363981 0.467156 -0.03810274
5 4.845053195953369 -32.99951171875 -1.026933312416077 0.207938 0.202228 0.395726 1.61442
6 36.47560882568359 9.954010963439941 -1.923100471496582 1.68679 1.11971 0.536497 -0.2329446
6 26.49552726745606 17.5475959777832 -1.835609078407288 0.8007 0.48223 1.040413 -1.259949
5 4.347633838653565 -14.82673168182373 -1.279749989509583 0.456313 0.253271 0.583906 2.36025
5 32.16585159301758 10.99492359161377 -2.098757266998291 0.157575 0.064067 0.441147 -2.292616
2 -36.35228729248047 7.573638916015625 0.3088520765304565 11.284426 2.586349 2.391409 -3.069142
5 7.383517742156982 -8.800071716308594 -1.534837484359741 0.197967 0.125775 0.48526 1.047384
1 6.463994979858398 -40.48683929443359 -0.3723364770412445 2.993285 0.755374 1.125289 -3.080929
4 15.33460235595703 4.553643226623535 -1.199858665466309 1.881521 0.714378 1.552636 -1.649094
5 2.382584571838379 -13.01240825653076 -1.317861318588257 0.296883 0.325425 0.497678 2.353199
1 10.71307754516602 -8.937743186950684 -1.109156608581543 4.221196 2.080739 1.421342 -0.6404043
4 25.05444526672363 19.83136940002441 -1.875865817070007 1.491263 0.453925 1.004884 1.575234
6 27.08477401733398 15.8039665222168 -2.07189679145813 0.344123 0.396636 0.430841 -2.642498