1 12.69596672058106 -13.99509334564209 -0.634579598903656 4.312084 1.879299 1.227542 -3.084941
5 -0.4034697115421295 -11.3493185043335 -1.504775643348694 0.114917 0.117694 0.316416 -3.073182
4 2.222038269042969 -3.464902400970459 -1.001810312271118 3.255261 1.180374 1.524456 -3.107541
1 -36.41671752929688 7.302248954772949 -1.188331723213196 4.169514 1.929236 1.541384 0.02974544
6 42.84394836425781 -2.65143084526062 0.3968514204025269 0.37393 0.408547 2.121284 -0.02266366
5 -16.96210670471191 -9.573444366455078 -1.609528064727783 0.193841 0.109849 0.314322 -0.6008367
3 38.59588623046875 -5.508177757263184 0.4883906245231628 0.169755 0.231164 0.797004 -0.002247754
5 -15.09359836578369 -9.486512184143066 -1.555367231369019 0.190363 0.273403 0.501563 -2.948277
4 20.71821975708008 2.784106731414795 -1.038217782974243 1.752758 0.699659 1.384412 2.997088
2 24.17291641235352 7.007468223571777 -0.3312611877918243 1.55941 2.53284 2.871576 0.3333609
5 8.353667259216309 -7.602384090423584 -1.468932867050171 0.117756 0.091767 0.331732 -3.014224
2 33.61760711669922 -5.82619571685791 0.13877172768116 3.629301 1.230091 2.131059 0.08119775
2 -31.19471549987793 -4.971993923187256 -0.4873416423797607 6.00433 0.868246 2.779455 -0.004277209
5 -0.8887884020805359 -7.844974040985107 -1.551399946212769 0.16151 0.184494 0.418201 -3.073182
2 30.77315902709961 6.319949626922607 -0.2269339710474014 0.812411 1.433686 2.729462 -0.1045465
2 34.68614959716797 -3.552411079406738 -0.2372322678565979 4.564892 2.351244 2.949336 0.008345061
2 -43.56075668334961 7.685449123382568 -0.8470129370689392 5.276036 2.107792 2.263774 0.05509853
2 10.50810623168945 7.455859184265137 -0.5449225306510925 6.537071 2.178816 2.515927 0.04102496
5 -2.179070472717285 -8.094947814941406 -1.665191173553467 0.10808 0.135775 0.302537 1.666509
5 -15.96782398223877 -10.70167636871338 -1.597570657730103 0.159269 0.129653 0.300591 -0.008152012
6 58.60324478149414 4.13969612121582 -0.8663478493690491 0.654479 0.581328 1.351747 -3.109056
2 -3.213321447372437 8.712727546691895 -0.6090300679206848 5.996773 2.273938 2.400807 2.274003
1 25.73691940307617 -3.310098171234131 -0.9129588603973389 3.612373 1.876293 1.609567 0.01466632
1 -17.19765663146973 7.643583297729492 -1.012717962265015 4.247684 1.837908 1.614524 -3.09652
2 27.24526405334473 5.93712854385376 -0.2599382996559143 2.293422 0.945826 2.871843 0.1326207
2 16.26783752441406 7.164297103881836 -0.4450522065162659 2.106674 2.667211 2.631822 0.08167935
2 20.40096473693848 6.790376663208008 -0.5323957800865173 0.583991 2.141494 1.954268 -1.59931
2 15.81063175201416 -17.62527084350586 0.190679207444191 3.513729 2.1419 1.705395 1.632325
1 14.16560554504395 -10.6041955947876 -0.9247997999191284 4.050358 1.862038 1.35537 -3.090005
2 22.78804779052734 -15.88679313659668 0.1029835641384125 6.437187 1.536926 2.279106 -1.535484
1 1.550152540206909 -6.065994262695313 -1.067587971687317 3.824206 1.871445 1.474763 0.002207411
4 -28.26572227478027 -16.52640533447266 -0.789794385433197 2.299322 1.280655 1.64332 -0.2071122
2 3.642353057861328 9.389131546020508 -0.5794972777366638 6.352061 2.336893 2.410226 1.944549
5 7.141462326049805 -7.575533866882324 -1.496832966804504 0.184521 0.10468 0.394538 -3.014224
2 28.53933334350586 3.928577899932861 -0.2046981453895569 6.108175 2.267744 2.987112 3.074719
2 13.61113739013672 -5.890636444091797 -0.4722318053245544 6.142564 2.248585 2.603126 -3.107541
6 -49.15187835693359 -5.680778980255127 -1.481287240982056 0.477962 1.190071 0.320036 -0.02974855
2 -5.216522216796875 7.121294498443604 -0.6510903239250183 1.756664 2.112024 2.349376 2.221884
2 -5.845973968505859 -7.120487213134766 -0.6332431435585022 5.527429 2.32985 2.340777 1.899305
2 -9.51053237915039 8.20447063446045 -0.5395434498786926 6.216348 2.558204 2.573587 -0.9930845
2 27.70789527893066 -6.022885799407959 -0.3135357201099396 6.039286 2.142966 2.839291 0.001954018
2 -24.69757270812988 -5.960837841033936 -0.4181857109069824 5.914431 2.407117 2.915564 -3.110213
5 -0.7403579950332642 -9.46118450164795 -1.588200926780701 0.139151 0.177081 0.346101 -3.073182
2 -25.25402069091797 8.024412155151367 -0.3914678990840912 6.110415 2.413239 3.001383 0.005870201