5 5.72119665145874 -6.547401428222656 -1.444989442825317 0.220125 0.215343 0.316781 -2.824254
5 4.190284252166748 -7.49855375289917 -1.519260406494141 0.235045 0.282328 0.378124 -2.99807
5 0.08418428152799606 -9.645918846130371 -1.443670988082886 0.29714 0.267644 0.575676 0.04596467
5 -3.937832593917847 -9.714354515075684 -1.434915781021118 0.281404 0.30162 0.575341 -0.004738749
5 -5.308931827545166 -9.767671585083008 -1.444702506065369 0.303144 0.247971 0.563828 -0.004738749
5 -2.596293449401856 -9.691923141479492 -1.469404697418213 0.289655 0.279963 0.600903 -0.004738749
5 -1.248537421226502 -9.703669548034668 -1.448530793190002 0.269375 0.253261 0.581864 -0.04809461
1 44.94124221801758 7.65283203125 -1.689237833023071 3.599148 0.938536 1.095152 -0.02326786
5 -8.727950096130371 -7.067580699920654 -1.448333501815796 0.152798 0.147134 0.339023 2.932025
5 -6.820868968963623 -9.528165817260742 -1.523923397064209 0.175011 0.183911 0.431406 2.852495
5 1.421227335929871 -9.659841537475586 -1.482672452926636 0.309564 0.250079 0.590836 0.1932242
5 -12.43177318572998 -6.314450263977051 -1.416659235954285 0.160427 0.204375 0.30506 -3.108824
5 -7.985535621643066 -7.635827541351318 -1.463884711265564 0.149474 0.1711 0.302546 2.966887
3 -15.85343074798584 -8.047845840454102 -0.7628387808799744 0.656891 0.574088 1.589714 -0.05507498
5 2.954518556594849 -9.52790355682373 -1.573973894119263 0.194708 0.143706 0.311017 3.139195
2 38.34090805053711 8.494824409484863 -1.063656210899353 4.897567 2.220558 2.218485 0.01827612
5 3.474242687225342 -8.344433784484863 -1.312729001045227 0.361146 0.469087 0.732508 -2.860229
5 -7.397912979125977 -8.292441368103027 -1.529590368270874 0.235999 0.20367 0.384929 3.027462
5 4.909087181091309 -6.930326461791992 -1.48950719833374 0.246085 0.303468 0.311704 -2.972144
1 30.44283676147461 -4.896772861480713 -1.423668622970581 3.948581 1.875806 1.059625 0.05496898
1 -40.33625411987305 4.092159748077393 -1.165993690490723 0.515138 1.692105 0.730721 -3.108811
5 -10.80391693115234 -6.314634323120117 -1.464164853096008 0.25742 0.24409 0.303782 -3.125204
2 56.08123779296875 8.719568252563477 -0.7836734652519226 4.563804 2.290327 2.773099 -0.01953753
5 -9.566559791564941 -6.647731781005859 -1.471347808837891 0.232039 0.17639 0.422857 3.059506
2 53.30777359008789 -4.92763090133667 -0.7354536652565002 10.796926 2.435424 2.87434 0.007387549