5 3.052282810211182 -13.0231294631958 -1.362487316131592 0.349378 0.346933 0.479861 2.627486
5 5.80679988861084 -43.64971160888672 -0.784875750541687 0.169724 0.253237 0.457036 -1.617852
4 -13.17121696472168 9.671775817871094 -1.700187921524048 1.597777 0.493912 0.675685 -3.065601
1 20.35562705993652 -29.09244155883789 -0.3907099366188049 1.741077 1.043154 0.805856 -1.533217
6 48.45844268798828 9.828253746032715 -1.618971705436707 1.673024 0.386175 0.599064 3.137368
3 11.61414337158203 29.23086738586426 -1.279888272285461 0.494694 0.437171 1.37889 0.1521676
6 28.65436363220215 14.80145168304443 -1.675091147422791 0.908469 0.14744 0.656727 0.8983616
6 27.85190391540527 16.20396423339844 -1.662938952445984 1.062184 0.55757 0.623967 1.345914
6 36.85744094848633 10.23647403717041 -1.488814115524292 1.064046 1.768338 0.621085 3.02228
6 26.94270706176758 16.43660163879395 -1.680903196334839 1.052368 0.563572 0.693142 1.345914
5 4.649441719055176 -6.862399101257324 -1.429432511329651 0.313822 0.350459 0.518617 2.627486
5 5.341146945953369 -27.96052742004395 -1.014679312705994 0.284002 0.333202 0.414352 -1.55819
5 5.30977201461792 -30.29933738708496 -0.918048083782196 0.419414 0.260698 0.394846 -1.55819
5 5.429258823394775 -32.95859146118164 -0.938683807849884 0.322102 0.446838 0.592661 -1.55819
1 7.370545864105225 9.993661880493164 -1.190433859825134 4.447267 1.86698 1.518411 -2.729886
5 8.05333423614502 -8.801092147827148 -1.484314441680908 0.236289 0.293105 0.49454 2.627486
1 7.788539409637451 -40.96951675415039 -0.4769044518470764 4.54104 1.814177 1.323771 -3.141518
5 27.02494812011719 -10.94770622253418 -1.401650309562683 0.209788 0.204312 0.435566 -2.135799
4 -9.368023872375488 9.750219345092773 -1.530210733413696 1.006554 0.276522 0.60743 -3.065601
5 28.38881301879883 -9.260795593261719 -1.448678255081177 0.226496 0.128297 0.45648 -2.135799
4 7.789503574371338 -11.29241180419922 -1.066627860069275 1.469915 0.961838 1.244682 -1.322436
3 45.37319564819336 15.05858039855957 -0.8679731488227844 0.289418 0.500941 0.970916 2.951344
6 46.1357421875 9.932506561279297 -1.572954654693604 0.821639 0.826504 0.577758 0.02347868
3 15.63631248474121 -32.74504852294922 -0.1859430968761444 0.33829 0.31795 0.389453 -1.511404
6 34.45167922973633 10.63357162475586 -1.533426880836487 2.323454 2.313992 0.852718 -0.2584062
1 0.6441637277603149 9.1415433883667 -1.239368438720703 4.991206 1.925707 1.496877 -3.046298
3 16.3474178314209 -32.54147720336914 -0.1876732259988785 0.55508 0.545623 0.761105 -1.511404
1 -5.207217216491699 8.684677124023438 -1.261052131652832 4.48347 1.731513 1.457968 -3.125056
6 40.67776107788086 9.719976425170898 -1.626149773597717 2.086771 1.017215 0.610793 -0.0777543
4 23.81549263000488 18.36186408996582 -1.304295182228088 1.71039 0.684467 1.517323 1.626716
5 5.302361965179443 -25.7911491394043 -1.002889156341553 0.261963 0.310804 0.540682 -1.55819
5 1.042955756187439 -11.28606414794922 -1.177844047546387 0.359687 0.323728 0.545612 2.627486
6 25.63427352905273 22.55047798156738 -1.792404055595398 1.266548 0.340915 0.339873 -1.425751
5 5.568929672241211 -36.33536911010742 -0.9692205786705017 0.18291 0.342222 0.476685 -1.55819
1 8.075382232666016 -45.88367080688477 0.07989688217639923 4.318712 0.802155 1.189272 3.132973
1 11.34291744232178 -8.820749282836914 -0.9944103360176086 4.099334 1.855755 1.460925 -0.6192169
1 27.5676383972168 11.75782585144043 -1.281964659690857 4.516336 1.673702 1.485381 2.123798
1 54.70966339111328 9.637749671936035 -1.629471063613892 2.958603 1.6084 0.767453 3.086074
2 -35.716796875 7.678150177001953 0.08526752144098282 11.354781 2.867852 2.617374 -3.097991
2 27.51390266418457 -3.946274518966675 -0.2700439691543579 8.730092 2.444516 2.984873 1.001889
1 7.506892204284668 -52.84483337402344 0.2561889886856079 2.467697 0.364086 0.951056 3.132973
5 4.952425956726074 -14.81015968322754 -1.201114892959595 0.328136 0.348355 0.609162 2.627486