5 -8.534406661987305 -7.692964553833008 -1.489662647247315 0.147515 0.167118 0.338615 0.09536341
1 17.83188247680664 -4.980042457580566 -1.154832124710083 4.407749 1.900205 1.587962 0.06372444
5 -16.68292808532715 -9.868788719177246 -1.406682252883911 0.245859 0.299779 0.591591 -1.880769
5 -9.210606575012207 -8.551840782165527 -1.320518136024475 0.340921 0.418915 0.82402 3.128295
2 45.05767059326172 -4.368881702423096 -0.8557742834091187 4.921146 0.453839 2.729388 0.01629632
1 50.52021408081055 7.735233306884766 -1.753369927406311 1.876929 0.811819 1.23553 3.140834
5 -11.27142238616943 -9.844952583312988 -1.456414341926575 0.24259 0.232758 0.660661 -1.880769
5 -7.761215686798096 -7.088045120239258 -1.410013198852539 0.1724 0.182304 0.370239 0.09536341
3 -27.94419479370117 -7.310472965240479 -0.7381193041801453 0.564355 0.49317 1.671474 -3.128039
2 43.72406768798828 8.565668106079102 -0.7905288934707642 5.336129 2.348096 2.95265 0.01374829
5 -17.99263763427734 -9.901714324951172 -1.457305788993835 0.235199 0.198609 0.537185 -1.880769
5 -12.59140205383301 -9.813811302185059 -1.420271992683411 0.203414 0.272013 0.620623 -1.880769
2 59.77771377563477 7.988455772399902 -1.117011427879334 4.825086 1.364552 2.583225 -0.9640461
5 -20.15083503723145 -8.467491149902344 -1.493725180625916 0.229566 0.13849 0.420959 -1.880769
5 -19.58088874816895 -9.683036804199219 -1.498056411743164 0.211456 0.194238 0.427051 -1.880769
4 40.94342422485352 -15.74189853668213 -0.4068893492221832 1.973959 1.127947 1.909201 -0.3522657
1 32.3560791015625 7.720180988311768 -1.394726037979126 3.914978 1.450195 1.519735 0.02257447
2 25.64739227294922 8.353883743286133 -0.9512200951576233 4.97657 2.241164 2.311249 0.05520266
5 -22.31675148010254 -6.761715412139893 -1.427026152610779 0.150847 0.125959 0.31081 -1.880769
5 -13.93408012390137 -9.830692291259766 -1.432409763336182 0.171834 0.185382 0.647579 -1.880769
5 -9.804722785949707 -9.62318229675293 -1.501395463943481 0.133952 0.151613 0.37756 -1.880769
5 -15.29312992095947 -9.854762077331543 -1.411655783653259 0.242499 0.232103 0.613517 -1.880769
2 37.9609260559082 -5.246612071990967 -0.5232821702957153 5.600264 2.428814 3.070809 0.0006306829
5 -21.47833633422852 -7.162014961242676 -1.502413272857666 0.207689 0.171079 0.329927 -0.3875206
5 -6.950258731842041 -6.673696517944336 -1.409162163734436 0.188172 0.170769 0.397184 0.09536341
5 -20.67296981811523 -7.744966506958008 -1.455291986465454 0.158251 0.105222 0.308777 -0.003022114