1 -12.90636825561523 21.45905494689941 -1.511956214904785 4.190087 0.735647 1.483502 2.950834
1 -25.16208839416504 -3.639055490493774 -1.165820360183716 4.071228 1.988512 1.21931 0.03588822
4 17.76066398620606 -8.037704467773438 -1.095940589904785 1.53829 0.537038 1.504762 -0.01125963
1 1.331494092941284 20.77651596069336 -1.840777039527893 2.539926 0.948259 1.128545 -3.107454
1 -36.15550994873047 31.94964790344238 -1.831943392753601 3.800963 1.560221 1.006034 -1.689888
1 10.80963134765625 17.02180099487305 -1.260898113250732 4.383024 1.809486 1.975328 -3.133872
1 -4.844036102294922 12.70913505554199 -1.256395697593689 3.433553 1.209175 1.230688 3.139384
1 -28.01224708557129 15.62362480163574 -1.551003217697144 3.048724 1.646175 1.141208 -3.130883
2 38.69933700561523 -2.996579885482788 -0.474620908498764 6.812245 2.418861 3.021091 0.02379553
1 -2.029874086380005 16.08125686645508 -1.429532408714294 2.829894 0.992224 1.772846 -3.12174
6 -56.5003547668457 11.01566505432129 -1.525761008262634 0.220304 0.729728 0.353289 3.141458
4 -31.39074897766113 1.604926466941834 -0.9658114314079285 1.570866 0.845613 1.531637 -1.593922