6 -2.165088415145874 16.84878540039063 -1.517974615097046 1.043841 0.396076 1.006831 0.5314558
5 -1.916269183158875 16.11082458496094 -1.672270059585571 0.455612 0.881465 0.706659 0.5314558
5 -21.26768112182617 17.72606658935547 -1.981400728225708 0.189367 0.231213 0.317323 1.340328
5 -21.37478065490723 -16.54841804504395 -1.419976592063904 0.211582 0.243556 0.370262 -1.238955
4 -23.36933708190918 -13.94866371154785 -1.20038640499115 1.006251 0.413152 0.557161 1.996894
1 3.02806544303894 -4.545646190643311 -1.04611611366272 4.636368 1.872442 1.514338 -0.02770829
5 0.6408078670501709 11.67222309112549 -1.685767650604248 0.247343 0.195262 0.519434 -3.054936
4 -30.94354438781738 -2.874744415283203 -1.51088547706604 1.338105 0.382519 0.835136 0.6004583
4 -0.2864823043346405 -7.813610076904297 -1.118898391723633 1.377803 0.476781 1.122294 -0.08484814
1 -16.09146499633789 24.65064239501953 -1.415412902832031 4.548248 1.810615 1.669353 -1.623275
6 -42.56572341918945 -1.404874086380005 -1.529841184616089 0.453273 0.462028 0.264809 -0.04123533
6 -40.16023254394531 9.849496841430664 -1.485774397850037 0.51306 0.751178 0.360894 1.521657
5 4.636855602264404 15.73305511474609 -1.522676467895508 0.321806 0.191259 0.529511 1.059003
1 -0.4155131280422211 45.67549896240234 -1.540112257003784 0.996578 1.832174 1.220856 1.482555
5 -18.91012001037598 20.27275466918945 -1.964969396591187 0.387529 0.291103 0.357446 -1.650363
1 -23.89402961730957 -4.859427452087402 -1.130095481872559 4.671306 1.718301 1.459189 -1.132962
1 -16.02831840515137 -40.05244064331055 -0.09619925916194916 2.938326 0.979733 1.03293 -1.610163
6 -0.4032415747642517 51.05156326293945 -0.6163730621337891 0.471764 0.747286 0.310635 1.462219
4 -24.04119491577148 -12.26285839080811 -1.288070678710938 1.587459 0.330146 1.012933 -2.347906
1 8.870757102966309 -4.885841369628906 -1.080166101455689 4.247623 2.01671 1.457218 -0.05691928
4 0.4506493508815765 -7.447874546051025 -1.12121307849884 1.561986 0.348306 1.077821 -0.8683868
5 -23.61392211914063 -9.448671340942383 -1.409386277198792 0.971542 0.520944 0.759577 -2.689716
1 14.55270385742188 -0.3716562390327454 -1.076119422912598 3.464344 1.941819 1.474097 -0.08825866
6 -31.60838508605957 10.35840702056885 -1.350504755973816 0.693059 0.381117 0.679125 -3.004792
4 -24.05942916870117 -10.70714569091797 -1.283776044845581 1.507077 0.401275 0.813981 -1.637241
5 -2.610111474990845 13.89615345001221 -1.752257943153381 0.168147 0.162485 0.384214 2.506526
2 -22.71918869018555 10.53628921508789 -0.4464386701583862 9.574891 2.504724 3.199614 -2.23139
6 -30.96470832824707 -3.546738624572754 -1.26584255695343 1.658061 0.373612 0.632247 -2.494599
4 16.87335014343262 -6.381791591644287 -1.347809910774231 1.61656 0.227325 0.544834 -0.1048709
6 -33.90677261352539 10.09133625030518 -1.431775212287903 0.710405 0.656363 0.728777 -3.082782
1 -15.86790752410889 -21.82708740234375 -1.184816122055054 4.029013 1.72196 0.928082 -1.663938
5 2.779462575912476 17.7165412902832 -1.68354606628418 0.33466 0.298569 0.588755 -2.67636
3 -9.607193946838379 -23.64213371276856 -0.5971572399139404 0.645675 0.443367 1.344382 2.268808
4 -24.46746826171875 -11.13990020751953 -1.25822114944458 1.934764 0.359556 0.979661 1.642974
6 -37.09164810180664 -1.584451079368591 -1.278130173683167 0.744822 0.754665 0.667 -0.08057386
5 -32.79230117797852 -1.090156316757202 -1.607253432273865 0.54639 0.930398 0.486169 -0.3205412
4 -24.40148162841797 -8.868341445922852 -1.345363140106201 0.807694 0.590003 0.620289 0.4946851
1 -3.629210948944092 -4.88843584060669 -0.9799951910972595 4.398874 1.936291 1.592724 0.3204263
4 -33.30829238891602 -2.545175075531006 -1.559313178062439 0.850065 0.285219 0.752136 1.397824
5 1.084834575653076 19.6275691986084 -1.690228700637817 0.185213 0.270454 0.530256 2.188971
4 -22.79598617553711 -13.09224510192871 -1.259607434272766 1.490729 0.623877 1.012446 -1.786769
4 -24.64226341247559 -9.611076354980469 -1.063856482505798 0.892977 0.257387 0.603031 -2.646908
5 -30.27996635437012 10.34380626678467 -1.677959561347961 0.895062 0.881537 0.676092 0.2972085
4 -1.857615232467651 -8.445982933044434 -1.159967184066773 1.551631 0.713514 1.060517 -0.0643723
1 -15.89559745788574 32.32531356811523 -1.909401178359985 4.043464 1.904498 0.841811 -1.660025
6 -33.95305633544922 -2.277786016464233 -1.446801900863648 0.804786 0.250915 0.485343 0.7583809
6 -23.1618766784668 -16.75361633300781 -1.328728675842285 1.628216 0.685524 0.677564 -1.627385
6 -32.59321594238281 -2.658551931381226 -1.421450853347778 1.106359 0.277272 0.544485 -1.743768
6 -48.96678924560547 -0.5974825024604797 -1.645716071128845 1.145952 0.812656 0.665535 -0.1324282
6 -44.551025390625 10.34097576141357 -1.511403203010559 1.26213 0.481725 0.63116 -0.09455232
4 -25.24399185180664 -7.655875205993652 -1.233806371688843 1.726169 0.380235 0.970303 -2.51698
6 -35.07583236694336 9.695642471313477 -1.531112194061279 0.974451 0.522614 0.478308 0.01038327
4 -23.00846290588379 -15.31710815429688 -1.174126625061035 1.017351 0.510537 0.775283 -1.225239
1 -5.859756469726563 14.3634672164917 -1.329296350479126 4.191433 2.013841 1.510743 2.404452
2 38.45003509521484 -6.511302947998047 -0.05907781794667244 9.289819 2.779989 3.640327 -0.04982857
4 -45.45919418334961 -0.9378570914268494 -1.677179574966431 1.977845 0.309689 0.999905 -0.03442704
4 -33.11594009399414 10.52062129974365 -1.514169454574585 0.816512 0.231006 0.582482 -3.034919
6 -50.8941535949707 -0.2515923380851746 -1.299712061882019 0.415383 1.577522 0.429549 0.04666617