1 -9.629016876220703 45.31693267822266 -1.586782097816467 4.845506 0.984004 1.209571 -0.02850448
1 -8.508442878723145 50.82495498657227 -1.476121425628662 2.530723 1.084159 0.718049 -0.02850448
1 -8.948067665100098 57.47452926635742 -1.278349876403809 2.558345 0.330331 0.916929 -0.02850448
4 -11.58712863922119 -10.71568202972412 -1.057737708091736 1.19848 0.535791 0.553334 -0.3207816
6 -32.8491325378418 -10.65112018585205 -1.23002302646637 1.114602 1.712188 0.787791 -0.09147564
5 -7.31212854385376 11.51819229125977 -1.672696948051453 0.279086 0.250443 0.447458 -0.3403326
2 -30.14737319946289 9.219056129455566 -0.30108442902565 8.774181 2.288622 3.364182 -2.142679
4 10.08364009857178 -5.421946048736572 -1.419612526893616 1.594214 0.311657 0.844169 -0.03017704
6 -29.05213737487793 -17.54868316650391 -1.101802110671997 2.575405 0.892092 0.904339 -1.531116
6 -23.56661224365234 2.983139991760254 -0.5141066312789917 0.767277 0.759544 2.541945 -0.09576593
1 -25.06094360351563 29.94856643676758 -1.748825788497925 1.799922 1.783733 1.076673 -1.54685
1 -20.63397789001465 -35.28251647949219 0.09475862979888916 2.076014 0.740372 0.965945 1.60351
6 -43.79654693603516 -4.131245136260986 -1.240656137466431 1.350282 0.86934 0.582791 -0.05577441
1 -21.66469764709473 -18.26018524169922 -0.8712587952613831 4.258007 1.722804 1.466262 1.594659
5 -14.93722915649414 -9.75471305847168 -1.442357540130615 0.324196 0.263021 0.418115 -2.569911
1 -13.82993888854981 13.74703884124756 -1.313808679580689 3.946033 1.958938 1.516493 2.460312
4 6.316297054290772 -5.368330478668213 -1.362347602844238 1.231568 0.295157 0.85242 -0.05513563
1 -3.63976526260376 -4.530267715454102 -1.025493621826172 4.903899 1.950369 1.498202 0.05243479
1 -10.22039031982422 -5.224185466766357 -0.9819292426109314 4.015964 2.002673 1.587851 0.3954729
4 -15.43881893157959 -24.45460510253906 -0.5646141767501831 1.674646 0.691699 1.515279 -2.731135
4 -11.14821338653565 -10.06487655639648 -1.100972533226013 0.682083 0.483931 0.591658 -0.3207816
1 -24.86360931396484 23.31074714660645 -1.383713603019714 4.258945 1.761586 1.478469 -1.532872
4 -10.9311990737915 -9.56635570526123 -1.053746461868286 0.68252 0.254623 0.506722 -0.4274988
6 -30.88157653808594 -13.08106994628906 -1.169549703598023 1.023846 1.585835 0.760659 -0.05499821
1 -30.47627830505371 -6.416263103485107 -0.9703990817070007 4.484089 1.290209 1.600105 -1.05352
2 32.62236022949219 -4.086978912353516 -0.2542523741722107 11.376758 2.814076 3.288836 0.01770347
6 -30.65328979492188 -11.75503730773926 -1.137347340583801 0.528936 0.56186 0.324095 0.0
1 13.52117156982422 0.3598933219909668 -1.097576856613159 3.286124 1.882561 1.516108 -0.03345811
5 -7.393456935882568 19.49494171142578 -1.745447635650635 0.366378 0.367727 0.719006 0.02623236
1 2.097019195556641 -4.456854343414307 -1.068406939506531 4.411657 2.142245 1.450213 0.0129826
5 -10.64621925354004 13.54574966430664 -1.752216219902039 0.213093 0.261126 0.487998 2.376078
6 -38.05822372436523 -4.766316413879395 -1.287929534912109 1.950877 0.623441 1.023245 -1.216279
5 -16.48387336730957 -11.7353458404541 -1.452138066291809 0.269888 0.241555 0.379108 0.7491871
4 -13.11493015289307 -11.42691612243652 -1.118227243423462 0.617271 0.27541 0.547503 -0.3207816
6 -39.72896575927734 -3.608851432800293 -1.414241075515747 0.451706 0.898506 0.35291 -0.05577441
6 -39.65947723388672 -5.086702346801758 -1.310127973556519 1.229067 0.810182 0.584314 -0.05577441
5 -12.94031238555908 -8.368330955505371 -1.48302960395813 0.175777 0.224335 0.496413 -2.533673
6 -31.1328010559082 -11.1461124420166 -1.245713233947754 0.812838 1.724118 0.551488 -0.06609197
5 -17.91789627075195 -14.31821250915527 -1.400460362434387 0.180756 0.277753 0.485171 0.7491871