2 54.09054565429688 -8.991538047790527 0.2301142811775208 0.261823 1.873604 1.795043 -0.2264715
5 -11.02774620056152 -10.10045051574707 -1.664597272872925 0.104212 0.144161 0.305856 -1.503501
6 56.86199951171875 6.346044063568115 0.10648163408041 0.470604 0.245559 2.122005 -1.417221
2 -13.09382057189941 7.978782176971436 -0.7738391757011414 5.408233 2.301558 2.327495 0.04406624
4 44.17528915405273 -2.680194139480591 -1.001227498054504 2.098552 1.057653 1.205022 -3.11184
1 12.93399715423584 8.044374465942383 -1.013611793518066 4.434287 1.822592 1.622082 -3.088064
2 -0.6109551787376404 -5.219968795776367 -0.6891741156578064 6.070209 2.237701 2.238218 -0.0129608
5 -11.58770847320557 -9.051920890808105 -1.623453378677368 0.144005 0.181599 0.302455 -1.503501
2 28.3497257232666 7.065299510955811 -0.2690626680850983 1.054991 1.132057 2.672923 0.6411186
2 55.95067977905273 -4.614367961883545 -0.277025580406189 0.993598 1.170481 2.8954 0.09964234
2 20.88300895690918 8.663747787475586 -0.3340978622436523 6.120447 2.275872 2.871826 -0.9970933
5 19.27841377258301 -8.959466934204102 -1.432559013366699 0.17178 0.205624 0.309317 0.3046574
5 -12.15776252746582 -8.351680755615234 -1.585126161575317 0.120822 0.16457 0.378578 -1.503501
5 -12.75909423828125 -7.757278919219971 -1.605688095092773 0.130464 0.171661 0.375344 -1.503501
2 24.74283981323242 -6.662428379058838 -0.5368495583534241 5.229674 2.464319 2.387673 1.891085
2 5.184417247772217 8.266605377197266 -0.6235238909721375 6.019331 2.402083 2.469204 0.009246323
2 54.6229248046875 6.921694755554199 -0.1868688017129898 0.756538 1.453062 2.635989 0.3572737
5 -7.995346546173096 -10.27659225463867 -1.553459048271179 0.142742 0.212939 0.550586 -1.503501
5 -13.46875953674316 -7.270907878875732 -1.604603409767151 0.177882 0.203149 0.301406 2.928283
5 20.99539184570313 -8.978549003601074 -1.496933937072754 0.193771 0.190669 0.418553 0.3046574
2 46.31782531738281 7.231144905090332 -0.2041331827640533 1.055178 1.626635 2.414593 0.06110645
2 40.95361328125 7.461675643920898 -0.3303067684173584 6.168184 1.064295 2.822773 0.02931819
5 22.64672470092773 -8.904369354248047 -1.53491997718811 0.145195 0.184875 0.339402 0.2594236
2 57.21464157104492 4.727686882019043 -0.1187654882669449 2.058135 2.196857 2.81342 -3.119434
1 -20.36851119995117 -5.383433818817139 -1.267873644828796 4.307171 1.953445 1.344608 0.05231166
5 -9.423789978027344 -10.32346534729004 -1.55743145942688 0.212622 0.209833 0.597972 -1.503501
2 34.5311393737793 7.471667766571045 -0.3091941475868225 0.898539 1.479825 2.695776 0.4314156
5 -14.39634323120117 -6.945408344268799 -1.601420760154724 0.11433 0.075861 0.302459 -0.6375849
1 54.90010452270508 -2.444991827011108 -0.97772616147995 0.530063 1.214832 0.85587 0.01229556
2 24.47825241088867 7.223729610443115 0.01642357185482979 2.083868 0.470738 2.170783 2.235654
1 -5.989533424377441 7.760603427886963 -1.122373819351196 4.363983 2.198674 1.501547 0.01433531
2 44.16670227050781 -5.423882007598877 -0.2225647568702698 5.852006 2.156866 3.08236 -3.124474
2 54.06017303466797 -16.46354103088379 0.7228367924690247 5.51894 2.334142 2.138581 -1.49674
1 32.17241668701172 -4.968866348266602 -1.079663991928101 3.189607 0.394542 1.386341 0.007318983
2 5.707184314727783 -5.441126346588135 -0.581930935382843 6.219292 2.477766 2.342201 -3.131037