5 27.01186370849609 -10.93639850616455 -1.416599869728088 0.169087 0.198393 0.375622 1.582112
4 34.7601432800293 10.49630641937256 -1.790678381919861 1.469877 0.32985 0.506782 0.754895
3 45.26264953613281 15.01717472076416 -0.8620138168334961 0.318408 0.5405 0.957725 -3.099626
4 41.07639312744141 10.09162139892578 -1.53328800201416 1.590813 0.718437 0.883307 0.8419396
1 19.05145835876465 -12.15202236175537 -0.9329696893692017 3.289865 1.614231 1.54809 -1.509034
4 37.03013610839844 9.065653800964355 -1.631165981292725 1.348539 0.198186 0.509512 0.7135376
5 28.3759708404541 -9.244160652160645 -1.455688834190369 0.13798 0.088348 0.401224 0.579545
6 27.13956642150879 17.82463264465332 -1.672826766967773 1.204424 0.405122 0.626884 1.183897
6 26.96661949157715 19.05228042602539 -1.794020652770996 0.879166 0.322162 0.445674 0.6739649
1 7.302792072296143 10.01105690002441 -1.193766951560974 4.386647 1.782458 1.523358 -2.722678
2 27.45141410827637 -3.955030202865601 -0.2952023446559906 8.791013 2.621647 3.035363 1.020499
5 26.58540153503418 16.0459098815918 -1.893633008003235 0.179666 0.083826 0.423087 -1.193497
5 5.31664514541626 -30.24721336364746 -0.9450924396514893 0.201036 0.336099 0.406066 -1.453706
6 28.90093231201172 15.02057647705078 -1.586531639099121 0.607853 0.260178 0.856838 0.965291
3 16.43859672546387 -28.92483901977539 -0.4281872808933258 0.19077 0.239865 0.915607 -1.527857
4 34.63852691650391 11.15972518920898 -1.46749746799469 1.291425 0.627715 0.714977 0.8529845
6 27.35366058349609 17.10083770751953 -1.665420770645142 0.662718 0.451496 0.628998 1.263471
1 11.27874660491943 -8.881380081176758 -1.032239437103272 3.996663 2.099693 1.536281 -0.6470222
6 27.83920860290527 16.25887489318848 -1.65763795375824 0.984885 0.529681 0.636231 1.347575
3 20.64217758178711 2.126765966415405 -0.5125213265419006 0.867191 0.788227 2.370117 -1.893612
5 1.032381772994995 -11.25770854949951 -1.196456670761108 0.249441 0.29617 0.525438 0.1153831
4 52.80063247680664 9.734682083129883 -1.795010805130005 1.17124 0.564492 0.612448 0.7235309
3 15.71973991394043 -28.85732841491699 -0.3376369178295136 0.455779 0.635138 0.740866 -1.564289
6 29.57297325134277 15.54487228393555 -1.731428980827332 1.29585 0.644677 0.691119 1.684896
5 3.085015535354614 -13.00695133209229 -1.258703470230103 0.311627 0.328882 0.61874 0.1966567
1 7.519054412841797 -52.84283065795898 0.2683711349964142 2.621213 0.3698 0.926266 -3.086881
1 19.58433151245117 -28.47151565551758 -0.5413585901260376 2.877935 0.72787 0.681118 1.62751
1 7.892911434173584 -41.0303840637207 -0.4701147377490997 4.63317 2.014254 1.309326 -3.120805
5 4.966259002685547 -14.79961395263672 -1.276619791984558 0.258559 0.228878 0.608566 1.652302
5 4.616219520568848 -6.814643383026123 -1.44715142250061 0.211294 0.174886 0.473947 0.2461214
5 8.0676908493042 -8.78222370147705 -1.501510381698608 0.179763 0.257572 0.457708 -1.313998
5 5.524634838104248 -36.48945236206055 -0.9788956642150879 0.381275 0.298243 0.486622 -1.62664
4 36.4939079284668 10.43048095703125 -1.643484115600586 0.953163 0.277477 0.507237 1.243258
4 26.2894172668457 20.98271942138672 -1.654826402664185 1.30993 0.442874 0.512879 -1.02097
5 5.265024662017822 -25.81332397460938 -1.008762955665588 0.330156 0.294819 0.553009 -1.453706
4 46.2513427734375 9.927765846252441 -1.56280529499054 0.852109 0.265855 0.57996 0.5505484
5 24.56070327758789 19.67621421813965 -1.932116270065308 0.29612 0.133536 0.428171 -1.394182
4 -13.08526229858398 9.559582710266113 -1.637935400009155 1.422979 0.434573 0.901997 2.905964
6 25.7805347442627 22.18237113952637 -1.713415384292603 1.002515 0.644242 0.595956 -0.7844993
1 0.5624752044677734 9.133684158325195 -1.228586077690125 4.882052 1.869671 1.473815 -3.051655
1 -5.2054123878479 8.75106430053711 -1.254877686500549 4.408477 1.843331 1.446139 -3.109155
4 -9.388447761535645 9.767626762390137 -1.640062689781189 1.040559 0.25506 0.8091 3.104143
3 11.63705253601074 29.26956367492676 -1.247898817062378 0.651458 0.47451 1.313833 -0.0185449
1 55.22909927368164 9.686995506286621 -1.610090374946594 1.083896 1.260102 0.728821 -0.03220251
2 -35.69046020507813 7.692325592041016 0.04520051926374435 11.244512 2.92403 2.632617 -3.091142
4 48.38543701171875 9.80478286743164 -1.613507390022278 1.655016 0.323603 0.56619 0.0193104
1 27.56872749328613 11.7838134765625 -1.32581627368927 4.451827 1.745737 1.573011 2.087391
4 23.94343376159668 9.156914710998535 -1.149814963340759 1.709179 0.561022 1.439567 1.706496
6 33.49048614501953 11.0517578125 -1.514132142066956 0.969474 0.300663 0.458326 1.098695
6 36.99802398681641 10.19484329223633 -1.568904042243958 1.241011 0.306275 0.306637 1.37249
4 25.93147277832031 19.70593070983887 -1.703354477882385 1.285395 0.652513 0.685444 1.571795
6 25.75017929077148 23.19075393676758 -1.858824014663696 1.67207 0.366356 0.481298 -1.487574
1 8.093108177185059 -46.08309936523438 0.09556815773248672 4.406563 1.095914 1.157386 3.095115