6 9.945240020751953 -18.65652465820313 -0.9131146669387817 1.601886 0.287847 1.219703 2.630402
1 22.33866310119629 2.680705547332764 -0.9680784344673157 4.120236 1.690658 1.633857 1.465056
1 23.95554542541504 12.94447422027588 -1.182825684547424 3.901834 1.76046 1.470386 1.480881
1 7.682322025299072 -40.60113143920898 -0.3194712102413178 2.160028 1.607285 0.59007 -1.683374
1 19.89015769958496 -26.20668983459473 -0.6110612154006958 4.285508 1.738381 1.624307 1.291668
1 9.729339599609375 -24.37615394592285 -0.6438053846359253 4.330353 1.968362 1.714505 -1.683374
5 10.5276517868042 -20.93985557556152 -1.196473479270935 0.869697 0.546502 0.370027 1.422624
1 -17.6898250579834 -8.029938697814941 -0.7742469906806946 4.404356 2.039236 1.043128 -0.1375587
1 21.56430816650391 -10.33000755310059 -0.7563603520393372 4.54676 1.720453 1.702165 1.502691
6 18.0459041595459 -36.6636962890625 -0.9893655776977539 0.147399 0.985136 0.214629 1.747609
1 9.054059982299805 -30.26455307006836 -0.1890788972377777 4.36092 1.847286 1.152919 -1.683374
2 -52.04871368408203 3.425837755203247 -0.6558777093887329 2.164447 2.5325 2.891567 -0.05329838
5 -22.58274459838867 -1.134498119354248 -1.69032883644104 0.232191 0.289692 0.610649 3.058854
1 21.21830177307129 -15.27721881866455 -0.8137763738632202 4.282 1.684921 1.439124 1.550212
3 14.27237606048584 54.58564758300781 -1.776108503341675 0.235781 0.591866 1.018317 -1.581762
6 -37.74187469482422 -6.410852909088135 -1.242188453674316 1.39942 0.839245 0.591554 1.530651
5 -29.44386100769043 -0.5744196176528931 -1.750561833381653 0.207545 0.207767 0.426503 -3.083014
1 20.80354118347168 -21.12253570556641 -0.907725989818573 4.261277 1.317547 1.196904 1.539425
6 6.352145671844482 -51.18623733520508 -0.3079133331775665 0.094713 0.802861 0.375602 1.78789
1 18.57768058776856 -31.47520637512207 -0.8574250936508179 4.282921 1.528322 0.954175 1.407433
3 -14.51614189147949 12.53799819946289 -1.037207245826721 0.588856 0.636233 0.958718 2.93383
1 23.10888671875 7.708735466003418 -1.104914665222168 4.526006 1.797729 1.444055 1.314346
5 -20.06830787658691 -1.280334115028381 -1.647385954856873 0.460311 0.36314 0.701137 3.105835