4 3.950303077697754 -5.696434020996094 -0.9527532458305359 1.959705 0.641091 1.561791 -1.274548
6 37.76838684082031 20.00678253173828 -1.524653434753418 0.429695 1.582769 0.244882 0.258214
5 -7.681155204772949 -13.65782833099365 -1.278358578681946 0.233752 0.28894 0.558757 2.883556
5 -10.04375839233398 -12.36008834838867 -1.237881660461426 0.260917 0.213561 0.568035 2.883556
5 20.11655616760254 15.02192878723145 -1.727049708366394 0.229817 0.152366 0.436734 1.220855
5 8.743786811828613 20.03542518615723 -1.949443817138672 0.272989 0.230081 0.306887 -0.9503685
1 -8.55755615234375 9.903133392333984 -1.230992197990418 4.47476 1.823527 1.506186 -2.503979
1 4.943034648895264 -44.70281219482422 0.1199882179498673 4.427077 1.145344 1.135034 -2.906546
1 -20.29149436950684 5.798696994781494 -1.31950569152832 3.799073 1.672475 1.368674 -2.839922
6 24.69342994689941 -0.4036662578582764 -0.8690801858901978 2.265367 1.253834 0.323798 0.260558
2 -50.10576629638672 -2.003478527069092 0.125240758061409 11.230223 2.725419 2.470028 -2.882271
3 16.45415496826172 -57.97813034057617 -0.3382036685943604 0.417828 0.489274 1.080168 -1.427319
5 15.91653728485107 16.34574127197266 -1.847805023193359 0.132257 0.113331 0.44676 -0.3898395
4 17.86081886291504 -9.185361862182617 -1.081979990005493 1.808477 0.389226 0.956027 0.2134366
5 -2.704360485076904 -25.57204246520996 -0.9714927077293396 0.253759 0.206847 0.471391 -2.931526
2 14.15906524658203 0.6409231424331665 -0.4953639507293701 8.620922 2.67191 2.591823 1.185223
5 -3.328208446502686 24.30919456481934 -2.04071831703186 0.175336 0.124296 0.37671 -1.176031
5 -3.751117706298828 -8.350244522094727 -1.49238932132721 0.189634 0.19697 0.451474 2.862814
4 17.96503257751465 -9.984651565551758 -1.230534434318543 1.169499 0.641619 0.762977 0.4355905
5 -7.561147212982178 -7.267196178436279 -1.44748330116272 0.243595 0.23664 0.465504 2.883556
3 54.87224960327148 18.23483467102051 -1.424875974655151 0.269278 0.580272 1.108909 -2.903963
4 17.96164894104004 -12.80522060394287 -1.051830172538757 1.451434 0.56399 0.97149 -0.009915973
1 3.339536428451538 -39.49697113037109 -0.321337878704071 4.826642 1.175736 1.479104 -2.913107
4 17.84612655639648 -7.517218589782715 -1.299696683883667 1.362443 0.417453 0.659307 0.2134366
6 -0.05423496663570404 -35.89008331298828 -0.8199113607406616 0.287939 0.279437 0.205796 -2.889302
1 -0.3413292467594147 -7.879806041717529 -1.004461765289307 4.537011 1.923622 1.449269 -0.4455052
5 -6.992859363555908 13.41166210174561 -1.843494772911072 0.128577 0.215885 0.451212 -0.654778
4 17.7373218536377 -8.427433967590332 -1.204118967056274 1.192331 0.471617 0.959045 0.2134366
1 12.37828636169434 -14.22550106048584 -0.8094910979270935 4.103776 1.937822 1.654608 1.820203
1 10.74765872955322 15.82905292510986 -1.372942090034485 4.423124 1.528917 1.500161 2.320455
4 18.14402198791504 -10.47654342651367 -1.228739142417908 1.287941 0.361323 0.65658 0.4355905
6 18.60824394226074 15.375732421875 -1.868239164352417 0.068997 0.171659 0.292446 1.218783
5 16.07306098937988 -4.287612915039063 -1.513011813163757 0.197263 0.156593 0.417929 -2.014094
4 17.83651924133301 -11.39450931549072 -1.111477255821228 1.552057 0.443578 0.910976 -0.009915973
4 18.83383941650391 -5.414276599884033 -1.306536793708801 1.377126 0.547702 0.743177 0.5553181
5 -2.183404684066773 -27.71151924133301 -0.9079796671867371 0.205758 0.299723 0.532102 -2.916985
5 -5.429933071136475 15.22986793518066 -1.892442107200623 0.218341 0.19872 0.501505 -0.654778
4 17.88386535644531 -7.967273712158203 -1.236895680427551 1.150971 0.359399 0.861748 0.2134366
5 -3.678896427154541 20.38721084594727 -2.002877473831177 0.203811 0.152281 0.333016 -0.617888
3 -8.733440399169922 29.47564506530762 -1.228992938995361 0.554058 0.579863 0.986353 1.118459
4 17.85704612731934 -13.34037208557129 -1.040580987930298 1.365924 0.485991 0.935393 -0.009915973
4 18.54302597045898 -6.772672176361084 -1.323654651641846 1.403391 0.490055 0.683174 0.1582689
5 8.220067977905273 -17.33191680908203 -1.356748104095459 0.187204 0.092769 0.325753 -2.814931
1 25.31051254272461 11.88686275482178 -1.421962857246399 4.221985 1.750608 1.141395 -2.903928
5 21.31830978393555 13.29019927978516 -1.800840497016907 0.219164 0.163075 0.303922 -1.080223
5 -5.482110023498535 -14.95348834991455 -1.266885280609131 0.297434 0.280412 0.648687 2.883556
5 4.646185398101807 26.32753372192383 -2.031891584396362 0.118454 0.110126 0.454152 -1.176031
4 18.43819808959961 -14.41212463378906 -1.085324287414551 1.417505 0.249603 0.715428 -0.009915973
1 -14.93918704986572 7.479941368103027 -1.273955821990967 4.616721 1.870606 1.467302 -2.837889
5 15.11070442199707 -6.271135330200195 -1.480808258056641 0.177446 0.154098 0.417966 -2.014094
6 10.95427417755127 19.30731010437012 -1.257219195365906 0.128631 0.333567 0.135156 1.537961
5 5.911586761474609 22.95707893371582 -1.988892555236816 0.11389 0.10156 0.317697 -0.9503685
5 22.60296821594238 9.492448806762695 -1.675587892532349 0.217361 0.123296 0.461788 -1.080223
6 -4.391005992889404 17.47522926330566 -1.975312113761902 0.194193 0.163154 0.428144 -0.654778