6 30.96211433410645 24.97205543518066 -0.9492267370223999 0.665833 0.550973 0.261512 -1.522137
2 23.65532112121582 -8.718598365783691 -0.2309218198060989 6.41567 2.214776 2.781609 -0.04490827
3 17.70044136047363 2.092254161834717 -0.8161101937294006 0.56903 0.561815 1.698549 0.06125418
1 -38.04879379272461 -5.106471061706543 -1.771787762641907 2.786155 1.781419 0.84738 -0.01909504
1 22.46038818359375 16.95511245727539 -1.290601849555969 4.471945 1.338621 1.556288 -2.979032
4 16.49317741394043 19.25913238525391 -1.193399667739868 1.496189 0.693991 1.296498 -3.076608
4 13.72714138031006 21.79830551147461 -1.273219585418701 1.484079 0.624998 1.425392 3.096653
1 41.99754333496094 34.77310180664063 -1.030140280723572 3.924735 1.14026 0.561189 -1.557444
1 28.33094215393066 8.252613067626953 -0.586478054523468 4.874591 1.383175 0.910578 1.496714
1 45.5056266784668 31.55419921875 -1.168641090393066 4.313566 1.472299 1.387558 -1.593277
1 45.49960708618164 -3.280124187469482 -0.6190707087516785 1.446597 1.717007 1.251563 0.1425827