5 15.86783027648926 -5.677883148193359 -1.614895105361939 0.194508 0.134187 0.345222 -1.054402
1 19.98056030273438 12.28667736053467 -0.7599384188652039 1.173325 1.471353 0.583712 -2.584541
5 14.17235374450684 -12.633544921875 -1.635372638702393 0.112626 0.109714 0.333374 -1.054402
5 -7.474241733551025 22.08745765686035 -2.045802354812622 0.223116 0.179823 0.359952 -1.054354
5 14.15526485443115 -10.67729663848877 -1.638715982437134 0.192993 0.154223 0.303601 -1.054402
5 0.356106698513031 17.66964340209961 -1.956026196479797 0.226501 0.141362 0.377044 -1.054402
5 -4.604633808135986 19.74226760864258 -2.035595655441284 0.137882 0.117978 0.419608 -1.0544
3 -33.25943756103516 -4.592607498168945 -0.5643137097358704 0.581898 0.353174 0.679461 -1.442764
5 14.33220100402832 -8.988018989562988 -1.614611625671387 0.217137 0.17309 0.384911 -1.054402
5 -6.800240993499756 21.43794631958008 -2.105431795120239 0.232617 0.191245 0.338524 -1.054378
5 -0.5447675585746765 17.81868934631348 -1.93492603302002 0.199037 0.172057 0.485602 -1.054402
5 -3.857245683670044 19.19202995300293 -2.032834053039551 0.196178 0.142229 0.308647 -1.054402
5 -8.085197448730469 22.73508834838867 -2.11765456199646 0.097613 0.16639 0.355551 -1.054307
1 -31.48961067199707 -24.30845260620117 -1.002265095710754 3.342233 1.991513 0.981892 0.5560604
5 2.17661714553833 17.35722160339356 -1.847491025924683 0.123898 0.14899 0.387418 -1.054402
5 1.24515175819397 17.49925231933594 -1.940618276596069 0.178723 0.144466 0.369932 -1.054402
4 6.510391712188721 23.76991271972656 -1.255823373794556 2.360518 1.066979 1.470266 0.3514415
1 -32.7881965637207 50.54100036621094 -1.904812932014465 0.866541 1.608501 1.049617 2.101671
5 -6.072872161865234 20.81157493591309 -2.078687429428101 0.166534 0.172764 0.432 -1.05439
1 11.74761772155762 6.91018009185791 -1.076940894126892 3.726211 2.141395 1.61201 -2.584541
1 12.87400150299072 11.586350440979 -1.143694877624512 4.102816 1.985566 1.677742 -2.584541
3 -16.10777282714844 -36.2290153503418 -0.7742145657539368 0.38045 0.63674 1.485293 0.2671664
5 -1.389134645462036 17.97267723083496 -2.011547088623047 0.198453 0.235917 0.390838 -1.054402
5 14.21030044555664 -11.42121505737305 -1.698275208473206 0.115652 0.116565 0.303962 -1.054402
3 -40.62672424316406 -14.42422103881836 -1.240275621414185 0.597332 0.248148 0.622211 -2.576152
5 15.48841857910156 -6.426865100860596 -1.59545111656189 0.166788 0.219064 0.380681 -1.054402
5 14.35118103027344 -14.40957355499268 -1.647038102149963 0.109678 0.167565 0.363205 -1.054402
5 14.76976203918457 -15.22047138214111 -1.575092434883118 0.154962 0.172942 0.314976 -1.054402
3 -36.77745819091797 16.93973731994629 -1.292774438858032 0.307425 0.487933 1.542897 2.65965
4 18.63132667541504 -24.35691070556641 -1.000308394432068 2.278181 1.178787 1.419154 -0.9435887
5 14.66587734222412 -8.118401527404785 -1.604687213897705 0.135113 0.090388 0.341825 -1.054402
5 15.04670810699463 -7.271039485931397 -1.597632646560669 0.152412 0.166987 0.346193 -1.054402
1 -25.5346622467041 -2.485730886459351 -1.027343273162842 4.586896 1.811937 1.58738 -0.9933985
3 -16.12606430053711 -35.21003723144531 -0.769648551940918 0.477454 0.676376 1.486212 0.1306387
1 54.90022659301758 21.42325401306152 -1.103655576705933 4.212739 1.823611 1.936204 0.538424
4 7.186672210693359 -55.75566101074219 -0.3400788307189941 1.007102 0.530178 1.026829 -0.9445205
3 -1.960527658462524 -51.58459091186523 -0.3126960396766663 0.178358 0.303727 0.958545 -0.9960394
5 14.191650390625 -9.8871488571167 -1.602636694908142 0.172176 0.18346 0.302078 -1.054402
3 -14.6466007232666 -34.75763702392578 -0.7539233565330505 0.38551 0.671251 1.473298 0.6138708
5 16.49087333679199 -4.967449188232422 -1.635631084442139 0.201127 0.138803 0.362063 -1.054402