2 -6.095786571502686 6.329540252685547 -0.6367721557617188 1.400566 2.206987 2.371826 1.490676
2 -3.589870929718018 -6.466530799865723 -0.6775748133659363 1.953177 2.299274 2.347274 0.06847665
2 -9.149007797241211 6.282439231872559 -0.616624653339386 2.30836 2.229094 2.468809 1.549173
1 33.14291763305664 6.022318363189697 -0.9910741448402405 3.699657 1.070153 1.472628 3.109137
2 45.73208236694336 6.099522113800049 -0.1124318838119507 3.08304 1.709213 2.630707 1.553302
6 -15.78809452056885 3.098275184631348 -0.2093397527933121 0.660212 0.316567 0.369053 3.114599
2 -48.85417556762695 6.279797554016113 -0.7839901447296143 1.511164 1.919124 2.517179 2.309067
2 -35.97462463378906 6.404823303222656 -0.509438157081604 0.374706 1.635667 2.211949 2.034386
2 26.14961624145508 -6.060302257537842 -0.3783176243305206 1.782273 2.573793 2.811526 1.461395
4 -58.9737663269043 -2.883947849273682 -1.251573324203491 1.692073 1.188772 0.875782 3.015568
6 -46.15408706665039 6.117465019226074 -0.3053943514823914 0.237139 0.595247 1.980614 2.324616
2 9.882861137390137 7.095040798187256 -0.5932399034500122 1.754776 2.222536 2.557958 -1.491946
2 -15.21086025238037 -5.446899890899658 -0.1875372529029846 0.364102 1.114676 1.940711 -1.527591
2 36.05781173706055 -4.666323661804199 -0.1947838217020035 6.243979 2.160333 2.913421 -0.01755482
1 -38.34919357299805 -5.82147216796875 -1.469149231910706 3.910434 1.048778 1.113067 -0.1818135
2 -31.27918815612793 6.920409202575684 -0.4222563803195953 1.494343 3.705233 3.093759 1.597773
2 -1.091242909431458 -6.259270668029785 -0.7049220204353333 1.861544 2.093772 2.293359 -1.469678
2 -5.1002197265625 -3.668158531188965 -0.6611501574516296 6.148642 2.221727 2.355578 -0.02783119
1 13.52348709106445 6.671381950378418 -1.105766654014587 3.301212 1.631943 1.506911 3.098906
2 4.957262992858887 -4.335438251495361 -0.6055693626403809 6.398827 2.539613 2.272196 -0.1250072
2 -11.93934726715088 3.696325778961182 -0.6127635836601257 6.272255 2.222517 2.597303 3.087645
2 2.146210432052612 -6.497846603393555 -0.6642479300498962 2.067638 2.219654 2.318041 2.981522
2 -26.7783203125 -6.162130355834961 -0.1994657218456268 6.041402 2.193231 2.546113 -3.109513
2 17.93667411804199 8.480424880981445 -0.3565749526023865 5.770307 2.655805 2.511915 1.606693
1 42.50259399414063 5.320691108703613 -1.152098655700684 2.880067 0.195015 1.121468 3.097369
2 -46.66806411743164 -6.74970006942749 -0.8405811190605164 3.896923 2.142746 2.073208 1.974163
1 29.7209415435791 -4.986770153045654 -1.041847944259644 4.385368 1.794411 1.408287 -0.4014266
2 6.73637056350708 7.13242244720459 -0.6366173624992371 2.560631 2.261282 2.45412 1.637058
1 -14.05292320251465 -3.637237310409546 -1.001418471336365 4.19253 2.045951 1.7154 -0.02783119
2 20.93423080444336 6.14287281036377 -0.3995408713817596 1.802307 2.214827 2.77583 1.46391
2 3.578495979309082 8.4656400680542 -0.6026409268379211 6.159214 2.525115 2.459806 -1.457156
2 35.21119689941406 -7.439745426177979 -0.1874919235706329 4.407598 1.997259 2.478629 3.124038
2 13.76861000061035 -4.740542411804199 -0.5229019522666931 5.783497 1.506652 2.60332 0.04005462
2 -3.576213836669922 8.33617115020752 -0.6402310729026794 6.155147 2.246037 2.41909 1.467509
1 -37.36577606201172 -12.78048419952393 -1.456160664558411 3.097293 1.413302 0.879311 -0.1003473
6 54.42188262939453 -4.227914333343506 -0.9697461128234863 0.654223 0.721813 0.846453 -0.148201
2 -12.71221828460693 6.78149938583374 -0.8096285462379456 1.142701 0.964106 2.246648 1.571665
2 37.32449722290039 6.65214204788208 -0.3645088970661163 3.748489 1.900079 2.768383 -1.686385
1 -0.08127498626708984 6.708861351013184 -0.893186628818512 4.254262 2.291634 1.850785 3.074048
4 -4.250805854797363 4.725100040435791 -1.264078617095947 1.750975 0.678896 1.152949 2.837003
2 -42.49394989013672 6.875537872314453 -0.4540393650531769 1.551013 1.946622 3.0035 2.361951
3 12.73226451873779 4.912736892700195 -0.9759256839752197 0.30911 0.698672 1.653026 2.97821
1 27.23348808288574 5.886953830718994 -0.9530056118965149 3.95594 0.51857 1.599797 -0.03174169
4 -52.67857360839844 3.606074810028076 -1.266411185264587 1.114988 0.542279 1.143372 3.049481
4 55.90522003173828 -2.855765342712402 -0.8155261874198914 0.566513 0.663547 1.240802 -0.009826485
1 46.00593185424805 -4.205745220184326 -0.909201443195343 3.711626 0.427352 1.611887 0.01810965