1 10.86034870147705 -25.43879508972168 -0.8546368479728699 2.397495 0.812101 0.524709 -1.492577
1 17.90171623229981 23.78902244567871 -1.30340301990509 3.513119 1.557064 0.911742 -1.546786
4 -13.09352779388428 9.654522895812988 -1.62663459777832 1.534844 0.430416 0.879972 3.05315
5 24.5480899810791 19.62411117553711 -1.913864016532898 0.225848 0.183854 0.462519 -1.804521
5 5.330316066741943 -27.93482208251953 -1.016078948974609 0.231678 0.324197 0.416228 1.627215
4 46.17399215698242 10.03341388702393 -1.672799348831177 0.848558 0.629613 0.913279 0.8812589
5 5.479351997375488 -33.00024032592773 -0.8709985017776489 0.264331 0.237246 0.404164 1.627215
1 0.6317172050476074 9.133559226989746 -1.241512060165405 5.018006 1.916533 1.501089 -3.067832
6 41.15536499023438 9.870827674865723 -1.510186910629273 1.39273 3.316567 0.839997 1.635351
5 26.94408988952637 -10.94550228118897 -1.3940269947052 0.185601 0.221348 0.420872 -0.8136347
1 7.331097602844238 10.02069759368897 -1.197020411491394 4.375003 1.842173 1.531738 -2.718874
1 8.149103164672852 -45.89646911621094 0.07995598018169403 4.466782 0.839191 1.189415 -3.141127
5 5.335519313812256 -30.3034839630127 -0.9323282241821289 0.408778 0.298848 0.425797 1.627215
1 11.41871738433838 -9.05091667175293 -1.008916616439819 4.466925 2.136386 1.491101 -0.634204
5 4.949697494506836 -14.81595802307129 -1.243527412414551 0.318976 0.335726 0.693664 2.480579
5 1.043312072753906 -11.26928424835205 -1.195647954940796 0.406545 0.310336 0.577499 2.480579
5 26.61505889892578 16.07677268981934 -1.883888363838196 0.19173 0.144656 0.444325 -0.8559741
5 5.541685581207275 -36.34588241577148 -0.9697290658950806 0.160894 0.277154 0.47811 1.627215
6 48.08039855957031 9.907940864562988 -1.487831592559815 1.126502 0.210728 0.351292 -0.1002938
4 15.07097339630127 2.109168529510498 -0.9755841493606567 2.162184 0.81115 1.646277 -1.528611
4 -9.40152645111084 9.814186096191406 -1.647083401679993 1.058825 0.356072 0.824622 -3.101793
1 8.133733749389648 -40.97148132324219 -0.4838441610336304 5.032268 1.790071 1.337662 -3.141127
1 7.509606838226318 -52.84692764282227 0.2375018149614334 2.47122 0.384426 0.988764 -3.141127
3 11.67588710784912 29.23267364501953 -1.068679451942444 0.412008 0.638194 0.956405 0.8910881
1 17.56258773803711 1.409087657928467 -0.9145285487174988 4.728358 1.756549 1.708322 -1.518476
5 3.047150850296021 -13.03710651397705 -1.35263204574585 0.388612 0.375975 0.454373 2.480579
5 4.625100135803223 -6.813071250915527 -1.435505867004395 0.297362 0.23618 0.531385 -2.618035
3 14.27688598632813 -14.332688331604 -0.8920415043830872 0.671558 0.565494 1.750227 -1.4529
2 27.69874382019043 -4.067196369171143 -0.2853138148784638 8.689703 2.927189 3.015104 0.9717294
1 -5.20371675491333 8.758636474609375 -1.259791135787964 4.460234 1.86802 1.455153 -3.109415
5 5.301914691925049 -25.81084442138672 -0.9962976574897766 0.217706 0.247345 0.527623 1.627215
5 36.60898971557617 8.691890716552734 -1.613273739814758 0.249365 0.236447 0.518621 -0.4722451
4 26.3137092590332 -28.23142623901367 -0.5229954719543457 1.385843 0.561042 1.031219 1.572782
6 25.77638816833496 23.00087928771973 -1.860615611076355 2.146013 0.752218 0.529448 -1.477343
1 27.56765556335449 11.78552627563477 -1.32425332069397 4.447481 1.756249 1.292839 2.088264
5 28.39925384521484 -9.254439353942871 -1.440348982810974 0.138015 0.175625 0.434428 -0.8136347
3 15.412278175354 -14.61951541900635 -0.8104352951049805 0.657536 0.628826 1.843536 -1.4529
1 10.96294784545898 -32.41572570800781 -0.9101701378822327 3.507327 0.621309 0.509786 -1.565679
2 -35.54929351806641 7.727590560913086 0.1329732984304428 11.559859 2.835616 2.455632 -3.081336
1 42.44579696655273 -1.309114456176758 -1.350856781005859 6.188241 1.383489 0.830261 -0.04551459
5 8.043188095092773 -8.79180908203125 -1.48337996006012 0.292371 0.179552 0.491628 -2.618035
4 16.14560127258301 -29.69635391235352 -0.458918035030365 0.474565 0.661403 0.529511 -1.50706
6 26.02959251403809 19.77732658386231 -1.716878890991211 1.439392 0.859477 0.712848 1.547713