6 25.75768661499023 19.62523078918457 -1.757090449333191 1.060617 0.290362 0.512928 1.384611
4 28.6796760559082 14.83833599090576 -1.548510432243347 0.957263 0.243265 0.851999 1.03434
4 19.57162284851074 -30.31167030334473 -0.3972988724708557 1.220894 0.536852 0.81537 -1.553888
6 25.80426216125488 24.02095794677734 -1.84125554561615 0.735455 0.109347 0.301658 -1.496909
1 27.57891273498535 11.76300048828125 -1.287770628929138 4.530047 1.69248 1.497806 2.115258
4 -13.13521575927734 9.641176223754883 -1.675053119659424 1.623413 0.421102 0.625736 3.141592
6 25.72796821594238 21.98995590209961 -1.748130440711975 1.19442 0.257955 0.667429 -1.007945
6 54.84547805786133 9.78308391571045 -1.265638589859009 0.211796 1.605745 0.113435 -0.02440436
4 27.38571929931641 18.23588180541992 -1.708573937416077 1.152713 0.28778 0.673358 1.505825
5 27.02973556518555 -10.9525203704834 -1.395460486412048 0.14124 0.239085 0.423445 1.606359
1 7.46355152130127 -52.80878067016602 0.2656418085098267 2.564116 0.370438 0.932176 -3.067316
2 27.50083351135254 -3.939168930053711 -0.2940893173217773 8.718005 2.441349 3.032166 1.028288
4 -9.446677207946777 9.77933120727539 -1.532748937606812 1.180332 0.229693 0.592812 -3.088959
4 34.40298080444336 10.41745948791504 -1.787989616394043 1.641176 0.721045 0.551002 1.553597
5 4.627660751342773 -6.817748546600342 -1.406193256378174 0.191133 0.235083 0.414837 2.722867
1 -5.224156856536865 8.650507926940918 -1.26045024394989 4.519165 1.741064 1.456386 -3.122704
3 15.17239665985107 -19.26192474365234 -0.5462124347686768 0.398591 0.372761 0.945338 -1.572383
1 0.5796313881874084 9.135729789733887 -1.230605483055115 4.859161 1.930685 1.47951 -3.057447
5 24.52874565124512 19.6500358581543 -1.902667164802551 0.30171 0.182046 0.443234 -1.587846
5 1.050302624702454 -11.24416351318359 -1.191916584968567 0.332697 0.311645 0.569121 -0.0001437907
6 18.5558032989502 2.518455028533936 -0.757463812828064 0.291394 0.38933 0.176757 -1.53686
5 3.051818370819092 -12.98598194122315 -1.350698947906494 0.363345 0.344909 0.469736 -0.0001437907
6 27.02538299560547 19.18179893493652 -1.798964977264404 1.110096 0.197996 0.521969 1.04343
4 26.40378761291504 20.84377479553223 -1.732876896858215 0.936562 0.539738 0.670228 -1.024631
1 7.88173246383667 -41.12036514282227 -0.4916255474090576 4.631439 2.042494 1.353095 -3.140423
5 8.047408103942871 -8.785362243652344 -1.490863919258118 0.165051 0.235931 0.454944 -0.8618997
6 27.13411712646484 18.03327560424805 -1.577984213829041 1.811153 0.189555 0.879466 1.510319
1 18.4233283996582 -10.18279075622559 -0.8482170701026917 4.343257 1.882882 1.670656 -1.530937
1 10.86961936950684 -25.72645950317383 -0.9173229932785034 2.952027 0.739725 0.612893 -1.507663
3 15.90943336486816 -19.60515022277832 -0.4107953608036041 0.563998 0.726922 0.98948 -1.572383
5 5.555370330810547 -36.38783645629883 -0.966618001461029 0.396763 0.208566 0.472009 1.790107e-15
5 5.295942306518555 -27.86341094970703 -1.025529623031616 0.261906 0.245741 0.394928 1.158305e-15
6 25.8934268951416 22.5711784362793 -1.871487736701965 1.375036 0.398062 0.525675 -1.179759
3 11.64442539215088 29.25501823425293 -1.264483571052551 0.385895 0.595836 1.348882 -1.683872
1 7.342389106750488 10.02141094207764 -1.21801769733429 4.396591 1.865678 1.573413 -2.722699
6 33.24470520019531 11.21257209777832 -1.723491191864014 1.01197 0.851752 0.486415 1.168668
5 5.291538715362549 -25.79669952392578 -0.9896996021270752 0.255356 0.281753 0.514785 0.0
5 26.58637809753418 16.07264137268066 -1.887696981430054 0.176045 0.163125 0.443689 -1.440452
5 4.952746868133545 -14.84321689605713 -1.281492829322815 0.329209 0.363777 0.614749 -0.0001437907
6 36.92865753173828 9.826301574707031 -1.65315568447113 0.957838 1.359817 0.601357 1.273724
4 27.19598579406738 16.83618545532227 -1.649431228637695 1.343618 0.196541 0.660118 1.420551
4 27.90168190002441 16.17151641845703 -1.654557466506958 1.000283 0.483705 0.658879 1.317759
6 40.62960815429688 9.806946754455566 -1.590978741645813 1.400294 0.480918 0.516288 0.09084711
1 10.88633441925049 -32.48951721191406 -0.9698930382728577 3.754776 0.782773 0.627418 1.615831
1 8.081199645996094 -46.0866584777832 0.1117613017559052 4.399951 1.01781 1.125425 3.054286
6 46.4214973449707 10.24130535125732 -1.374968767166138 4.384035 1.147556 0.406149 0.0001922417
5 5.530205249786377 -33.03443908691406 -0.865483820438385 0.255924 0.233073 0.447112 -2.540799e-15
5 5.318667411804199 -30.20463562011719 -0.9363145232200623 0.2782 0.119044 0.400886 0.0
5 28.38767623901367 -9.260345458984375 -1.443727731704712 0.297082 0.159336 0.44664 1.606359
4 26.34409141540527 -16.37895584106445 -0.4795695841312408 0.635671 0.367819 0.641433 1.5553
6 27.63320350646973 17.23076629638672 -1.766730666160584 0.569582 0.367919 0.487524 1.267861
1 11.42979717254639 -9.048078536987305 -0.9998471736907959 4.496499 2.084727 1.472266 -0.6502164
2 -35.66675186157227 7.626360416412354 0.05642430856823921 11.304827 2.59104 2.610076 -3.074904
1 17.28834915161133 2.650962591171265 -1.061652183532715 4.266433 1.649337 1.515196 -1.572489