4 14.80150985717773 -3.59978461265564 -1.389566421508789 1.872069 0.443186 1.034162 0.2630796
6 3.956833362579346 17.95131492614746 -1.924940824508667 0.19015 0.183124 0.224927 0.6224331
5 15.41755867004395 10.46056270599365 -1.89479386806488 0.241091 0.229852 0.379032 0.4051492
5 13.5013017654419 -5.65018892288208 -1.574781060218811 0.28804 0.261857 0.579392 -2.681538
4 13.96496963500977 0.7904353737831116 -1.459420561790466 1.42374 0.316118 0.988824 0.2223924
4 13.51550769805908 -0.4801457524299622 -1.420039772987366 1.478963 0.344516 0.998866 0.2223924
1 34.40904998779297 -32.40583038330078 -1.095975041389465 2.177652 1.73082 1.44447 2.181009
3 15.83524513244629 26.45841598510742 -1.304128289222717 0.256202 0.41607 0.40142 0.5379152
4 15.33440780639648 -5.831840991973877 -1.480618715286255 1.589578 0.341979 0.80505 0.2630796
2 -27.2491512298584 50.27221298217773 -0.4208396375179291 5.0261 2.584599 2.368239 2.261258
4 18.42429924011231 -10.07631206512451 -1.539541721343994 1.569236 0.37576 0.755147 0.0694918
5 9.423736572265625 18.35043907165527 -2.004865407943726 0.163058 0.220679 0.384442 0.645807
5 13.29725170135498 -4.130172252655029 -1.680705785751343 0.151025 0.200776 0.477182 -0.143793
4 13.78210353851318 -1.658841252326965 -1.39811635017395 1.519263 0.523027 1.074373 0.2630796
2 -1.982748746871948 -5.584331512451172 -0.6027243137359619 8.419641 2.675193 2.233311 0.128376
5 -23.41328239440918 11.6690673828125 -1.481256723403931 0.26376 0.32008 0.533078 1.641588
5 -17.65933990478516 11.36461067199707 -1.648200511932373 0.166483 0.25368 0.429793 -0.7633213
1 -43.27843856811523 -11.15347385406494 -0.45088991522789 4.748537 1.132748 1.165617 2.196637
3 22.62112808227539 -34.63611602783203 -0.8212713003158569 0.311719 0.644732 1.105005 -1.830986
5 13.14502048492432 19.52988243103027 -2.080235481262207 0.166992 0.088317 0.31689 -1.27298
4 14.83761024475098 -5.192958354949951 -1.403324842453003 1.457472 0.614508 0.976029 0.2465747
4 16.57243728637695 -7.868722438812256 -1.581865787506104 1.313674 0.486752 0.563604 0.2630796
4 14.92084789276123 -4.572531223297119 -1.347417950630188 1.600487 0.51681 1.089875 0.246286
4 13.7096118927002 0.3753671646118164 -1.437140226364136 2.006654 0.43288 0.897067 0.2223924
4 14.34523868560791 -3.15151834487915 -1.374197959899902 1.32149 0.35371 1.053819 0.2630796
3 25.0252571105957 -41.96140289306641 -0.5945403575897217 0.225054 0.356339 1.056795 -0.8746391
4 13.86979675292969 -2.964248180389404 -1.350998878479004 1.572168 0.37376 1.052917 0.2630796
5 6.450063705444336 17.92391586303711 -1.999747276306152 0.187051 0.190529 0.466233 0.645807
1 -35.13964462280273 -23.77130508422852 -0.8650516271591187 0.80785 1.506073 0.651354 0.6285677
1 -46.79178237915039 -15.56518745422363 -0.3165944814682007 2.159795 1.359192 0.88147 2.153066
1 -15.39940738677979 4.345717906951904 -1.148919105529785 4.46913 1.820029 1.449112 -1.602384
4 13.85572624206543 1.576287150382996 -1.443398714065552 1.622127 0.388432 0.996565 0.2223924
1 -16.29602813720703 -9.67618179321289 -0.8379146456718445 3.848277 2.012876 1.658626 0.6018075
6 -26.39793968200684 -9.110688209533691 -0.3660833537578583 0.397288 0.423429 0.394111 -2.500774
6 -6.520554065704346 23.67717742919922 -0.9063897728919983 2.160107 0.757243 0.183153 2.613501
5 -11.40848064422607 -9.025679588317871 -1.414128065109253 0.185265 0.209766 0.454192 0.6977705
1 0.1144939586520195 6.054370403289795 -1.199517011642456 4.860468 2.016598 1.338288 2.228595
1 29.71607971191406 -26.23174095153809 -1.12695586681366 2.077996 1.457757 1.36612 2.201909
4 14.35204792022705 -0.7660869359970093 -1.423635482788086 1.416263 0.415177 1.053056 0.2223924
1 10.67813491821289 3.301697969436646 -1.224115967750549 4.33986 1.573005 1.592621 1.15824
1 -10.68328762054443 28.3203067779541 -1.546270608901978 3.900538 1.582874 1.348219 2.244418
6 13.74185657501221 6.712769985198975 -1.691864371299744 0.203152 0.059636 0.099399 1.603028
5 -20.8851203918457 -7.125672340393066 -1.460388898849487 0.112453 0.19269 0.395509 -2.527461
1 -1.883676171302795 18.65040969848633 -1.335687756538391 4.006766 1.681019 1.46581 2.615445
4 14.48191928863525 -2.480781316757202 -1.39117705821991 1.587399 0.482302 1.079457 0.2630796
4 14.38008975982666 0.0253687184303999 -1.468744039535523 1.747446 0.439017 0.989187 0.2223924
1 25.98367691040039 -21.58739280700684 -1.438918232917786 4.20897 1.730692 1.034021 -0.9690039