3 16.52644538879395 -37.09923553466797 -0.1900786310434341 0.447815 0.608182 0.752673 -1.520459
5 4.930591106414795 -14.80234813690186 -1.282466769218445 0.312717 0.326923 0.617834 2.64446
4 46.05877685546875 9.892168998718262 -1.679769158363342 0.973334 0.330308 0.894919 0.6510049
3 15.80738353729248 -36.94894409179688 -0.1883421093225479 0.357036 0.565929 0.750899 -1.520459
3 43.72207641601563 15.113600730896 -0.837553858757019 0.331381 0.535731 0.951878 3.074826
1 7.364562511444092 10.02683544158936 -1.196226358413696 4.428946 1.8403 1.531623 -2.717636
1 7.471066951751709 -52.90463638305664 0.2555456757545471 2.700101 0.533775 0.953629 3.12662
1 0.5647510290145874 9.14257526397705 -1.231994271278381 4.876642 1.940413 1.483971 -3.080276
5 26.97634696960449 -10.92928981781006 -1.402217268943787 0.186753 0.130611 0.438212 -2.185926
6 48.53456497192383 9.827558517456055 -1.626485228538513 0.390196 0.36612 0.625737 0.7836859
5 1.039310693740845 -11.26991653442383 -1.189751029014587 0.332148 0.303664 0.571032 2.64446
4 29.36061096191406 15.85928440093994 -1.817948818206787 0.805878 0.23457 0.523922 1.622189
6 25.81880760192871 21.9775390625 -1.848387718200684 1.425931 0.449528 0.516667 -0.81956
1 11.24510002136231 -8.867812156677246 -1.018091917037964 3.94727 2.096917 1.510599 -0.6371207
6 40.39647674560547 9.79255485534668 -1.483657002449036 1.220468 0.311287 0.326707 0.8488144
5 5.325407028198242 -30.26721954345703 -0.9355108141899109 0.287575 0.34628 0.442055 -1.452872
4 27.15074729919434 17.59075355529785 -1.661965608596802 0.844574 0.363333 0.656943 1.253237
4 40.99089050292969 9.707427978515625 -1.358886957168579 1.127528 0.165939 0.549415 0.9632951
4 28.6974983215332 14.86092662811279 -1.561458110809326 0.892865 0.206551 0.86712 0.8524675
5 8.04914665222168 -8.796929359436035 -1.484676599502564 0.230367 0.282713 0.497305 2.64446
5 5.476529598236084 -33.01259613037109 -0.8500465750694275 0.22633 0.282429 0.417672 -1.452872
2 -35.68141937255859 7.721194744110107 -0.1220640689134598 11.244348 2.945575 2.967251 -3.104467
4 24.85957527160645 28.51151847839356 -1.337377905845642 1.29351 0.525414 1.157038 1.67949
4 -13.1143159866333 9.64343547821045 -1.700959801673889 1.541257 0.346868 0.721924 3.131105
4 25.88013076782227 19.55911636352539 -1.693683862686157 1.016805 0.288568 0.646676 1.05825
5 26.61746978759766 16.07404708862305 -1.894652128219605 0.247076 0.19562 0.465737 -1.094975
5 28.37877464294434 -9.24930191040039 -1.444706916809082 0.235866 0.198146 0.449091 -2.185926
4 27.92697715759277 16.15231132507324 -1.660966634750366 1.487945 0.597251 0.67475 1.179156
4 26.16806221008301 20.84385871887207 -1.64123010635376 0.833737 0.420508 0.523147 0.2886983
6 37.1118049621582 9.721797943115234 -1.546966433525085 0.825819 0.469429 0.349551 1.277807
5 5.758884429931641 -43.81608200073242 -0.7937701344490051 0.27616 0.240668 0.470408 -1.452872
5 5.294983863830566 -27.90591239929199 -1.02006983757019 0.259096 0.281473 0.429537 -1.452872
4 27.38633155822754 18.63174629211426 -1.708324909210205 0.950181 0.40715 0.685852 1.247494
4 27.28447532653809 16.72489166259766 -1.652011394500732 1.306547 0.401026 0.671711 1.074517
4 -9.329463958740234 9.740474700927734 -1.481784462928772 0.975798 0.249879 0.674954 -3.083091
1 54.29946517944336 9.761688232421875 -1.604111433029175 3.728696 1.880825 0.7523 -0.01149467
5 24.5421257019043 19.6563892364502 -1.913879752159119 0.28141 0.184531 0.464716 -1.094975
5 5.617042064666748 -36.45009994506836 -0.9754942655563354 0.315126 0.281123 0.491082 -1.452872
2 27.5140380859375 -3.9663245677948 -0.2429652959108353 8.688089 2.348992 2.935297 1.018845
4 26.98708534240723 19.10828971862793 -1.79741382598877 1.361107 0.265613 0.526221 1.039968
4 26.02765655517578 20.33372688293457 -1.697553992271423 0.869989 0.355584 0.677413 0.3733768
5 5.301966667175293 -25.82474517822266 -0.9872536659240723 0.285981 0.311502 0.515172 -1.452872
5 3.043082475662231 -13.00604057312012 -1.356088638305664 0.332452 0.31555 0.461741 2.64446
6 33.38079833984375 11.024977684021 -1.713051080703735 1.212342 0.576247 0.474241 0.6184378
1 -5.197620391845703 8.7296781539917 -1.255951642990112 4.453915 1.961169 1.447521 -3.138985
4 34.47997665405273 10.84551906585693 -1.487162113189697 1.914472 0.715961 0.762466 1.285145
1 8.023673057556152 -46.10441970825195 0.08088131248950958 4.395482 1.13043 1.188579 3.08894
3 11.67235374450684 29.23552703857422 -1.059554219245911 0.557546 0.331893 0.939577 -0.0887358
4 36.53456115722656 10.5655107498169 -1.55069637298584 1.382519 0.220208 0.744119 1.346434
1 7.823291301727295 -40.88724136352539 -0.3873517513275147 4.621279 1.689551 1.145705 -3.130857
5 4.630104541778565 -6.840354919433594 -1.429841995239258 0.274519 0.346126 0.521534 2.64446
1 27.60293006896973 11.7431173324585 -1.27251136302948 4.47506 1.75591 1.469962 2.089332
6 35.21319961547852 9.408828735351562 -1.686500310897827 0.204225 0.236765 0.278231 -0.3438556