5 -9.59455680847168 -7.187440395355225 -1.403247475624085 0.18613 0.235491 0.393271 2.783876
5 -7.574085712432861 -14.87302589416504 -1.213631629943848 0.216589 0.322702 0.409889 2.53425
4 15.6897029876709 -13.45592880249023 -1.161591053009033 1.396877 0.28147 0.732727 0.2466449
6 -6.048855304718018 17.55121231079102 -1.920107483863831 0.136268 0.222783 0.44938 1.92309
4 16.41824722290039 -7.130807876586914 -1.286509275436401 1.200287 0.479191 0.852615 0.1418166
1 -16.66817474365234 7.847971916198731 -1.268377661705017 4.476708 2.005923 1.459294 -2.845869
5 18.42215538024902 14.67573833465576 -1.746925830841065 0.265549 0.243444 0.422037 -1.210552
5 19.61142349243164 12.92937850952148 -1.742305874824524 0.147092 0.132516 0.401222 -2.587674
5 16.96533966064453 15.14562892913818 -1.759520769119263 0.319077 0.323253 0.416491 0.3666172
4 16.99291801452637 -6.508412837982178 -1.190947413444519 1.200604 0.388473 1.018488 0.1179497
5 -3.357553958892822 -32.55343246459961 -0.9986095428466797 0.227013 0.22869 0.423579 -1.319983
5 7.180914402008057 19.80763816833496 -1.907745003700256 0.223532 0.158035 0.420645 0.2953251
4 15.88522243499756 -10.19023609161377 -1.174530029296875 1.283915 0.705175 0.94863 0.3717077
5 -8.694217681884766 13.47819995880127 -1.828668713569641 0.101526 0.208327 0.415713 1.92309
1 0.7482693195343018 -39.42416000366211 -0.3430185616016388 4.676138 0.885505 1.492223 -2.923128
5 13.03347206115723 -6.535163402557373 -1.497756242752075 0.171935 0.162477 0.370004 -2.032093
5 -5.023947715759277 -25.52591323852539 -0.9254579544067383 0.194654 0.195033 0.336726 -1.319983
4 15.69778442382813 -8.829721450805664 -1.19941246509552 1.151498 0.754915 0.875546 0.1414886
4 16.18925476074219 -10.72747611999512 -1.085917592048645 1.225531 0.664336 0.9503 0.4852365
1 21.65720367431641 10.97083187103272 -1.361778736114502 4.569423 1.969631 1.329854 -2.914936
4 15.82182502746582 -13.0649528503418 -1.174235343933106 1.450405 0.407422 0.769204 0.0773326
1 10.23185443878174 -14.4539852142334 -0.8461502194404602 4.176823 2.008504 1.654875 1.807017
5 -12.12689971923828 -12.2578935623169 -1.219316482543945 0.249408 0.252337 0.556274 2.53425
4 15.88883113861084 -8.17581558227539 -1.169027328491211 1.339563 0.50708 0.995733 0.1415355
1 -10.17382049560547 10.06699275970459 -1.217223167419434 4.414824 1.791918 1.553868 -2.519859
4 2.345227956771851 -7.201822757720947 -0.9727957248687744 1.702232 0.62145 1.55685 -1.395429
5 -5.833531856536865 -8.33952808380127 -1.46980607509613 0.194429 0.136425 0.445449 2.783876
1 -2.433838844299316 -7.771753787994385 -1.005766034126282 4.385084 1.792723 1.466644 -0.4600073
6 20.84160423278809 9.159721374511719 -1.619181513786316 0.076225 0.14748 0.252858 -0.9873092
2 -52.07603454589844 -1.29127311706543 0.141108825802803 11.256318 2.74586 2.461195 -2.872713
1 5.413565158843994 -51.08139801025391 0.2643309235572815 1.01362 0.905253 0.874848 -2.884974
5 14.09078598022461 -4.588096618652344 -1.524012446403503 0.177663 0.141996 0.372626 -2.032093
4 16.65965270996094 -5.885990619659424 -1.372741103172302 1.334198 0.339815 0.577628 0.7954411
5 -4.864099979400635 24.32411766052246 -2.050562143325806 0.155937 0.21948 0.3627 1.550708
4 15.61876678466797 -9.580309867858887 -1.187047481536865 1.415473 0.536232 1.00964 0.1414652
2 12.2722978591919 0.40735724568367 -0.5433206558227539 8.641518 2.66931 2.517866 1.210619
1 52.12606430053711 23.38735198974609 -1.832247257232666 4.175995 1.872996 1.091987 0.2028473
1 -22.21577262878418 6.093538284301758 -1.307511329650879 3.97099 1.696533 1.456955 -2.889275
5 -7.057865142822266 15.25524997711182 -1.927557229995728 0.177646 0.218429 0.427087 1.92309
4 15.892822265625 -7.80294132232666 -1.326680421829224 1.346042 0.508813 0.690549 0.1416292
1 3.701030254364014 -44.39077377319336 0.1043728440999985 1.454758 1.154823 1.068449 -2.902628
4 16.28770065307617 -14.71023559570313 -1.052294373512268 1.338857 0.239114 0.669986 -0.02132327
5 4.379757881164551 22.81484794616699 -1.968363165855408 0.135273 0.114449 0.467209 0.2953251
5 -5.255876064300537 20.42978286743164 -2.027369022369385 0.176052 0.178295 0.394869 1.92309
6 52.57946014404297 16.88493919372559 -1.205361366271973 0.613332 0.195919 0.786843 -1.34663
1 9.101359367370605 15.68982219696045 -1.341348767280579 4.425067 1.656354 1.595271 2.306606
4 15.75894546508789 -11.73900508880615 -1.194676160812378 1.533832 0.452026 0.748098 0.07733276
5 -9.814783096313477 -13.51010131835938 -1.277955889701843 0.23596 0.314815 0.535685 2.53425