4 26.84368324279785 20.73959159851074 -1.496940612792969 0.618044 0.616811 0.950049 2.876578e-15
6 27.79124641418457 16.13397407531738 -1.598958492279053 0.555113 1.00761 0.569351 -0.01849865
6 41.20733261108398 9.960500717163086 -1.282469272613525 0.852444 0.524079 0.410605 -0.01626
3 11.62587261199951 29.24297714233398 -1.265675187110901 0.324189 0.496767 1.352242 1.24381
2 27.44734764099121 -4.014231681823731 -0.2563822865486145 8.819018 2.397428 2.97123 1.063113
6 34.99351119995117 10.99808788299561 -1.50368595123291 1.281333 0.456515 0.806828 -0.01849865
2 -35.69172286987305 7.62993049621582 -0.1477483659982681 11.274552 2.722394 2.917833 -3.089064
6 25.95882034301758 21.88917541503906 -1.80315375328064 0.632573 0.530877 0.403818 0.001596963
4 14.39193630218506 42.27267837524414 -1.227818131446838 0.732535 0.416014 0.562069 -1.576632
5 26.97274398803711 -10.94326019287109 -1.402345061302185 0.149486 0.088369 0.397447 0.274208
4 -13.09693050384522 9.591012954711914 -1.698035717010498 1.511876 0.439027 0.738137 2.971887
6 55.02223968505859 9.748385429382324 -1.597295165061951 0.762194 1.493358 0.736221 -0.06923467
1 8.062880516052246 -45.99121475219727 0.08309723436832428 4.4898 1.074525 1.188958 -3.123055
6 36.48707962036133 10.52999591827393 -1.468592882156372 0.368089 1.266099 0.592876 -0.01626
5 5.571039199829102 -36.48808288574219 -0.9613642692565918 0.409793 0.359702 0.461914 -1.533734
5 8.044745445251465 -8.785517692565918 -1.432730078697205 0.225822 0.15303 0.351683 0.0631599
1 7.483546257019043 -52.88719940185547 0.2823509275913239 2.690736 0.422071 0.905037 -3.123055
1 23.33679580688477 -49.14170837402344 -0.3321073651313782 3.891645 1.775456 0.99921 1.631057
6 48.72842407226563 9.797840118408203 -1.534738063812256 0.860212 0.241835 0.457889 0.002748716
1 0.573919415473938 9.158384323120117 -1.242280840873718 4.858521 1.928026 1.501732 -3.037736
5 4.957565307617188 -14.82398986816406 -1.24012041091919 0.28426 0.314979 0.534243 0.0631599
6 34.40052795410156 10.29936695098877 -1.681909322738648 0.713072 0.861093 0.351622 -0.01849865
5 4.65861701965332 -6.847184658050537 -1.44498872756958 0.292828 0.301879 0.508947 0.0631599
5 28.41179847717285 -9.234394073486328 -1.453977108001709 0.206339 0.272411 0.401382 -0.1307386
4 -9.306483268737793 9.751973152160645 -1.501460790634155 1.076432 0.190964 0.715223 -3.108486
3 40.43073654174805 15.54950618743897 -0.6511890888214111 0.340238 0.575561 0.666911 3.036119
6 25.60356712341309 22.78061294555664 -1.687646389007568 0.496286 0.876776 0.190508 -0.01849865
4 28.68229484558106 14.87233066558838 -1.514392018318176 0.601077 0.702505 0.781948 -0.01849865
4 27.14867401123047 16.51972198486328 -1.58874249458313 0.230585 0.80234 0.552266 -0.01849865
6 52.90297698974609 9.7791748046875 -1.768944144248962 1.080003 1.145415 0.677558 -0.1056884
5 5.320978164672852 -27.89856719970703 -1.017410397529602 0.164884 0.268201 0.377585 -1.533734
1 -5.185240745544434 8.725263595581055 -1.257667303085327 4.446862 1.832521 1.453104 -3.108486
6 37.19609069824219 10.20330238342285 -1.353784680366516 0.771055 1.472518 0.372402 0.0
5 3.051683187484741 -12.99406909942627 -1.361377120018005 0.276414 0.314213 0.421031 0.0631599
6 26.21022796630859 20.06961250305176 -1.650480151176453 0.43866 0.965906 0.566288 0.001591223
6 33.29560852050781 11.10054779052734 -1.642640948295593 0.965379 0.860086 0.336828 -0.01849865
4 27.14232635498047 17.60572052001953 -1.615200757980347 0.306783 0.788162 0.570806 0.002748492
6 40.04717636108398 9.784289360046387 -1.461182236671448 0.831991 1.046845 0.768029 -0.1032832
4 25.7603816986084 19.94483947753906 -1.628067493438721 0.339243 1.68629 0.543059 0.001602668
6 26.1405200958252 21.28772926330566 -1.780948400497437 0.306729 0.613129 0.403002 0.001596963
1 27.58932685852051 11.74099636077881 -1.303577184677124 4.471555 1.67311 1.539225 2.124862
6 26.34508895874023 22.78411293029785 -1.741999864578247 0.658629 0.537108 0.569228 0.001596963
5 24.5677547454834 19.64825248718262 -1.92028021812439 0.201695 0.18077 0.412703 2.124862
6 27.4555778503418 17.26703643798828 -1.618717193603516 0.324926 0.311502 0.546348 0.002748254
5 5.326918601989746 -30.24827384948731 -0.9185670018196106 0.234722 0.259437 0.383926 -1.533734
1 7.827142715454102 -40.98794174194336 -0.5037012696266174 4.629167 1.932385 1.382292 -3.123055
1 7.318177223205566 9.984025001525879 -1.195551633834839 4.286593 1.86919 1.530503 -2.745479
5 5.287366390228272 -25.84029769897461 -0.9834561347961426 0.3184 0.286075 0.509935 -1.533734
5 5.477398872375488 -33.02483749389648 -0.8526624441146851 0.16277 0.230823 0.424958 -1.533734
1 11.23432159423828 -8.846001625061035 -1.011330246925354 3.938145 2.09724 1.50067 -0.6484346
5 1.035159230232239 -11.26111698150635 -1.19443941116333 0.316294 0.298326 0.533476 0.0631599
6 27.12898635864258 18.89130020141602 -1.656380534172058 0.905096 0.484186 0.553704 0.002747777
6 29.64570426940918 16.07534027099609 -1.59326982498169 0.785582 1.255596 0.817795 0.002748611
4 27.52090263366699 18.361572265625 -1.647379636764526 0.829401 0.454947 0.570343 0.002475832