1 29.95969009399414 4.318496227264404 -0.8540675640106201 4.019182 1.616957 1.414643 1.519522
6 17.49510765075684 -50.6469612121582 -0.186569944024086 0.570956 0.871201 0.779049 -1.514747
1 18.72518730163574 -29.50806045532227 -0.2499196380376816 4.588685 1.852886 1.302022 -1.626043
5 -14.60515785217285 -2.269120454788208 -1.641090154647827 0.271291 0.259097 0.56674 3.123766
1 -9.493027687072754 -8.742171287536621 -0.9337664246559143 4.609163 1.710553 1.450519 -0.07380047
3 -6.390771389007568 11.85583305358887 -0.8640376925468445 0.61756 0.686204 1.112786 2.48286
1 29.76030158996582 -8.817955017089844 -0.7356260418891907 4.647293 1.222739 1.562465 1.565319
5 -21.4705867767334 -2.066874980926514 -1.681928157806397 0.355133 0.266596 0.580908 3.123766
5 -12.18499088287354 -2.248092889785767 -1.594247817993164 0.297592 0.282088 0.619 3.132553
1 28.28327560424805 -28.64358901977539 -1.077552914619446 1.347185 1.164435 0.522501 1.490839
2 -51.97318267822266 0.6862656474113464 -0.6658215522766113 1.956964 2.668219 2.878106 0.01098802
6 17.57573318481445 -44.55102157592773 -0.5439584255218506 0.301342 1.027863 0.31385 -1.617007
1 27.15707206726074 -54.77146530151367 -0.08151428401470184 3.66977 1.396006 1.183295 1.566706
6 -29.51449012756348 -8.22714614868164 -1.236844301223755 0.868083 0.812801 0.451253 3.117141
1 29.76082229614258 -19.67259979248047 -0.9010224938392639 4.150887 1.197176 1.019519 1.582363
1 19.05983352661133 -23.45392036437988 -0.5948155522346497 4.25165 1.967124 1.60331 -1.611352
1 30.43710136413574 9.365038871765137 -0.8824920654296875 4.611568 1.855187 1.415439 1.417216
1 17.86080169677734 -40.26379776000977 -0.3583851456642151 3.085867 1.443058 0.640082 -1.628978
5 19.69841575622559 -20.08269691467285 -1.1755690574646 0.989456 0.377216 0.439237 -1.36685
1 29.32107543945313 -24.67765045166016 -0.6434249877929688 4.19503 1.723721 1.671132 1.386131
3 18.62459945678711 54.37102508544922 -1.2955641746521 0.494197 0.632706 1.514178 1.511421
1 31.08010292053223 14.56707096099854 -0.9787341952323914 3.873947 1.800407 1.538858 1.535329
6 18.8598575592041 -17.69163322448731 -1.049203515052795 1.534047 0.271116 1.008289 2.749405
5 -19.33764457702637 -2.097787857055664 -1.71097731590271 0.248107 0.249358 0.536603 3.123766
1 29.94394874572754 -13.79926300048828 -0.8386183381080627 4.358619 1.710037 1.317784 1.596778