1 -4.52293586730957 -4.613091945648193 -0.9767159223556519 4.44938 1.781819 1.528412 0.1959428
1 -43.94755935668945 -0.678755521774292 -1.271755218505859 3.125785 1.936735 1.418166 -3.020998
1 -9.66208267211914 -5.320628643035889 -1.022175073623657 4.684751 1.902393 1.478481 3.652647e-06
1 -30.98617935180664 -8.535028457641602 -1.08411180973053 3.860664 0.654195 1.35356 0.1411586
2 -28.07479667663574 36.22854232788086 -1.275870680809021 6.013132 2.549756 3.340107 -1.36347
1 -14.99590301513672 -5.812676429748535 -0.9773447513580322 3.841469 1.677845 1.579075 0.1411586
1 -35.78034210205078 30.32839012145996 -1.634755969047546 3.695 1.581204 0.888201 -1.452807
3 38.73625564575195 16.14120101928711 -1.03679883480072 0.369028 0.349826 1.0855 -3.080342
1 -43.56179809570313 -10.46717071533203 -1.181490778923035 4.076766 0.593953 1.138754 -0.05001213
6 -40.9509391784668 -0.8656708598136902 -1.792497038841248 0.646535 1.055081 0.544816 -0.7539818
1 -27.10410881042481 -8.151744842529297 -0.9589939117431641 3.212373 1.352717 1.563421 0.1411586
6 -38.94279098510742 0.5256063938140869 -1.380051374435425 0.304762 1.592101 1.151014 -0.2832926
1 -48.46981430053711 -1.412275791168213 -0.9237020015716553 0.445281 1.608177 1.614305 -2.973351
3 -16.04573059082031 36.93234252929688 -2.108292102813721 0.521725 0.463208 1.383312 1.731393