3 3.211101770401001 -8.349583625793457 -0.9508132338523865 0.56386 0.199197 0.47637 1.581013
5 19.96273422241211 -1.946132659912109 -1.531705737113953 0.240922 0.249036 0.527744 0.001793513
5 10.62828063964844 -1.910498738288879 -1.473031401634216 0.285645 0.316716 0.660845 0.001793513
5 12.77240753173828 -1.951692581176758 -1.518274307250977 0.30132 0.256688 0.545201 0.001793513
5 17.47606468200684 -1.994845628738403 -1.511192560195923 0.166763 0.207246 0.490048 0.001793513
3 28.6441707611084 12.14046478271484 -0.9726153612136841 0.340513 0.561383 0.810231 0.07537781
1 -20.11422348022461 3.579293966293335 -1.061207175254822 3.956173 1.982805 1.606046 3.140026
1 51.24228668212891 -22.62136650085449 -0.7120919227600098 3.80782 0.789307 1.25981 -1.604574
1 51.53937530517578 -28.02007865905762 -0.5231307744979858 3.4664 1.732246 0.821484 -1.625689
2 -42.83168029785156 -0.3062268793582916 -0.3759823143482208 2.067163 2.387735 3.037999 0.0
1 22.3705997467041 -8.405618667602539 -0.9485951066017151 3.725196 1.700511 1.544977 -0.06679449