4 2.288208246231079 27.15374946594238 -1.622048139572144 0.896526 0.334501 1.047163 0.9130271
3 -55.60742568969727 20.50212097167969 -0.7452439665794373 0.342451 0.334573 0.405672 2.971146
4 -14.94230937957764 -6.996349811553955 -1.209494233131409 1.777813 0.463108 1.08915 -2.001452
1 -13.58702087402344 -2.65824031829834 -0.9717819094657898 4.472417 1.798969 1.592724 -1.255121
5 10.29793834686279 15.86348724365234 -1.714180588722229 0.306955 0.75105 0.751157 -2.715628
5 -20.63994789123535 1.066334009170532 -1.471561431884766 0.272093 0.167987 0.410293 1.39094
1 6.232604026794434 -4.938897609710693 -1.086986303329468 4.320555 2.076704 1.576941 0.2062983
4 -13.70549297332764 -13.03743553161621 -1.154011368751526 1.426042 0.494017 0.939505 -1.05564
3 -42.57544708251953 18.16429328918457 -0.8287922143936157 0.323208 0.694587 0.926021 2.964701
4 -14.17598056793213 -7.759439468383789 -1.330754995346069 1.436715 0.300948 0.77662 -1.999424
4 -23.05440330505371 0.9824920296669006 -1.281247496604919 1.505517 0.498517 0.628272 -2.229431
6 -14.11548042297363 -14.76120090484619 -1.322298526763916 0.551 0.413483 0.620726 -0.7473446
3 -1.444680571556091 -22.90664482116699 -0.532504677772522 0.925307 0.58925 0.964386 2.994005
5 -12.09504699707031 -10.96677017211914 -1.443997979164124 0.212658 0.289822 0.478683 0.5599152
5 -0.4466038942337036 -10.08299446105957 -1.603152394294739 0.310314 0.245511 0.451902 2.812601
6 -10.60447597503662 -35.52779769897461 -1.108105659484863 1.40855 1.774122 0.720158 1.398325
1 6.203279495239258 14.60020542144775 -1.333166837692261 4.173055 1.865039 1.506852 2.276412
5 -21.84239768981934 1.99289345741272 -1.393116354942322 0.352864 0.291864 0.587492 -0.1689751
4 -20.28718185424805 -0.1102971881628037 -1.380319237709045 1.30817 0.537704 0.797872 -2.415704
5 13.58181381225586 19.12238883972168 -1.787732243537903 0.327365 0.329164 0.62539 0.6463854
6 -40.3471794128418 4.635576725006104 -1.206143736839294 1.112965 1.564119 0.783454 -0.1897396
1 15.23882102966309 50.5637321472168 -1.113790988922119 2.614276 0.827522 1.380205 -0.21302
3 15.68485736846924 -2.861713171005249 -1.277938961982727 0.184178 0.399992 1.082717 1.43978
5 9.43450927734375 13.81321716308594 -1.819222569465637 0.189844 0.263605 0.492399 -2.571712
4 -15.15074825286865 -5.588486194610596 -1.221428871154785 1.164946 0.384747 0.975114 -2.518413
5 -22.28737449645996 4.099330425262451 -1.501658082008362 0.232504 0.247949 0.434832 3.048034
5 -4.181290149688721 -15.86897468566895 -1.517049789428711 0.191828 0.279511 0.359491 -1.70213
1 -2.934282541275024 25.88633537292481 -1.28008770942688 4.589959 1.84539 1.665854 -1.726967
5 -2.304383277893066 -12.41698837280273 -1.523355484008789 0.184171 0.274462 0.392309 1.285443
5 -12.29882621765137 -14.53595066070557 -1.450607419013977 0.237165 0.291707 0.424961 1.380787
6 7.477517127990723 48.0130615234375 -1.639774680137634 0.490352 0.434337 1.215088 1.416621
4 -14.53300476074219 -7.120267868041992 -1.190755963325501 1.622792 0.435423 1.090167 -1.965858
4 -21.96697998046875 0.6151547431945801 -1.396883130073547 0.748552 0.261789 0.591466 -2.164234
1 13.03717803955078 -5.220229625701904 -1.211921095848084 4.402466 1.755772 1.461785 -0.1226197
1 18.87661170959473 -5.812921524047852 -1.286617040634155 3.852606 1.570292 1.455449 -0.1536344
4 -26.47600746154785 1.221434354782105 -1.167784452438355 1.696689 1.130184 0.818093 -0.5011517
4 -20.22146987915039 -0.9328982830047607 -1.387314319610596 1.304652 0.441655 0.771417 -1.894974
4 -13.86252593994141 -11.2931432723999 -1.182363629341126 2.017214 0.898905 1.059506 -1.826465
6 -14.1283483505249 -13.62151432037354 -1.225153923034668 1.615698 0.696592 0.849804 -1.028087
6 12.41960334777832 11.24370384216309 -1.715682506561279 0.291359 0.189496 0.487951 2.337248
4 -3.947623014450073 -41.1386833190918 -1.119719862937927 1.265301 0.460955 0.531832 1.387311
5 -16.14992332458496 13.66043758392334 -1.646748423576355 0.234569 0.185498 0.475008 0.5466
4 -14.32266902923584 -9.952433586120605 -1.168354272842407 1.575729 0.503637 1.087496 -2.359466
6 -38.06005859375 4.076784610748291 -1.356806516647339 1.448449 0.459306 0.811731 -2.948222
1 15.52642345428467 -0.4399470686912537 -1.333255290985107 4.393394 1.911103 1.254071 -0.1781397
4 -22.46140861511231 0.6975436210632324 -1.263204336166382 1.456765 0.454893 0.591166 -1.930705
5 -13.47950649261475 -7.073440074920654 -1.4765944480896 0.253156 0.200004 0.51006 -0.8922257
6 -19.3450927734375 -1.188513278961182 -1.211128115653992 1.712961 0.495152 1.010978 -1.933054
5 -21.95141983032227 8.095797538757324 -1.555576682090759 0.255991 0.206535 0.46087 2.990971
1 -1.279238939285278 34.09885787963867 -1.778104543685913 4.084187 0.903773 0.871115 -1.762348
3 -19.93379020690918 -28.71889114379883 -0.1595355272293091 0.385719 0.580605 0.687646 -1.723481
6 -31.31968116760254 2.758066892623901 -1.517624616622925 1.046576 0.223899 0.432411 0.3095303
6 10.13199901580811 16.68873596191406 -1.54211688041687 0.837324 0.539576 0.955065 0.4259644
4 -21.1048526763916 -0.6310607194900513 -1.212424278259277 1.750177 0.493544 1.141911 -1.484869
1 -10.90696239471436 -48.80912399291992 -0.3679246604442596 2.051116 1.115789 1.636427 1.405232
6 -14.05063533782959 -15.3328971862793 -1.439546346664429 1.181253 0.557856 0.494105 2.879766
2 -10.61355209350586 12.78129291534424 -0.5437812209129333 8.58999 2.567753 2.724309 -2.3215
2 49.29557037353516 -10.56089687347412 -0.6154537200927734 11.348998 2.491453 3.292962 -0.09845144
5 1.388879776000977 -8.384651184082031 -1.601140856742859 0.272835 0.293491 0.524383 -1.905267
1 15.45011615753174 45.13625335693359 -1.59496533870697 4.68297 1.032654 1.211109 2.960078
3 -6.885207176208496 39.37055969238281 -1.058155655860901 0.320276 0.354367 0.503802 -1.750878
5 16.81736755371094 14.92949295043945 -1.712290287017822 0.456578 0.40383 0.615719 -2.477386
4 -13.21711540222168 -10.95586204528809 -1.166364073753357 1.612582 0.552771 1.111201 -1.777519
5 3.578781366348267 -7.390352249145508 -1.621668100357056 0.294459 0.261676 0.495955 0.5994021
5 -8.712164878845215 19.4868278503418 -1.759496212005615 0.187712 0.223388 0.464973 -0.956827
6 -25.51589775085449 1.90549910068512 -1.321192860603333 1.862825 0.871659 0.93608 2.707424
5 15.10273456573486 16.99716949462891 -1.740785717964172 0.302952 0.316554 0.628121 -0.9027624
4 -14.27446556091309 -8.953319549560547 -1.170256495475769 1.627856 0.414122 1.004501 -1.802461