1 24.6801929473877 -25.06690406799316 -0.5980870723724365 4.217061 1.471748 1.564299 1.373727
1 25.9415454864502 3.800179958343506 -0.8885830044746399 4.004548 1.821751 1.571033 1.463054
1 13.17057323455811 -40.33218765258789 -0.2662819921970367 2.873329 1.455208 0.882677 -1.623626
6 12.42109107971191 -50.72014617919922 -0.3190352320671082 0.385136 0.971665 0.42584 -1.59458
1 14.09804916381836 -29.66529655456543 -0.109800323843956 4.373332 1.744109 1.30007 -1.656476
1 23.56647300720215 -30.15185356140137 -0.8362905979156494 3.87862 1.115545 1.147003 1.438773
1 25.71871757507324 -14.39218807220459 -0.4925350844860077 4.785676 1.957848 2.034961 1.605797
6 -33.79495620727539 -7.961021423339844 -1.334666848182678 1.003936 1.278304 0.351459 0.02168916
3 -10.79641056060791 11.8950252532959 -1.058941960334778 0.432253 0.559089 1.099215 -0.05161524
1 -13.65515232086182 -8.686929702758789 -0.8080872297286987 4.300566 2.04612 1.148941 -0.1087528
1 25.42908668518066 -20.04902076721191 -1.026373624801636 4.271891 1.292718 0.869064 1.579488
2 -52.68882751464844 1.26716685295105 -0.5255009531974792 2.866186 2.399134 2.977406 0.0
1 25.7412223815918 -9.252721786499023 -0.7530747652053833 4.629761 1.776155 1.625873 1.551857
1 14.54687213897705 -23.62722206115723 -0.6525711417198181 4.060628 1.975607 1.710433 -1.663117
1 21.88355827331543 -55.91609191894531 0.3698784708976746 3.029197 0.519763 0.907411 1.477539
5 -18.89042091369629 -2.035610198974609 -1.632931113243103 0.295969 0.243581 0.495773 0.0
1 26.47830200195313 8.923614501953125 -1.01297652721405 4.634905 2.096269 1.499024 1.376846
5 -25.60584449768066 -1.748625755310059 -1.778820753097534 0.22907 0.197201 0.411699 1.092972e-16
6 14.50495147705078 -18.03630065917969 -1.002258062362671 1.732931 0.227461 1.078124 2.627695
5 -23.53699493408203 -1.829305291175842 -1.734762191772461 0.303596 0.265927 0.618069 -1.146286e-16
5 15.19193363189697 -20.32119941711426 -1.159534335136414 0.851586 0.525408 0.663319 1.53653
3 15.41107368469238 54.76430892944336 -1.601823329925537 0.720163 0.66466 1.628032 1.502149
5 -16.34982681274414 -2.066426753997803 -1.620912432670593 0.297457 0.28519 0.510994 0.0
1 27.00358390808106 14.11984443664551 -1.028701424598694 3.779386 1.586105 1.430711 1.492874