4 -3.956232309341431 -12.22937774658203 -0.9458322525024414 1.813747 0.613425 1.601474 -1.60093
5 15.35010242462158 11.28151416778565 -1.709289312362671 0.225287 0.172337 0.39467 2.460049
4 9.331066131591797 -10.83120346069336 -1.256190061569214 1.57866 0.46322 0.712343 0.01888489
1 42.2835693359375 11.34379386901856 -1.151527404785156 2.591087 1.243644 1.17406 3.109938
6 -5.101561546325684 21.39006423950195 -2.070960521697998 0.167396 0.210005 0.290301 -1.507645
5 11.08228492736816 14.16939926147461 -1.762256860733032 0.176366 0.126068 0.442883 -1.670584
5 -14.9474458694458 -30.73703002929688 -1.065210819244385 0.298327 0.264853 0.403256 -1.607188
5 -3.879077672958374 25.08321380615234 -2.103870153427124 0.101811 0.245681 0.364349 -1.703864
5 -14.8860445022583 -34.12667465209961 -0.9907082915306091 0.172407 0.126221 0.419857 -1.442689
5 -15.05365085601807 -25.66704368591309 -1.159172177314758 0.389002 0.299911 0.534046 -1.637908
4 8.285679817199707 -17.6162166595459 -1.021374940872192 1.52975 0.458523 0.640851 -0.01996695
1 -23.95756530761719 11.28907871246338 -1.576085448265076 2.139023 1.936356 1.415064 -3.115351
1 36.92583465576172 11.35158920288086 -1.386469602584839 4.170386 1.855582 0.902798 -3.122638
4 8.80155086517334 -13.70777606964111 -0.9695038199424744 1.32478 0.368542 1.018062 0.1465417
2 -55.62950897216797 10.51930236816406 -0.4188956916332245 11.369893 2.627007 2.294793 -3.100205
4 8.708826065063477 -13.04123020172119 -1.016457080841065 1.269964 0.476064 0.957135 0.1465417
1 51.04551696777344 11.64305877685547 -1.12804114818573 3.059736 1.665786 1.345631 -3.128773
4 7.967028617858887 -16.30893135070801 -1.05420994758606 1.638975 0.49678 0.809371 -0.01996695
5 -8.02462100982666 16.81052017211914 -2.012915134429932 0.205061 0.218907 0.416206 -2.070224
1 2.357505559921265 -15.98730754852295 -0.7983662486076355 4.137775 2.015254 1.653259 1.59009
4 8.624093055725098 -12.34655666351318 -1.058632969856262 1.380322 0.481367 0.934132 -0.2303017
5 6.849673271179199 -8.920222282409668 -1.423146963119507 0.228331 0.197443 0.441831 1.202839
1 -8.41982364654541 -6.812337398529053 -1.128823041915894 4.513098 1.84646 1.531583 -0.6696912
5 16.68742561340332 10.57061672210693 -1.516418814659119 0.196052 0.168258 0.319795 2.163671
4 9.162437438964844 -11.28909778594971 -1.094190120697022 1.232176 0.283716 1.055645 0.01888489
6 48.74814224243164 3.983314275741577 -0.8973464965820312 0.32361 0.516926 1.563789 -2.76021
5 -2.396372079849243 -18.03150177001953 -1.403395295143127 0.115581 0.154929 0.364724 1.662422
4 8.229409217834473 -14.64354419708252 -1.16413414478302 1.492333 0.608965 0.728514 -0.3553099
3 -7.79360294342041 31.55626678466797 -1.181422233581543 0.454568 0.450497 0.818806 -1.546543
1 -19.04463577270508 11.6243486404419 -1.424919605255127 4.551215 1.901335 1.47862 -3.07841
6 33.22116851806641 11.73653602600098 -1.508652687072754 0.906942 1.431531 0.54126 3.040654
4 8.964523315429688 -11.65250301361084 -1.199084162712097 1.261061 0.316473 0.74791 0.1802721
5 -19.0391960144043 -9.013880729675293 -1.444225430488586 0.323228 0.292894 0.521408 2.673544
5 6.878403663635254 18.04074287414551 -1.849747896194458 0.172317 0.220766 0.360593 -0.9046366
1 -12.23336601257324 12.46341609954834 -1.365636825561523 4.41356 1.89994 1.533482 -2.740912
5 -9.992735862731934 15.41800308227539 -1.992719888687134 0.196586 0.177144 0.433743 -1.867318
6 30.39012908935547 11.93841648101807 -1.377473473548889 1.513081 0.707699 0.474448 -3.087459
1 -11.13064765930176 -43.65642166137695 -0.01753560639917851 2.60671 0.827969 1.335491 3.084371
5 -15.40131187438965 -4.560638427734375 -1.589020371437073 0.155755 0.213672 0.484891 0.09108888
6 -24.15578079223633 12.71884822845459 -1.298206925392151 1.544202 0.32745 0.39105 3.123975
5 4.677431583404541 -11.53379631042481 -1.44717812538147 0.193069 0.157337 0.470635 3.117551
6 -6.522088050842285 18.74343681335449 -2.008952856063843 0.18476 0.226753 0.372721 -1.828174
1 12.87646961212158 6.364161014556885 -1.163638472557068 4.772739 1.955861 1.375934 3.130357
3 8.650731086730957 -28.87801551818848 -0.1310369968414307 0.27098 0.452439 0.654576 1.579518
5 17.82086753845215 4.632874965667725 -1.584823727607727 0.112531 0.192511 0.464931 -3.071327
1 7.843157768249512 13.59650611877441 -1.299862027168274 4.401309 1.6141 1.552426 2.084002
4 10.0454683303833 -10.26659774780273 -1.200142741203308 1.42671 0.450583 0.812371 0.01888489
1 -10.66581916809082 -50.51340484619141 0.2448775619268417 1.582003 0.835418 0.883911 -3.116873
5 12.99220752716065 12.89572715759277 -1.744680404663086 0.222814 0.13476 0.351709 -1.56946
5 -15.06501960754395 -28.05005264282227 -0.9818389415740967 0.260197 0.244693 0.364308 -1.623423
4 8.093412399291992 -15.89392185211182 -1.070108890533447 1.470304 0.335236 0.855291 -0.01996695
2 7.570103168487549 -1.888846874237061 -0.5733082294464111 8.680364 2.575631 2.301933 0.9987304
1 -12.3985481262207 -38.74103546142578 -0.5179636478424072 4.645391 1.694194 1.370546 3.130935