2 27.21630668640137 8.806205749511719 -0.5157631039619446 5.84989 2.272972 2.984475 -0.994539
2 -6.698890209197998 8.012916564941406 -0.6865842938423157 5.293486 2.333186 2.31714 0.03845692
1 -59.13658142089844 -3.820017814636231 -1.28351891040802 2.181679 2.030094 1.485258 0.07397567
2 31.12511825561523 -6.523077487945557 -0.706606388092041 5.057564 2.368324 2.615626 1.898158
5 -4.623034000396729 -10.05631065368652 -1.66358494758606 0.149784 0.153446 0.32515 -3.129103
5 0.7927331328392029 -8.847942352294922 -1.509092807769775 0.28827 0.30656 0.564202 -3.133389
5 -0.0584004633128643 -10.28626346588135 -1.509363651275635 0.141263 0.138212 0.487048 -3.131508
5 -7.058286190032959 -7.192028522491455 -1.516113996505737 0.216626 0.242529 0.377511 -3.129103
4 52.60420227050781 -3.081363201141357 -1.27239453792572 2.315275 0.532431 1.133277 2.622012
2 47.34382247924805 7.344806671142578 -0.5912417769432068 6.146102 0.745762 2.571469 0.04381519
5 -3.024011611938477 -10.23471546173096 -1.491320252418518 0.215355 0.220383 0.565802 -3.129103
4 8.133468627929688 -15.97416973114014 -0.7278791069984436 1.242447 1.336232 1.657505 -0.04894373
2 12.13577461242676 -5.075811386108398 -0.515475332736969 6.200792 1.765895 2.63946 -3.12218
2 30.87286758422852 7.234199523925781 0.2556947767734528 1.693758 0.309776 1.470045 2.181744
5 -1.644419550895691 -10.2248125076294 -1.52665376663208 0.222402 0.189212 0.578412 -3.131508
5 -7.96196460723877 -6.85589599609375 -1.514037489891052 0.279307 0.27837 0.459951 -3.129103
1 0.3049515187740326 7.584226608276367 -1.084698081016541 4.564959 1.860203 1.522292 0.03649691
1 39.01236343383789 -4.848136425018311 -1.475821733474731 3.087543 0.206074 0.976277 -3.124696
2 5.710693359375 -5.318120956420898 -0.601037323474884 6.002587 2.363394 2.418451 -0.001050124
2 41.55972671508789 7.407562255859375 -0.5174202919006348 0.892589 1.935581 2.340427 1.890406
2 11.67051696777344 8.30805778503418 -0.5820298790931702 6.229004 2.336097 2.636979 0.00770968
5 -5.197813034057617 -9.017334938049316 -1.590884447097778 0.16773 0.227607 0.361825 -3.129103
2 50.41653823852539 -5.327069282531738 -0.4221122562885284 5.591225 2.1982 2.802675 -3.104167
2 34.79292297363281 6.991485118865967 -0.3785940408706665 1.181991 0.958446 2.599136 2.210471
2 52.65882873535156 7.274815082550049 -0.3956877887248993 0.895408 1.712024 2.345085 0.07718914
5 -6.38273811340332 -7.67533540725708 -1.552245140075684 0.259155 0.359876 0.435293 -3.129103
1 -14.01176738739014 -5.344937324523926 -1.083947896957398 4.383355 1.964408 1.461223 0.04057255
1 19.30668258666992 8.087374687194824 -1.130895614624023 4.436024 1.853377 1.608679 -3.102177
5 -5.769627094268799 -8.24787712097168 -1.567329406738281 0.291099 0.313658 0.435207 -3.129103
5 1.583162307739258 -8.120843887329102 -1.478838205337524 0.33876 0.290318 0.646915 -3.133389