6 -45.13056945800781 2.699425935745239 -0.9784079790115356 0.746039 0.752071 2.300776 -1.504746
6 -42.15555953979492 -26.47787475585938 -0.2876964509487152 1.910241 0.78782 0.39373 1.531667
1 -25.04920196533203 -4.657797813415527 -1.022703289985657 4.275115 1.769664 0.949634 -8.253475e-05
1 -18.70491790771484 -4.548715114593506 -1.136555910110474 3.896098 1.862116 1.285077 -0.01588841
6 -30.50274658203125 -4.314070701599121 -1.480247974395752 0.173628 0.346291 0.018815 0.0
1 -35.3608512878418 13.68909645080566 -1.472901582717896 4.027639 1.56347 1.099706 2.348105
6 -52.9852180480957 -13.25047969818115 -1.53632652759552 3.393883 2.543708 0.693327 -1.729905
1 8.41348934173584 0.1228409558534622 -0.9843361973762512 3.463041 1.907967 1.486836 -0.0220288
2 11.11892509460449 -4.082400798797607 -0.4332745969295502 11.576093 2.627893 2.505383 0.03351299
6 35.0869140625 9.078524589538574 -0.8277232646942139 0.331669 0.534508 0.229263 -3.113171
1 -45.82915496826172 23.26465034484863 -1.556777000427246 3.881285 0.596047 0.873448 -1.546455
3 0.8811863660812378 12.8359432220459 -1.030556797981262 0.218985 0.52846 0.381349 -3.005248
2 -51.63076019287109 8.955166816711426 -0.7814071178436279 8.92177 2.442942 3.211172 -2.090839
4 -15.24066162109375 -5.558085441589356 -1.267633080482483 1.469615 0.337883 0.911531 -0.05437154
1 -51.77296829223633 -6.114625453948975 -1.740468978881836 3.359482 0.263903 0.707439 -1.031637
4 -11.46824836730957 -5.595444202423096 -1.324915170669556 1.65334 0.452593 1.087722 -0.06704623
6 -32.55358505249023 -5.175179958343506 -0.9342121481895447 0.14858 0.231433 0.207926 0.4913315