5 4.931934833526611 -14.79707622528076 -1.236510276794434 0.28165 0.322077 0.531793 2.684799
5 1.045732259750366 -11.26969432830811 -1.188743472099304 0.280497 0.261849 0.524912 2.684799
4 26.95097351074219 19.05441856384277 -1.74118971824646 1.223067 0.207601 0.670931 0.9375708
1 7.817867755889893 -41.02268218994141 -0.3934176564216614 4.619341 1.973663 1.15185 -3.141168
4 16.19124412536621 -25.20981025695801 -0.2949665188789368 0.506835 0.518341 0.9908 -1.451801
4 48.07931137084961 9.90635871887207 -1.61520254611969 1.12909 0.203968 0.584965 -0.1046634
2 27.47163391113281 -3.927427291870117 -0.2699583768844605 8.730887 2.359325 2.971632 1.037555
5 5.506982803344727 -33.02999877929688 -0.9510932564735413 0.124148 0.304893 0.239627 -1.584532
4 -13.14095497131348 9.67219352722168 -1.715173840522766 1.588141 0.29822 0.705855 3.075248
1 11.45564079284668 -9.02780532836914 -1.018496632575989 4.496922 2.076998 1.504796 -0.6663583
4 26.06155776977539 19.91302490234375 -1.705195307731628 1.418533 0.332435 0.655736 1.150819
1 7.497485160827637 -52.9005012512207 0.26265749335289 2.661936 0.457677 0.932893 -3.141168
4 35.96524429321289 11.51058673858643 -1.625871062278748 1.385216 0.753758 0.567321 1.276106
5 5.52903938293457 -36.42771148681641 -0.9821149110794067 0.278866 0.310024 0.451784 -1.604113
1 55.23880386352539 9.6827392578125 -1.595444917678833 1.106848 1.60128 0.693002 -0.04455859
5 28.4037036895752 -9.269641876220703 -1.459786057472229 0.152289 0.125825 0.415053 -1.84607
6 33.23659896850586 11.10544490814209 -1.714607238769531 0.905712 0.793935 0.461322 1.273371
4 23.63231658935547 -1.141954660415649 -1.047345399856567 1.79175 0.699777 1.339461 1.704786
6 40.61647033691406 9.541141510009766 -1.590557456016541 0.874969 0.222741 0.050408 1.967854
4 34.55149459838867 10.87258720397949 -1.486594676971436 1.996524 0.838841 0.736225 1.309514
1 0.6514643430709839 9.117527961730957 -1.236923098564148 5.050309 1.92365 1.491712 -3.085501
5 5.307122707366943 -25.8231372833252 -1.015106439590454 0.319448 0.278521 0.479835 -1.584532
4 36.52460098266602 10.66431522369385 -1.547556519508362 1.379934 0.312038 0.724804 1.294637
3 11.64423656463623 29.26645469665527 -1.085662722587585 0.47676 0.420733 0.984777 0.1137386
5 36.60541534423828 8.685528755187988 -1.637255430221558 0.228818 0.158573 0.49872 -0.6235989
5 8.031536102294922 -8.808728218078613 -1.499462842941284 0.177313 0.252769 0.452895 2.684799
1 19.91802597045898 -38.16738510131836 -0.1161351352930069 0.40689 1.595285 0.585774 -1.481628
1 7.3022780418396 9.991312980651855 -1.207454919815064 4.301775 1.850359 1.548627 -2.730213
6 25.72305297851563 23.29535865783691 -1.779321670532227 1.633696 0.250369 0.276934 -1.611787
4 15.49532508850098 -25.08061027526856 -0.3511307239532471 0.683502 0.675764 0.802724 -1.451801
6 52.87673568725586 9.666879653930664 -1.929808735847473 1.181068 0.134859 0.346267 0.5910883
4 25.85099411010742 20.36555480957031 -1.615084767341614 0.99942 0.376688 0.500155 1.150819
1 18.52855491638184 -16.56497001647949 -0.8870065808296204 3.839594 1.301479 1.378455 -1.455864
4 27.16776466369629 17.86082267761231 -1.68412172794342 1.372463 0.321622 0.687224 1.496705
1 8.062581062316895 -46.00296401977539 0.0917542576789856 4.491309 1.06627 1.159857 -3.141168
5 24.51595115661621 19.64826583862305 -1.922720909118652 0.270357 0.14081 0.472404 -1.101167
5 5.318366527557373 -27.8918514251709 -1.031028389930725 0.19014 0.26751 0.381538 -1.584532
6 37.0274658203125 10.34629058837891 -1.557101011276245 1.945196 0.407761 0.354431 1.294637
4 27.38250732421875 17.04432678222656 -1.662667632102966 1.146726 0.267231 0.677948 1.058445
4 46.18689346313477 9.837037086486816 -1.566241979598999 0.672458 0.251636 0.641632 0.4699662
5 3.056663990020752 -13.01855659484863 -1.370032429695129 0.316546 0.295564 0.441241 2.684799
1 28.07199096679688 10.95634937286377 -1.108715295791626 2.469897 1.687154 1.126182 2.143613
1 -5.195609569549561 8.718788146972656 -1.260970234870911 4.449347 1.840332 1.458 -3.118022
3 45.83191680908203 15.0935173034668 -0.8765618205070496 0.26638 0.430005 0.948393 3.087794
4 -9.423129081726074 9.803412437438965 -1.640269875526428 1.103314 0.33457 0.817263 -3.103522
5 4.620254516601563 -6.824645519256592 -1.448563814163208 0.185575 0.244292 0.493611 2.684799
5 5.299488544464111 -30.2689266204834 -0.9400184750556946 0.249407 0.218433 0.387836 -1.584532
2 -35.73091888427734 7.663559913635254 -0.1208256036043167 11.361979 2.701859 2.967858 -3.092566
1 18.17549896240234 8.52705192565918 -1.220437526702881 4.390959 2.010205 1.493009 -1.569653
5 26.96930313110352 -10.94356727600098 -1.399049520492554 0.16111 0.106761 0.41792 -2.009546
4 25.96274185180664 21.55273056030273 -1.845046639442444 1.279219 0.402725 0.509325 -1.158989