5 -20.32341003417969 -17.45249938964844 -1.531780362129211 0.343448 0.914743 0.449439 -0.1043497
1 -32.72329711914063 11.14901065826416 -0.7797142863273621 4.166043 1.879273 0.886301 -0.8378916
1 -26.21683120727539 -34.2408447265625 -1.317204713821411 1.454462 0.398257 0.607514 0.5704436
3 -18.39732933044434 26.27058410644531 -1.005266785621643 0.358696 0.689831 0.82403 2.249866
2 -39.19347381591797 30.83246803283691 -0.3439445793628693 6.006772 2.401789 3.058048 -0.8228664
1 -19.42013549804688 -15.32999610900879 -1.287702679634094 1.559389 0.566986 0.760806 1.891282
6 -31.7552547454834 19.57009506225586 -1.67749297618866 0.301047 0.296915 0.266124 -0.7398169
1 12.2650842666626 -1.23137640953064 -1.184869289398193 3.938283 1.855674 1.567261 0.7289409
6 -26.23762702941895 -22.10090637207031 -0.1607121825218201 0.252142 1.608441 0.440878 -2.422512
1 -22.14414787292481 -18.52308654785156 -0.9033842086791992 1.424732 1.73831 1.661792 -2.42213
6 -34.98748016357422 23.0380916595459 -1.664603352546692 0.22564 0.304702 0.340795 -0.7515694
1 -8.787036895751953 -20.34390068054199 -1.015141248703003 4.359002 1.784981 1.426893 0.7866533
6 -29.97286033630371 17.78858184814453 -1.669788718223572 0.237586 0.234675 0.488256 -0.7711156
1 -12.71630859375 -24.43649291992188 -1.128750562667847 4.143577 1.781006 1.037026 0.7400636
6 -23.32664489746094 -31.30635261535645 -1.419245719909668 0.750271 0.292988 0.531983 0.8096099
1 -38.57072448730469 -45.36798095703125 -1.036271095275879 1.201642 0.351108 1.198963 0.7089102
1 8.147363662719727 -4.511622905731201 -1.123937606811523 4.765686 1.874246 1.535751 0.580995
1 -4.944799423217773 -16.87900161743164 -0.9643470048904419 4.629683 1.998662 1.581321 0.7906702
1 -20.58092498779297 -29.4089527130127 -1.363259077072144 1.308714 0.599041 0.71716 0.4050244
1 -16.93778991699219 -27.44801902770996 -0.9504442811012268 4.16721 1.451426 1.67373 0.5710493
1 4.295607089996338 -7.770607948303223 -1.034566640853882 4.220633 1.998971 1.664343 0.7149612