5 -19.07136154174805 4.813930034637451 -1.635611295700073 0.175142 0.18924 0.400863 -3.009573
6 11.82846546173096 12.11091709136963 -1.751020312309265 0.164411 0.146298 0.216652 -1.587375
1 -18.47111701965332 22.96025657653809 -1.46789276599884 3.474349 1.578323 1.276708 2.610552
5 13.9381856918335 -5.121962070465088 -1.499808430671692 0.240174 0.161165 0.378873 -2.180577
5 16.13644981384277 0.5098889470100403 -1.558481335639954 0.330722 0.303222 0.617367 -0.4858558
3 6.629106044769287 31.24210548400879 -1.193085789680481 0.717546 0.623173 0.853987 0.05716062
1 -10.07006740570068 -14.18980216979981 -0.8602578639984131 3.841909 1.978266 1.580686 1.030995
5 -29.9912223815918 -13.21325874328613 -1.128435134887695 0.262696 0.369465 0.328862 -2.161395
5 -32.62992858886719 -17.64035034179688 -1.169641613960266 0.325226 0.353535 0.503157 -0.4639269
5 -24.56892776489258 3.068459510803223 -1.442984342575073 0.361223 0.338436 0.637044 2.016331
5 13.57335758209229 19.41576194763184 -1.969473123550415 0.169072 0.116911 0.346357 -0.4365116
4 19.78554153442383 -0.6159163117408752 -1.530223608016968 1.132774 0.518597 0.635778 0.558368
1 -36.27658843994141 -30.76228523254395 -0.1398951709270477 2.324863 1.098873 1.177498 2.568458
3 -11.6969518661499 -28.54883003234863 -0.3058864176273346 0.189951 0.3983 0.674332 1.019733
4 -17.91348838806152 -14.53024673461914 -0.9523886442184448 1.381917 0.651975 1.571315 -2.249326
4 14.98304653167725 4.293834686279297 -1.432575464248657 1.431095 0.612374 0.816777 0.5588135
5 12.04701709747315 16.19140243530273 -1.822116613388062 0.13726 0.168257 0.42308 -1.868407
5 15.39577198028565 1.828331232070923 -1.673383355140686 0.237158 0.164237 0.391892 -1.331024
1 -14.41129589080811 -0.8753827214241028 -1.111541032791138 4.463503 1.799528 1.499204 -1.237325
4 16.06751823425293 3.081527233123779 -1.3631911277771 1.278381 0.408692 0.971702 0.5588135
1 10.29018592834473 7.71745777130127 -1.168097972869873 4.183019 1.719652 1.428102 1.50722
3 40.0181999206543 -29.13023376464844 -0.7600578665733337 0.340333 0.725321 1.365347 -0.607184
5 3.503406524658203 21.28629875183106 -1.954488396644592 0.218623 0.159725 0.44361 0.2006122
5 -1.417900919914246 18.92481803894043 -1.924092292785645 0.227038 0.134994 0.365145 0.2006122
4 17.81987762451172 0.9505540728569031 -1.505539178848267 1.337695 0.315303 0.723354 0.558368
1 -13.53230094909668 20.33751487731934 -1.361443758010864 4.428699 1.728905 1.42775 2.646406
1 2.695567607879639 4.240054130554199 -1.131980061531067 4.609986 1.943082 1.421476 2.56365
4 17.18769836425781 1.469862461090088 -1.49212634563446 1.401618 0.629105 0.782788 0.5588135
5 14.22806262969971 4.415721416473389 -1.691214442253113 0.166373 0.187489 0.398435 -0.8575748
1 -39.89765548706055 -36.67419815063477 -0.04048588499426842 2.121154 1.196154 1.036802 2.568458
5 -5.799345016479492 -11.8134298324585 -1.482356548309326 0.196748 0.210078 0.438745 1.001628
5 6.535272598266602 23.74430084228516 -2.046690464019775 0.088145 0.171852 0.36248 1.056518
5 -15.25829029083252 -13.52811908721924 -1.45845890045166 0.198175 0.074081 0.361461 2.060604
2 -44.99522018432617 39.01990127563477 -0.5803919434547424 11.485028 2.681222 2.641269 2.627606
4 15.60593032836914 3.297371625900269 -1.327190160751343 1.481759 0.404827 0.969003 0.5588135
4 15.91028499603272 3.886484146118164 -1.413697004318237 1.650238 0.471446 0.883621 0.5588135
1 -34.60292816162109 -25.55145835876465 -0.6335979104042053 4.649444 1.255793 1.211123 2.568458
4 22.60162162780762 -1.742712020874023 -1.559773206710815 1.215246 0.429135 0.803118 0.558368
4 25.23528671264648 -3.776342868804932 -1.624739646911621 0.923882 0.644455 0.594506 0.5586543
4 -6.139161586761475 -18.75660705566406 -1.270361661911011 1.057943 0.34157 0.655985 -0.6517545
4 17.05175971984863 2.111841440200806 -1.372464895248413 1.608206 0.500884 1.087859 0.5588135
5 15.79683494567871 -1.616861462593079 -1.622963905334473 0.255086 0.173483 0.399414 -1.059505
5 -34.47626113891602 -20.54133224487305 -1.076399803161621 0.292126 0.341014 0.525071 1.113379
5 0.9117526412010193 19.85204315185547 -1.908117890357971 0.181315 0.201934 0.374236 0.2006122
1 38.32590103149414 -12.49007892608643 -1.187120795249939 3.052767 1.405218 1.411957 -0.5249415
4 -5.500566959381104 -17.08530616760254 -1.180589199066162 0.757542 0.406283 0.685851 -0.6517519
1 -7.293877601623535 17.51383399963379 -1.297035336494446 4.424128 1.926015 1.506922 2.982593
1 46.04543685913086 -17.23203849792481 -1.184146404266357 3.734871 1.436141 1.524973 2.577774
4 16.35972213745117 2.826921224594116 -1.535901069641113 0.992617 0.417547 0.711428 0.5588135
1 -26.01484680175781 -40.67235946655273 -1.001245975494385 0.633655 0.841564 0.72123 0.976674
4 -5.630108833312988 -17.37696075439453 -1.194239258766174 1.15489 0.472684 0.667255 -0.6517532
2 1.846251845359802 -5.326959609985352 -0.6187060475349426 8.549955 2.982804 2.258072 0.4456345