1 -0.2896420955657959 -6.149637222290039 -1.008639931678772 4.898525 2.031686 1.52835 0.2507415
1 -34.56132888793945 -10.3627405166626 -0.7735937237739563 3.424914 1.886351 1.860289 -2.732162
1 -21.49590301513672 -15.62063884735107 -0.8667551875114441 3.702226 1.147178 1.526176 0.4604191
6 -49.79247665405273 -17.21989250183106 -0.4654457867145538 0.787806 0.679036 0.679583 -2.870216
1 -34.23876953125 21.5638599395752 -1.109270215034485 3.971159 1.861663 0.775209 -1.228622
1 -40.37728500366211 -12.86356258392334 -0.7295817136764526 4.401955 1.623961 1.795012 -2.772302
5 -31.54441833496094 -9.494807243347168 -1.361009955406189 0.82035 0.225973 0.464453 -2.038047
6 -29.92566108703613 -7.791714191436768 -1.033015727996826 0.294117 1.629422 0.625718 3.132911
1 4.579971790313721 -4.417932987213135 -1.039862632751465 4.030886 2.152013 1.554504 0.4103873
1 -16.87862396240234 -13.82931423187256 -0.8261155486106873 4.749702 1.90908 1.599758 0.4605199
3 -16.4633903503418 32.36094665527344 -1.810091018676758 0.733669 0.516052 1.397137 2.069548
1 -5.141124725341797 -7.978883266448975 -0.9075168967247009 4.22662 1.915024 1.651901 0.417276
1 -57.9465217590332 -30.55124282836914 -0.3010567128658295 1.680736 0.635369 1.590251 -2.751486
1 -31.55669212341309 -19.86747550964356 -0.6946127414703369 3.93802 1.199139 1.750516 0.2435727
1 -26.80035972595215 -18.39278030395508 -0.9648091793060303 3.679203 1.208225 1.193411 0.4602177
1 -36.08369827270508 -20.8384895324707 -1.04845142364502 2.173291 0.564526 0.766584 0.2684093
2 -31.37077903747559 35.76870727539063 -0.8784669041633606 6.119797 2.550457 3.064746 -1.118276