1 11.28750801086426 -8.885000228881836 -1.013196468353272 4.01687 2.079966 1.497711 -0.6586896
1 54.69311904907227 9.786575317382812 -1.612261772155762 2.912299 1.775716 0.786351 2.99749
4 34.78398132324219 10.59220123291016 -1.666754603385925 1.440183 0.540211 0.724179 1.001429
4 36.52166748046875 10.52789974212647 -1.54276704788208 1.31464 0.251088 0.729558 1.314102
1 27.5827808380127 11.76454162597656 -1.366275072097778 4.528361 1.694858 1.37665 2.117172
1 19.76605415344238 -20.95520973205566 -0.8657910227775574 3.049916 1.789225 1.478945 -1.485941
6 25.89792060852051 19.70357322692871 -1.719380140304565 1.198754 0.57558 0.715871 1.553821
5 5.324909210205078 -27.88709449768066 -1.014605164527893 0.219245 0.293212 0.413073 -1.597578
4 41.00503540039063 9.698577880859375 -1.361476540565491 1.135214 0.270619 0.552657 1.20303
2 27.52666664123535 -3.986268281936646 -0.2803830206394196 8.581918 2.419363 3.000768 1.014882
6 27.18651580810547 16.53746032714844 -1.575042009353638 0.287424 0.174316 0.457471 1.637654
6 26.85272216796875 18.91628265380859 -1.712941884994507 0.399837 0.201052 0.628471 1.509245
1 7.832678318023682 -40.93197631835938 -0.4950301349163055 4.531228 1.747359 1.359533 -3.109142
5 8.075822830200195 -8.808695793151855 -1.485576748847961 0.29119 0.274202 0.496434 2.73769
6 39.74662399291992 9.876896858215332 -1.908812761306763 0.589796 0.368721 0.284665 1.20344
6 27.26362991333008 17.72317314147949 -1.580142855644226 1.315957 0.495219 0.852619 1.552489
6 35.24981307983398 9.393746376037598 -1.691690325737 0.210037 0.296888 0.285239 -0.002239879
4 24.05844688415527 13.88242435455322 -1.27582848072052 1.794839 0.667584 1.583332 1.469726
1 7.342938899993897 10.0112771987915 -1.195948481559753 4.382898 1.864461 1.528985 -2.73124
4 46.08012008666992 9.875134468078613 -1.53851306438446 0.97602 0.275072 0.610864 0.5453048
2 -35.73839569091797 7.713214874267578 -0.08465579152107239 11.327416 2.691921 2.731263 -3.088284
6 25.73093223571777 23.72083282470703 -1.84465229511261 1.84017 0.66467 0.488199 1.553821
6 36.93845748901367 10.1041316986084 -1.558799386024475 1.587565 0.443054 0.370295 1.420278
6 26.41239547729492 20.83042716979981 -1.752106070518494 0.891684 0.371094 0.620609 1.99969
4 15.76324844360352 -30.84202766418457 -0.2767865061759949 0.487854 0.595053 1.006923 -1.502116
5 5.539764881134033 -36.34249114990234 -0.9684334993362427 0.164019 0.283717 0.474813 -1.603071
4 -9.483229637145996 9.752485275268555 -1.609876751899719 1.22857 0.229767 0.931674 -3.092915
3 11.62640285491943 29.2404670715332 -1.069161891937256 0.458728 0.425828 0.956315 0.08452492
5 4.623163223266602 -6.825211524963379 -1.438494205474854 0.24758 0.313869 0.535489 2.73769
5 5.301303386688232 -25.7926197052002 -1.008634805679321 0.241198 0.302391 0.552392 -1.597578
5 28.39289283752441 -9.228447914123535 -1.439376354217529 0.196107 0.115387 0.436579 -2.31365
6 33.50049591064453 11.09201335906982 -1.608790159225464 1.031437 0.292353 0.263309 1.031482
5 5.783424854278565 -43.66681671142578 -0.7820175886154175 0.151763 0.291601 0.449819 -1.644484
1 8.109166145324707 -45.94882583618164 0.07967637479305267 4.529963 0.877011 1.189473 3.116147
4 7.857334136962891 -11.41501617431641 -1.059327125549316 1.684462 0.964211 1.233443 -1.420559
5 5.339815616607666 -30.29429244995117 -0.9183326363563538 0.427525 0.305888 0.397688 -1.597578
1 -5.188114166259766 8.722236633300781 -1.274292826652527 4.44033 1.794668 1.484336 -3.120366
1 0.5537357330322266 9.1383695602417 -1.237492918968201 4.904017 1.92897 1.492489 -3.068646
5 24.55608940124512 19.64838600158691 -1.90549898147583 0.288798 0.189608 0.44798 -1.097036
1 7.521120071411133 -52.8348503112793 0.2628734409809113 2.44158 0.387103 0.937491 3.116147
4 16.58367538452148 -30.71628952026367 -0.3050704300403595 0.546969 0.589023 0.986233 -1.502116
4 -13.11789131164551 9.706205368041992 -1.714687943458557 1.392398 0.437386 0.722875 3.120214
6 25.73277091979981 21.98317718505859 -1.845722794532776 1.00435 0.727119 0.466265 1.508841
5 3.058961629867554 -13.0156307220459 -1.348512530326843 0.340825 0.349193 0.443982 2.73769
5 4.964828968048096 -14.81139183044434 -1.220162153244019 0.349777 0.359377 0.64493 2.73769
3 45.33030319213867 15.03251171112061 -0.8867887854576111 0.224603 0.515247 1.004951 3.1183
5 1.046102523803711 -11.26700115203857 -1.176552653312683 0.418653 0.294875 0.542111 2.73769
1 48.96251678466797 9.942988395690918 -1.659820318222046 2.692655 0.578858 0.72784 -0.06069573
4 34.46598052978516 11.13953971862793 -1.6719970703125 1.326385 0.269485 0.763561 1.031482
5 26.95542335510254 -10.96128749847412 -1.396445631980896 0.216581 0.138908 0.424465 -2.31365
5 5.387179374694824 -32.92962646484375 -0.9527197480201721 0.386673 0.439738 0.621078 -1.603071
6 28.68533515930176 14.82912826538086 -1.566091895103455 0.978638 0.176674 0.846041 0.9235924