6 -27.53983116149902 20.96984481811523 -1.48244059085846 1.290971 1.645403 0.274942 3.000048
5 7.273007869720459 22.62944602966309 -1.722320199012756 0.235266 0.164945 0.451391 0.2305457
1 -24.15014839172363 -2.548372030258179 -1.226798057556152 4.186851 2.016259 1.540531 -0.1713966
1 24.16484260559082 30.08869171142578 -0.8642854690551758 4.176614 1.831962 1.706581 -1.728569
3 -9.238381385803223 1.518059730529785 -0.9609740376472473 0.564079 0.492459 1.697248 -1.672613
4 -20.08546829223633 22.29161262512207 -1.397729277610779 1.692966 0.463118 1.528655 2.920891
4 50.22659301757813 -9.613432884216309 -0.9192874431610107 1.930529 0.738008 1.119272 -0.8920568
3 38.17116546630859 -25.58020210266113 -1.031514883041382 0.310696 0.650985 1.454706 -0.7542992
1 26.93846321105957 26.30056190490723 -0.8403953313827515 4.33483 1.961806 1.668447 -1.760224
4 40.34995651245117 15.01385688781738 -1.008609056472778 2.884516 1.102686 1.362025 -0.844422
5 9.750043869018555 23.6562442779541 -1.644238710403442 0.237646 0.148059 0.368038 0.3529123
1 56.13888931274414 -15.39099025726318 -0.6887337565422058 1.34482 1.743595 1.065257 -0.1733636
4 -18.78775978088379 24.23415184020996 -1.26703941822052 1.691262 0.474131 1.517284 3.009528
3 5.081607341766357 -15.09323215484619 -1.062784314155579 0.435708 0.760535 1.666846 1.588565
1 20.82610321044922 -26.99326133728027 -1.034826278686523 3.262707 1.7626 1.33555 -1.721536
2 15.66860580444336 -25.58866500854492 -0.3379159271717072 5.973911 2.276138 2.895846 -1.384282
1 -3.385806083679199 16.26242256164551 -1.111117362976074 4.2813 1.817269 1.756229 2.764046
6 7.484546661376953 -26.96500778198242 -1.311745285987854 0.26381 0.271268 0.831318 1.986534
5 5.489116191864014 22.23391914367676 -1.717339158058167 0.2342 0.153106 0.343801 0.06135524
5 2.725298404693604 21.83956909179688 -1.769979238510132 0.180963 0.18575 0.362518 -0.02588728
4 7.741776943206787 25.77527046203613 -1.185848236083984 2.302241 0.966632 1.458159 1.729123
5 3.657350301742554 21.93386840820313 -1.787036418914795 0.176462 0.118969 0.351169 0.05898466