5 5.574411392211914 -36.36381149291992 -0.9695927500724792 0.240727 0.363467 0.476887 -1.615391
4 -13.1290807723999 9.670633316040039 -1.71220588684082 1.547746 0.349036 0.700118 3.120468
1 7.340208053588867 10.01669883728027 -1.195766448974609 4.378725 1.830703 1.527745 -2.711322
1 11.24302768707275 -8.842609405517578 -0.9929203391075134 3.925828 2.098861 1.458386 -0.6558616
4 14.14005661010742 48.82064056396484 -1.42482590675354 0.923303 0.411198 0.621046 1.582815
1 -5.197699546813965 8.727038383483887 -1.256327748298645 4.470381 1.785533 1.449473 -3.096537
5 4.960813999176025 -14.76480770111084 -1.200542449951172 0.33682 0.349262 0.60949 -0.03437607
5 26.96285247802734 -10.97338008880615 -1.400566339492798 0.159364 0.193107 0.431009 -0.4139582
4 36.50083160400391 10.52586841583252 -1.475193977355957 0.430773 1.255637 0.594432 -0.0003246526
6 15.81444931030273 -39.35038757324219 -0.2095947265625 0.469007 0.442757 0.784156 -1.479426
6 54.85485458374023 9.763376235961914 -1.432126998901367 0.336136 1.524089 0.386298 -0.04007823
5 28.40342330932617 -9.249652862548828 -1.437801241874695 0.136054 0.159871 0.430752 -0.3774151
5 24.57627677917481 19.67455101013184 -1.924613356590271 0.348663 0.246297 0.488259 1.830473
4 29.00204467773438 14.82606792449951 -1.612798094749451 1.324051 0.749268 0.582052 -0.0009521919
6 47.47777938842773 9.752304077148438 -1.623374700546265 3.673588 0.570078 0.780578 -0.01874844
6 52.99272918701172 9.86249828338623 -1.68888247013092 1.004343 0.892849 0.495038 -0.01951151
5 3.064944505691528 -12.98315620422363 -1.350643396377564 0.34698 0.324066 0.456992 -0.03437607
5 8.05127239227295 -8.789066314697266 -1.434629321098328 0.244943 0.190459 0.353156 -0.03437607
4 25.87938499450684 21.78022193908691 -1.653987407684326 0.887983 1.522587 0.798016 -0.001445201
5 5.813384056091309 -43.7003059387207 -0.7692303657531738 0.22326 0.311442 0.425814 -1.880295
4 24.82818794250488 34.89688110351563 -1.2785325050354 0.562165 0.482726 0.76506 1.550953
6 40.70308685302734 9.713837623596191 -1.508330345153809 1.891585 1.034678 0.84585 -0.0002885644
5 5.518727779388428 -32.98144149780273 -0.8528363108634949 0.29305 0.164285 0.421715 -1.4911
4 -9.301852226257324 9.771651268005371 -1.561494827270508 1.053396 0.337158 0.670878 3.120468
3 11.62571907043457 29.25555038452148 -1.069205522537231 0.334119 0.477076 0.956001 1.374091
6 29.57432746887207 16.10700607299805 -1.695221662521362 0.685808 1.113062 0.563176 -0.0003246526
5 5.327488422393799 -30.30057716369629 -0.9244387745857239 0.436013 0.279677 0.412068 -1.4911
5 1.031894564628601 -11.27245044708252 -1.210851430892944 0.294804 0.338031 0.612035 -0.03437607
1 7.489133834838867 -52.91580581665039 0.2759745121002197 2.507151 0.53038 0.911659 -3.141199
4 27.22785949707031 18.57046699523926 -1.657041788101196 0.935331 1.077868 0.572614 -0.001445201
6 16.63260841369629 -39.54592132568359 -0.3259238302707672 0.363456 0.435061 0.580764 -1.479426
3 41.69194412231445 15.17312717437744 -0.7765305042266846 0.232047 0.452252 0.873966 2.850505
6 34.42810440063477 10.33593940734863 -1.69503390789032 0.772179 0.722079 0.365629 -0.0003246526
6 36.98694610595703 10.25327587127686 -1.457672953605652 0.290333 1.267262 0.169495 -0.0003246526
4 25.78655052185059 19.8405704498291 -1.695540904998779 1.546206 0.515946 0.671605 1.365086
6 33.54291534423828 11.05970859527588 -1.451157450675964 0.505754 0.935488 0.414992 -0.0003246526
1 0.5506976246833801 9.137125015258789 -1.238699436187744 4.889526 1.89543 1.495521 -3.044947
5 4.614640712738037 -6.816798210144043 -1.434301018714905 0.274029 0.276326 0.528346 -0.03437607
5 5.298599720001221 -27.91351509094238 -1.024797916412354 0.158926 0.280038 0.377447 -1.4911
1 27.53554153442383 11.73107814788818 -1.386980414390564 4.487745 1.666468 1.418587 2.141986
2 -35.68672180175781 7.690159797668457 0.06095938757061958 11.257819 2.949668 2.600174 -3.096281
5 5.26910400390625 -25.82501411437988 -0.9952178597450256 0.325656 0.310197 0.525484 -1.479426
4 27.15226554870606 16.99506950378418 -1.598240852355957 0.290568 1.689084 0.557089 0.001761923
1 8.072712898254395 -45.8763313293457 0.07996182143688202 4.318384 0.75754 1.188924 3.130816
1 7.799274444580078 -40.95812225341797 -0.4720280468463898 4.549776 1.751397 1.313748 3.127638
2 27.54270172119141 -3.963718414306641 -0.2645266652107239 8.641691 2.417321 2.971477 1.006248
6 27.93626022338867 16.2039966583252 -1.690338969230652 0.844999 0.955418 0.38178 0.001761923