5 1.984696745872498 -14.79835033416748 -1.280468702316284 0.330927 0.328127 0.681282 2.988389
6 43.15670394897461 9.914365768432617 -1.716750502586365 1.589476 0.453542 0.488371 0.7119694
5 21.84039688110352 -13.52711963653565 -1.517078399658203 0.205363 0.170101 0.379456 -1.557824
4 31.42757034301758 11.2509765625 -1.668583989143372 1.373188 0.373977 0.724356 0.9363008
5 34.76824951171875 2.885123491287231 -1.735008478164673 0.26874 0.084867 0.312336 -1.579511
5 34.42668151855469 6.885617256164551 -1.741117119789124 0.131545 0.187968 0.306475 0.0193996
5 23.51702499389648 16.11336326599121 -1.964132189750671 0.27219 0.138618 0.396675 2.513044
3 8.906734466552734 29.32973861694336 -1.288208246231079 0.419732 0.279475 0.705069 1.504045
5 0.0816771388053894 -13.01372337341309 -1.243196845054627 0.325319 0.309489 0.608251 1.692568
1 3.979281902313232 -45.86458206176758 -0.2030242681503296 2.029469 0.738926 0.630858 -0.03850632
4 -12.49810600280762 9.727242469787598 -1.653955936431885 0.818959 0.254832 0.711536 3.125774
1 -2.461175203323364 9.1166410446167 -1.229713320732117 4.832579 1.942569 1.52842 -3.069786
5 21.40410423278809 19.69082450866699 -1.992432832717896 0.216681 0.217054 0.390899 2.406024
4 32.39303588867188 10.76963329315186 -1.626779675483704 1.156106 0.316724 0.564589 1.270677
4 47.18898010253906 10.4485673904419 -1.782598495483398 1.213493 0.318846 0.678975 1.03979
5 -1.95754861831665 -11.31560707092285 -1.191001534461975 0.302673 0.340149 0.510541 -0.05658119
3 8.510884284973145 29.28711891174316 -1.26241934299469 0.552888 0.376981 0.656528 -0.05212269
4 38.16062927246094 9.896236419677734 -1.392584204673767 0.81082 0.458321 0.532544 1.332433
2 -38.87510299682617 7.43438196182251 0.176565557718277 11.75035 3.038926 2.643806 -3.104528
5 32.10390472412109 9.544365882873535 -1.816069006919861 0.127225 0.234016 0.309324 2.82616
1 4.338653564453125 10.01914882659912 -1.225698351860046 4.513509 1.898072 1.607147 -2.72666
6 24.68276786804199 16.67661094665527 -1.77769935131073 1.727676 0.378681 0.596083 -1.631727
4 50.20685577392578 9.986214637756348 -1.934076309204102 1.33507 0.468905 0.76214 0.797796
4 -16.05677795410156 9.591700553894043 -1.550415635108948 1.238117 0.412799 0.913793 3.100507
1 51.62921524047852 9.868438720703125 -1.794034361839294 0.853428 1.623261 1.08638 -0.0001018683
5 5.053094863891602 -8.7882661819458 -1.490814566612244 0.287096 0.255169 0.536911 -1.947761
6 22.77224159240723 21.87655067443848 -1.903972864151001 1.591086 0.35352 0.626206 -0.8888864
6 26.42574119567871 16.44776153564453 -1.714033246040344 0.60926 1.112686 0.755782 0.01301139
5 25.95571136474609 15.30898475646973 -1.626072764396668 1.063191 0.352701 1.002005 0.7583153
5 33.52340316772461 8.814115524291992 -1.809514284133911 0.382531 0.352211 0.502875 -2.588444
2 24.4691162109375 -3.865936756134033 -0.3532682359218597 8.710694 2.426028 3.069006 1.042782
4 33.47268295288086 10.66183757781982 -1.551550030708313 1.519763 0.542085 1.146049 -1.890698
4 30.60430526733398 11.6051836013794 -1.630828857421875 1.423498 0.739794 1.120832 0.8113165
4 23.24862098693848 20.33825874328613 -1.750226378440857 1.044725 0.559145 0.881486 1.558107
4 34.87002563476563 10.4381217956543 -1.576288223266602 2.155485 0.34052 1.110285 -1.890698
1 8.412172317504883 -8.848756790161133 -1.080884337425232 4.240737 1.906808 1.514021 -0.6378488
1 19.50849151611328 -18.09061050415039 -0.9020040035247803 4.171137 1.837496 1.598647 1.608655
6 31.8280086517334 10.95580863952637 -1.653504610061646 1.413301 0.370294 0.70384 0.9090313
4 12.81383609771729 1.570972561836243 -1.053047776222229 1.885308 0.782672 1.57238 -1.70054
1 24.30205154418945 11.74030113220215 -1.288981795310974 4.450181 1.22998 1.526621 2.104928
6 25.1635913848877 16.61937141418457 -1.801319122314453 1.944882 0.395351 0.553663 -1.716859
5 29.7542610168457 11.06052589416504 -1.851647138595581 0.376929 0.288361 0.451413 1.642168
3 27.23629570007324 23.89787673950195 -0.9342197179794312 0.307975 0.398502 0.676127 0.4810262
5 1.640176773071289 -6.86185359954834 -1.410583853721619 0.239683 0.318086 0.51238 -0.9208152
1 -8.255241394042969 8.805927276611328 -1.259185791015625 4.435509 2.026792 1.512586 -3.103437
5 23.96669578552246 -10.83175182342529 -1.547809839248657 0.1949 0.102439 0.38049 -1.710102
6 37.2960205078125 10.09049892425537 -1.75016188621521 1.414491 0.512704 0.32601 1.328523
5 25.36942291259766 -9.17877197265625 -1.588788032531738 0.140277 0.244317 0.391502 3.040606
6 23.64042091369629 18.92497253417969 -1.850984811782837 0.769356 0.340036 0.636137 -2.144223
4 45.25597381591797 9.970338821411133 -1.941364169120789 1.649685 0.265551 0.647675 1.1875
1 50.18074035644531 4.614595413208008 -1.427442908287048 1.740163 1.437154 0.820192 -3.132686
4 22.58677291870117 20.02625274658203 -1.75188684463501 1.753614 0.503946 0.900914 1.510263
1 3.658054113388062 -40.45775604248047 -0.6139937043190002 1.917878 0.789446 1.07822 0.04712428
6 22.79668807983398 23.74471473693848 -1.924094915390015 1.533963 0.612607 0.670809 1.373021