6 36.89005661010742 10.25641441345215 -1.530138373374939 1.667356 1.407251 0.713811 -0.2143406
6 28.8427734375 15.05072784423828 -1.568451285362244 0.625691 0.143896 0.865511 0.8400229
5 5.321202278137207 -25.79004669189453 -0.988322913646698 0.256297 0.217218 0.509996 -1.72479
6 27.82773780822754 16.2923583984375 -1.656369566917419 1.088418 0.590141 0.661723 1.410863
6 25.91049766540527 19.87569427490234 -1.731355428695679 1.653747 0.719106 0.7342 1.346109
6 46.03588104248047 9.931469917297363 -1.557853102684021 0.952086 0.828981 0.650783 0.01096168
6 27.15459632873535 17.09466934204102 -1.686187148094177 1.947967 0.426591 0.71686 1.525693
2 27.47420883178711 -3.920596837997437 -0.2793662250041962 8.721772 2.366038 2.992358 1.040233
5 36.62569427490234 8.704519271850586 -1.61668074131012 0.24245 0.221325 0.509215 0.080454
5 24.52120018005371 19.60548973083496 -1.907955169677734 0.335733 0.171843 0.441714 -1.207892
5 8.071044921875 -8.799881935119629 -1.437182545661926 0.259057 0.292866 0.397224 -0.477695
6 48.7150993347168 9.829217910766602 -1.55229651927948 0.949957 0.263942 0.463345 -0.01623487
3 15.601806640625 -26.23810577392578 -0.3694096803665161 0.542127 0.525467 0.83089 -1.628355
4 -9.363519668579102 9.76032543182373 -1.545529842376709 1.023984 0.278288 0.638873 -3.053848
3 16.45419502258301 -26.35698127746582 -0.3016720414161682 0.455671 0.557085 1.003391 -1.623532
5 5.500697612762451 -32.99203109741211 -0.8952282071113586 0.284894 0.284813 0.505818 1.700792
1 19.24228096008301 -20.22146224975586 -0.8311565518379211 3.54844 1.685614 1.424168 -1.473538
6 41.24971771240234 9.853902816772461 -1.518424987792969 3.361964 1.404086 0.83978 -3.133329
1 0.5326468348503113 9.134329795837402 -1.239513874053955 4.854803 1.912689 1.496471 -3.050543
1 11.25040054321289 -8.809696197509766 -1.000007390975952 3.889558 2.097787 1.468971 -0.6870267
5 5.29810380935669 -27.92965126037598 -1.014655709266663 0.245467 0.271031 0.415642 1.700792
6 26.84524726867676 18.89048385620117 -1.804020881652832 0.51702 0.126563 0.435335 1.239826
1 8.07282543182373 -45.90401840209961 0.1225169897079468 4.317094 0.798766 1.10173 3.11846
1 7.515818595886231 -52.82836151123047 0.275495171546936 2.448866 0.385096 0.910999 3.11846
5 28.40160942077637 -9.267557144165039 -1.380106210708618 0.235236 0.123066 0.308308 -2.567283
6 25.8769702911377 23.13342094421387 -1.810238718986511 2.621468 0.945699 0.667585 1.609437
5 4.618815422058106 -6.818919658660889 -1.433444023132324 0.262009 0.312057 0.527231 -0.477695
5 4.945022106170654 -14.7565393447876 -1.201171159744263 0.324479 0.332971 0.608642 1.706807
5 5.341452121734619 -30.29518508911133 -0.9604880213737488 0.433266 0.310593 0.480383 1.700792
3 45.281982421875 15.07955551147461 -0.882768452167511 0.2533 0.526223 0.97776 -3.113287
1 7.805371761322022 -40.46726608276367 -0.4732589423656464 4.547538 0.790029 1.314721 3.11846
1 7.355946063995361 10.01209926605225 -1.201367616653442 4.416599 1.835848 1.535953 -2.72545
5 27.03556251525879 -10.9501543045044 -1.398984670639038 0.128283 0.243229 0.420333 -1.405592
1 55.26405715942383 9.661048889160156 -1.62222945690155 1.12352 1.544682 0.703304 0.03944128
5 5.568051338195801 -36.32564163208008 -0.957908034324646 0.174625 0.332318 0.453526 1.700792
5 26.59792327880859 16.07734680175781 -1.827928185462952 0.216156 0.120996 0.319906 -1.207892
4 -13.09377098083496 9.63752269744873 -1.701574563980103 1.587537 0.319174 0.679879 2.995447
1 27.54826354980469 11.78300189971924 -1.291325569152832 4.431856 1.69584 1.488609 2.128721
2 -35.29816055297852 7.709437847137451 -0.1455258876085281 10.486548 2.596789 2.917573 -3.091985
4 52.80429840087891 9.803452491760254 -1.807433366775513 1.120849 0.606667 0.638257 0.7016463
6 33.99992370605469 10.68854141235352 -1.546577215194702 2.557226 1.434046 0.86002 -0.2143406
1 -5.20227861404419 8.722731590270996 -1.257028698921204 4.479096 1.802291 1.451264 -3.090823
3 11.61572742462158 29.25837135314941 -1.277436971664429 0.36585 0.60169 1.364774 -1.761141
5 3.048267841339111 -12.99311447143555 -1.353699564933777 0.336325 0.340498 0.460786 1.706807
1 18.16485977172852 1.17395806312561 -1.0271235704422 4.388477 1.745639 1.43742 -1.529199
5 1.015796422958374 -11.26707077026367 -1.212033748626709 0.31143 0.317605 0.611819 1.706807