6 35.49929428100586 10.87207508087158 -1.518756628036499 3.091027 0.206051 0.665401 1.474081
4 -13.20963764190674 9.606132507324219 -1.701571464538574 1.500361 0.239605 0.707094 2.998047
5 36.60736083984375 8.677233695983887 -1.624462127685547 0.214954 0.130834 0.473459 -0.1438894
3 49.59818649291992 15.07560920715332 -0.9733590483665466 0.262423 0.418527 1.067739 3.052549
6 25.75518989562988 23.2642993927002 -1.695880770683289 1.359669 0.19376 0.060417 1.571862
6 54.79443740844727 9.707330703735352 -1.420672178268433 0.113885 1.204348 0.287954 -0.0300502
4 34.54067611694336 10.87852954864502 -1.587185502052307 1.96887 0.771961 0.899728 1.309845
5 1.057972192764282 -11.27022647857666 -1.196674823760986 0.242281 0.209878 0.495486 2.50905
5 5.761188983917236 -43.77801132202148 -0.7917743921279907 0.19354 0.212443 0.391953 3.003929
5 5.301126003265381 -25.81575393676758 -1.009950637817383 0.294488 0.256942 0.472342 1.598073
6 37.43190002441406 6.769880771636963 -1.777796030044556 0.237968 0.199199 0.22914 -1.375047
4 26.03065299987793 19.75558471679688 -1.662905335426331 1.444258 0.39796 0.731035 1.070812
5 3.059796333312988 -13.01017189025879 -1.374030113220215 0.271271 0.231304 0.413435 2.50905
5 5.30320405960083 -27.90066146850586 -1.026905298233032 0.158943 0.192659 0.366939 1.598073
5 24.50782203674316 19.61816024780273 -1.921512842178345 0.236159 0.094313 0.405153 -1.158733
1 7.468106746673584 -52.85259628295898 0.2625217139720917 2.725521 0.415313 0.866431 -3.090323
4 25.00808525085449 -11.58174514770508 -0.9115718007087708 1.726378 0.591137 1.55254 2.028125
1 10.80334281921387 -25.61662101745606 -0.9154415130615234 2.765424 0.600688 0.653892 -1.573266
1 8.031620979309082 -45.98690032958984 0.1265637427568436 4.34492 0.829254 1.096411 3.019432
4 29.92605781555176 15.52969646453857 -1.693145751953125 1.374554 0.216535 0.691203 0.9299158
5 26.96910095214844 -10.95066547393799 -1.411487579345703 0.074351 0.147524 0.366614 -0.4578033
5 4.627742767333984 -6.80896520614624 -1.45135498046875 0.135457 0.226731 0.478975 2.50905
1 27.55903053283691 11.7590446472168 -1.274663686752319 4.485304 1.679005 1.471853 2.105402
5 5.330748558044434 -30.27741622924805 -0.9427193999290466 0.217016 0.246269 0.362451 1.598073
4 36.44920349121094 11.34383583068848 -1.543837904930115 1.451451 0.661278 0.682592 1.478492
6 36.99795913696289 9.898823738098145 -1.563498139381409 0.63677 0.098992 0.323404 1.191656
5 8.0775785446167 -8.817094802856445 -1.501264929771423 0.247621 0.237199 0.439728 2.50905
1 7.376519680023193 10.00152206420898 -1.21492326259613 4.430307 1.734228 1.567695 -2.728121
4 27.32542419433594 16.9078540802002 -1.667235493659973 1.520139 0.312944 0.640566 1.165122
6 20.32123947143555 -44.23546600341797 -0.005823351442813873 1.09196 0.353635 0.265798 -1.547006
3 11.62064743041992 29.22735023498535 -1.267918705940247 0.369134 0.445024 1.317601 1.097064
1 19.0699348449707 -19.1135311126709 -0.7738540768623352 4.187327 1.885635 1.710137 -1.524408
5 5.480538368225098 -33.01977157592773 -0.8705149292945862 0.124486 0.191209 0.372402 1.598073
5 26.60886383056641 16.05108451843262 -1.90729296207428 0.255396 0.047089 0.399358 -1.045055
2 -35.67612075805664 7.717251300811768 0.09219438582658768 11.251525 2.858059 2.538605 -3.091113
5 4.966611385345459 -14.80813312530518 -1.282977223396301 0.327293 0.256781 0.62615 2.50905
4 -9.436698913574219 9.797453880310059 -1.604594349861145 1.08794 0.311319 0.878766 3.088446
3 15.23542594909668 -21.16030883789063 -0.2952378690242767 0.43508 0.484232 0.690671 -1.525228
6 25.79928588867188 22.11606025695801 -1.874282956123352 0.973951 0.360005 0.472956 -0.5216126
5 5.554936408996582 -36.48857498168945 -0.9798306822776794 0.346041 0.321587 0.405986 1.598073
4 27.91802406311035 16.30406951904297 -1.664031028747559 0.982961 0.454217 0.632194 1.238432
3 16.17648887634277 -21.41988372802734 -0.3116514682769775 0.469312 0.533944 0.706839 -1.525228
4 28.95340728759766 15.2560453414917 -1.616217136383057 1.929696 0.360451 0.916722 0.9422062
6 40.58869934082031 9.737127304077148 -1.567162036895752 1.013147 0.419213 0.096049 1.933227
1 0.5772591233253479 9.160823822021484 -1.242116212844849 4.836861 1.922457 1.503867 -3.041791
2 27.46656608581543 -3.895837306976318 -0.2639386057853699 8.68422 2.266319 2.97313 1.041038
1 10.60143852233887 -32.56466293334961 -0.9504411220550537 3.765111 1.348069 0.594424 -1.517118
4 46.26229476928711 9.91355037689209 -1.556903719902039 0.80143 0.216881 0.553878 0.6121394
4 27.27996444702148 17.92194938659668 -1.687368750572205 1.393677 0.390369 0.63623 1.310304
1 7.822323322296143 -40.89053726196289 -0.4782007038593292 4.62184 1.658118 1.326597 -3.125657
6 36.82086181640625 10.60581302642822 -1.635560274124146 1.600902 0.203828 0.480644 0.9807163
1 -5.207726001739502 8.760740280151367 -1.255518198013306 4.47579 1.828797 1.447549 -3.110791
4 48.38907623291016 9.788064956665039 -1.631283760070801 1.58038 0.414749 0.554685 0.09506765
4 27.23249053955078 18.8670654296875 -1.70393168926239 1.0752 0.318126 0.643371 0.2358492
1 17.50950431823731 -3.865798711776733 -1.028697729110718 4.25562 1.718653 1.462376 -1.53251
6 25.93621635437012 20.52884864807129 -1.636276960372925 1.287626 0.353414 0.492442 1.080724
1 11.36342144012451 -8.813289642333984 -1.01787006855011 4.063406 1.795751 1.509551 -0.6100566
6 33.53039169311523 11.02154636383057 -1.749747157096863 0.847264 0.348539 0.469188 1.172847