4 36.98499298095703 10.21753120422363 -1.429406762123108 1.336337 0.341743 0.534902 1.469203
4 27.81827735900879 16.23674201965332 -1.650007486343384 0.890433 0.412011 0.685913 1.15134
3 45.2796745300293 15.10284233093262 -0.835080087184906 0.271462 0.355161 0.939287 2.910053
1 0.5937207937240601 9.137951850891113 -1.226804494857788 4.825503 1.908913 1.473474 -3.056854
4 33.25296783447266 11.08084774017334 -1.604285359382629 0.929562 0.929752 0.747247 1.389215
5 24.55712699890137 19.627685546875 -1.907337307929993 0.248399 0.195861 0.474547 -1.027688
1 8.072124481201172 -45.82733535766602 0.08380530774593353 4.320549 0.793987 1.19019 -3.111226
4 48.4658203125 9.923686981201172 -1.593271136283875 1.378608 0.41206 0.606566 -0.04118739
5 8.052968978881836 -8.805645942687988 -1.485982060432434 0.28896 0.247905 0.504196 -0.04667962
1 11.53110313415527 -8.99216079711914 -1.019036650657654 4.544743 2.06402 1.519748 -0.692168
1 7.895757675170898 -40.93045425415039 -0.4057711958885193 4.546404 1.7339 1.188217 -3.111226
2 -35.69482421875 7.680087089538574 0.02617554739117622 11.290578 2.816068 2.554087 -3.091247
1 18.58713340759277 -5.993718147277832 -0.9844144582748413 4.342344 1.717785 1.477719 -1.491941
4 29.40379142761231 16.05235481262207 -1.806041121482849 1.045918 0.245906 0.513994 1.420457
2 27.4871826171875 -3.907842874526978 -0.2517470121383667 8.679905 2.371151 2.97245 1.014463
4 26.99812316894531 19.19188117980957 -1.708675622940064 1.137236 0.258329 0.700116 1.067976
5 4.616384983062744 -6.815165042877197 -1.430516481399536 0.272417 0.288549 0.525763 -0.04667962
4 28.70570755004883 14.89153099060059 -1.58703601360321 1.10603 0.166069 0.555218 0.8330619
1 19.5877628326416 -23.87653541564941 -0.745975136756897 2.834072 1.486053 1.200041 -1.530566
4 25.87320327758789 19.71603393554688 -1.70716118812561 1.36198 0.698462 0.713462 1.349026
4 16.52093124389648 -27.63041305541992 -0.3119000792503357 0.530623 0.669086 1.03661 -1.534828
1 55.2469596862793 9.730610847473145 -1.576163530349731 1.162248 1.634266 0.706854 -0.08120757
4 -13.12656402587891 9.66118049621582 -1.718526959419251 1.396996 0.420328 0.709559 -3.11432
4 34.74261093139648 10.66705322265625 -1.465618133544922 1.007087 0.483985 0.74305 1.386461
5 5.428532600402832 -32.98630142211914 -0.9523462653160095 0.265288 0.451731 0.625474 -1.575483
1 7.504653453826904 -52.79961013793945 0.2849406599998474 2.479848 0.33304 0.901794 -3.111226
3 11.64292430877686 29.30971527099609 -1.265542030334473 0.629694 0.544152 1.360659 0.1798893
6 25.84501266479492 24.01003456115723 -1.84121036529541 0.698644 0.366509 0.337767 -1.45329
5 5.280758380889893 -25.82186889648438 -0.9876453876495361 0.319515 0.232934 0.515477 -1.575483
1 27.5993766784668 11.74124622344971 -1.319104194641113 4.644546 1.758403 1.305848 2.075943
5 26.57977485656738 16.04137420654297 -1.868300676345825 0.190098 0.146479 0.436734 -0.7520439
5 5.306400775909424 -27.92596054077148 -1.010811567306519 0.223751 0.276231 0.41393 -1.575483
4 23.96795272827148 5.840203762054443 -1.016375780105591 1.634787 0.652366 1.659256 1.45784
5 4.978078842163086 -14.79146003723145 -1.234345436096191 0.36418 0.29294 0.679901 2.636979
6 25.5936222076416 22.69661331176758 -1.741632342338562 0.996265 0.185721 0.314791 -1.889217
4 15.60854625701904 -27.56289672851563 -0.382792592048645 0.503083 0.360507 0.857965 -1.534828
5 3.076647043228149 -13.02311325073242 -1.360664129257202 0.412415 0.325882 0.480754 2.636979
4 27.67275810241699 17.75629234313965 -1.781770348548889 1.679094 0.497837 0.541703 -1.57064
5 5.339179039001465 -30.29865646362305 -0.9246249794960022 0.408407 0.294421 0.414595 -1.575483
5 5.538589000701904 -36.33123779296875 -0.9583503603935242 0.181694 0.285479 0.460797 -1.575483
4 -9.468297958374023 9.817312240600586 -1.490945219993591 1.227615 0.365211 0.693279 -3.11432
4 27.15331077575684 16.75542449951172 -1.654321312904358 1.17274 0.273365 0.693693 1.400302
1 -5.192785263061523 8.746959686279297 -1.266070604324341 4.441556 1.826056 1.468765 -3.108021
1 7.341762542724609 9.99221134185791 -1.194859504699707 4.373659 1.878724 1.53556 -2.715082
6 52.9046516418457 9.685531616210938 -1.625580668449402 1.122589 0.226858 0.37397 0.5094436
5 5.816715717315674 -43.70476531982422 -0.7837809324264526 0.29318 0.400389 0.46136 -1.575483
4 26.17887878417969 21.25638580322266 -1.730657339096069 1.935498 0.46568 0.684934 -1.068675
5 1.03726589679718 -11.27730751037598 -1.192973256111145 0.350264 0.286598 0.575844 2.636979
4 36.49119567871094 10.60540866851807 -1.609963297843933 1.308608 0.333707 0.542449 1.452584
4 34.26222229003906 10.60726642608643 -1.647970795631409 1.298521 0.328663 0.778109 1.389215
4 27.22807884216309 18.05830764770508 -1.566336154937744 1.811766 0.353476 0.879451 1.555005