1 -6.258750915527344 6.081945896148682 -1.034801840782166 4.35654 1.854728 1.491845 -3.114604
2 -18.40866279602051 7.949494361877441 -0.3114262819290161 6.435705 1.931081 2.795155 1.451897
2 -25.91025733947754 -5.678352355957031 -0.2951045632362366 6.508934 2.495195 2.980011 0.02698878
2 -1.654503345489502 -8.420732498168945 -0.07097095996141434 3.256711 1.228856 1.321556 -1.565428
2 55.0364990234375 -2.004390954971314 -0.6059939861297607 3.42852 0.672788 2.786202 0.1012048
2 -25.00093460083008 -9.704769134521484 -0.3392554521560669 5.289375 2.854906 3.015796 1.563418
2 -22.00744438171387 5.366488456726074 -0.3237018585205078 0.843466 2.250855 2.648921 -1.518682
2 -13.62468242645264 -6.957849502563477 -0.03342245891690254 2.791175 2.286081 1.612417 1.629562
6 30.25506019592285 -9.37191390991211 -0.2848754227161408 1.724064 1.04724 0.223659 -1.452585
2 24.86348724365234 5.752634525299072 -0.4362787306308746 5.696278 2.361883 3.072233 0.003044791
2 6.144796371459961 7.435963153839111 -0.6348770260810852 6.104652 2.315665 2.411305 1.540654
2 0.06577703356742859 -17.95861434936523 -0.3435189425945282 9.374507 3.291718 2.998768 1.623952
6 -17.53633499145508 -7.052384376525879 -0.4663128852844238 0.728388 0.874038 1.202309 1.629562
2 -29.74449729919434 6.4394211769104 -0.3221921622753143 1.966492 1.190273 2.145229 0.1162808
1 2.658082008361816 5.703507423400879 -1.076611876487732 4.470329 1.746942 1.472279 3.124652
2 -33.09641647338867 6.261075496673584 -0.1392324268817902 2.121387 1.895013 2.843346 0.04796385
2 -48.91313934326172 5.611277103424072 -0.1381518244743347 2.497446 2.001062 2.857191 -1.582207
2 -35.94950485229492 6.421980381011963 -0.02578806690871716 3.102803 2.183488 3.334486 -1.485393
2 -2.379559516906738 7.513162136077881 -0.5758925676345825 6.219749 2.165473 2.326726 -1.667939
6 11.76744556427002 -7.677046775817871 -0.3248827755451202 0.65768 0.432848 1.284826 -3.048836
2 -44.80327606201172 -3.656421661376953 -0.09664104133844376 5.684383 1.19783 2.958205 -0.1050005
2 -3.750064134597778 -5.05232048034668 -0.6795168519020081 6.171827 2.200578 2.342393 -0.02110888
2 1.466153621673584 -8.297198295593262 -0.6978399157524109 6.339849 2.267637 2.397216 -1.559472
1 6.603974342346191 -5.208261013031006 -0.8977420330047607 4.975423 1.95242 1.926675 0.01947468
1 17.79406356811523 5.630566596984863 -1.089743733406067 4.561781 1.837319 1.636445 -3.131782
2 47.64225769042969 4.633258819580078 -0.5609009265899658 4.476728 1.086706 3.14501 0.00638485
2 16.38685417175293 -7.731855869293213 -0.5793769955635071 6.380419 2.028888 2.852567 -0.1072637
2 10.44770431518555 5.268820762634277 -0.5533142685890198 5.379865 0.911022 2.606751 3.111303
2 7.151377201080322 -7.831425189971924 -0.6372489333152771 5.713344 2.301131 2.612767 -3.11809
3 -32.41015625 4.056135654449463 -0.8742358088493347 0.548091 0.597875 1.394725 -3.02293
1 27.30803489685059 -8.146470069885254 -1.011378049850464 4.05686 1.618663 1.460513 1.693046
2 -34.82718276977539 -4.460740566253662 -0.1611113548278809 6.071986 1.978076 3.027981 -0.1479418
2 39.30715560913086 5.613831043243408 -0.7184661626815796 5.999598 2.078986 2.694601 3.125514
6 -44.00360488891602 4.069643497467041 -1.052436232566834 0.904164 0.521804 0.268291 -0.01183819
4 22.5079460144043 -3.967331171035767 -1.224282264709473 1.340363 0.586587 1.458461 0.02698898
6 -1.444798707962036 4.658612251281738 -0.3936147689819336 0.18754 0.153477 0.335879 0.007957098
2 -48.9109001159668 2.967481851577759 0.06257611513137817 0.573012 2.259933 2.473739 -3.12115
2 36.73949813842773 -8.491394996643066 -0.2159808725118637 6.05114 2.366024 3.323433 1.620203
2 48.07658767700195 -3.239185810089111 -0.6053954362869263 5.526805 2.208902 2.705291 0.06404044
1 40.69804763793945 -3.674135684967041 -1.400981664657593 2.908476 1.769913 1.120544 0.1161819
1 31.7602653503418 4.970925331115723 -1.3271723985672 3.768022 0.520812 1.396674 0.02698874
1 -9.573686599731445 -4.9315185546875 -1.071514487266541 4.636879 1.595393 1.513888 -0.2324204
6 7.398665428161621 5.041087150573731 -1.329188942909241 0.301766 0.224151 0.251771 -0.002328666
1 -53.73373413085938 -3.419301748275757 -0.8527711629867554 3.561986 0.41744 1.494955 -0.1050005
1 15.94686985015869 -5.006641864776611 -1.162044525146484 3.841807 1.83268 1.575051 -0.01907079
1 -12.28706741333008 6.185978889465332 -0.9109175801277161 4.651453 2.062907 1.617817 0.02698898