5 -7.124739170074463 -8.725847244262695 -1.279542922973633 0.167292 0.174177 0.414494 -2.622838
5 -8.756416320800781 -9.49079704284668 -1.24356210231781 0.198697 0.157371 0.35707 -2.863533
5 -7.99716854095459 -9.057780265808105 -1.216086745262146 0.176769 0.197869 0.356364 -2.824882
5 -9.588303565979004 -9.96041488647461 -1.227553606033325 0.194974 0.169703 0.308077 -2.979188
5 -10.35152912139893 -10.56329154968262 -1.155444622039795 0.148424 0.232846 0.34465 -3.059851
3 -47.33282852172852 -18.4548511505127 0.02521555684506893 0.479351 0.616912 1.183737 0.584303
1 -41.11585235595703 -3.997335433959961 -0.4789878129959106 4.66338 0.821017 1.548289 -1.512733
3 -49.79631042480469 17.03048515319824 -1.030232429504395 0.434699 0.387841 1.356007 1.873365
1 -1.41844642162323 7.336594581604004 -1.077581524848938 4.364905 1.854998 1.605299 -3.09846
1 38.7795524597168 -5.642686367034912 -1.051208734512329 5.730909 1.956648 2.065006 0.03554582
1 3.89384388923645 4.120526790618897 -1.156018614768982 4.849709 1.91852 1.539198 -3.107071
3 -48.4045524597168 -19.53749084472656 0.01234463509172201 0.390465 0.686329 1.220693 2.795703
1 -57.5106201171875 -1.06108832359314 -0.347668319940567 1.660817 1.885753 0.71572 3.027128
4 3.433913230895996 19.39018058776856 -1.46907365322113 2.246469 1.038282 1.481259 -0.0949013
1 -4.402421951293945 3.754201173782349 -0.9982730746269226 4.278415 1.870761 1.706986 -3.112353