3 -52.82865142822266 -17.54537010192871 -0.4976882040500641 0.300244 0.539876 1.501498 -0.5210732
1 -8.433629035949707 3.991086959838867 -1.001747965812683 4.287399 1.917454 1.650871 -3.140631
5 -11.71201229095459 -8.4292631149292 -1.357203245162964 0.104523 0.091085 0.360665 0.0
3 -52.45586776733398 -16.92163467407227 -0.4638073444366455 0.354148 0.503666 1.433232 -0.5210732
3 -52.07601547241211 -16.2826042175293 -0.4893110692501068 0.4231 0.444037 1.483469 -0.4709191
5 -13.35921096801758 -9.089154243469238 -1.359563827514648 0.269133 0.150524 0.395027 -1.634221e-15
1 -45.37203598022461 -5.795504570007324 -0.7191236615180969 4.239855 0.668953 1.473218 -1.558197
1 0.02418707869946957 3.931393623352051 -1.058567404747009 4.768645 1.935469 1.506202 -3.140631
5 -12.66364669799805 -8.720373153686523 -1.383744955062866 0.154148 0.150892 0.383336 0.0
5 -16.40530967712402 -11.38075828552246 -1.358312010765076 0.133868 0.182037 0.347676 1.216164e-15
4 0.6986921429634094 18.99825096130371 -1.403489708900452 2.407897 0.943208 1.436015 -0.1653404
5 -18.35438537597656 -14.35392189025879 -1.295069217681885 0.092067 0.118717 0.304881 -8.300803e-16
1 -5.253800392150879 7.391653537750244 -1.098240256309509 4.351717 1.834517 1.641218 -3.127264
5 -17.23956298828125 -12.6339111328125 -1.33955192565918 0.098403 0.154844 0.38858 1.15559e-15
1 34.28966903686523 -7.218921661376953 -0.8784224390983582 5.624268 1.82889 2.064372 -0.01368687
3 -53.25150680541992 19.08840942382813 -1.341874837875366 0.632186 0.403869 1.22457 -1.549187