1 50.62437438964844 4.974136829376221 -1.079110503196716 3.944705 1.736405 1.327135 1.525246
1 49.87874221801758 -23.71902847290039 -0.8451995253562927 3.414509 0.548856 1.452732 1.383446
1 39.76019287109375 -28.95670890808106 -0.3215403556823731 4.600991 1.636722 1.006153 -1.643944
1 11.00985527038574 -8.636516571044922 -0.8412543535232544 4.183469 1.815777 1.474631 -0.07265853
5 5.986851215362549 -2.134075164794922 -1.455940246582031 0.323078 0.302726 0.639743 -1.568053
1 0.8508026003837585 -33.90692520141602 0.139975979924202 0.563065 1.377776 0.837169 -1.888153
1 50.83002090454102 -13.08665752410889 -1.100347280502319 4.223418 1.707552 1.323744 1.616185
1 51.51478958129883 15.25835227966309 -1.296626091003418 3.719006 1.764704 1.131971 1.52187
2 -46.77118682861328 -0.04460187256336212 -0.4846259653568268 2.099986 2.385766 2.939519 -0.001619772
1 50.70751571655273 -8.033377647399902 -0.9177674055099487 4.83768 1.632217 1.659731 1.616185
1 1.589097380638123 -28.32007026672363 -0.7381340861320496 1.045488 0.997914 1.23686 -1.761913
3 16.17890357971191 11.91253566741943 -0.8212438225746155 0.590375 0.747325 1.006668 -2.873883
3 -8.310349464416504 -8.445609092712402 -0.9431990385055542 0.451988 0.218767 0.411081 -1.560712
1 2.469484090805054 -25.34825325012207 -0.6809245347976685 3.734209 1.626267 1.543833 -1.761913
6 39.61277389526367 -32.61959457397461 -0.7253637313842773 0.357425 1.329094 0.095606 -1.643944
1 51.13465118408203 10.02882957458496 -1.091283440589905 4.598876 2.073746 1.32049 1.382203
6 50.78081130981445 -18.80063438415527 -1.355263113975525 3.944882 1.114219 0.36251 1.632508
5 5.723270893096924 -13.1834716796875 -1.278163194656372 0.305748 0.357935 0.646615 3.010098
1 39.39797592163086 -22.92937088012695 -0.7995927333831787 4.026061 0.612074 1.458741 -1.590766
1 -41.95766448974609 3.612478017807007 -1.508057594299316 1.249607 1.857093 0.911487 -0.001619772
5 5.841509819030762 -12.82260131835938 -1.303371071815491 0.229381 0.310162 0.574246 3.010098
5 8.49372386932373 -2.089776039123535 -1.441476345062256 0.321338 0.473346 0.688917 -1.568053