4 7.239886283874512 4.89563798904419 -1.363352298736572 1.708532 0.723254 0.956699 2.747342
2 -24.55162620544434 7.106368064880371 -0.4776428937911987 1.770337 2.002132 2.838009 1.968238
2 -54.25559234619141 -5.94873857498169 -0.4242884516716003 6.54244 2.568187 3.021506 -3.141592
2 3.36344313621521 -12.57835197448731 -0.6827006340026855 4.290614 0.700628 2.111666 -3.135578
2 21.4483528137207 6.680197715759277 -0.6707431077957153 0.478311 1.645053 1.86188 -1.518237
2 -30.93136978149414 7.040493011474609 -0.3982083797454834 1.80865 2.163779 2.935015 2.251638
1 38.82598876953125 6.048590183258057 -1.411445379257202 3.478217 0.324713 1.016274 -0.01601538
2 -4.367415904998779 5.234132766723633 -0.1665074527263641 1.323668 1.248265 1.246318 -2.795368
1 -2.824879169464111 -3.741472959518433 -0.9436473250389099 4.620941 2.387778 1.705786 -0.004819516
2 -53.94092178344727 7.061500549316406 -0.5787606239318848 5.152853 1.422283 2.515224 0.06058656
2 5.990419864654541 6.115090847015381 -0.541063129901886 0.636503 1.175321 2.155171 1.463851
2 29.38522529602051 7.334805011749268 -0.4266389906406403 3.18956 2.347843 2.600119 1.60528
2 -0.4216912686824799 3.508619070053101 -0.7037509679794312 6.540504 1.767793 2.17935 -0.06311844
4 -41.09714508056641 -3.241847991943359 -1.0005122423172 1.793869 1.084935 1.223714 2.96678
2 16.39377975463867 -3.88951563835144 -0.4581031203269959 6.103693 1.976208 2.746108 -0.09890178
2 25.53954887390137 -4.102450847625732 -0.4388924241065979 5.501277 0.611541 2.887688 0.02052991
2 -18.66127586364746 7.287355899810791 -0.4646945595741272 6.156243 2.277816 2.831456 0.02377125
2 -37.36155700683594 6.064141750335693 -0.481521338224411 1.511995 2.125336 2.637432 -1.018642
6 37.23381805419922 -5.145842552185059 -0.7952572107315063 0.756442 0.345723 1.187578 0.08411171
2 -12.83959102630615 7.715344905853272 -0.5797553062438965 4.245277 2.265662 2.613154 1.693368
1 39.98330307006836 -4.249603748321533 -1.109562158584595 1.534443 1.803889 1.364008 -0.1783081
4 -31.71981239318848 3.387783527374268 -1.072701573371887 1.68 0.674468 1.423427 -3.011523
2 48.84257888793945 6.493486404418945 -0.5340666174888611 2.556461 1.869585 2.694406 -1.580733
2 -8.72145938873291 7.474966526031494 -0.6073629260063171 2.338347 2.381694 2.446752 -1.598323
6 46.92585754394531 -6.304003238677979 0.07657300680875778 0.381013 2.066498 1.421964 -1.548604
2 7.702578067779541 6.377290725708008 -0.6247068047523499 1.979011 2.131856 2.528131 1.445889
2 15.07806015014648 7.287448406219482 -0.5077159404754639 3.411305 2.245475 2.76382 -1.447244
2 57.16547775268555 6.540901184082031 -0.2763686180114746 3.263534 1.950495 3.329497 1.542136
2 32.43988418579102 5.956912517547607 -0.362660825252533 1.063981 2.124037 2.533291 1.427023
2 -34.09717559814453 6.452437877655029 -0.3396556079387665 0.40515 1.943206 2.554083 2.211963
1 57.78947830200195 -3.815500020980835 -1.191622376441956 4.337525 0.469467 1.48913 -0.01090638
3 25.98105430603027 4.82374906539917 -1.114052891731262 0.604349 0.657179 1.356668 3.122998
1 -14.35028171539307 -10.69933032989502 -0.9979454278945923 4.184915 1.644539 1.538221 -3.106617
2 -15.55538368225098 -6.172322273254395 -0.5719333291053772 6.621955 2.164986 2.707889 -3.118699
1 -15.11716842651367 -14.1482458114624 -0.7219870686531067 2.645921 1.751335 1.354301 -2.939078
2 -13.12848854064941 -17.11493110656738 -0.2469816654920578 2.167811 1.99039 2.36442 1.654064
2 46.79422760009766 -4.457258224487305 -0.3053211569786072 4.564422 2.378048 2.904908 -0.02417821
2 -34.94450759887695 -7.319527626037598 -0.671288788318634 5.15138 2.303044 2.404433 1.976303
2 18.26714324951172 6.726130962371826 -0.479318231344223 1.67547 2.271291 2.85379 1.633094
1 25.50936508178711 6.683873176574707 -1.159860372543335 4.105334 1.4429 1.526642 -0.07339203
2 -1.236281991004944 -6.180414199829102 -0.679570198059082 6.338686 2.307365 2.327344 0.004345653
2 6.384020805358887 -3.884950160980225 -0.6229954361915588 6.226414 2.791623 2.375514 -0.02027882
6 -58.95211029052734 -4.898603439331055 -0.00539753120392561 0.34567 0.378757 1.432179 3.141592
1 11.50962066650391 6.630716800689697 -0.9266297817230225 4.473907 1.734064 1.888441 3.101829
1 -26.97527313232422 -6.330997467041016 -1.201664686203003 4.227709 1.821214 1.39335 0.004230738
2 3.792603254318237 -6.688504695892334 -0.6610921025276184 2.106284 2.554261 2.386545 0.05879244