6 33.27067565917969 11.02635288238525 -1.725104689598084 0.982131 0.912734 0.525006 3.094526
5 5.338737964630127 -27.95412635803223 -1.008037567138672 0.265177 0.331818 0.405473 -1.563469
6 34.46031188964844 10.94896602630615 -1.558554768562317 0.667286 0.65715 0.924915 3.012618
5 4.622240543365479 -6.828611373901367 -1.453608274459839 0.173592 0.246418 0.483811 -0.7942073
6 7.910372257232666 -11.73618698120117 -1.097182869911194 1.044903 0.466452 1.228774 -2.357829
1 8.024258613586426 -45.88252639770508 0.04253221303224564 4.418324 0.815485 1.270874 -3.138696
6 48.36196136474609 9.914287567138672 -1.593726754188538 0.266618 1.664716 0.600308 -1.704358
5 4.96186637878418 -14.83112716674805 -1.220510601997376 0.327464 0.260112 0.574353 -0.7942073
6 28.36708641052246 -9.24032974243164 -1.44321608543396 0.177521 0.21388 0.398851 0.597872
5 26.99969291687012 -10.94250774383545 -1.399724841117859 0.217364 0.107571 0.387339 0.597872
1 0.5657539963722229 9.120862007141113 -1.240395307540894 4.873367 1.921693 1.502473 -3.078144
5 8.064260482788086 -8.807861328125 -1.44123649597168 0.150992 0.224536 0.325881 -0.7942073
1 7.579137325286865 -35.77488708496094 -0.9601163864135742 2.777405 2.683513 0.771025 3.138573
1 7.67430591583252 -40.95628356933594 -0.5313477516174316 4.819589 1.759838 1.438416 -3.139694
5 3.077819347381592 -13.01617527008057 -1.387953400611877 0.338791 0.380371 0.441658 -0.7942073
6 52.87344741821289 9.681950569152832 -1.777005910873413 0.871616 0.902349 0.662267 -1.783039
6 5.508077144622803 -32.98048400878906 -0.8923317790031433 0.293976 0.241778 0.505346 3.091937
5 5.317337512969971 -30.30496788024902 -0.9245453476905823 0.357385 0.23235 0.409642 -1.5622
1 7.374127864837647 9.976195335388184 -1.214508056640625 4.424754 1.773254 1.574977 -2.715435
4 15.84054565429688 9.04871940612793 -1.131646037101746 1.878503 0.652434 1.630404 -1.64399
6 27.45741271972656 19.9438591003418 -1.655215501785278 1.083794 0.916548 0.938571 -1.758276
6 26.81818008422852 18.91836929321289 -1.79428231716156 0.769896 0.173249 0.539206 -2.041985
1 -9.271700859069824 9.77778148651123 -1.637880325317383 0.983688 0.334701 0.82251 -0.05394015
5 5.284162044525147 -25.8145694732666 -0.9890138506889343 0.220064 0.221223 0.517173 -1.614142
4 7.547417163848877 -11.0974178314209 -1.277661442756653 0.901083 0.495858 0.672789 -1.313219
5 1.048119306564331 -11.27831172943115 -1.197461843490601 0.309806 0.267968 0.497595 -0.7942073
4 45.92341232299805 9.962748527526855 -1.676894426345825 1.530602 0.620803 0.91516 3.119864
6 40.87570190429688 9.863099098205566 -1.318137407302856 0.957744 0.391458 0.486137 -3.123863
6 35.95568466186523 10.61419105529785 -1.525248289108276 1.360917 1.017742 0.699853 2.821606
1 11.22807788848877 -8.871581077575684 -1.012921571731567 3.909095 2.066151 1.507089 -0.6108588
1 27.53603935241699 11.77630805969238 -1.265866041183472 4.422997 1.679834 1.476547 2.101355
2 -35.78125762939453 7.754450798034668 -0.1287390291690826 11.426153 2.711857 2.854154 -3.107425
1 22.37944793701172 -18.23764991760254 -0.6892877221107483 4.220914 1.694293 1.513158 1.602022
6 26.20783805847168 20.04830551147461 -1.694826006889343 2.175651 1.144507 0.841728 -1.770714
6 54.91739273071289 9.738141059875488 -1.384578227996826 1.345008 0.459819 0.555357 -1.612465
6 34.57468795776367 10.19155597686768 -1.689583539962769 0.509333 0.784407 0.378666 2.465076
2 27.51030731201172 -3.925577878952026 -0.2497294247150421 8.675673 2.441622 2.967139 1.018557
6 9.164859771728516 -11.43957424163818 -1.165826082229614 1.243802 0.411986 0.892926 -1.547946
1 -13.03456878662109 9.68004035949707 -1.719770669937134 1.69544 0.334469 0.710764 -0.05317101
6 25.7118091583252 22.8746223449707 -1.793637156486511 2.150937 0.814456 0.762683 -1.46568
1 -5.188092708587647 8.684954643249512 -1.278588533401489 4.419541 1.774928 1.49399 -3.122529
6 37.21314239501953 9.804569244384766 -1.528020024299622 0.864245 0.973073 0.341771 3.007524
1 7.472044467926025 -52.80583190917969 0.26181560754776 2.537164 0.469659 0.946098 3.130276
6 27.07690620422363 21.83286666870117 -1.504780530929565 0.671303 0.405351 0.581372 -1.526788
6 28.69495391845703 14.87216472625732 -1.581186294555664 1.049996 0.20686 0.928104 -2.430967
6 8.77983283996582 -11.03261375427246 -1.196433305740356 1.41158 0.377823 1.080217 -1.587177