6 52.20668029785156 -0.6044976711273193 -1.608028173446655 0.416045 1.430859 0.369907 -0.0785246
1 -29.70788955688477 -0.07366660982370377 -0.6945503354072571 2.880825 1.842523 1.798313 -0.01154669
1 -19.89434242248535 2.440546751022339 -0.7331390976905823 5.074949 2.05881 1.911468 -0.01050177
3 32.97824859619141 4.996181964874268 -1.178133010864258 0.480709 0.930597 1.610676 -1.531374
3 3.535737991333008 26.29100799560547 -1.559521198272705 0.844567 0.584993 1.653939 1.792498
1 55.96563720703125 2.55692982673645 -1.616676330566406 0.152314 1.318843 0.686833 -0.1089032
5 7.603021144866943 21.03819084167481 -2.010201692581177 0.206908 0.249963 0.450344 -1.584025
1 -29.99022483825684 15.3929557800293 -1.384453535079956 2.684872 1.55969 0.770623 -3.12208
4 4.098860263824463 19.5897159576416 -1.578846454620361 1.846829 0.662267 1.470221 -3.126521
3 29.93937110900879 8.90630054473877 -0.7574157118797302 0.503418 0.323002 0.310075 -1.531374
4 -54.29316711425781 -10.41712284088135 -0.3390614688396454 2.899526 1.29156 0.997985 3.098874
3 32.99037933349609 8.283293724060059 -0.837573230266571 0.569581 0.630226 0.332632 -1.531374