5 23.66266441345215 25.36123275756836 -1.641576886177063 0.390206 0.283899 0.735246 0.08585539
1 -35.33085250854492 35.6124153137207 -1.177176833152771 1.916571 1.184456 1.038572 1.542663
1 8.422128677368164 0.8424183130264282 -1.0993732213974 3.056866 1.863076 1.407849 0.05180129
5 25.88312339782715 25.37698364257813 -1.622061491012573 0.337556 0.429399 0.565366 0.08585539
1 1.408614754676819 35.49026107788086 -0.6012961864471436 1.235259 1.247631 0.7517 1.531101
1 -13.44675159454346 35.04267501831055 -0.9705343246459961 1.619565 1.742406 0.517689 1.558595
1 -16.90732192993164 35.34854125976563 -0.8493058681488037 1.538443 1.665511 0.829169 1.526658
1 -24.57588577270508 34.45547866821289 -0.7300693988800049 0.8626 0.827541 0.826222 1.542141
4 -38.55479431152344 16.15561676025391 -1.363284349441528 0.94587 0.589071 1.010832 -3.063478
5 28.99858856201172 25.40234565734863 -1.425802946090698 0.520828 0.358133 1.215777 0.08585539
1 -2.761282205581665 35.24229431152344 -0.769912838935852 0.612337 1.452611 0.74721 1.552147
1 30.26754951477051 4.737827301025391 -1.02544093132019 4.096645 1.850794 1.378991 0.04703387
1 35.27242279052734 1.451822280883789 -1.228269934654236 1.12421 1.835462 1.004108 0.04703387
3 2.163087844848633 20.75637245178223 -1.193056702613831 0.6938 0.613626 1.564989 -3.080246