1 12.97066688537598 36.32270812988281 -0.6935666799545288 3.674875 1.706979 0.921872 1.598431
1 -5.264377117156982 34.65137100219727 -0.8264405131340027 0.696528 0.989258 0.924948 1.565129
1 1.992940068244934 34.49848175048828 -0.735247790813446 0.617571 1.246863 0.745431 1.571634
1 -42.49683380126953 18.74386215209961 -1.554649353027344 4.486441 1.795894 1.194877 -2.639202
1 36.82176971435547 1.287718415260315 -1.110922932624817 0.863215 1.813482 0.703086 0.02977395
6 51.86938095092773 0.3589989244937897 -1.125362038612366 0.277222 0.852843 0.778722 0.04944325
1 -9.290873527526855 35.2451171875 -0.9645871520042419 1.787521 0.948931 0.513566 -1.531967
1 27.89801216125488 36.64890670776367 -0.7197794914245605 2.857262 1.32439 0.747218 1.609498
1 23.23087692260742 36.50598526000977 -0.647463858127594 1.700442 0.731407 0.671578 1.600734
1 10.98564147949219 0.7608190178871155 -1.087374567985535 3.097727 2.046685 1.380028 0.02977395
4 -44.14717483520508 -5.585248947143555 -1.154488682746887 0.947816 0.596402 1.631211 -0.01895739
3 31.77300071716309 21.37725448608398 -1.131822466850281 0.423859 0.630354 1.336844 -3.091963
1 -1.416191101074219 34.78108596801758 -0.9950418472290039 0.762258 0.86427 0.667205 1.581718
1 -32.18390655517578 10.40624237060547 -0.7147940993309021 3.448647 1.572945 1.075208 3.136727
1 22.02151489257813 4.202037334442139 -1.073780298233032 3.931063 1.978468 1.434488 -0.006044516
4 1.435819745063782 16.60537147521973 -1.248553991317749 1.763824 0.789557 1.609613 -3.121397
1 -16.25805282592773 34.20696258544922 -0.8270589709281921 1.066555 1.452374 0.857106 1.624085