1 43.66575622558594 9.67941951751709 -1.27642035484314 4.629894 2.041796 1.475014 1.493779
1 7.998801231384277 8.111170768737793 -1.043793797492981 3.278048 1.699942 1.356049 0.1124257
5 9.320651054382324 -7.527390003204346 -1.383421540260315 0.206865 0.209921 0.559975 -1.502227
1 -33.13466262817383 -0.1982126832008362 -1.295287251472473 3.795197 0.308017 1.088284 0.1112428
5 13.40184783935547 -11.69008255004883 -1.40534520149231 0.212234 0.165216 0.567562 -2.365448
1 35.73709869384766 -11.67459678649902 -1.275676608085632 4.868392 1.426731 1.389467 1.6036
6 37.55894088745117 27.71335601806641 -1.862169504165649 1.257551 0.230642 0.322406 1.679466
6 21.27500343322754 38.36273193359375 -1.978453159332275 1.364388 0.510849 0.449175 3.141385
1 -30.7252254486084 4.281530380249023 -0.7293469309806824 3.579816 2.019764 1.168116 0.2901362
1 -12.1206865310669 10.98004245758057 -0.8929306864738464 5.063385 1.856609 1.147865 -3.03035
5 10.84963893890381 -8.785445213317871 -1.36535918712616 0.170174 0.260374 0.40987 -1.502227
5 4.242830753326416 -4.768507480621338 -1.355164051055908 0.304574 0.211536 0.583385 -1.502227
1 39.06496810913086 -11.27585029602051 -1.092391729354858 4.006736 1.592479 1.842461 1.603597
5 12.15520000457764 -10.13700675964356 -1.413147211074829 0.184101 0.149986 0.549495 -2.365448
1 36.6087646484375 40.758544921875 -1.770714640617371 1.835579 0.483862 0.674524 -1.511055
1 27.76189422607422 -19.13752746582031 -1.269588589668274 3.967002 1.82773 1.048369 -1.538004
1 37.7195930480957 35.02411270141602 -1.347155094146729 3.878801 1.321634 1.366515 -1.569577
1 -27.09515190124512 0.8226875066757202 -1.182316422462463 4.017204 1.339571 1.182296 0.1112428
1 2.424835681915283 3.869419813156128 -1.052741169929504 4.527509 1.845276 1.494474 0.1187838
5 6.035411357879639 -5.553022384643555 -1.331561803817749 0.362406 0.279146 0.599974 -1.502227
1 -10.66859912872315 6.006814956665039 -0.9307600259780884 4.226762 1.943004 1.687194 0.1124257
1 34.19820404052734 33.48466873168945 -1.717241168022156 4.921714 1.174764 0.939479 -1.53816
1 35.81914901733398 -18.76364898681641 -1.06635844707489 4.671802 1.575883 1.830068 1.557739
1 -10.43062400817871 2.790664196014404 -0.9928011298179626 4.151341 1.826476 1.583521 0.1124257
6 38.41727828979492 22.9630184173584 -1.016137719154358 1.560557 0.400623 0.459997 1.519196
1 1.637550592422485 7.027030467987061 -1.051788210868835 3.117509 1.715747 1.476583 0.1124257
3 -15.86682224273682 -6.9809889793396 -0.770848274230957 0.340524 0.549688 1.635315 -3.080322
1 -17.35543060302734 1.947980046272278 -1.033337354660034 4.312295 1.644217 1.462558 0.1112428
1 32.76369857788086 43.6021728515625 -1.56453537940979 4.841125 1.758762 1.815817 -1.602963
1 26.38373184204102 -31.71745491027832 -0.9616112112998962 3.041733 0.665073 1.176298 -1.538016
1 -16.28688430786133 5.472800731658936 -0.8342631459236145 3.456683 1.543973 1.069781 0.1112428
2 38.29458618164063 -29.89621162414551 0.1778650432825089 10.191245 2.752352 2.101172 1.534908
1 29.22890853881836 35.05221939086914 -1.998946189880371 4.25364 1.282839 0.831493 -1.609031
1 -36.47833251953125 11.10805797576904 -0.4371032118797302 3.319165 1.693143 0.908703 -3.03035
1 -3.748947381973267 3.566489934921265 -1.01010274887085 4.725688 2.159391 1.496557 0.1124257
1 8.829821586608887 5.016756534576416 -0.9893028140068054 4.425281 1.926497 1.679605 0.1124257
1 -3.24254322052002 6.435772895812988 -1.02012312412262 3.805833 1.942126 1.5139 0.1124257
3 -15.98779487609863 -7.624868392944336 -0.8044523596763611 0.708802 0.720303 1.527225 -3.080322
5 2.40420413017273 -4.185074329376221 -1.311186671257019 0.251506 0.229075 0.583564 -1.502227
4 -37.9691276550293 15.97034740447998 -0.8739863038063049 3.084328 1.109665 1.173582 3.11183
6 37.21974945068359 30.17891311645508 -1.949198842048645 0.524634 0.159646 0.314348 1.603427
5 7.733388423919678 -6.431030750274658 -1.366124272346497 0.276235 0.177203 0.603272 -2.738127