3 31.04665184020996 24.3962459564209 -1.219796299934387 0.361626 0.523429 0.716569 0.2367244
1 20.48191642761231 15.38258266448975 -1.696887016296387 4.501726 1.814948 1.104152 -3.137584
1 -5.621470928192139 35.10458755493164 -1.224566578865051 1.238151 0.691856 0.663305 1.580138
1 -0.5044481754302979 35.14969635009766 -1.248128652572632 1.835296 1.882802 0.702013 1.580138
1 -47.0035514831543 -0.5073384642601013 -1.297760963439941 0.513879 1.799517 0.600878 0.0
6 -44.42201614379883 10.48295402526856 -1.10114049911499 0.39731 1.317662 0.28462 0.006203881
1 -19.71810531616211 2.739002466201782 -0.8502581715583801 5.021757 2.113851 1.957068 3.303201e-17
2 -50.24778747558594 16.84116172790527 -0.2856513261795044 9.924308 2.705662 3.498584 3.124463
4 43.24622344970703 19.6290168762207 -1.395004034042358 0.864941 0.431167 0.599821 3.141592
1 -9.717391014099121 10.54122734069824 -1.235726118087769 4.727101 1.604664 1.54906 -3.131297
6 -39.58932495117188 11.93226146697998 -1.201003789901733 0.614094 1.139282 0.30926 0.006203881
1 47.3531379699707 -0.5251597762107849 -1.387474298477173 0.469595 1.574082 0.571233 0.0
3 -28.64111328125 -9.808577537536621 -0.7092024087905884 0.507336 0.829566 1.538109 -2.505773
1 -20.54342269897461 35.37998962402344 -1.063215374946594 1.653235 1.393752 0.531676 1.549125
3 46.87941360473633 -9.153875350952148 -1.182720303535461 0.672807 0.468816 1.010589 1.221299e-15
6 55.14879989624023 2.145299673080444 -1.468881726264954 0.365966 1.594005 0.446259 0.0
1 -35.13357543945313 1.421234011650085 -1.307171106338501 0.480493 1.646077 0.525413 0.0
1 1.783828616142273 34.64498901367188 -1.238307595252991 0.883973 1.636417 0.682373 1.580138