1 33.70553588867188 -0.2858114838600159 -1.063868403434753 2.140225 1.859243 1.365159 0.08484621
2 57.37557983398438 10.77857398986816 -0.7613762617111206 3.707052 2.036846 1.831456 3.033103
3 11.17829322814941 24.86796188354492 -1.004931926727295 0.503042 0.409835 1.040552 3.141592
1 29.35553550720215 13.80847644805908 -1.219147443771362 2.489974 1.021534 1.707547 3.033103
1 -14.83254623413086 26.2763614654541 -1.452535152435303 3.765071 1.634512 1.492529 3.071736
1 1.463579297065735 19.5950813293457 -1.334944605827332 4.554828 1.412659 1.452407 3.027878
1 42.79853057861328 -2.769988298416138 -1.048560619354248 3.184717 1.460464 1.001505 0.08484621
4 37.50763320922852 22.11814117431641 -1.299806118011475 1.020612 2.206748 1.51218 -0.1480918
1 9.13281536102295 17.4298152923584 -1.327845931053162 4.506785 2.040523 1.512707 3.087857
2 16.37582588195801 21.75176620483398 -0.5802613496780396 12.27586 2.764144 3.245436 3.012795
6 50.86618041992188 17.79640007019043 -1.165385365486145 1.759909 0.50638 0.788226 2.972452
4 -20.00419616699219 -7.912603855133057 -1.09036111831665 1.513462 0.880048 1.586093 0.06023623
1 -16.12293243408203 20.39227294921875 -1.298389792442322 4.129367 1.382108 1.495043 3.029445
1 19.50070571899414 -1.622450232505798 -1.137507081031799 5.502193 1.874872 1.520408 0.08484621
1 22.52510833740234 16.02207374572754 -1.308590769767761 4.104878 1.651813 1.637825 3.033103
6 -47.68743133544922 25.84460258483887 -1.157488822937012 0.766024 0.492797 0.740896 3.109408