4 -38.15009307861328 19.28377342224121 -1.452756762504578 1.543968 0.547659 1.253638 -3.118527
4 20.91836738586426 20.12838745117188 -1.577520608901978 1.687121 0.664433 1.440033 -3.133662
3 2.786226511001587 8.646346092224121 -0.8927855491638184 0.658565 0.486894 1.374341 -1.531374
3 5.791417121887207 8.199502944946289 -0.7482442855834961 0.811723 0.600199 1.22231 1.610219
1 -25.48037338256836 -0.5622785091400146 -0.9945963025093079 1.494068 1.872872 1.107516 -3.739904e-17
6 43.29666137695313 12.64036464691162 -1.36819064617157 1.546633 1.222657 0.299932 -3.118654
3 5.650932312011719 4.893046379089356 -0.9150122404098511 0.675793 0.78752 1.746719 -1.531374
1 -21.41256332397461 2.37600564956665 -0.76628178358078 5.092063 1.992213 1.968233 2.41817e-17
3 -23.90586471557617 29.18852996826172 -1.171969294548035 0.374038 0.557172 0.91987 1.506486
1 56.6323127746582 -14.05223083496094 -1.180310964584351 4.152522 1.722565 1.278237 0.6937888
6 54.92861938476563 -23.37491798400879 -0.7721610069274902 0.511761 0.216369 0.32758 1.499074
1 19.16775894165039 11.33917331695557 -1.137052655220032 4.244072 1.849112 1.318363 -3.106654
1 56.26000595092773 -17.59093856811523 -1.144967794418335 2.396968 0.422363 1.167545 1.066777
1 40.65826034545898 -15.52762413024902 -0.9173269867897034 3.255261 2.204572 1.154722 -1.128561
1 54.13645935058594 2.537373781204224 -1.564094424247742 0.925385 1.562568 0.687638 0.04138186
6 56.87904739379883 -0.3307658433914185 -1.473723411560059 0.348763 0.908674 0.343881 0.04002463