3 2.302809000015259 21.09477996826172 -1.430101990699768 0.384763 0.42295 0.426643 -1.557773
1 16.20267677307129 0.5330919623374939 -1.0767902135849 3.074578 1.877023 1.276324 0.0205729
4 52.14531707763672 -5.223877906799316 -0.7340626120567322 0.741175 0.579859 1.419526 0.01070378
1 -20.85564422607422 11.59421253204346 -1.476211547851563 3.611379 1.770364 1.458755 -3.128194
6 41.94714736938477 0.4638756215572357 -1.003971099853516 0.434541 1.721088 0.358574 -0.01072055
4 -39.66256713867188 -5.587063312530518 -1.184404850006104 0.945085 0.568069 1.362643 -0.01641421
1 -13.16427898406982 1.472493410110474 -1.130478024482727 4.060046 2.081383 1.42407 0.08135492
4 35.18854522705078 16.14683341979981 -1.270340800285339 1.572282 0.553434 1.028194 3.136204
4 -45.58838653564453 -3.634690046310425 -1.203753232955933 2.945808 1.097171 1.679574 -0.01641421
1 37.8242301940918 10.4597749710083 -0.7720028162002563 1.684287 1.69619 0.667521 3.136204
3 -45.9615478515625 19.11172294616699 -1.716375231742859 0.303584 0.258559 1.247853 -0.02678085
2 -44.70298767089844 -9.347625732421875 -0.4880489110946655 6.090584 1.860857 1.812574 -0.03297637
2 -0.2690267264842987 10.53841018676758 -1.040760159492493 5.31866 2.285614 2.044059 -3.128194
6 -3.70371675491333 9.581442832946777 -1.743715167045593 0.545343 0.167092 0.180831 -3.128194
3 -2.880104541778565 -8.064656257629395 -0.7157809138298035 0.572505 0.679417 1.497053 0.9954571