1 16.69985580444336 0.3965404033660889 -1.371458888053894 3.012435 1.945867 1.072659 -0.02567391
1 32.91434478759766 16.45672035217285 -1.482010006904602 3.472429 1.567769 1.156248 3.064749
3 42.67811965942383 -10.39329338073731 -1.345305800437927 0.534608 0.534732 0.842489 1.561454
4 42.32774353027344 -3.58136248588562 -1.162138938903809 2.693811 1.185414 1.725194 0.006469939
1 6.017165660858154 19.40333938598633 -1.434696674346924 4.891934 1.88925 1.397624 3.07658
3 42.06977462768555 -10.43278503417969 -1.294694662094116 0.625306 0.557856 0.77419 1.562813
6 -53.38361740112305 3.397136211395264 -1.344255924224854 0.519283 1.605338 0.336268 -0.01316139
1 -5.449010848999023 23.62198257446289 -1.597578883171082 4.474016 1.432928 1.351695 3.091132
4 29.49532508850098 -5.541635513305664 -1.222737312316895 1.346394 0.647515 1.348996 3.126707
6 -42.32850646972656 22.72577285766602 -1.201128363609314 0.238346 0.780623 0.300107 3.053296
1 -27.05141448974609 21.18892478942871 -1.24834668636322 3.070621 0.565423 0.871997 3.05421
6 35.32381057739258 0.4372045397758484 -1.211310863494873 0.725253 1.798611 0.309344 -0.01632011