3 34.13444900512695 34.48974609375 -1.81428861618042 0.349408 0.544537 1.478135 1.457667
3 10.45733642578125 20.71408843994141 -1.42613697052002 0.613819 0.589661 1.391597 0.03300863
1 -17.28283309936523 -2.931767225265503 -1.033859491348267 4.257417 1.363432 1.634404 0.009854405
1 -25.4548511505127 -2.889613628387451 -1.138023376464844 3.846831 1.551622 1.406272 0.009854405
1 14.40721321105957 0.4999619722366333 -0.7535174489021301 3.652745 2.390803 1.514404 0.009854407
1 -10.53230571746826 -3.209695100784302 -0.8449040055274963 4.796766 1.90457 1.908417 0.009854405
1 14.49625301361084 6.92395830154419 -1.147677183151245 4.628687 1.99167 1.448212 1.661232
1 20.97875785827637 2.118137359619141 -0.8740666508674622 4.016646 0.696801 1.142015 0.2144498
3 29.2716178894043 -33.00169372558594 -0.2728942036628723 0.423317 0.701237 0.890771 -1.040408
1 -31.25726509094238 -2.554823875427246 -1.08354127407074 1.978059 0.524816 0.63608 -0.03817708
1 -4.087574481964111 -6.028420925140381 -1.016829133033752 3.478932 1.836048 1.435637 0.009854405
1 8.261504173278809 -5.700799942016602 -0.8854516744613647 4.195443 1.919719 1.56587 0.009854483
1 8.084413528442383 -2.647347688674927 -0.9219865798950195 4.186124 1.747976 1.615125 0.009854405
1 7.304942131042481 0.3880195915699005 -1.00515627861023 3.196945 2.060088 1.466583 0.009854406
1 -13.56874942779541 -6.238078117370606 -0.8479212522506714 2.700981 1.520277 1.796 6.098758e-17
1 9.634353637695312 11.66628360748291 -1.353758573532105 4.524434 1.784625 1.527681 -3.07374
1 -3.555341958999634 9.689430236816406 -1.17552638053894 4.759465 1.893594 1.666006 -3.00238
1 15.48487758636475 -2.739057540893555 -0.9804958701133728 4.23699 1.571492 1.476402 0.009854412
1 -44.49605178833008 -3.025250434875488 -1.13506281375885 2.062459 1.323836 1.109392 -0.005685958
6 -16.13733673095703 10.25972080230713 -0.3297781348228455 0.154969 1.797118 0.174271 0.01768543
1 15.38030052185059 -5.374580383300781 -0.5700933337211609 4.231894 1.642006 1.59427 0.009854428
1 -3.755828619003296 -3.292410135269165 -0.988237202167511 4.289158 2.05628 1.563677 0.009854405
2 -22.48380088806152 9.93516731262207 -0.5096356272697449 11.300709 2.84395 3.33984 -3.112878
1 1.044610619544983 -6.027758121490479 -0.9944097995758057 4.25676 1.807341 1.469049 0.009854761
1 -13.880539894104 0.04334959387779236 -0.8230429291725159 4.939474 1.992755 1.941943 0.009854405
1 22.0856990814209 -5.47233247756958 -0.6861448884010315 2.53811 1.432832 1.033609 0.02296376
1 2.211381912231445 -2.674004554748535 -1.004574418067932 4.329723 1.966731 1.44408 0.009854405