1 -6.601479053497315 21.38264083862305 -1.659498691558838 5.759753 1.752882 1.354986 3.029017
6 45.49007415771484 14.56221008300781 -1.665856957435608 0.428693 1.080114 0.312741 -0.08566068
1 -34.05004501342773 0.6077084541320801 -1.029480934143066 2.409804 2.104104 1.246343 -0.0434227
2 30.44198608398438 16.00701141357422 -0.6160703301429749 6.20003 2.242918 2.477935 3.072676
3 16.04534149169922 -10.49404144287109 -1.001709580421448 0.661407 0.714098 0.913312 1.470972
2 51.58697891235352 7.832297801971436 -0.5885725617408752 5.51381 2.239653 2.843898 0.37096
1 19.88418388366699 0.4850220680236816 -1.165438055992127 3.073955 1.971593 1.370586 -0.02299763
4 54.81071853637695 -5.445523262023926 -0.9573479890823364 0.346047 0.551788 1.120476 -0.1537176
1 -13.97717952728272 18.58215141296387 -1.532980799674988 4.355095 1.75205 1.285064 3.066814
1 54.17393493652344 -19.14927291870117 -0.7911893129348755 5.415637 1.552464 1.520927 1.472761
4 -14.87817478179932 -5.482703685760498 -0.9985092282295227 1.59778 0.685696 1.516198 3.09817
4 31.54565048217773 -4.175770282745361 -0.9871544241905212 2.454314 1.22802 1.745199 -0.03783264
1 48.10354614257813 1.267281174659729 -0.8216089606285095 1.047211 1.297662 1.007242 0.2028217
3 15.33589553833008 -10.53495407104492 -1.076690793037415 0.764689 0.629303 0.85801 1.470972
1 -36.67966842651367 19.59522438049316 -1.343452215194702 2.787629 1.469587 0.994126 3.066531
6 34.72339630126953 0.08878746628761292 -1.038281798362732 0.554704 1.471206 0.468243 -0.03783264