6 16.90089797973633 -1.697279930114746 -1.267360687255859 0.265926 0.578292 0.905135 -3.063049
1 0.6651182174682617 17.1471061706543 -1.232390880584717 4.065642 1.649903 1.540866 3.027933
2 54.65060043334961 3.279764175415039 -0.08072603493928909 2.83577 2.246239 3.152375 0.0345542
1 35.7440071105957 0.02105167508125305 -0.9007880091667175 1.954594 1.420001 1.336632 0.01614699
1 19.90348815917969 -0.9912961721420288 -0.990561842918396 4.354793 1.852035 1.468915 0.03866718
1 22.62059593200684 13.06034374237061 -1.172625541687012 4.004938 1.954142 1.475178 3.121939
2 3.977281332015991 21.56234359741211 -0.5680457949638367 12.304124 2.994673 3.289504 3.019178
2 38.73628234863281 11.19556331634522 -0.41543909907341 6.104326 2.332871 2.052235 3.058485
1 -14.57796859741211 17.89524078369141 -1.415183067321777 4.249192 1.752458 1.432731 3.086524
1 7.61662483215332 14.40216827392578 -0.9450026750564575 4.844381 1.926031 1.977289 3.112728
4 20.30073928833008 18.17488861083984 -1.099694490432739 1.502149 0.738193 1.711272 -3.052249
4 25.05105972290039 22.01055717468262 -1.044861555099487 1.12652 2.788743 1.726167 0.0
6 -21.50259780883789 20.40115737915039 -2.080106496810913 2.976274 0.692706 0.446005 3.086524
4 -26.50097274780273 -8.028791427612305 -1.310868620872498 1.456239 0.910778 1.599685 0.005618372
1 40.85700607299805 -2.963952541351318 -0.5707486867904663 2.333085 1.358943 0.535016 0.07432803