1 59.56553268432617 7.853662490844727 -1.751278162002564 1.032651 1.417234 0.735292 0.05983185
1 14.94962310791016 0.8450013995170593 -1.109741568565369 3.354522 2.16844 1.472083 0.06008833
1 38.30796051025391 24.81621170043945 -1.608969807624817 4.232912 2.05636 1.306411 3.141592
1 28.60771751403809 2.484279632568359 -1.034007072448731 2.096025 1.747155 1.538839 0.03032969
4 -24.16759300231934 28.37292671203613 -1.645857095718384 1.03273 0.322654 1.004152 -3.141593
1 6.080385208129883 0.6350876092910767 -1.087299704551697 3.063263 2.033916 1.36939 0.0
1 -7.426492214202881 21.30537223815918 -1.190195441246033 4.378375 1.5851 1.250611 3.136439
1 13.89877319335938 21.77189064025879 -1.406974077224731 3.551414 1.95247 1.660948 -3.0953
4 29.58691787719727 -2.090800046920776 -0.9802336096763611 2.635333 1.352771 1.70599 0.003511408
6 -37.87312316894531 24.20303344726563 -1.494877338409424 1.22373 1.325396 0.178588 0.03011206
1 14.16539859771729 18.35843276977539 -1.129012703895569 4.72559 1.962663 1.547546 3.113639