3 -37.34512329101563 -14.02805137634277 -0.4602523446083069 0.545825 0.712957 1.714661 -2.923679
4 17.17766189575195 -9.029764175415039 -0.9351943731307983 2.003949 0.563145 1.659536 -0.0121053
4 -40.53127288818359 -8.734772682189941 -0.9513473510742188 1.127019 0.516874 1.274489 0.02761765
1 24.66722679138184 -11.75681972503662 -0.7935094237327576 4.047603 1.793008 1.405032 0.04238718
1 -41.0350456237793 -12.62679100036621 -0.767687976360321 3.822099 1.634619 1.519044 0.002639662
4 -0.3119005262851715 -8.067309379577637 -0.9237631559371948 3.019546 1.150387 1.648408 -0.0121053
3 -32.65382766723633 2.196179389953613 -1.192110300064087 0.908887 1.011465 0.836419 -1.586158
1 50.57424545288086 -3.822122573852539 -0.7799466848373413 1.252694 2.00109 1.985407 0.04004337
4 46.23294448852539 -7.955945014953613 -1.206852793693543 1.042184 0.742233 1.225822 0.1274579
1 36.05307388305664 -0.6514148116111755 -1.299204826354981 0.947894 1.735942 1.138898 0.04318217
3 -28.31975936889648 22.66480445861816 -1.521844387054443 0.326059 0.865713 1.593031 -1.517247
4 -25.69963073730469 23.64855003356934 -1.557579278945923 1.580224 0.896275 1.414093 -1.670019
5 -33.26966857910156 1.711848735809326 -1.38167941570282 0.201489 0.139943 0.44799 3.139812