3 42.55353927612305 19.36918067932129 -1.344722390174866 0.195769 0.37272 0.562247 0.0575869
3 -52.2995719909668 25.96270370483398 -0.9045241475105286 0.174991 0.168639 1.52658 3.110844
6 -39.45372009277344 11.31195640563965 -1.119630575180054 0.675708 1.488768 0.47604 3.121374
3 16.95345306396484 4.586950778961182 -1.275298833847046 0.129889 0.232595 1.162656 -1.553465
5 -5.288471221923828 28.60658836364746 -2.117917537689209 0.115129 0.045239 0.324825 0.5433105
5 -8.088908195495605 24.80091857910156 -1.997147560119629 0.160216 0.075904 0.312646 0.5433105
5 -5.992452144622803 27.39468193054199 -2.173686981201172 0.203509 0.236199 0.36617 0.5433105
1 -35.69413757324219 2.311371803283691 -0.9748632907867432 4.723237 1.689446 1.992018 0.01337698
3 37.47417831420898 23.95355033874512 -1.196404576301575 0.478559 0.550269 1.191528 -3.069997
6 -26.69545745849609 10.87503147125244 -0.9591786861419678 4.113346 1.776931 1.412335 3.118895
2 -18.35741996765137 13.75069332122803 -0.4884929060935974 13.425964 2.731811 3.054768 3.136275
1 8.415308952331543 47.42328643798828 -1.926932215690613 2.195723 1.331435 1.135614 1.667174
1 16.15100288391113 19.87407684326172 -1.488668918609619 4.603209 1.469178 1.493225 2.647657
3 47.44871520996094 -8.377825736999512 -0.8708444237709045 0.319968 0.410095 1.595065 1.536816
1 5.935725688934326 45.41572189331055 -2.086916446685791 4.089205 1.760238 1.201413 2.000085
1 -22.91169357299805 -2.261286973953247 -1.193571090698242 4.670574 1.902328 1.457779 -0.02890259
3 44.05134201049805 -8.188962936401367 -1.071326732635498 0.499171 0.202409 1.436868 1.544547
3 41.83688354492188 4.827069282531738 -1.017330884933472 0.247241 0.359391 1.382264 1.549887
6 -0.861421525478363 29.45401382446289 -2.066649913787842 1.541221 0.146966 0.592658 -1.807197
1 -43.46566390991211 -14.66791439056397 -1.359346508979797 2.431089 1.323492 0.769227 0.5988349
1 39.37167739868164 2.273972034454346 -1.450242161750794 1.456669 1.712724 0.88573 0.05163288
5 -11.68952655792236 22.32768821716309 -1.838753819465637 0.174575 0.11899 0.425551 0.2342027
1 -44.98877334594727 -11.91735935211182 -1.28774106502533 0.405618 1.483562 0.572846 0.847294
6 -50.75692367553711 -23.06916809082031 -0.9406400918960571 4.024485 0.319048 0.83333 1.454025
6 36.48345947265625 21.12788772583008 -1.333394289016724 0.852805 0.794851 0.385643 0.06178843
3 -50.40089797973633 25.66361618041992 -0.8922353982925415 0.267009 0.202026 1.528113 -3.123548
5 -4.72618579864502 30.00525093078613 -2.226809024810791 0.180222 0.078088 0.354714 0.5433105
3 49.09353256225586 -8.040352821350098 -1.086193203926086 0.306919 0.332057 1.332345 1.590569
3 42.06897735595703 -8.375130653381348 -1.310067176818848 0.514716 0.681988 0.796846 1.500269
3 17.33301734924316 40.62179565429688 -1.763431787490845 0.203898 0.165335 1.084902 1.700666
3 43.85463714599609 -6.616830348968506 -1.187850952148438 0.40021 0.552795 1.222683 -0.0654277