1 -3.745647668838501 -3.236915111541748 -0.9788214564323425 4.279006 1.956253 1.557389 0.02143974
3 8.208186149597168 20.59662628173828 -1.522292256355286 0.646426 0.450748 1.381027 -3.082972
4 57.3834342956543 16.30505561828613 -1.84940230846405 0.940443 0.574212 1.032502 1.933495
1 -11.41380214691162 -5.79545783996582 -0.8766540288925171 2.331264 1.620139 1.9134 0.02152966
1 22.3665657043457 -5.508647918701172 -0.8210287690162659 3.033609 1.373893 0.89531 0.08412644
1 1.049935460090637 -6.00572395324707 -1.006069660186768 4.271401 1.785933 1.47411 0.01223348
1 -10.5634937286377 -3.23300051689148 -0.8027769327163696 4.896435 1.910203 1.957586 -0.002927828
1 15.51642608642578 -2.830281496047974 -1.066633343696594 4.257573 1.511183 1.490534 0.03330293
1 -17.95993614196777 8.510138511657715 -1.142297506332398 4.231074 2.003937 1.759437 -3.090753
1 7.623061656951904 0.411504328250885 -1.018453121185303 3.19689 2.06196 1.478685 0.01858701
1 20.55567741394043 2.034757614135742 -0.8867245316505432 3.452002 0.608734 0.999313 0.1887812
3 29.23645401000977 -35.71555709838867 -0.2536297738552094 0.60512 0.291921 0.866955 0.7324275
1 -2.143898725509644 11.00213050842285 -1.302951812744141 4.576566 1.82968 1.472683 -3.073746
1 9.160380363464355 10.64717197418213 -1.352531552314758 4.727304 1.744223 1.496356 2.779665
1 -24.0246753692627 -3.001184225082398 -1.106837749481201 1.110893 0.594194 0.62409 0.0214135
1 -17.0681037902832 -2.900743961334229 -0.9668282866477966 3.770983 1.27196 1.514812 0.005098706
1 14.14175033569336 0.4504211843013763 -0.7659604549407959 3.155352 1.968309 1.345076 0.1753041
1 2.251426696777344 -2.642791271209717 -1.01872980594635 4.399289 1.872019 1.439604 0.01271492
3 32.83706665039063 31.919677734375 -1.917807459831238 0.364393 0.344925 1.46219 -6.589518e-16
1 -7.289562225341797 -0.05458907037973404 -0.7709750533103943 5.2561 2.011132 1.931304 0.02141164
1 8.246233940124512 -5.683026790618897 -0.905284583568573 4.187185 1.896152 1.590042 0.02649538
1 8.069223403930664 -2.716550588607788 -0.94465172290802 4.181464 1.817297 1.665839 -0.02773163
2 -35.43033981323242 9.726964950561523 -0.2543576955795288 11.335647 2.741006 3.305575 -3.120183
1 15.38005638122559 -5.400515079498291 -0.5377581119537354 4.018733 1.630516 1.394669 0.0
1 -4.261345863342285 -6.122076988220215 -1.003421068191528 3.812524 1.942289 1.469145 0.07889602