1 19.17548751831055 -11.80895805358887 -0.8303437829017639 4.151862 1.724834 1.55336 0.03780246
1 58.93135833740234 -3.219304084777832 -0.2552143335342407 0.409391 1.929225 1.460727 0.0
5 17.49008560180664 -15.22386169433594 -1.404980063438416 0.215065 0.224483 0.370838 0.0
5 17.39154815673828 -13.68816947937012 -1.397681355476379 0.130773 0.202122 0.472474 7.346864e-16
5 17.50736618041992 -19.25383186340332 -1.396549820899963 0.21616 0.213316 0.389007 -1.503843
4 4.073986053466797 -8.022050857543945 -0.9361924529075623 1.855063 0.7102 1.599928 3.06428e-16
5 17.45339012145996 -16.57668495178223 -1.479810953140259 0.260458 0.282079 0.413173 -3.962068e-15
1 34.15354919433594 -0.9622942805290222 -0.9261758923530579 1.368917 1.835235 1.362971 0.0
4 42.54502487182617 -7.549268245697022 -0.7803539037704468 1.890184 1.173552 1.457039 0.0
5 17.45701789855957 -18.01154899597168 -1.351389884948731 0.207338 0.100367 0.401153 -1.617382
3 26.66529655456543 -11.91464138031006 -0.4602053761482239 0.315971 0.697087 1.023068 3.141592
1 25.40342140197754 -49.77260971069336 -0.3501906394958496 2.795834 1.515641 1.090196 -1.601611
5 27.32847404479981 2.672577381134033 -1.417451739311218 0.144633 0.240548 0.371404 6.08118e-16
3 26.90281295776367 -11.20536136627197 -0.5752415657043457 0.363092 0.648338 1.558163 3.141592
3 27.93159103393555 2.902146100997925 -1.116588711738586 0.346876 0.357757 1.041457 1.56124