6 30.27742385864258 6.927000045776367 -0.632792055606842 0.251545 1.012435 0.225179 0.06457525
1 32.298095703125 15.53206062316895 -1.0680330991745 4.087069 2.006278 1.456723 -2.982547
1 -17.33842468261719 3.206377744674683 -1.104583859443665 4.110994 1.723198 1.369997 0.007473203
1 17.52619171142578 3.36019229888916 -1.035327076911926 3.751638 1.606427 1.532385 0.0398813
1 -4.68216609954834 2.936420202255249 -1.070023059844971 4.727785 2.059283 1.538956 0.01016869
3 6.946293354034424 -6.625858783721924 -0.642220675945282 0.7336 0.62669 1.688108 -0.01385319
1 10.46722507476807 3.232853174209595 -1.105431079864502 4.43889 1.82874 1.512376 0.01407751
3 7.096617221832275 -6.063283920288086 -0.7529271841049194 0.476188 0.485688 1.528127 -0.01385319
1 1.070773959159851 2.935043096542358 -1.027579665184021 4.375446 1.807201 1.569857 0.01566787
1 -33.1369514465332 6.8612060546875 -0.9408188462257385 3.678489 2.171828 1.459783 0.002833369
1 17.29102516174316 6.678128719329834 -0.8131961226463318 2.990957 1.832404 1.226432 0.02521077
1 11.14443111419678 6.383566379547119 -1.142673134803772 4.08529 1.983624 1.455579 0.03021736
4 8.045987129211426 18.54837226867676 -1.284764766693115 3.487953 1.065163 1.830146 -3.126038
1 57.84204483032227 -1.753774642944336 -1.317804217338562 4.464452 1.693717 1.267413 -1.752049
1 24.67209434509277 3.38353705406189 -1.088560461997986 3.877506 1.181986 1.445488 -0.001646217
1 30.97195816040039 3.112550497055054 -1.331499218940735 3.916391 0.601926 1.070643 0.01118613
1 51.50592041015625 -25.98928833007813 -0.4354905784130096 3.400487 0.674099 0.79688 1.331948
1 24.10859107971191 6.540898323059082 -0.776110827922821 2.352365 1.353824 0.763687 1.009462e-16