4 -25.39078140258789 24.94377326965332 -1.442453145980835 1.253241 0.598258 1.488658 2.880623
3 23.3954963684082 25.62347030639648 -0.9658451676368713 0.263877 0.231615 1.159398 -4.706342e-15
3 -59.01898193359375 -11.58460426330566 -0.8194211721420288 0.577153 0.458506 1.293045 -0.0168487
1 32.74345397949219 16.59320640563965 -1.234863638877869 4.361802 1.726378 1.047906 3.041648
4 -13.29152297973633 -7.698882102966309 -1.032441735267639 1.687456 0.956715 1.624007 -0.01364899
4 -22.76503562927246 26.88621330261231 -1.463862657546997 1.583652 0.566912 1.559534 2.901479
2 29.35077285766602 21.77982139587402 -0.4473614096641541 11.835184 2.888424 3.046345 3.041648
1 23.21999740600586 18.67318916320801 -1.435009121894836 2.973564 1.466758 1.063183 3.008455
1 -2.070685625076294 26.04795074462891 -1.421084761619568 3.825172 1.195393 1.39208 3.041648
1 9.661554336547852 18.94184303283691 -1.256107449531555 4.625481 2.023373 1.441936 3.041648
1 19.01243400573731 -2.31309700012207 -1.04426372051239 4.970879 2.079414 1.402187 -0.01364899
1 43.92993545532227 -3.005622625350952 -1.066461086273193 3.336738 1.660902 1.48677 -0.04079967
1 32.59324264526367 -0.3120873272418976 -1.038276076316834 2.469891 1.806046 1.696025 -0.01364899