6 44.71228408813477 0.03464989736676216 -0.8261491656303406 1.134958 1.475518 0.932147 0.02681923
1 -15.73165607452393 12.01425743103027 -1.541826367378235 4.353899 1.648818 1.340976 -0.04408223
1 25.36305236816406 13.35719680786133 -1.641140103340149 1.415205 0.56412 0.867714 0.05538678
4 33.65260314941406 -16.37278747558594 -0.4233156144618988 0.6211 0.375418 0.817961 -1.562407
3 -7.637969970703125 20.77800559997559 -1.667887449264526 0.585817 0.392038 1.154045 -3.127616
1 22.63485908508301 0.3298901915550232 -1.047937989234924 3.07216 1.835489 1.356903 -0.007855479
1 -53.76795196533203 0.06867507100105286 -1.106693148612976 2.666883 1.623746 1.290931 -3.13028
3 -47.37355041503906 21.42460060119629 -1.770322322845459 0.433367 0.426594 1.258429 3.004572
3 17.0307731628418 -12.70342254638672 -1.032108068466187 0.464105 0.462336 0.944056 3.115744
4 16.04189872741699 -13.44681453704834 -0.9816444516181946 0.668845 0.714866 0.879626 -0.02584912
1 -10.91229820251465 -4.650164604187012 -0.9169527292251587 4.905297 1.970614 1.925263 -0.007855568
3 -7.439728260040283 21.43026924133301 -1.545280337333679 0.496716 0.436732 1.365022 -3.127616
4 -20.35701942443848 4.698745250701904 -1.039003610610962 1.181485 0.533084 0.671665 3.067787
1 17.66289520263672 11.39067840576172 -1.539799571037293 4.706353 1.764341 1.044122 0.06751025
4 10.72713756561279 19.0516529083252 -1.720702648162842 1.184363 0.468959 0.899251 -1.334852