6 -36.00678253173828 11.01508617401123 -0.989149272441864 1.889547 1.346184 0.41529 -3.12819
1 -12.38636589050293 12.11527538299561 -1.08236026763916 3.913209 1.349472 1.086807 3.141306
1 -24.30685806274414 -0.7453198432922363 -0.8102841377258301 1.929684 1.828343 1.784797 0.009556357
1 31.88177108764648 -12.89184856414795 -1.087000489234924 4.133543 1.645569 1.478434 0.9047766
5 -0.3144099712371826 -8.297565460205078 -1.363661885261536 0.196235 0.19371 0.529739 0.0
1 27.38568878173828 -14.20510196685791 -1.017796635627747 4.122124 1.269558 1.449052 0.7076046
1 27.82854461669922 -18.07543754577637 -0.9973360300064087 2.770156 1.666539 1.330818 1.083432
5 1.366212606430054 -9.202672004699707 -1.348284721374512 0.176375 0.216526 0.49199 4.305818e-15
3 -26.11111831665039 8.52342414855957 -0.5063568353652954 0.576891 0.36936 0.515697 1.563538
1 11.65310192108154 -16.32080268859863 -0.8924461603164673 4.519565 1.86283 1.577773 -1.145771
5 2.983288764953613 -10.11890983581543 -1.337300300598145 0.199684 0.186903 0.444788 0.0
1 -24.70122528076172 2.333733558654785 -0.7691410779953003 4.965262 1.846825 1.958271 0.009556357
3 12.14491844177246 -20.57439994812012 -0.6408424377441406 0.325809 0.604747 1.484814 -1.269132
5 5.970888137817383 -12.14433574676514 -1.275099515914917 0.216594 0.145149 0.574801 -1.923875e-15
1 50.0999641418457 2.394113302230835 -1.630367040634155 1.238824 1.616162 0.683072 -9.965239e-18
1 26.59655952453613 -22.29170417785645 -0.8906824588775635 4.543617 1.705502 1.409713 1.458866
4 1.728906393051148 19.15826416015625 -1.380063652992249 1.41385 0.608287 1.64721 -0.1447221
3 -23.2881965637207 4.560959339141846 -0.8601261377334595 0.399163 0.523476 1.59777 -1.578055
5 42.75259399414063 -7.835714340209961 -1.674396514892578 0.247005 0.234281 0.631044 0.0
3 13.47880458831787 -16.81768798828125 -0.2753351330757141 0.387613 0.511819 0.790024 -1.467447
3 -22.95784187316895 7.570304393768311 -0.4503289759159088 1.17192 0.575858 0.756966 1.563538
5 4.454015731811523 -11.07474613189697 -1.318121790885925 0.19889 0.197549 0.51951 -3.229361e-15