4 59.89773559570313 -1.205562233924866 -0.9962634444236755 0.711742 0.401988 0.970125 0.1345649
4 18.31940460205078 -2.810521602630615 -0.8684775829315186 2.897637 1.168368 1.785952 0.09891597
1 22.55125999450684 21.8077507019043 -1.436556696891785 3.356276 1.554285 1.701913 -3.104554
2 59.48273849487305 8.20503044128418 -0.1089836210012436 0.313335 2.057456 1.800991 0.04186949
1 12.92964172363281 0.5325459241867065 -1.027277946472168 3.361014 2.126354 1.458673 0.08207335
4 0.9863246083259583 28.00547027587891 -1.753526210784912 2.292814 0.543281 1.244284 -3.08695
1 20.4801197052002 1.644676804542542 -0.9893229603767395 2.967359 1.90745 1.437441 0.0560241
1 46.87495040893555 6.552711486816406 -0.9989526271820068 2.271075 1.374273 1.211591 0.06505834
1 48.03061676025391 17.97128677368164 -0.822037935256958 1.782067 2.086052 0.703876 -3.102902
1 3.633240938186646 24.30255889892578 -1.684543132781982 5.70682 1.692125 1.508844 -3.111229
1 41.97405624389648 22.12439155578613 -1.240042805671692 4.050004 1.795647 1.228935 -3.109521
1 6.076549530029297 0.5014499425888062 -1.095267653465271 3.076006 2.026106 1.326539 0.06578429
1 39.0311164855957 0.3755828440189362 -1.247493267059326 0.435033 1.520291 0.533429 0.05926328