3 33.80519104003906 33.83046340942383 -2.032446146011353 0.356898 0.532386 1.532146 0.9762862
1 14.03755950927734 7.713772296905518 -1.307608604431152 4.710045 1.87411 1.568855 1.888495
1 1.083099484443665 -5.99161958694458 -0.9942359328269958 4.442748 1.74519 1.514642 0.001419881
1 -7.260540008544922 9.248379707336426 -1.142746567726135 5.317723 1.863226 1.694438 -3.010841
1 20.42735099792481 1.974459528923035 -0.8570742011070251 3.166281 0.76324 0.921988 0.2601433
1 -25.40377044677734 -2.68821907043457 -1.116927146911621 3.659459 1.686251 1.36793 0.1915617
1 15.37336254119873 -5.374597549438477 -0.6661739349365234 4.076783 1.690191 1.644477 0.001252404
1 -10.54880905151367 -3.226704835891724 -0.8011381030082703 4.790165 1.938551 1.956665 0.01951774
1 -17.07989311218262 -2.91685938835144 -0.9983155131340027 4.112618 1.312092 1.580435 0.009003655
1 2.246644258499146 -2.650228977203369 -1.038394927978516 4.391263 1.919078 1.479609 0.001419881
1 -4.26096248626709 -6.110874652862549 -1.032738089561462 3.867257 1.949823 1.529879 0.1454285
3 29.2912483215332 -33.64984512329102 -0.2578011155128479 0.298861 0.469941 0.871842 -1.096721
1 -11.66511726379395 2.536937245167792e-06 -0.8019382357597351 5.202811 1.975207 1.95261 0.01951774
6 -19.44773292541504 9.971780776977539 -0.2219906598329544 0.597134 1.548269 0.169671 -3.135842
2 -25.74538612365723 9.912522315979004 -0.3888934850692749 11.639736 2.997919 3.290949 -3.131501
1 -3.751371145248413 -3.270657777786255 -0.9734528660774231 4.284246 1.940648 1.564332 0.01951774
1 7.557693958282471 0.3796443939208984 -1.033912062644959 3.324973 2.051635 1.459887 0.01951774
1 22.3858699798584 -5.436193943023682 -0.8035852909088135 2.981237 1.409949 0.934512 0.01951774
4 -30.09809684753418 17.11803436279297 -1.206398963928223 0.756733 0.432558 1.075204 3.137954
1 15.54997062683106 -2.68471097946167 -1.075631618499756 4.345679 1.481691 1.49796 0.03742966
1 8.222844123840332 -5.686705589294434 -0.9457687139511108 4.182962 1.920895 1.657774 0.01785612
1 14.14942169189453 0.4657650291919708 -0.6474978923797607 3.221485 1.893415 1.097211 0.1925429
1 -31.02388763427734 -2.482541561126709 -0.887902557849884 2.077059 0.241435 0.569008 0.1042076
1 8.070408821105957 -2.703097820281982 -0.9846656918525696 4.185016 1.874381 1.628571 0.001419881
3 9.749749183654785 20.57189178466797 -1.463717103004456 0.609338 0.577449 1.188426 -3.061107
1 6.917624950408936 11.53002643585205 -1.387789964675903 4.512397 1.758688 1.508354 -3.083821
1 -14.01608753204346 -5.877525806427002 -0.8144978284835815 4.651648 1.22028 1.989751 0.001419881