1 -55.06264877319336 -21.78040504455566 -0.7996559739112854 2.004741 0.411027 1.222551 1.554446
6 -51.36565399169922 1.786514043807983 -1.302836418151856 0.398391 1.66204 0.280211 -0.003729812
1 1.778267025947571 10.45040988922119 -0.8533690571784973 4.592139 1.840486 1.007891 3.124576
1 -1.649628877639771 36.37783432006836 -0.4854937493801117 3.126997 1.843205 1.414168 1.608388
1 -4.305534839630127 11.06599807739258 -0.9366455078125 4.409783 2.048294 1.206583 -3.140121
1 -23.27963829040527 11.37182807922363 -0.649279773235321 2.996737 1.464152 0.796071 3.136744
1 18.92173385620117 10.74485301971436 -0.8447310328483582 2.869771 1.64826 0.549471 3.104627
6 -49.08813095092773 4.848955154418945 -1.11969804763794 0.106893 0.562829 0.011443 -0.003729812
6 56.66483688354492 1.732549548149109 -1.294129848480225 0.188655 1.235762 0.018472 0.004018616
2 -27.6873779296875 14.39390563964844 0.01686925441026688 11.752297 2.630907 2.57603 3.12505
6 -51.51396179199219 -21.97252655029297 -1.073518991470337 2.92994 0.19497 0.496628 1.742934
1 -19.09182739257813 17.19332313537598 -0.9450536370277405 3.452224 1.745753 1.403246 3.109772
1 -17.28486633300781 3.24159574508667 -0.785239577293396 5.021949 2.023246 1.975401 -0.01657449
6 -37.37363815307617 14.19924163818359 -0.06303867697715759 2.305084 0.81343 0.033154 3.136744
1 -29.91418266296387 11.51057815551758 -0.5618020296096802 3.789992 1.721667 0.819945 3.136744
1 -2.016073703765869 48.36301040649414 -1.092350482940674 4.354456 0.707781 0.929924 3.126312
1 -10.83734798431397 10.99116706848145 -0.9944999814033508 4.243794 1.639247 1.512962 -3.100721
2 27.1426944732666 16.32592391967773 -0.1498265564441681 11.118463 2.791571 3.108876 3.111433
1 -2.892187356948853 14.114333152771 -0.9730566143989563 2.569692 1.548027 1.206537 3.136571
1 3.780203104019165 16.38554191589356 -0.9387314319610596 4.734306 0.855598 0.702227 3.120255
1 -3.163195610046387 51.29307556152344 0.3414154946804047 2.339962 0.432765 1.585953 -3.056876
1 -15.91090965270996 11.2303409576416 -0.7499405741691589 3.19884 1.553814 0.946336 3.136744
1 -53.30487442016602 -14.88146877288818 -0.9070188999176025 2.409338 1.140411 0.768007 1.645702
1 37.30038833618164 -0.6812048554420471 -1.313070178031921 0.486189 1.5686 0.713794 0.002788795
6 -35.33327484130859 11.33706760406494 -0.8787232637405396 0.35915 1.071836 0.2045 -3.073515
4 19.03316688537598 -10.46202659606934 -0.9540156722068787 2.451941 1.17341 1.592406 -2.999202