1 -41.13959503173828 9.604243278503418 -1.620290994644165 3.409686 1.705505 0.703867 -3.07487
1 2.466171503067017 11.90674781799316 -1.387154579162598 4.489233 1.807273 1.487715 -3.136674
1 26.59487915039063 0.2199795544147492 -1.266417980194092 1.405053 1.652541 0.818188 0.02272752
3 -7.149180412292481 20.03471755981445 -1.337881565093994 0.969525 0.850563 1.863893 -0.005471235
3 40.18279647827148 20.9258975982666 -1.496719479560852 0.557761 0.632452 1.187182 0.008078274
1 -25.64554595947266 10.70535469055176 -1.367953538894653 4.16943 1.612696 1.497992 -3.136674
1 -49.89041137695313 0.2010160088539124 -0.8775507211685181 1.894006 1.567822 1.562712 0.02067798
1 17.33121490478516 11.60248947143555 -1.248048782348633 4.048755 2.017109 1.6746 -3.136674
4 25.97898292541504 -8.990255355834961 -0.8892404437065125 1.934343 0.671328 0.817695 -0.03588656
1 -12.33594608306885 -4.795211791992188 -0.8426355123519897 4.795232 1.956376 1.850496 0.02067798
3 -35.22285842895508 20.92786026000977 -1.426244378089905 0.480765 0.749729 1.855356 0.01000173
6 52.91238784790039 0.8167623281478882 -0.4536258280277252 0.217621 0.865096 0.054271 0.02193861
3 -7.672772407531738 21.84465599060059 -1.530811667442322 1.018386 0.630285 1.639237 -0.06932414
1 -51.70114517211914 8.460246086120605 -1.478532910346985 0.329491 1.4141 0.605834 3.136103