1 39.34560775756836 -12.6735315322876 -0.9898137450218201 3.580986 1.630508 1.384473 0.8820834
3 -15.7016019821167 7.641529560089111 -0.584537148475647 1.565564 0.525266 0.816983 1.618397
5 10.34240913391113 -10.06893348693848 -1.366705894470215 0.122223 0.106554 0.508397 0.0
1 35.00070953369141 -14.30334663391113 -0.906516432762146 4.359345 1.635512 1.310833 0.7470008
4 7.647407531738281 19.23671722412109 -1.523969888687134 1.738839 0.604362 1.78847 -0.004112307
3 19.50634002685547 -20.521728515625 -0.5258062481880188 0.333933 0.666643 1.462781 1.960054
1 19.28590202331543 -16.24552154541016 -0.7436987161636353 4.915668 2.436731 1.647143 -1.168632
3 -18.74285125732422 8.674403190612793 -0.7357698082923889 0.458681 0.70523 0.967968 -3.085539
1 -21.2041130065918 11.18425941467285 -0.998156726360321 3.420459 1.574914 1.068453 3.141592
5 11.87468242645264 -11.01726245880127 -1.289417743682861 0.205339 0.1146 0.471428 -3.563823e-15
1 34.89835357666016 -17.83309364318848 -0.8866764903068542 3.220248 0.829217 1.217499 1.064125
1 34.00798416137695 -22.21730804443359 -0.7315078973770142 4.556048 1.709356 1.417678 1.486326
3 -15.88804149627686 4.644315719604492 -0.881000280380249 0.403289 0.558011 1.667907 -1.523196
5 13.34289646148682 -12.10237789154053 -1.251251935958862 0.089715 0.180007 0.475855 0.0
1 50.75093078613281 2.424681186676025 -1.459047794342041 0.771111 1.693001 0.610705 0.008294843
5 7.08349084854126 -8.27209758758545 -1.365890622138977 0.158041 0.141667 0.532704 0.0
5 8.749019622802734 -9.17977523803711 -1.36886203289032 0.126777 0.135882 0.561105 -3.467799e-15
1 1.704535961151123 12.26483631134033 -1.071732044219971 4.421697 1.844759 0.927629 3.141592
4 -8.916118621826172 19.70469665527344 -1.639107823371887 1.444844 0.712495 1.495449 -3.131733
1 -23.74201774597168 2.345212459564209 -0.8415608406066895 5.039487 1.868704 1.884971 -4.017386e-17
1 -25.07123565673828 -0.7084711194038391 -0.8304278254508972 2.798168 1.865278 1.825815 0.0