1 -40.34748458862305 5.55812931060791 -1.682797193527222 1.211589 1.292513 0.852175 -2.722433
1 17.98722648620606 0.04435703158378601 -0.9936652183532715 3.00527 1.831617 1.356354 0.01264017
1 -52.21970367431641 -20.99848747253418 -0.952104389667511 3.848433 1.670235 1.593928 1.53169
1 -49.43682098388672 16.23645782470703 -2.071899890899658 0.988086 0.997454 0.76127 1.577443
2 -4.56312894821167 -8.718140602111816 -0.4482241868972778 6.282913 2.266904 2.04751 -0.0269281
2 -46.93262481689453 28.43697547912598 -1.881404638290405 1.032183 1.572934 1.341269 1.560863
4 -29.97072410583496 16.67973709106445 -1.761847138404846 1.360592 0.580491 1.427513 3.070954
6 55.15707778930664 2.754400491714478 -0.6340985298156738 0.538826 1.383925 1.226708 0.01264017
4 -21.29937171936035 -3.325077295303345 -1.002540588378906 2.10771 1.18633 1.687183 0.127894
6 38.31273651123047 -0.2458328604698181 -0.7703831791877747 0.238589 1.468941 0.016264 0.01264017
1 -17.45154571533203 0.2107413560152054 -1.19533097743988 4.178424 2.102886 1.407598 0.1220181
1 -34.27029418945313 2.346565246582031 -1.397735953330994 4.195303 0.881367 1.459667 -1.766908
3 37.1707763671875 -8.541808128356934 -0.3574532270431519 0.42021 0.441244 0.846503 3.122358
4 -12.74317741394043 -4.836593151092529 -0.9996395111083984 1.974118 0.677781 1.654468 -0.008268612
1 -55.01963424682617 -5.653535842895508 -1.359749674797058 2.735055 1.789881 1.15611 -1.87427
1 -47.82128143310547 0.02857071906328201 -1.598264932632446 3.962466 0.346989 0.722987 -2.310944
3 -4.413452625274658 19.88362503051758 -1.357759714126587 0.341823 0.574937 1.127777 3.01171