4 3.016543626785278 -5.249705791473389 -0.928322970867157 1.743095 0.632319 1.714672 0.004174114
1 1.583654761314392 3.752431869506836 -1.067170023918152 4.777729 1.979206 1.494878 0.01673787
6 42.33163070678711 0.6079168319702148 -1.187674522399902 0.439566 1.608602 0.490009 0.05844239
2 45.9481315612793 11.15484523773193 -0.2855517566204071 6.406442 2.308494 1.985628 -3.13729
2 -43.92110443115234 7.855623245239258 0.1194293722510338 7.305351 2.497988 2.12461 -3.138613
4 8.727807998657227 16.43166351318359 -1.424659967422485 1.665722 0.60988 1.459355 -3.136251
1 24.67452621459961 11.15896606445313 -1.028931021690369 4.654903 1.605402 1.074598 3.129113
1 52.78126907348633 -0.3842076659202576 -1.413053750991821 3.062411 1.6222 1.307039 0.03414305
1 29.30023193359375 18.72927856445313 -1.451851725578308 2.568208 1.87886 1.483833 -2.618231
6 2.864892482757568 -5.68717098236084 -1.528146147727966 0.314083 0.169414 0.208037 -0.01089315
1 14.89412593841553 0.5868347883224487 -1.136199355125427 3.11409 1.88843 1.409774 0.01673787