1 -2.589071273803711 -6.132018089294434 -0.9274954795837402 4.338074 1.752567 1.307501 0.04093496
2 -62.12704849243164 13.92409038543701 -1.093419075012207 9.541986 2.765032 3.215453 3.112169
1 23.1561393737793 2.10764479637146 -0.7193571925163269 3.815244 0.653453 0.985084 0.1886721
1 18.02174949645996 -2.67802906036377 -0.9439212083816528 4.190711 1.316541 1.405807 0.04445536
3 15.14376544952393 21.11719703674316 -1.379802584648132 0.543869 0.649459 1.316103 3.141592
1 -29.71925926208496 -2.782749176025391 -1.392386436462402 3.481229 1.314163 1.433053 0.0
1 -1.399902105331421 -3.283646106719971 -0.971032440662384 4.40396 1.86628 1.559009 0.02247608
1 4.642803192138672 -2.610979795455933 -1.003587365150452 4.334308 1.647383 1.443182 0.05600456
1 -7.957361221313477 -3.155732154846191 -0.871081531047821 4.537013 1.831596 1.933034 -0.00197716
1 11.33732128143311 11.47554969787598 -1.201667308807373 4.449394 1.985394 1.691774 -3.063128
2 -7.618015289306641 10.24817848205566 -0.5823370814323425 12.900635 2.973297 2.840489 -3.11447
1 21.3870849609375 12.46238422393799 -1.288730263710022 4.261708 2.033159 1.486148 -2.986845
1 -23.03777694702148 -2.935905933380127 -1.240942001342773 4.106728 1.624881 1.496911 0.02475016
1 17.42893600463867 -5.374100685119629 -0.4778531193733215 3.411294 1.610629 1.590033 -0.0401448
1 17.25933647155762 6.166061878204346 -0.9376756548881531 4.590605 1.758813 1.228671 1.49818
1 -14.68317699432373 -2.998545169830322 -1.073963761329651 3.991031 1.552845 1.541399 0.003296607
1 10.56241512298584 -2.542583227157593 -0.8653119802474976 4.142584 1.742844 1.631592 0.005131098
2 -24.40081596374512 0.1047389954328537 -1.02647602558136 4.958372 2.011796 1.910458 0.02475016
1 8.056478500366211 0.4125943779945374 -0.9636064171791077 3.572205 2.024221 1.457347 0.01140588
1 -52.32012557983398 -2.791904926300049 -1.612010598182678 1.829118 1.864173 0.896062 -0.008375426
1 24.60847282409668 -5.298848628997803 -0.7297099828720093 2.578471 1.259752 1.27653 0.07204086
1 3.656890392303467 -5.995566844940186 -0.9677110314369202 4.529295 1.797234 1.475808 -0.01671832
1 16.2486572265625 0.5136481523513794 -0.6555881500244141 3.763735 2.04394 1.530769 0.1462859
1 10.77000999450684 -5.641355991363525 -0.7332890033721924 4.24829 1.885777 1.347433 0.04191248