1 8.234496116638184 1.024693131446838 -1.070557713508606 3.515038 2.004272 1.405335 -0.02449451
1 3.199541091918945 35.66914749145508 -0.9826821684837341 1.836044 1.785582 0.536637 -1.580385
1 36.73305130004883 5.384134769439697 -1.098340392112732 3.978605 1.815542 1.105489 0.02327294
3 -17.31137084960938 20.93548393249512 -0.9765263795852661 0.494079 0.679269 0.679788 3.141592
6 9.262636184692383 25.21266746520996 -1.270946264266968 0.979342 0.208593 0.804338 3.141592
1 36.32418441772461 1.83595085144043 -1.255056858062744 2.762379 1.847043 1.093866 0.02327294
5 11.8524169921875 25.20538330078125 -1.345014810562134 0.407075 0.487166 1.180596 -1.587936
1 -33.73480224609375 35.54251861572266 -0.7299410104751587 2.1015 1.168897 0.688537 -1.553813
6 6.885226249694824 25.1494312286377 -1.401604056358337 1.252266 0.317918 1.102538 3.141592
1 -30.11684417724609 35.47460556030273 -0.6430448889732361 1.497858 1.022482 0.620991 1.407143
1 -15.38047981262207 35.70845794677734 -0.7173087000846863 1.991693 1.568999 0.61074 -1.580385