6 -17.9361743927002 18.43379592895508 -1.662160754203796 0.408141 0.188189 0.72144 3.04901
1 -4.499910831451416 15.55283355712891 -1.047888040542603 4.335779 1.899971 1.795838 3.060421
3 -0.8905360102653503 23.21747779846191 -1.154005169868469 0.926993 0.586147 1.571346 -0.1021728
4 -39.61371231079102 -7.438424110412598 -1.186562418937683 0.914042 0.83465 1.468612 -3.130014
6 41.90325164794922 24.97072982788086 -0.6063970327377319 0.343079 0.445644 0.402243 2.93522
1 8.989818572998047 13.99883079528809 -1.239160656929016 4.532618 1.846865 1.366708 3.110838
1 -31.57731819152832 14.68256950378418 -1.251404047012329 1.029462 0.992047 0.794697 3.016479
2 -8.436073303222656 12.45562648773193 -0.7331666350364685 5.987669 2.462094 2.277989 3.044863
1 37.15526962280273 0.65984708070755 -0.7347884178161621 1.011794 1.777715 1.244834 -0.01205703
1 36.58383178710938 13.8372745513916 -1.310199856758118 3.976259 1.977941 1.068404 -3.044206
2 27.30240631103516 3.395825624465942 -0.3533764183521271 4.627071 2.190073 2.832175 0.05000736
1 21.97367477416992 13.33511543273926 -1.172568440437317 3.988536 1.907597 1.475151 -3.040497
1 19.34986877441406 -0.2615878283977509 -1.054720759391785 3.324133 2.136953 1.438844 0.1250582
2 -24.00611686706543 21.28915786743164 -0.6439964175224304 11.788246 2.968877 3.20084 3.026274
1 34.70527267456055 -4.031633853912354 -0.9930567145347595 3.902986 1.679955 1.371294 -0.3572816