2 55.12936782836914 7.794021606445313 -0.0977291613817215 0.682148 2.235736 1.684132 0.07123005
1 13.75004482269287 0.4226536750793457 -1.015915036201477 3.25547 1.846092 1.37619 0.07459518
6 53.14995574951172 1.700115203857422 -1.124434113502502 0.505488 0.504986 0.771063 0.07123005
6 -41.18866729736328 25.16935157775879 -1.592985033988953 0.188581 1.426076 0.072938 3.106188
4 14.13779830932617 -3.385665893554688 -0.8683764338493347 2.899842 1.185556 1.758449 0.116592
1 42.42960357666016 6.16142463684082 -1.323792219161987 0.464375 1.391667 0.843512 0.08578476
1 -49.06800842285156 21.16644287109375 -1.107929348945618 2.753816 1.394877 0.786666 3.126324
4 57.51112365722656 -1.389249086380005 -1.082304000854492 0.280013 0.53348 1.120539 0.01966634
1 35.58874893188477 -0.0950874388217926 -1.273650646209717 0.35206 1.316407 0.790474 0.08578476
1 6.837292194366455 0.5329834222793579 -1.081825137138367 3.054175 2.032437 1.368023 0.04939575
1 51.83465194702148 21.82660293579102 -1.594471096992493 3.655765 0.897348 0.702892 -3.12709
1 20.30766487121582 24.49654388427734 -1.654152870178223 3.243328 1.289801 1.398465 -3.12709
1 20.00979614257813 1.809478998184204 -0.8584762811660767 3.531323 1.656654 1.214506 0.08578476
4 11.9857349395752 28.33979988098145 -1.777749061584473 1.644258 0.760872 1.404075 -3.137331
6 -38.42715072631836 18.69331550598145 1.573612213134766 1.517096 0.962787 0.188408 0.01554363