6 -47.5108528137207 -0.5352004766464233 -1.174546837806702 0.46667 1.822033 0.335363 0.02311411
1 55.92935943603516 2.618643283843994 -1.667968273162842 0.537085 1.441927 0.69083 -0.03053618
2 -11.2422456741333 16.62063217163086 -0.5693845748901367 10.957879 2.597798 3.048033 3.132776
1 -28.83773612976074 16.93711090087891 -1.452539205551148 1.371116 1.10488 1.069581 3.123233
6 -37.83442687988281 10.05530738830566 -0.9386510252952576 0.277707 0.422966 0.240121 3.111057
1 -9.818042755126953 11.19142818450928 -0.8819747567176819 3.864864 1.919064 0.783151 3.070995
1 44.57586288452148 -0.06176926195621491 -1.581262469291687 1.143592 1.812659 1.14064 -0.03053618
3 -3.687440156936646 -9.676773071289062 -0.6522130966186523 0.587228 0.765233 1.685688 -1.433561
1 -51.90867233276367 10.44464206695557 -0.4298814535140991 1.03017 0.906973 0.667319 3.111057
3 27.67376518249512 22.30674171447754 -1.934746026992798 0.719831 0.487939 0.675788 3.038063
3 53.27494430541992 5.13653039932251 -1.517124652862549 0.281463 0.665636 1.420247 -1.509192
3 27.88154220581055 23.03372764587402 -1.872679591178894 1.010605 0.611188 0.492427 3.075522
1 -26.36737060546875 10.50640106201172 -0.7272083759307861 1.920476 1.561052 0.598016 3.111057
6 38.85819244384766 10.96481704711914 -1.150474190711975 0.16417 1.04612 0.076516 -3.129152
1 -18.26655578613281 2.666117668151856 -0.7527064085006714 5.047848 2.021019 1.957904 0.01088779
1 -42.64106750488281 2.431030750274658 -0.5158126354217529 1.8225 1.49946 1.405105 0.02311411
6 -32.16286468505859 10.44898891448975 -0.9558694958686829 0.425583 0.998447 0.274559 3.111057
6 -19.34325218200684 10.68301391601563 -0.9240683913230896 0.549521 0.722332 0.283038 3.111057