5 14.38801288604736 -8.232122421264648 -1.421364188194275 0.179887 0.219799 0.468913 -1.581128
5 17.58975028991699 -10.00358486175537 -1.337852001190186 0.128518 0.247577 0.396662 -3.086351
5 20.66773223876953 -12.02499961853027 -1.31035852432251 0.13323 0.220754 0.455999 -2.773757
3 -8.439786911010742 7.870965003967285 -0.5372170805931091 0.984778 0.740637 0.777505 1.538446
1 46.19693756103516 -12.22306346893311 -1.052158236503601 3.513115 0.510933 1.320901 0.9090201
1 51.84173965454102 2.481333255767822 -1.507171034812927 0.782137 1.533828 0.688542 0.02609427
1 -22.85605621337891 2.3381667137146 -0.816349983215332 5.050532 1.878828 1.84584 0.01472962
1 26.30438423156738 -16.01865386962891 -0.7789943218231201 4.029046 1.958159 1.642862 -1.13865
4 13.53072452545166 19.177001953125 -1.453434944152832 1.67039 0.56781 1.603948 -3.116019
1 -7.69572114944458 11.27139568328857 -1.025607824325562 4.138262 1.784247 1.282229 -3.126863
3 -8.703473091125488 4.729254245758057 -0.9153254628181458 0.586941 0.783905 1.705952 -1.43206
6 58.89059448242188 -0.6411060094833374 -1.555881261825562 0.21461 1.12733 0.389755 0.01229157
3 -11.47332668304443 8.609596252441406 -0.9067462086677551 0.52576 0.817785 1.343003 -3.07765
1 -25.23215484619141 -0.6873589754104614 -0.8117325901985168 2.553449 1.808057 1.786561 0.01472962
1 15.8263635635376 12.29848480224609 -1.14158308506012 4.00764 1.764417 0.969967 -3.126863
1 41.13962554931641 -21.37070655822754 -0.8156349062919617 2.841182 1.23293 1.506602 1.532486
3 26.85755920410156 -20.42597007751465 -0.6312391757965088 0.412824 0.570491 1.321017 -1.144049
1 42.05988311767578 -17.57288551330566 -0.96494460105896 2.736042 0.423989 1.202484 1.098572
4 1.164877414703369 19.84963607788086 -1.602873802185059 1.600852 0.817678 1.501385 -3.11345
1 42.35204315185547 -14.27546882629395 -1.047735095024109 4.123909 1.798889 1.409291 0.704619