1 7.372031211853027 0.4051155149936676 -0.9134671092033386 3.208035 2.064741 1.446892 0.0
6 -5.512787342071533 10.44222354888916 -0.2894645631313324 0.957149 1.917379 0.273231 -3.117612
2 -63.22902297973633 13.98245048522949 -0.9221341609954834 9.535315 2.534277 3.149759 3.124708
1 3.579471588134766 -2.683160781860352 -0.9902843832969666 4.347799 2.002 1.4693 -3.87681e-17
1 9.509891510009766 -2.639435291290283 -0.8838812708854675 4.082331 1.717022 1.641028 -0.03058789
3 -8.541681289672852 -52.67063140869141 0.4261774122714996 0.448419 0.511806 1.412787 2.414426
1 15.60971260070801 0.5741464495658875 -0.6068967580795288 3.858486 1.909007 1.331143 0.1796096
1 -30.60639762878418 -2.555570602416992 -1.361454248428345 3.430407 0.829243 1.271476 0.0
2 -21.74738693237305 0.0519493967294693 -0.9630503058433533 4.970325 1.895389 1.870453 0.0
1 23.46903228759766 -5.455281257629395 -0.5218605995178223 2.282783 1.457023 0.900475 0.0
1 -15.79731750488281 -3.227099657058716 -1.073207855224609 4.143685 2.050599 1.630487 0.0
1 -9.144807815551758 -3.144529342651367 -0.8851059079170227 4.87723 1.854313 1.937435 0.0
1 -2.369383573532105 -3.296951293945313 -0.9928600192070007 4.241178 1.877764 1.571235 0.0223068
1 16.14129447937012 6.280259132385254 -0.9805444478988647 4.675691 1.757295 1.214881 1.539613
1 16.42168807983398 -5.371537685394287 -0.4806944727897644 3.325545 1.665439 1.41605 -9.594789e-17
6 22.35157775878906 2.325982332229614 -0.9077649712562561 4.315863 0.31518 0.973865 0.2237673
1 16.87814903259277 -2.743779182434082 -1.015045166015625 4.260968 1.401686 1.474043 0.05269283
1 7.411915302276611 11.13683700561523 -1.231348037719727 4.499493 2.070143 1.675832 -3.036945
1 -24.10174179077148 -2.888528823852539 -1.24282443523407 4.030223 1.562688 1.453161 0.0
1 18.25341796875 12.10990715026856 -1.315848112106323 4.39187 1.807587 1.492823 -3.013661
1 -2.805289506912231 -6.000219345092773 -0.8992928862571716 3.37435 1.82014 1.191152 0.08194161
1 9.705972671508789 -5.772889137268066 -0.8494136333465576 4.168179 2.099284 1.621036 0.03481673
6 -16.61538887023926 -6.175780296325684 -0.05423526838421822 1.183738 0.863799 0.161688 0.001807644
2 -11.8659610748291 10.27834892272949 -0.6505761742591858 11.958592 3.182532 3.015004 -3.120528
1 2.537636041641235 -6.033590316772461 -0.9850553870201111 4.488677 1.862199 1.489868 -7.573302e-17
1 -49.97941589355469 -2.822005271911621 -1.553609132766724 1.82581 1.947479 0.896588 0.001807644