1 7.308990955352783 36.01222610473633 -0.8333933353424072 1.94638 1.686509 0.89238 1.533822
4 -54.43219375610352 -5.506016254425049 -1.370617151260376 1.128129 0.316893 1.198922 0.003226261
1 3.627325534820557 35.53487777709961 -0.7627447843551636 1.699945 1.336283 0.756091 1.556158
1 35.73760223388672 1.327609658241272 -1.172405004501343 1.33436 1.823362 0.968159 0.007810238
1 -58.84727096557617 18.66905212402344 -1.933259725570679 4.271746 1.310243 1.103982 -2.654897
1 11.64312076568604 35.64289474487305 -0.7494113445281982 1.626416 1.514357 1.052613 1.566262
1 26.76005554199219 4.31513786315918 -0.9299381971359253 4.150283 1.836519 1.398052 0.00815061
6 -18.30920219421387 34.39281463623047 -1.20871376991272 0.301352 0.52669 0.513207 1.502661
1 -14.31555366516113 36.008056640625 -0.9670635461807251 3.787328 1.596807 1.105834 1.530379
1 -6.451474666595459 35.22745895385742 -0.855451226234436 1.291507 1.123231 0.940941 1.486039
1 50.22703552246094 0.5650488138198853 -0.9226059317588806 0.32715 0.899681 0.535557 0.01263218
1 -3.30865216255188 34.69850540161133 -0.8485682010650635 0.78303 1.751971 0.966194 1.555529
1 -25.34039688110352 35.14650344848633 -1.152665734291077 1.518378 1.449846 0.560369 1.47104
3 13.44212245941162 21.15238189697266 -1.124616742134094 0.46636 0.655569 1.44271 -3.052293
4 -23.06549644470215 16.23015975952148 -1.407504677772522 1.415808 0.504197 1.529085 -3.114739
1 9.601982116699219 0.8284181356430054 -1.03541898727417 3.061179 1.929744 1.413545 0.03034735