4 -19.14368629455566 28.32365608215332 -1.704444050788879 1.518897 0.486283 1.357516 3.133773
1 13.88375949859619 0.7266290187835693 -0.9546296000480652 3.39311 1.810079 1.246081 0.1938767
1 -1.42325484752655 21.34747695922852 -1.257043838500977 4.327484 1.687463 1.454638 -3.111433
1 5.982075214385986 0.5676706433296204 -1.09554386138916 3.089256 2.032454 1.345066 0.02728179
1 26.47931861877441 2.401186943054199 -1.029004335403442 2.009413 1.610767 1.621606 0.2286928
1 44.64181137084961 24.72965431213379 -1.527022957801819 4.159805 1.686693 0.772418 3.125254
1 47.52617263793945 1.802215814590454 -1.313019275665283 0.596865 1.541249 0.614606 0.1103101
1 -30.3305721282959 24.11987113952637 -1.579968214035034 3.911509 1.528806 1.264249 -3.141356
4 27.45310401916504 -2.203490495681763 -0.9703599810600281 2.767621 1.212945 1.763272 0.05302943
1 21.38459968566895 18.16185188293457 -1.033558487892151 4.784287 1.97414 1.524725 3.133946
1 20.41936874389648 21.76470184326172 -1.521125316619873 4.354482 1.807383 1.705428 -3.084449
1 57.61159896850586 7.622016906738281 -1.103709578514099 2.207241 1.535991 1.166468 0.1103101