1 -16.61096382141113 15.63000679016113 -1.36900794506073 3.58663 1.764358 1.382247 3.120218
6 -29.31822204589844 14.29831504821777 -1.23973536491394 0.906077 1.716153 1.268904 3.114148
3 -20.14204406738281 -9.283053398132324 -1.195128083229065 0.457224 0.41684 0.738147 3.025694
1 58.99366760253906 -0.8272954821586609 -0.9793373346328735 1.073763 1.229356 0.896689 -0.03160971
3 -19.93820762634277 3.923664808273315 -0.866554856300354 0.471917 0.456664 1.703411 -0.01643541
3 -19.68383407592773 -9.407007217407227 -1.29781699180603 0.338425 0.533845 0.760737 3.117475
3 -27.74829483032227 20.15011978149414 -1.458495497703552 0.494875 0.438188 1.272518 0.1034124
1 23.77856826782227 8.094717979431152 -0.9594745635986328 3.493366 1.595977 1.062423 3.137732
1 -31.83856010437012 14.34085941314697 -1.141124367713928 4.048489 1.680012 1.562545 3.109143
3 -13.5236234664917 -8.551721572875977 -0.9444199204444885 0.582187 0.676526 1.559484 -2.791127
1 -16.10308647155762 -3.802178621292114 -0.90240478515625 4.807881 1.859155 1.885313 -0.0184844
3 -18.08217811584473 -9.017115592956543 -0.7446483373641968 0.477563 0.391885 1.264258 -0.03244353
1 12.59600162506104 11.57368850708008 -1.208717584609985 4.132521 1.673793 1.403175 3.109983
1 0.5406098365783691 11.82240390777588 -1.16559374332428 4.78511 1.799926 1.398326 -3.13163
3 -15.69145202636719 -8.076604843139648 -1.053591966629028 0.404774 0.651259 1.521393 -0.2819324
1 30.9201602935791 -0.02140058949589729 -1.238200545310974 0.592934 1.504492 0.636115 -0.03160971
6 45.49138259887695 11.15763568878174 -1.443261027336121 0.530074 0.68037 0.289812 3.138052
3 19.59664535522461 21.47947120666504 -1.09992253780365 0.622359 0.552431 1.614034 3.090292
4 28.06407737731934 -8.1968994140625 -0.7146136164665222 0.912514 0.512125 1.161039 -0.008507312
1 -7.671766757965088 14.81300449371338 -1.328394174575806 4.105701 1.703773 1.430791 -3.13163
4 -18.09923934936523 6.873854160308838 -0.5986834168434143 0.839407 0.598521 0.531748 -0.01643541
3 -14.82222270965576 -9.560940742492676 -0.7429376244544983 0.770751 0.543788 1.761923 2.225199
1 -42.27396392822266 2.312010526657105 -0.8451569080352783 2.742318 1.796827 1.626531 -0.0184844
3 -18.23082542419434 -7.600089550018311 -1.096606969833374 0.331257 0.553246 1.46537 2.690618
1 19.98430061340332 13.90548610687256 -1.41497814655304 3.004491 0.593831 1.201961 3.118617