1 22.30807685852051 39.73284912109375 -2.012996912002564 1.134319 1.172964 0.949152 -0.1143432
6 44.70192337036133 2.498994112014771 -1.264910936355591 0.949921 1.192728 1.18725 -0.05478431
4 10.78833770751953 -3.96980619430542 -0.9227749109268188 3.670781 1.25594 1.775312 0.0
2 16.59991073608398 17.80471801757813 -0.6764970421791077 12.284166 3.059502 3.108802 3.068654
4 -1.826449394226074 -12.63068962097168 -0.9250361323356628 1.894204 0.668179 1.56615 2.124437
2 13.0692663192749 11.29369354248047 -0.6352158188819885 6.746305 2.210533 2.851194 0.5328932
1 -19.65535736083984 0.2396893948316574 -1.076872825622559 2.233238 1.996986 1.392611 0.0
1 10.01920890808106 -17.26188278198242 -0.8509904146194458 4.923156 2.016423 1.653782 1.496108
2 -48.85414123535156 16.6411304473877 -0.3290894031524658 4.639064 2.065154 2.151213 3.106542
3 -28.55137443542481 -11.14546298980713 -1.008124470710754 0.633776 0.703069 0.941595 1.535947
3 15.2300910949707 35.1210823059082 -1.679696321487427 0.497218 0.60628 1.317147 0.01245602
1 9.500530242919922 -28.95390701293945 -0.8818410038948059 3.854653 1.669006 1.443056 1.405507
3 -29.21137237548828 -11.05007171630859 -1.106380462646484 0.545265 0.647396 0.800273 1.535947
1 28.67004776000977 9.19390869140625 -1.607486724853516 6.076177 0.952203 1.083303 -3.051594
6 54.2418327331543 0.003110395278781653 -1.651973605155945 0.520021 0.618698 0.666886 -0.05478431
1 9.504185676574707 -22.99159812927246 -0.8610175251960754 4.487344 1.596028 1.532774 1.562256
1 18.56397819519043 7.246843814849854 -1.26163923740387 3.70534 2.140168 1.531645 -2.846973
1 29.2836799621582 6.179858207702637 -1.370570659637451 4.305576 1.878822 1.517772 -2.159773
6 30.90017890930176 0.5066601037979126 -1.503436207771301 0.864311 1.319497 1.040319 -0.0137785
1 16.69597053527832 0.7790039777755737 -1.234465599060059 2.994355 2.067946 1.425048 0.02246127
2 57.39489364624023 -8.177473068237305 -1.225548028945923 3.748387 1.931222 1.938879 -0.125422
4 27.27274703979492 -3.741756439208984 -1.267180323600769 1.210276 0.666605 1.441089 0.02246127