1 18.77800369262695 -2.951652050018311 -1.078072428703308 5.529072 1.992877 1.507336 0.0
1 31.40943717956543 -0.1260541677474976 -0.8783635497093201 1.874258 1.82837 1.431407 0.07817086
3 -3.391985893249512 33.30583572387695 -1.412845492362976 0.351513 0.437563 0.467311 -6.447453e-15
6 29.56043434143066 -0.4212223291397095 -0.6494486927986145 1.110811 1.262451 0.232297 -0.0167794
4 7.783692836761475 25.98166275024414 -1.391730427742004 1.085583 0.615047 1.487018 3.009216
4 -14.54930114746094 27.60626411437988 -1.430103898048401 0.914923 0.597449 1.667387 2.557177
4 8.705894470214844 23.5477237701416 -1.239055395126343 1.147668 0.824409 1.380033 3.099887
2 51.04722595214844 21.83798217773438 -0.1272338181734085 11.971473 2.906195 2.662663 3.014487
6 16.86689186096191 26.38252830505371 -1.579750895500183 4.081105 1.395343 0.982255 3.141592
3 -36.97747039794922 -11.4923677444458 -0.7348542809486389 0.391309 0.568423 1.429255 0.03155047
1 45.54676818847656 -3.485031127929688 -0.9794339537620544 3.625702 1.875396 1.230905 -0.01460654
4 -2.782639265060425 -7.460407257080078 -1.039382338523865 1.710455 0.868644 1.647274 0.03042464