3 -5.172562599182129 22.99037933349609 -1.321887135505676 0.720443 0.434885 0.59874 0.03080727
1 47.16671371459961 -11.98549556732178 -0.7712048292160034 3.630547 1.55756 1.387732 0.1186523
3 -13.71681118011475 -12.3885669708252 -0.5007984042167664 0.551781 0.809737 1.748737 -2.358516
3 -13.66066551208496 -13.15112590789795 -0.576080858707428 0.406205 0.547364 1.586005 -2.845366
1 -18.49056625366211 -12.05968284606934 -0.8052722811698914 4.465102 1.684596 1.534477 0.03449453
4 15.79153060913086 -8.247790336608887 -0.9875925779342651 2.883104 1.152229 1.532382 -0.05805216
1 36.11991119384766 -1.291541337966919 -1.177111387252808 1.535845 1.894444 1.474866 -0.006282061
4 35.51494216918945 -9.312576293945312 -1.000553846359253 1.508874 0.530722 1.497907 -0.05804244
3 -9.799758911132812 2.61953592300415 -1.282909870147705 0.711914 0.691694 1.009702 2.890158
4 -23.82659149169922 -8.009225845336914 -0.88373202085495 1.774308 0.56696 1.612277 0.1431657
4 57.51727676391602 -8.268463134765625 -1.11050021648407 0.920663 0.541473 1.148054 0.03477493
5 -9.305541038513184 2.57024097442627 -1.56514048576355 0.338193 0.383218 0.459806 0.1579364
5 -10.26906681060791 2.23930811882019 -1.453066110610962 0.331722 0.492313 0.674532 0.09584408
2 55.67403411865234 -4.454355716705322 -0.7633273005485535 4.536341 2.119707 1.892161 -0.06048838