6 50.52402114868164 -0.1197953075170517 -0.8024197220802307 1.187417 1.545085 1.360781 -0.08160003
2 26.94962501525879 -9.617396354675293 -0.5281004905700684 6.299153 2.1641 2.054491 -0.0888916
1 19.13492965698242 -0.3106659650802612 -1.049354434013367 3.096268 1.874652 1.323898 -0.01668578
1 -4.305219173431397 8.496810913085938 -0.8472394347190857 2.214145 1.49852 0.978065 -2.934204
1 -17.07072639465332 4.836188793182373 -1.105999112129211 4.371008 1.854981 1.477951 -2.720388
4 8.313319206237793 -3.999573707580566 -0.9558776021003723 1.647612 0.621261 1.599684 -0.08160003
4 -36.52357482910156 -9.404500007629395 -1.317333459854126 1.789588 0.591973 1.151533 2.272517
4 0.5192975401878357 18.23726272583008 -1.219285726547241 2.526918 1.282065 1.660654 2.964528
1 -21.932373046875 -28.94829940795898 -1.102407217025757 2.895954 1.112588 1.324548 1.516857
4 -15.69619369506836 34.23287200927734 -1.48253858089447 1.177045 0.62172 1.599707 -1.777486
6 57.244384765625 -4.316630363464356 -1.149843811988831 0.285844 1.013028 0.537549 -0.08160003
1 -21.78571510314941 -17.84062957763672 -0.9254612922668457 4.46318 2.058282 1.61612 1.469989
3 29.84105682373047 19.04669189453125 -1.008717060089111 0.324008 0.648126 1.571872 -2.240472
4 -4.104873180389404 -3.714571237564087 -0.8347997665405273 3.053314 1.261905 1.86534 0.08442568
1 -6.145735263824463 32.44748687744141 -1.318062424659729 4.669081 0.840486 1.330083 -3.081027
1 -22.93814468383789 -36.06272125244141 -0.8468018770217896 4.665578 0.946181 1.067128 1.471049
1 -1.960339188575745 4.914226531982422 -0.9691205620765686 4.207796 1.993761 1.596537 -2.114114
4 21.02213478088379 16.28088188171387 -1.298731446266174 1.465459 0.651711 1.396919 3.020967
2 -46.00417327880859 19.31429672241211 -0.7835279703140259 10.974759 2.568951 2.917855 3.087444
2 -13.53348636627197 19.13030242919922 -0.6472172141075134 6.416662 2.312965 3.043591 1.316513
6 35.12396240234375 -1.7232985496521 -1.167019724845886 0.985903 1.68207 0.899438 -0.08160003
1 -15.13608169555664 -0.1084977686405182 -1.07215416431427 2.881329 2.007832 1.4434 -0.03759992
1 -21.36478996276856 -23.94535446166992 -1.020919680595398 3.443942 0.401867 1.357043 1.544274
1 -9.690154075622559 7.106510162353516 -1.147703647613525 4.372143 1.73991 1.382754 -2.788695
2 -25.29300308227539 -32.00715637207031 0.3328981399536133 7.621495 2.128138 2.413034 1.411161