1 -20.7293758392334 16.97419357299805 -1.273500680923462 2.902217 1.631831 1.129394 3.098892
6 56.025634765625 2.478783845901489 -1.459564924240112 0.231505 1.283708 0.397217 -0.0008067333
6 -31.63361740112305 10.30279731750488 -0.9312341809272766 0.292102 0.786156 0.266795 -3.118034
1 -21.31248092651367 10.69957160949707 -0.8738721013069153 4.035512 1.75326 0.848143 -3.105366
1 -43.6571044921875 2.844469547271729 -1.189126372337341 0.388468 1.473802 0.551495 0.04954188
3 1.982334017753601 -9.670881271362305 -0.7360738515853882 0.520828 0.786223 1.628138 -1.424489
1 -17.90815353393555 2.742176294326782 -0.7705300450325012 5.01989 2.0545 1.984135 0.0119027
1 -27.17255783081055 10.49962329864502 -1.06539249420166 2.676754 1.434653 0.823504 -3.057201
1 -39.34555053710938 13.83190631866455 -0.6023209691047668 0.181515 1.417362 0.605616 -3.11957
1 -40.00819396972656 10.54012489318848 -0.7233379483222961 2.174978 0.95589 0.823858 -3.119656
1 -24.11147880554199 13.92570304870606 -1.001315355300903 2.170197 1.24692 1.045608 3.136871
2 -1.47200608253479 16.66164970397949 -0.5595274567604065 10.707838 2.665373 2.796346 3.135863
1 42.89254379272461 -0.164678156375885 -1.331172108650208 0.546397 1.566609 0.849489 -0.005615653
1 -2.587395429611206 10.97358322143555 -0.9293911457061768 3.947236 1.838679 0.696974 3.102516
1 -45.58206558227539 10.82244300842285 -0.7468937635421753 0.724711 1.542663 0.752078 -3.108012
1 -48.83679580688477 -0.1630554795265198 -1.155386328697205 2.101516 1.886949 0.991169 0.04954188
1 -14.02074146270752 10.34460067749023 -0.816268265247345 2.168141 1.532161 0.726114 -3.123782