1 26.11457824707031 2.063502311706543 -1.070111274719238 1.891138 1.772757 0.890862 0.01984646
3 59.36251068115234 -6.18714714050293 -1.591649293899536 0.313759 0.359992 0.390197 1.796278
1 11.11381149291992 1.014294147491455 -1.178675651550293 3.069469 2.057797 1.3922 0.01428222
1 -40.24283218383789 20.28095054626465 -0.9046970009803772 2.752787 1.722835 1.163316 3.104943
1 30.56589317321777 20.70357513427734 -1.658005356788635 3.742937 1.455584 1.021771 -3.139971
1 -33.8052978515625 23.02865219116211 -1.250977516174316 4.077056 1.557998 1.531889 3.133541
1 -10.8132848739624 24.32527160644531 -1.492068648338318 4.359627 1.750391 1.562212 3.137777
1 44.1160774230957 4.239659309387207 -1.398733615875244 0.99845 1.163928 0.830464 0.009455973
1 24.55704498291016 24.15045547485352 -1.867156744003296 4.68581 1.666054 1.584417 -3.129109
4 41.61679077148438 -1.215842604637146 -1.270427942276001 2.644303 1.243128 1.419067 0.05706382
1 14.55056190490723 18.82245063781738 -1.506682634353638 4.33041 1.832152 1.189546 3.127579