4 56.58089828491211 -9.528925895690918 -0.9832568764686584 0.407764 0.506691 1.181961 0.06177005
3 -5.453834533691406 -10.55515003204346 -0.6736301779747009 0.678474 0.753135 1.659392 3.119241
1 -9.831233024597168 13.59508609771729 -0.921669602394104 4.403648 1.410079 0.598425 -3.120007
6 -53.38687896728516 2.526429653167725 -1.40743899345398 1.369409 0.943438 0.346342 0.3390775
4 17.80914878845215 24.89193916320801 -1.722636103630066 1.829389 0.509194 1.370928 -0.007837323
1 0.8660895824432373 18.31561088562012 -1.053553342819214 4.904361 1.824191 1.500102 3.127221
1 54.96141815185547 -1.946725368499756 -1.064501643180847 1.032138 1.690537 1.484609 0.03168553
2 -48.84511566162109 4.34546709060669 -0.4898499548435211 6.009919 2.24086 3.040437 0.3110815
1 -34.15348815917969 9.267365455627441 -0.9876005053520203 4.970816 1.894216 1.962941 -2.717538
1 -33.31410980224609 -22.93827056884766 -1.258087754249573 1.244451 0.344663 0.645268 1.621131
1 -42.40111541748047 39.93596267700195 -1.812909722328186 3.898909 1.694393 1.994842 -1.647387
1 -17.99295043945313 13.16794204711914 -0.8135742545127869 4.880292 1.875063 1.314198 -2.972785
2 -39.88727951049805 -30.41445541381836 0.05549152195453644 5.970446 2.689888 3.053607 1.619643
1 -39.6453857421875 -21.82921981811523 -1.037602543830872 0.857297 1.27112 1.196056 0.4835561
4 11.62288761138916 24.87472534179688 -1.866302609443665 1.631429 0.724005 1.536993 -0.007837323
1 33.30032730102539 -2.599661588668823 -1.249252796173096 1.89745 1.699027 1.341194 0.01360705
1 -33.87771606445313 -19.55561637878418 -1.338610291481018 1.558691 1.212859 0.902763 2.153914
1 -33.27193069458008 -26.01946449279785 -1.31063449382782 1.214709 1.143113 0.72655 1.93009
4 26.65937995910645 24.53952217102051 -1.579814672470093 0.916729 0.70377 0.940122 -0.007837323
6 -37.03481292724609 -21.27381134033203 -0.8316653370857239 1.391068 0.573987 0.403321 2.153914
3 7.052231788635254 -11.7237548828125 -0.7846720218658447 0.344077 0.414657 1.330508 0.04198141
1 -26.5377082824707 11.14012432098389 -1.151421189308167 4.203309 1.834581 1.734918 -2.939499