2 -8.603113174438477 -3.879732608795166 -0.6609445810317993 6.069325 2.23172 2.288544 0.04034496
2 8.226167678833008 -3.681988477706909 -0.5908848643302917 6.06741 2.218401 2.344872 0.0657374
1 -1.043445706367493 -3.424600601196289 -0.954286515712738 4.514372 1.866136 1.532904 0.04170973
1 -17.71223449707031 -21.79936408996582 -0.8073158860206604 3.386032 1.715388 1.737478 0.1357676
1 -17.62810134887695 -18.04859733581543 -0.8942633271217346 4.175361 1.793212 1.649296 -1.502521
1 5.495138645172119 -0.1211606711149216 -1.047525405883789 3.422556 2.084531 1.491397 -0.006337938
1 17.61441802978516 -3.089165210723877 -0.9922387599945068 4.089716 1.736062 1.602859 0.02774119
1 25.59553146362305 -2.875717878341675 -1.064856290817261 4.245645 1.592293 1.109984 0.01277836
1 15.23143291473389 0.0453755110502243 -0.6179231405258179 3.080163 2.026157 0.973128 0.02594326
6 28.64756584167481 0.2110312879085541 -0.3232389986515045 0.069984 1.005311 0.019146 0.04978696
1 39.81155776977539 -3.244730472564697 -0.7159433960914612 3.603461 1.412017 1.834314 0.01702552
6 53.81523132324219 -7.247270584106445 -0.3309504389762878 0.233959 0.43812 0.390717 -0.03302176
6 29.91023063659668 -3.704315900802612 -0.3457601368427277 0.086032 0.880208 0.029435 0.01609213
6 12.02842998504639 -2.843400001525879 -0.0988960862159729 0.965294 0.430991 0.247406 0.03290425