2 48.68534088134766 -8.949640274047852 -0.8419729471206665 3.684136 1.985261 1.866169 -0.07301933
6 55.27988433837891 -1.249403238296509 -1.676780700683594 1.398913 1.059801 0.760475 -0.08901961
1 -17.42600822448731 0.4895499050617218 -1.118503093719482 2.740609 2.073328 1.396893 -0.01751997
1 20.91035461425781 5.598187923431397 -1.140758872032166 4.332147 2.152294 1.587028 -2.185568
1 0.02224093303084374 -22.07011222839356 -1.092478036880493 1.550815 0.469364 0.948379 1.507205
6 34.79778671264648 17.34734535217285 -1.072023630142212 0.793588 0.736367 0.52143 3.036815
1 17.25158309936523 0.6059904098510742 -1.351229786872864 3.054546 1.970361 1.066405 0.0177166
4 22.35832405090332 -3.530044555664063 -1.138749361038208 1.690426 0.556437 1.493004 0.1517625
1 8.820094108581543 6.575429439544678 -1.115506172180176 4.52506 2.116119 1.473986 -2.877076
1 16.28424263000488 8.618315696716309 -1.296942591667175 4.400091 1.592106 1.238901 -2.919734
1 31.95001602172852 0.2196637094020844 -1.421303510665894 1.277329 1.751652 0.881341 -0.1155104
1 -0.3720933496952057 -34.49013137817383 -0.7737246751785278 2.204618 1.505359 1.860181 1.497932
1 0.3217006921768189 -29.86956787109375 -0.8653364777565002 3.239162 1.496861 1.390105 1.463311
6 45.58335113525391 1.980660796165466 -1.359591484069824 0.357483 1.199814 0.642686 -0.08901961
4 6.687880039215088 -3.90767502784729 -0.8987447619438171 3.184622 1.265155 1.784721 0.01725902
2 5.774863243103027 12.07880306243897 -0.64180588722229 6.373009 2.485558 2.76978 0.6576011
1 22.53684043884277 9.227571487426758 -1.343564748764038 3.673996 1.326155 1.182509 -3.119663
1 1.275250196456909 -17.08371353149414 -0.873475968837738 4.314783 2.101745 1.572978 1.492893
2 -0.9309034943580627 18.26780891418457 -0.6328856348991394 11.997104 2.965487 3.064579 3.065755
4 -12.55381107330322 -10.12288856506348 -1.001929521560669 1.774056 0.674179 1.515602 2.365974