2 -6.537530422210693 -31.96536827087402 -0.0745331197977066 11.635389 3.293994 2.936314 1.648157
1 -3.779586315155029 -21.93311309814453 -0.9493107199668884 3.97346 2.094004 1.645998 1.62909
1 15.41505146026611 13.40376567840576 -0.9383891224861145 5.097528 1.883646 1.844097 -2.998769
3 -4.891443252563477 34.02057647705078 -1.553800940513611 0.58608 0.669203 1.760561 3.061108
3 28.0925464630127 -10.43219470977783 -0.5889371037483215 0.626927 0.851823 1.633797 2.794299
2 -34.31036758422852 3.124950408935547 -0.6319653391838074 6.049764 2.294836 2.973758 0.0673482
4 36.54660034179688 24.68335723876953 -1.595385909080505 1.034569 0.483583 1.336778 3.104808
1 -2.477212429046631 -36.84686660766602 -1.332116723060608 0.622099 1.039826 0.520281 1.669397
1 -2.908600807189941 -28.57800483703613 -1.064195871353149 3.202793 0.801872 1.176983 1.669397
4 -15.06499290466309 48.67474365234375 -2.024301767349243 0.758813 0.430079 1.267811 -1.539939
1 -11.1360559463501 40.89099884033203 -2.070313215255737 3.979258 1.353057 1.038061 -1.71314
6 0.5874875783920288 -26.51910400390625 -1.30872642993927 0.318718 0.339728 0.946739 1.641831
1 -14.06369590759277 -45.23736572265625 -0.9498136639595032 2.39938 1.403836 1.263426 -1.449599
1 23.57562446594238 13.8740930557251 -1.314913988113403 4.579209 1.939148 1.015973 -3.027259
1 -21.0424747467041 3.511504411697388 -1.286709308624268 4.18954 1.542323 1.463727 0.1097722
4 51.12652206420898 24.80405807495117 -1.36018979549408 1.240653 0.665749 1.203422 3.007797
1 7.085988998413086 11.57992744445801 -1.019625186920166 4.390818 2.004487 1.699104 -2.946308
3 38.31139755249023 -11.39668560028076 -0.6806012988090515 0.392675 0.296707 1.376278 -0.0923263
1 -6.928432941436768 -21.68247413635254 -1.072234749794006 4.025317 1.926529 1.476811 1.625618
1 -8.120168685913086 39.5418815612793 -1.600697994232178 3.983629 1.772577 1.559016 -1.683155
1 29.58915138244629 -2.208233594894409 -0.9160046577453613 1.363421 1.814097 1.209929 -0.001033988
1 -0.7011820673942566 -20.05647850036621 -1.074670433998108 4.070026 1.833317 1.420845 1.62909
5 -24.00018119812012 -18.32385444641113 -1.78756582736969 0.199212 0.297699 0.404308 -1.16638
4 -14.67348480224609 40.3941535949707 -1.953874468803406 0.765182 0.710233 1.146677 -1.71314
2 -15.06039714813232 5.204631328582764 -0.5646217465400696 6.258664 2.49368 2.759178 0.2792608
1 50.04457855224609 -1.823506474494934 -0.6357627511024475 0.692884 1.060991 1.11526 0.007631775
1 -0.4051085114479065 9.873624801635742 -0.8838208913803101 5.087313 2.167549 1.990234 -2.673275