1 12.88589096069336 0.7101418972015381 -1.254495739936829 3.009311 1.844603 1.091152 0.03264286
4 -21.6908130645752 -5.406062602996826 -1.021152973175049 1.398185 0.627415 1.736239 0.007660317
2 -35.0548095703125 10.65396308898926 -0.3395762443542481 6.996963 2.432329 2.309404 -3.125492
1 -7.385512828826904 18.94004440307617 -1.344050645828247 4.479952 1.84004 1.474915 -2.624413
1 11.10511779785156 4.029172420501709 -1.067079782485962 4.311131 1.844755 1.438211 0.0246859
6 46.07695007324219 11.12433910369873 -0.5885856747627258 0.874361 1.497584 0.346497 -3.126845
1 33.45151901245117 35.77718353271484 -0.8371791243553162 2.416281 1.584424 0.816407 1.675746
1 47.00935363769531 14.10361194610596 -1.06250536441803 3.042863 1.58592 0.703936 -3.112104
1 40.10003662109375 0.9912891983985901 -1.270368576049805 1.332316 1.713624 0.838879 0.03538244
4 51.6716423034668 17.0476188659668 -1.200210094451904 0.532031 0.561384 0.809446 -3.025414
1 36.86586761474609 35.04597091674805 -0.6935023069381714 1.120763 0.96002 1.146462 1.580181