3 -33.70593643188477 20.88027763366699 -1.264197468757629 0.370371 0.391295 0.526329 -1.610388
3 -37.96274566650391 -12.37693214416504 -0.3413518667221069 0.582368 0.551812 1.487228 2.700918
1 43.37501525878906 0.6327590346336365 -1.384291529655457 0.273933 1.487542 0.505483 0.0
4 28.56672668457031 -4.993679046630859 -1.039725422859192 1.49793 0.59366 1.584185 0.04222752
6 -38.96650695800781 12.40092468261719 -1.217488288879395 0.211384 1.137813 0.262441 -3.141592
4 -41.10210800170898 15.50922298431397 -1.336368680000305 1.375001 0.383252 0.768967 -3.134791
1 -4.360457897186279 3.394429922103882 -1.070103287696838 4.634241 1.885802 1.49388 -3.245333e-17
1 21.9735050201416 12.70053863525391 -1.406491994857788 4.693319 2.24704 1.665371 3.141592
1 -14.15224170684815 9.809356689453125 -1.021501660346985 4.163757 1.798882 1.51034 -3.08585
1 15.95655822753906 0.7010519504547119 -1.35135543346405 3.099057 2.03441 1.092985 0.0
2 25.20669555664063 8.469018936157227 -0.2727340757846832 7.217096 2.923694 3.021924 3.141592
1 -36.34745407104492 9.823671340942383 -0.8319788575172424 2.682866 1.425652 0.786795 3.141592