1 -12.11242198944092 -41.22147369384766 -0.1096244603395462 3.83629 1.020361 1.065104 -1.573606
1 -27.29419708251953 20.08946990966797 -1.492491602897644 3.589261 0.177125 0.946473 3.1367
1 46.76898956298828 -3.334363222122192 -1.08885669708252 1.457834 1.765537 1.253345 -0.07307411
1 8.491212844848633 -23.62480545043945 0.2637659907341003 1.532241 1.179976 1.647857 -1.578947
1 6.123936653137207 -23.26568603515625 0.2890001535415649 1.620943 1.476769 1.516888 -1.575521
3 46.74360656738281 -10.86106777191162 -0.7108291387557983 0.280081 0.381286 1.137468 0.01316509
4 18.49180221557617 26.4192066192627 -1.577337741851807 1.4393 0.586309 1.631073 -3.117085
1 20.8427906036377 -3.315793752670288 -1.068719863891602 4.414135 1.87576 1.432409 0.03346751
1 24.60491752624512 0.4358942806720734 -1.037118196487427 1.163249 1.854008 1.556448 -0.005637442
1 -0.1007326692342758 -23.79329872131348 -0.03898834064602852 2.972301 1.123794 0.778118 -1.612285
6 38.14399719238281 -7.10068941116333 -0.7339637875556946 0.719699 0.599067 0.403771 0.00599022
1 2.756924867630005 -24.32982444763184 0.2422273457050324 4.072927 0.767712 1.334705 -1.650824