3 22.85728073120117 -5.266003131866455 -0.8376644849777222 0.734817 0.583719 1.519899 -0.1200418
3 22.93405151367188 -5.893585205078125 -0.6224175095558167 0.479448 0.62272 0.843244 -0.1200418
1 11.93540954589844 3.290795087814331 -1.114603400230408 4.363959 1.858934 1.474863 0.02136976
1 35.66252517700195 7.705144882202148 -0.9092147350311279 2.868565 1.291066 0.946977 0.0478421
5 -42.82712936401367 27.72872352600098 -1.56412947177887 0.275284 0.270983 0.405897 -1.563659
1 -5.459468841552734 3.165369510650635 -1.084112167358398 4.293519 1.892442 1.36999 0.03791308
1 19.23685646057129 3.430088043212891 -1.138101816177368 4.038901 1.563562 1.500873 0.003592429
6 51.5675163269043 11.15022087097168 -0.07911206781864166 0.27531 0.576189 1.027327 -3.116394
1 26.68633460998535 7.163159847259522 -0.9172245860099792 3.211318 1.688215 0.806585 0.003592429
1 -38.1221809387207 6.616857528686523 -1.010226607322693 4.000052 1.73494 1.503321 0.0003674296
1 28.14256477355957 3.44446063041687 -1.462748646736145 2.583158 0.555598 1.00702 0.003592429
6 47.70630264282227 4.527418613433838 -1.388279318809509 0.552074 0.432498 0.577961 0.0478421
4 34.58169174194336 19.46638298034668 -1.201475024223328 3.1926 0.846555 1.352014 3.086401
6 -18.64275932312012 3.226197242736816 -0.1400371789932251 0.469322 0.167497 0.019991 0.01651854
1 41.96181106567383 4.389383316040039 -1.282435536384583 1.201203 0.557132 1.421687 0.0478421