1 6.054128170013428 3.131387710571289 -1.081424951553345 4.602668 1.788039 1.477065 0.02307845
1 19.3714656829834 6.687242984771729 -1.057920336723328 2.025869 1.413088 1.498961 0.03403091
1 -3.258520364761353 2.901567697525024 -1.063338160514832 4.345265 1.791593 1.58228 -0.003828157
1 -9.0796537399292 2.920512676239014 -1.095484972000122 4.719086 2.051868 1.51334 -0.005236472
1 -20.68791961669922 3.142517805099487 -1.149669408798218 4.072842 1.66021 1.442661 -0.002455041
1 51.93116760253906 -6.288954734802246 -0.9718583226203918 4.069144 0.433801 1.017771 -1.751303
1 31.49436950683594 3.916821002960205 -0.5080381035804749 0.345275 1.218898 0.618711 0.03403091
1 58.34072494506836 -13.69932842254639 -1.158011198043823 2.664655 0.25222 0.532533 1.458882
1 22.90581321716309 14.8604793548584 -1.033233642578125 4.398917 1.930681 1.869378 -3.072826
3 3.394165754318237 -6.010447502136231 -0.7445924878120422 0.696223 0.536864 1.619834 -0.06813319
1 20.37617301940918 3.41844367980957 -1.032897472381592 4.436844 1.543609 1.495278 0.03403091
4 1.423302531242371 18.48781776428223 -1.162176012992859 3.443189 1.095546 1.861068 -3.097849
1 13.1402759552002 3.376539468765259 -0.9872546195983887 3.962968 1.768506 1.629313 0.03403091
3 3.188114643096924 -6.602063179016113 -0.7060190439224243 0.732318 0.660548 1.699082 -0.06732639
1 46.08915328979492 -30.48234558105469 -0.2187256813049316 3.013778 0.875872 0.7106 1.310083
1 26.44277572631836 3.114411592483521 -1.161039352416992 3.965039 0.760448 1.207317 0.02368583
1 13.38320732116699 6.604816913604736 -0.6396594047546387 4.007314 1.734468 1.049901 0.007492099
1 6.520315647125244 6.385701179504395 -1.056949615478516 3.359968 1.929344 1.47991 0.007492099
1 -31.2597599029541 6.771839141845703 -1.142438530921936 2.386165 2.121707 1.587005 -0.002455041