1 -5.972827911376953 39.47795867919922 -1.432436466217041 3.941602 1.001299 0.875905 0.0
5 12.11006355285645 -7.873076438903809 -1.371949195861816 0.219006 0.140149 0.522359 -2.589162
3 -17.26115226745606 -17.13764190673828 -0.720365583896637 0.61818 0.703929 1.639866 -2.385658
5 4.124394416809082 -12.43310546875 -1.287728309631348 0.500291 0.248007 0.521071 -0.3409001
3 -18.43506240844727 -20.82070922851563 -0.6540404558181763 0.434554 0.556417 1.458174 1.495997
4 -61.11084747314453 19.93308830261231 -1.433895826339722 3.089591 1.589671 1.016859 -3.932409e-16
6 34.09744262695313 14.07614040374756 -1.340511918067932 3.28912 1.322522 1.075652 -2.891878
4 16.5838508605957 24.02367782592773 -1.627522826194763 2.522866 0.977636 1.463897 3.0773
1 -2.770841598510742 -14.30166625976563 -0.8972226977348328 4.252791 1.865343 1.530625 0.7246274
5 5.495180606842041 -11.14917945861816 -1.400619745254517 0.145301 0.145313 0.513869 -2.589162
1 -1.910266995429993 -17.17881202697754 -0.8009814023971558 3.437257 1.478282 1.464067 0.9401022
3 -21.4222354888916 23.03432273864746 -1.29148805141449 0.73316 0.679704 1.525 -0.005607191
5 8.64804458618164 -9.226805686950684 -1.45352303981781 0.175842 0.133758 0.558418 -2.589222
1 -18.97017097473145 -16.54470634460449 -0.7680233120918274 4.321997 1.492606 1.519991 -1.102115
1 46.56079864501953 2.694899082183838 -1.620882153511047 1.258541 1.281269 0.699724 0.01421161
3 -18.06005668640137 -16.17665672302246 -0.7017412185668945 0.539936 0.342232 1.601166 -1.172266
1 1.281227111816406 -13.0644063949585 -0.9092766046524048 4.551075 1.902729 1.508144 0.9360744
1 -19.40381622314453 34.24048233032227 -1.22732412815094 1.410205 0.869447 0.584826 -1.776577e-15
2 62.00725173950195 14.70940780639648 -0.5705664157867432 9.238538 3.055761 2.920003 -3.125337
5 7.052029609680176 -10.13533401489258 -1.394477486610413 0.158617 0.122451 0.526569 -2.589162
6 -3.913289308547974 -22.23559188842773 -0.1537197083234787 0.452456 1.283121 0.224133 1.497707
1 -16.89463806152344 34.49965667724609 -0.6568294763565063 1.317733 2.749238 1.74402 0.0
1 -28.85600852966309 2.205049276351929 -0.7798656225204468 4.832837 1.707512 1.973518 0.01333517
5 -32.48877716064453 -5.012929916381836 1.217568635940552 0.508267 0.688445 0.23459 -0.002598611
1 -11.96465969085693 34.13739013671875 -0.536108672618866 1.909902 2.181859 2.231657 -1.428524e-15
3 13.64659976959229 22.91462898254395 -1.389541983604431 0.635361 0.529564 1.532274 0.03754854
1 -23.26672172546387 -1.069096207618713 -0.8224138617515564 2.475299 1.921854 1.837166 0.02915859
4 -23.70317840576172 19.13907051086426 -1.375216603279114 1.389569 0.63733 1.758533 0.007057428
4 4.638588428497315 19.75062942504883 -1.522451639175415 1.70531 0.701693 1.506378 -3.131409