1 39.36517333984375 -3.24221682548523 -0.7492546439170837 2.66304 1.444701 1.489136 0.009714235
1 25.56256294250488 -2.859764337539673 -1.079551815986633 4.32003 1.60487 1.122835 0.009714235
2 8.19210147857666 -3.690868377685547 -0.6006960868835449 6.031365 2.303482 2.355259 0.04112408
1 -1.093975782394409 -3.439692974090576 -0.9085648655891418 4.584758 1.837708 1.49868 0.0
1 17.59477996826172 -3.129664897918701 -0.9765811562538147 3.994076 1.800627 1.558708 0.0249256
2 -8.683661460876465 -3.855666160583496 -0.6578913927078247 6.171561 2.205555 2.306675 0.025237
1 13.97857856750488 0.1463166624307632 -0.5625545978546143 3.053133 1.903078 0.86489 0.009714235
1 5.478718757629395 -0.1262525767087936 -1.000961542129517 3.400447 2.083493 1.435351 0.009714235
6 28.72247505187988 0.2695826888084412 -0.319256454706192 0.339656 1.076581 0.029793 0.009714235
1 -17.6368522644043 -18.0285530090332 -0.8744226694107056 4.107638 1.795773 1.617048 -1.486743
1 -17.7639217376709 -21.79172897338867 -0.780958354473114 3.440631 1.702829 1.690614 0.08987293
6 11.91810035705566 -2.803571939468384 -0.102414183318615 1.081736 0.487595 0.163421 0.009714235