4 36.61485290527344 13.66868209838867 -1.527195930480957 0.979337 0.594455 0.826836 -2.999829
1 -54.86489105224609 -6.084384441375732 -1.56099271774292 2.073492 1.763678 0.702085 0.0216675
1 21.72387313842773 0.2581908702850342 -0.7527262568473816 1.669485 1.764039 1.8071 0.08088476
1 -20.37650680541992 -3.122034072875977 -1.276882886886597 3.636326 1.525978 1.350818 0.04402191
1 14.57312202453613 0.5387606620788574 -0.9476373791694641 3.474624 2.011365 1.507859 0.04734615
1 -37.99082183837891 9.760887145996094 -1.593296885490418 3.640122 1.92013 1.686987 -3.120066
4 -1.714601397514343 17.195068359375 -1.535053849220276 1.406604 0.501403 1.692888 3.141504
1 -31.59673309326172 -0.3207851052284241 -1.064678430557251 3.125435 1.794626 1.829241 0.04027959
1 13.62276268005371 -2.460193872451782 -0.9672719836235046 4.132213 1.698144 1.493561 0.05412273
1 2.314792633056641 -5.784928321838379 -0.639172375202179 2.073381 1.107456 0.568677 0.04498377
1 19.69329833984375 -2.21505880355835 -0.8626412153244019 3.866975 1.59875 1.573875 0.07253902
1 1.073300123214722 -3.106059789657593 -0.8632097244262695 4.259798 1.811799 1.761968 0.05773775
1 26.29903984069824 6.038703441619873 -0.6761422753334045 4.289869 1.869811 0.708025 1.446046
1 29.89004898071289 12.82760334014893 -1.147690296173096 3.896146 2.019841 1.697454 -2.98047
2 -54.28119277954102 13.18579864501953 -0.8403152227401733 11.380303 2.530409 3.318295 -3.135867
1 32.46102142333984 2.693360805511475 -1.08161187171936 4.312839 0.620203 0.834602 0.1610408
1 26.88043594360352 -4.839669704437256 -0.2021902054548264 3.702788 1.546199 0.986195 0.06725834
1 -15.15639877319336 -6.117026329040527 -0.9560571908950806 3.840764 1.362126 1.883037 0.04882553
6 -58.63719940185547 -3.318392992019653 -1.810217380523682 0.758929 1.67332 0.487643 0.06937469
1 7.335749626159668 -3.163708448410034 -0.963443398475647 4.066112 1.923911 1.592127 0.05769357
2 11.51931762695313 10.63742351531982 -0.587711751461029 11.880676 3.0435 2.880103 -3.100882
1 33.49751281738281 -4.696130752563477 -0.5229187607765198 1.77836 0.956666 0.910111 0.01428603
1 -13.89961814880371 -3.315483570098877 -1.160853981971741 4.01784 2.084991 1.438469 0.03176276
1 19.24125671386719 -5.470518589019775 -0.8461347222328186 3.011822 1.855779 1.562165 0.06424493
1 -5.546472072601318 -3.327409505844116 -0.9870384335517883 4.118225 2.079324 1.632053 0.03214298
1 11.70201587677002 -5.967141151428223 -0.6344817280769348 2.203612 1.447001 0.843122 0.07593844
1 -59.40373229980469 9.337348937988281 -1.86964213848114 1.327911 1.764266 1.050041 -3.127841
1 26.95367622375488 -2.15160608291626 -1.069998264312744 4.245978 1.088889 1.145234 0.07060432