1 6.950756072998047 35.78185653686523 -0.3676518797874451 1.873516 2.209008 1.639205 1.54505
6 -52.56006622314453 16.01321220397949 -1.572566628456116 0.253543 0.347264 0.626821 2.977274
1 -33.62355804443359 35.30072021484375 -1.090547680854797 2.494077 1.543633 0.915242 1.54505
1 7.875199794769287 0.8613735437393188 -1.17871618270874 3.081776 1.774872 1.099825 1.174651e-17
5 20.04254722595215 25.31840515136719 -1.237663507461548 0.240767 0.672877 1.064244 -1.508678
6 17.24158668518066 25.31586647033691 -1.253137588500977 0.985378 0.124732 0.888449 3.139517
1 33.70096588134766 5.066314220428467 -0.8728452324867249 4.105546 1.798748 1.310887 0.003434731
1 -22.22466278076172 36.07008361816406 -0.9040445685386658 3.723348 1.159709 0.920197 1.555124
1 -11.84002685546875 36.14858627319336 -0.8744280338287354 2.621982 1.329983 0.603661 1.54505
1 -25.88816070556641 35.79427337646484 -1.037194848060608 2.666214 1.564748 0.704497 1.54505
1 36.00748443603516 1.706405162811279 -0.7029412388801575 1.978395 1.793015 1.384276 0.0
1 11.64511299133301 35.17711639404297 -1.120959162712097 0.758293 1.722921 0.505145 1.545465
6 14.60242462158203 25.32624816894531 -1.452593684196472 0.375905 0.42921 0.715462 3.139517
1 -44.34791946411133 35.0123291015625 -1.681139230728149 1.559961 0.794115 0.533628 1.545465
1 -7.430795192718506 35.19338989257813 -0.7349789142608643 0.771165 1.026279 0.692838 1.54505
1 3.55081033706665 35.7806396484375 -0.8449680805206299 1.127097 1.47939 0.572131 1.54505
3 -8.042137145996094 20.654541015625 -1.295889735221863 0.720762 0.730008 1.537965 -3.047948