3 -27.11479377746582 -30.13900566101074 -0.2709857821464539 0.288142 0.270489 0.543591 -3.032323
1 15.96493721008301 35.81182861328125 -0.7607178092002869 1.703016 1.570989 0.600809 1.687076
1 -1.622958779335022 11.50954055786133 -0.815066397190094 3.947292 1.690311 0.928963 3.122651
1 3.39299750328064 17.28666877746582 -1.008354067802429 3.755309 1.780575 1.450566 3.118269
1 30.24817657470703 -0.2405821979045868 -1.32118284702301 2.138692 1.885809 1.311339 0.0
5 -25.39092445373535 -13.15589904785156 -1.154930710792542 0.087999 0.117099 0.349533 -2.97754
6 -38.20253753662109 -40.90347290039063 -0.6861696243286133 2.217502 0.177262 0.458415 1.692738
1 -15.50983238220215 12.16001319885254 -0.8349116444587708 4.538142 1.733999 1.682251 -3.141592
5 -12.31387805938721 -6.617847442626953 -1.232621788978577 0.140346 0.115925 0.440893 -3.062107
1 -37.42756652832031 -27.38971328735352 -0.6715105772018433 3.592148 1.773703 1.286023 1.743364
1 -22.4957275390625 12.10814952850342 -0.9410986304283142 4.384872 1.832155 1.476824 -3.141592
5 -26.56819343566895 -14.62327098846436 -1.084764838218689 0.107426 0.086461 0.369146 -2.97754
1 -38.58147048950195 -14.98229789733887 -0.5720580220222473 4.580885 0.637419 1.56585 1.732087
5 -22.46639633178711 -10.49174022674561 -1.21335506439209 0.085279 0.141779 0.452714 -3.062107
4 -4.811111927032471 18.37816619873047 -0.9518833756446838 1.287765 0.377073 1.03399 3.118269
1 -59.92990112304688 -2.869031429290772 -0.729770839214325 4.072497 0.996082 0.515114 -0.6435061
3 -27.82488250732422 -29.89468383789063 -0.0803791731595993 0.306688 0.420438 0.570183 -1.672181
5 -21.11737060546875 -9.544681549072266 -1.181648254394531 0.100665 0.082766 0.304601 -3.062107
1 18.29096603393555 35.53399276733398 -0.5788643956184387 1.726763 1.69176 1.51612 1.567008
1 -8.738125801086426 11.82016181945801 -0.6790609359741211 3.400498 1.908181 1.080281 3.141592
6 -39.75424957275391 -26.7255744934082 -0.737421989440918 0.615982 0.219383 0.76483 1.731889
6 -42.08938217163086 -13.47150230407715 -0.8798559308052063 0.730534 0.392046 0.712377 1.71533
1 -22.82294464111328 15.07343578338623 -0.6295459270477295 3.136245 1.612156 1.690027 3.141592
5 -17.79521560668945 -7.826483249664307 -1.297019600868225 0.122051 0.104183 0.457043 -3.062107
4 33.70662689208984 -10.82030582427979 -1.359919548034668 2.543901 0.875615 1.116546 -3.053519
1 55.10801315307617 1.652458786964417 -1.724302053451538 0.125904 0.825852 0.616711 -0.03583532
1 -37.68585586547852 -21.05545234680176 -0.5945947766304016 4.211112 1.157668 1.165855 1.767776
5 -14.2605152130127 -6.930171489715576 -1.257960796356201 0.169945 0.088961 0.509465 -3.062107
1 -40.73411178588867 -20.71102333068848 -0.5543286800384521 2.094602 0.403008 1.057554 1.730082
2 -10.96923828125 15.01961421966553 -0.2485843598842621 11.926373 3.027042 2.416177 3.096533
6 28.38265991210938 14.79243564605713 -1.443632125854492 0.146012 1.384514 0.469606 1.377771
1 4.134763717651367 11.21688842773438 -0.7596174478530884 3.444653 1.723475 0.954478 -3.111121
5 -16.03338813781738 -7.31624698638916 -1.276139974594116 0.098843 0.100474 0.434065 -3.062107
3 51.19994735717773 16.41430282592773 -1.680015325546265 0.303641 0.448313 0.688702 -0.04601023
6 -57.12627029418945 3.853565216064453 -0.8228781223297119 0.362971 1.183962 0.120188 -0.09590054
1 16.20644950866699 10.52800273895264 -1.11540675163269 4.002156 1.740578 1.101714 3.118269
1 1.003253102302551 35.88754653930664 -0.442803680896759 1.040119 1.673636 1.381595 1.525508
6 -57.43868255615234 7.460123538970947 -0.6897400617599487 0.655493 1.833457 0.400832 -0.09590054
1 16.05978965759277 13.97999382019043 -1.316097259521484 3.235813 1.538876 1.554167 3.118269
1 10.34267234802246 11.01607513427734 -0.9993658065795898 4.337758 1.732724 1.140266 3.118269
1 -17.7830753326416 4.394848346710205 -0.6227565407752991 5.095817 1.955868 1.952815 -0.08697685
5 -19.46792030334473 -8.638619422912598 -1.324349880218506 0.082802 0.117316 0.488499 -3.062107