6 -7.104993343353272 20.50396156311035 -1.471455931663513 1.814533 1.640684 1.309684 3.081203
4 39.56853866577148 -5.131809711456299 -1.140218377113342 1.007684 0.638337 1.30048 -2.986104
1 24.17119979858398 18.75312232971191 -1.394321799278259 4.168966 1.727121 1.271352 3.043506
1 -13.38564872741699 24.46594047546387 -1.569229006767273 4.470836 1.394611 1.58123 3.093097
1 33.57380294799805 0.9007206559181213 -1.089185237884522 0.846095 1.810944 0.534562 0.1430434
1 14.87783908843994 0.517673671245575 -1.21316397190094 3.180271 1.666599 1.299752 0.1021405
4 43.31155395507813 -3.122341156005859 -1.144252419471741 2.814708 1.130084 1.66255 0.1232758
1 48.47189712524414 16.40377235412598 -1.449311494827271 1.538389 1.207769 0.596777 3.030468
1 -25.81497573852539 21.0720386505127 -1.18245804309845 3.554981 1.554482 0.808644 3.088432
1 -51.01713180541992 27.05145835876465 -1.392133712768555 1.995604 0.396203 1.182949 3.136464
1 -10.01099395751953 20.52630805969238 -1.426401853561401 3.901557 1.446882 1.219576 3.091423
1 10.94669151306152 23.09255981445313 -1.634756565093994 4.398282 1.557275 1.542432 3.090023