5 12.43949699401856 -7.134862422943115 -1.343806982040405 0.466579 0.283117 0.548822 -0.01733959
1 15.70634078979492 -0.855172336101532 -0.9944657683372498 3.187068 1.758313 1.30438 0.02712544
1 -3.575014114379883 -17.70898056030273 -0.9811431765556335 4.094141 1.918019 1.461487 1.277093
2 25.16499328613281 14.66013717651367 -0.3921785950660706 11.062748 3.017758 3.349362 3.125895
5 -24.45037269592285 22.41704368591309 -2.447897672653198 0.315441 0.328842 0.502909 1.623281
5 8.688202857971191 -11.48117256164551 -1.326969861984253 0.219949 0.194523 0.51797 -1.58536
5 10.43869113922119 -10.74342632293701 -1.302391529083252 0.196549 0.275695 0.541151 -1.58536
5 7.090108394622803 -12.38373756408691 -1.408463716506958 0.215581 0.243275 0.499714 -1.58536
2 -8.443490982055664 -39.31282043457031 0.4781896770000458 2.147869 7.553393 2.283192 -0.01733942
5 -25.74174118041992 -11.86093330383301 -1.720002293586731 0.176811 0.158449 0.467411 1.774528
1 39.6690559387207 -4.920467376708984 -0.9050353765487671 3.920134 1.730351 1.285542 0.02712544
5 -16.33152580261231 16.15000343322754 -2.001046895980835 0.33321 0.308976 0.626158 2.824349
3 6.227915287017822 19.83705711364746 -1.393928050994873 0.346798 0.56756 1.4891 -2.473191
1 -16.86191177368164 12.19402503967285 -1.675601005554199 4.353611 1.80519 1.120275 3.127022
3 -35.68910980224609 19.00161933898926 -1.748082160949707 0.331722 0.175176 0.977545 -0.01733993
3 -33.97924423217773 -13.11731338500977 -1.3543461561203 0.367555 0.48005 0.905613 -0.1216116
3 1.552001118659973 22.05323028564453 -1.267232656478882 0.554356 0.529019 1.617104 3.084736
1 -5.638312816619873 -4.570287227630615 -0.8444380164146423 5.109097 2.000712 1.923647 0.02712544
1 31.79230117797852 -1.783441781997681 -0.5227718949317932 1.267577 1.472812 0.703547 0.02712544
5 -24.45537185668945 24.75400733947754 -2.572657823562622 0.328225 0.358231 0.504249 1.975735
1 -48.50411224365234 0.150936633348465 -1.13999354839325 1.956496 1.729473 1.469744 0.007292623
3 -35.03094100952148 -13.79066848754883 -1.393794059753418 0.454345 0.350947 0.908814 -0.2538701