2 -8.625988006591797 -3.859850406646729 -0.6610068678855896 6.108637 2.220051 2.285598 0.02221329
1 -1.044399857521057 -3.432137727737427 -0.9672808051109314 4.482204 1.849524 1.608465 0.02221329
2 8.194891929626465 -3.704461336135864 -0.6217153072357178 6.054561 2.257158 2.39563 0.04776409
6 12.00923728942871 -2.844496488571167 -0.118224248290062 0.974381 0.433598 0.276878 0.04067368
1 17.60139274597168 -3.085744857788086 -0.9928004741668701 3.995095 1.849132 1.591254 -0.006778475
1 25.59182548522949 -2.888227701187134 -1.068119287490845 4.281316 1.663728 1.100007 0.02007025
1 5.476988315582275 -0.1552333533763886 -1.041816830635071 3.379541 2.079591 1.416054 0.02007025
1 13.99100875854492 0.02854118123650551 -0.5915480852127075 3.055072 2.110513 0.969769 0.02007025
1 39.69401931762695 -3.254574775695801 -0.6520875692367554 3.308367 1.483463 1.683293 0.02007025
6 -3.800363779067993 -8.90011978149414 -0.4783969223499298 0.606545 0.581281 0.439533 -0.0190503
6 28.6595458984375 0.241295337677002 -0.335930734872818 0.141044 1.001121 0.128086 -0.01002187
6 29.92982482910156 -3.725192546844482 -0.3579093217849731 0.207399 0.964076 0.118649 -0.01002187
1 -17.60849380493164 -18.02367973327637 -0.8918517231941223 4.141903 1.737825 1.648043 -1.496014
1 -17.76298332214356 -21.8080940246582 -0.8168975710868835 3.449525 1.725875 1.760623 0.1157372
6 35.16731262207031 -7.913279533386231 -0.5919458866119385 0.256995 0.326599 0.729666 0.1044386