1 2.245945692062378 -2.643565893173218 -1.019078969955444 4.402183 1.914688 1.44977 0.007180665
1 15.50516033172607 -2.76265811920166 -1.051831245422363 4.270701 1.525954 1.442062 -0.0004858659
1 -10.48718738555908 -3.218637704849243 -0.7955989241600037 4.671548 1.898029 1.944846 0.02023
1 15.37059593200684 -5.393824577331543 -0.5712472200393677 4.026212 1.623 1.452342 0.001839084
1 -43.28833770751953 8.19215202331543 -1.016376495361328 3.61599 1.7058 0.964108 -3.113128
1 -3.732771873474121 -3.209227323532105 -0.9789242148399353 4.262401 1.906725 1.560861 0.02023
1 -5.778604984283447 0.01414564251899719 -0.5996189713478088 5.346163 2.086852 1.6048 -0.002299691
1 -10.81521606445313 -5.970027923583984 -0.7276983261108398 1.660151 1.84298 1.633114 0.02023
1 -29.06259918212891 10.22930240631104 -1.405724287033081 4.209299 1.702785 1.438243 -3.113128
1 7.629252910614014 0.3932244777679443 -0.9663121104240417 3.192508 2.062678 1.53365 0.01322616
1 22.36454963684082 -5.472549438476563 -0.8238955736160278 3.016395 1.509511 0.975558 0.001839084
3 31.67610168457031 26.89341735839844 -1.831706523895264 0.716508 0.384691 1.518836 -1.984754
1 1.079671144485474 -6.010284900665283 -0.9514463543891907 4.321868 1.75246 1.555092 0.007180665
1 -12.78997421264648 11.22758102416992 -1.360334396362305 4.306813 1.943285 1.452074 -3.099031
1 -4.098222255706787 -6.040414333343506 -0.9861032366752625 3.512259 1.912928 1.434709 0.02023
3 4.173254489898682 20.67853355407715 -1.471417784690857 0.484005 0.463293 1.368504 3.106514
1 -17.01543998718262 -3.007139921188355 -0.8991587162017822 3.696057 1.081851 1.382587 0.02023
2 -55.93305587768555 9.969325065612793 -0.5203657150268555 4.57482 2.626582 2.548101 -3.113128
1 8.224335670471191 -5.686468601226807 -0.9110080003738403 4.148113 1.96419 1.596244 0.001839084
1 20.64688491821289 2.040291786193848 -0.8969147801399231 3.480493 0.729329 1.008056 0.1515851
1 8.093213081359863 -2.694003820419312 -0.9380187392234802 4.212174 1.820261 1.637991 0.001839084
6 -10.16940879821777 11.31511878967285 -1.551290273666382 0.42869 1.356488 0.749961 -3.090984
1 14.13610363006592 0.4552289545536041 -0.7988031506538391 3.187878 1.931094 1.400738 0.1999596