3 -41.88299942016602 -12.84521961212158 -0.7624132037162781 0.320214 0.565145 0.870479 -3.129702
1 -3.961786508560181 -4.616118907928467 -1.056151866912842 4.701342 1.775567 1.469896 0.03225684
6 59.05625915527344 0.1937588453292847 -1.159120798110962 0.451943 1.111419 0.585182 3.121237
1 54.9949951171875 -2.884506702423096 -1.107536673545837 0.715506 1.563187 1.18553 -0.02035553
4 -9.961173057556152 19.37453651428223 -1.391793966293335 1.341703 0.716069 1.450753 -1.610569
2 8.986251831054688 14.43583297729492 -0.6136606931686401 11.205708 3.515765 3.034493 3.113332
3 -16.64919281005859 22.15428161621094 -1.290121197700501 0.451802 0.636786 1.659433 3.096609
1 12.37319374084473 -1.737860441207886 -1.062054395675659 3.293322 1.775052 1.485784 0.02311563
6 -6.644231796264648 -3.993394136428833 -0.7979578375816345 0.108058 0.125806 0.758594 -3.054111
1 -46.71207046508789 13.31861591339111 -1.875104069709778 1.163905 1.550043 0.667282 -3.119334
1 -44.83295440673828 0.6542266607284546 -1.184026479721069 2.701733 1.734256 1.692634 3.113356
1 28.31313323974609 -2.351989030838013 -1.171347975730896 2.576156 1.61859 1.290432 0.03225684
1 33.24193572998047 -5.608818054199219 -1.023538708686829 3.481077 1.750535 1.285782 -0.02035553
6 50.87767028808594 10.76520729064941 -1.60590922832489 1.399245 1.505619 0.378449 -3.129084