4 8.642099380493164 -3.854218721389771 -0.9185101389884949 3.288764 1.194634 1.815431 0.06445669
1 16.92908477783203 0.7624752521514893 -1.359420418739319 3.101835 1.889183 1.083281 0.09453335
4 -7.249372482299805 -11.20319843292236 -0.9872267246246338 1.775779 0.628541 1.638186 2.136408
1 5.728902339935303 -17.25641250610352 -0.9008031487464905 4.825455 2.115269 1.67789 1.493996
1 27.31513595581055 9.513978004455566 -1.522085428237915 3.673512 1.232204 1.063859 -3.124191
1 5.182877063751221 -23.00953674316406 -0.914837121963501 4.36454 1.634645 1.486105 1.538258
1 31.50240707397461 0.7519499659538269 -1.560574054718018 1.360181 1.566835 1.147135 0.09453335
2 53.05505752563477 -8.400418281555176 -0.8319445252418518 3.716131 1.570676 1.770928 -0.05102298
4 25.01105117797852 -3.49492073059082 -1.156835675239563 1.289944 0.6121 1.610577 0.280713
1 4.981499195098877 -29.16341781616211 -0.8758574724197388 3.837437 1.737918 1.510525 1.493082
6 45.32693481445313 2.478375673294067 -1.044630527496338 1.028909 1.327408 1.206284 0.01498951
1 21.34443855285645 8.722801208496094 -1.35355019569397 3.904953 0.751797 1.321537 -2.917131
2 6.763763427734375 18.31420707702637 -0.6615619659423828 9.830849 3.304152 3.221272 3.08165
6 54.52223587036133 -0.2582001984119415 -1.388947129249573 0.44292 0.90526 0.608842 -0.05950445
1 25.04497146606445 6.053367137908936 -1.20117998123169 4.359101 1.815525 1.639663 -2.161726
1 -19.07171630859375 0.3456814885139465 -1.216529250144959 3.66303 2.077134 1.469032 0.01032276
2 9.279187202453613 11.59497737884522 -0.6167275309562683 6.555613 2.19003 2.807966 0.5682146
1 4.625565528869629 -34.18224334716797 -0.4270058572292328 1.707082 0.817765 1.262783 1.493082
3 -33.52936172485352 -10.85294342041016 -1.250139951705933 0.602787 0.230918 0.725208 0.00994894
6 41.47515869140625 17.72859191894531 -0.9972509145736694 0.351524 0.328967 0.233775 3.109439
1 13.6979866027832 7.008179664611816 -1.160650968551636 4.145885 2.164142 1.531384 -2.866423