3 -16.00384521484375 -9.826071739196777 -0.8786659836769104 0.186813 0.317527 1.242805 -1.101061
1 -47.42115783691406 16.66181945800781 -1.556027412414551 1.130024 1.537521 0.901469 -3.131964
1 -13.33951282501221 34.56195831298828 -1.152366638183594 0.501532 1.122451 0.892686 1.578299
6 -31.70771217346191 10.31278514862061 -1.114009261131287 0.645513 1.372057 0.433484 -3.131964
2 -31.73341941833496 16.48150825500488 -0.459991067647934 11.337178 2.503915 3.262151 -3.131964
1 -8.241591453552246 35.40884399414063 -1.094595313072205 1.702909 1.438427 0.817593 1.578299
6 45.49416351318359 15.5876407623291 -1.58476197719574 0.851362 1.582511 0.316046 -3.132892
1 -46.97837829589844 -0.776071310043335 -1.570844173431397 0.720365 1.851449 0.647787 -0.00505468
1 12.7451229095459 10.67716121673584 -1.25866961479187 3.898488 1.755727 1.426934 -3.131964
1 -24.74968338012695 11.20123291015625 -1.43214750289917 3.145483 1.467841 1.069761 -3.131964
4 -15.37535572052002 -10.44271183013916 -0.8914603590965271 1.061089 1.189693 1.219732 -3.071338
1 -10.55333042144775 35.03691482543945 -1.324368476867676 1.176492 1.449866 0.564945 1.578299
1 45.95401382446289 -0.1132091134786606 -1.174262523651123 0.505981 1.426872 0.583788 -0.02814567
1 -0.5558018684387207 35.10820007324219 -1.059724688529968 1.155573 1.200149 0.876757 1.545693
6 55.2286262512207 2.760630369186401 -1.316556572914124 0.335062 1.523489 0.425479 -0.02814567
1 -38.88384246826172 1.823506712913513 -1.598941206932068 0.899442 1.668226 0.789662 -0.00505468
1 -19.09745788574219 2.688766479492188 -0.9211223721504211 5.024449 2.07419 1.854084 -0.00505468
1 -3.118529081344605 34.63272094726563 -1.227570652961731 0.545741 1.432248 0.908538 1.545693
6 -25.54294967651367 16.57258987426758 -0.7366548776626587 0.35515 2.476646 2.399191 -3.131964