6 56.00234603881836 12.50451946258545 0.1308863013982773 0.300268 0.652572 0.693844 0.03977615
1 38.94481658935547 8.376380920410156 -1.086235761642456 0.508175 1.148987 0.505366 0.02117836
1 -3.150927066802979 3.064355134963989 -1.076968193054199 4.005257 1.948225 1.38978 0.0
3 27.00601768493652 -5.271784782409668 -0.8600112199783325 0.755981 0.505106 1.484429 0.05786987
3 27.08118057250977 -4.604748725891113 -0.8348861336708069 0.42121 0.304847 1.434793 0.05786987
6 33.00757598876953 4.075211524963379 -1.746852993965149 2.775316 0.271295 0.438133 0.04450618
1 29.79428672790527 7.812573432922363 -1.154094219207764 3.177936 1.621866 1.150425 0.02117836
5 -38.63919067382813 26.94744682312012 -1.415773749351502 0.308824 0.160975 0.357718 -1.59086
6 -14.03106117248535 2.140863180160523 -0.07813467085361481 0.898464 0.338249 0.165122 -0.04922432
1 23.49175453186035 3.861909866333008 -1.128890514373779 3.713189 1.383668 1.468602 0.04072128
1 -39.56131744384766 5.932209014892578 -1.013988018035889 4.059793 1.8155 1.473204 8.49894e-17
1 40.90021514892578 20.40940284729004 -1.105262756347656 3.097638 1.124478 0.934764 -3.129854
1 15.63256740570068 3.564468860626221 -1.110038757324219 4.495289 1.93291 1.50123 0.04072128