5 -4.57511568069458 21.01041221618652 -1.872217535972595 0.147435 0.191194 0.420887 -1.498414
5 -2.410554885864258 23.25101089477539 -1.955989956855774 0.141248 0.14592 0.503917 -1.614658
5 13.99431800842285 21.0554141998291 -1.997815847396851 0.251807 0.237767 0.453337 -1.551287
3 39.17142486572266 4.971899509429932 -0.9360377192497253 0.35996 0.402583 1.324879 -1.531374
1 51.50748443603516 -0.5430858135223389 -1.473457932472229 1.669571 1.594175 0.71574 0.01986058
1 -46.26924514770508 -11.03351211547852 -0.998755693435669 1.797269 1.097379 1.227709 0.02302049
1 -31.03885650634766 0.1357778310775757 -0.9219266772270203 2.63542 1.754797 1.922342 0.03344313
3 -48.46119689941406 -10.07702255249023 -0.416384220123291 0.460102 0.526821 0.669036 0.1184872
1 -19.86453056335449 2.373250007629395 -0.8490127325057983 5.062116 2.03041 1.941633 0.01178287
6 -47.34890747070313 -1.455666542053223 -1.438760042190552 0.348164 0.418257 0.330005 0.0006206073
1 -18.66940689086914 15.47629356384277 -1.572712659835815 5.621717 1.786624 1.295802 3.124327
6 -38.45221328735352 10.25940990447998 -1.038820505142212 1.893717 0.991563 0.465909 3.141431
4 14.1771240234375 19.70332717895508 -1.645284295082092 1.896193 0.676119 1.359905 -3.139741
3 10.02121353149414 25.52478408813477 -1.56336772441864 0.875402 0.978292 1.567155 1.659749