1 -0.3861882090568543 -19.15096664428711 -0.8370768427848816 3.914468 1.805716 1.662721 -1.360083
1 -5.956634998321533 -32.5784912109375 -0.7816447019577026 3.996981 1.612865 1.562472 1.575944
4 -29.5781307220459 -8.56869125366211 -1.644406914710999 1.376783 0.885644 1.432522 -0.01275588
1 9.44757080078125 -3.461289882659912 -0.8355556726455688 4.288435 1.861957 1.651623 0.004994851
1 50.60738372802734 -3.812885761260986 0.02361040748655796 2.384763 1.378115 1.493053 -0.03724631
1 -6.194957733154297 -17.456787109375 -1.047798037528992 3.583295 1.235736 1.89313 1.577106
4 9.911022186279297 -8.174643516540527 -0.8752232193946838 1.590253 0.905702 1.548905 -0.0256639
1 -5.25820255279541 -54.28652191162109 -0.5972029566764832 1.502057 0.437094 0.836814 1.555303
1 -5.748819828033447 -38.69468307495117 -0.7773942351341248 3.245951 0.924216 1.444414 1.56845
1 -5.491048336029053 -48.05759048461914 -0.7415578961372375 1.98631 0.411403 1.232912 1.620117
2 -3.724407911300659 -3.861711740493774 -0.7428872585296631 5.994258 2.11884 2.358013 0.01877357
1 36.26654434204102 -2.681560754776001 -0.7535249590873718 2.784896 1.024751 1.144488 -0.02010727
2 19.63403129577637 -3.787194490432739 -0.2693530321121216 6.07312 2.31584 2.508878 0.02170745
1 -5.708693027496338 -43.69976043701172 -0.7770445346832275 2.666289 0.596657 1.38658 1.577184
1 15.88319969177246 -0.1861413866281509 -0.8569329977035522 3.374767 2.099634 1.394458 -0.01734715
1 -0.5496329069137573 -23.9310474395752 -0.01502633839845657 1.960584 1.379675 0.681946 1.667994
1 24.8919734954834 0.06903457641601562 -0.1564975082874298 2.885554 1.592826 0.7993 0.006347235
1 -6.17497730255127 -21.54790878295898 -0.8852307796478271 2.661059 1.723523 1.627247 0.2895183
1 -6.041427135467529 -27.00990104675293 -0.9003455638885498 3.600032 1.200895 1.493847 1.580575
1 28.29153251647949 -3.0950927734375 -0.5713390707969666 2.568094 1.157386 1.618415 -0.001648807