3 -15.56471633911133 21.15060424804688 -1.51789391040802 0.603279 0.605364 0.984564 -1.520531
1 1.367630243301392 10.19771957397461 -1.163470149040222 3.943091 1.918672 1.590133 -3.092938
6 -3.705993413925171 15.98437595367432 -1.413113355636597 1.124667 0.982732 1.549176 -3.106161
3 -20.5700855255127 -8.258855819702148 -0.7905053496360779 0.444956 0.559671 1.499958 0.2446266
4 -51.64222717285156 -5.759797096252441 -1.117994546890259 1.02573 0.672483 1.330766 -0.04483863
4 -2.164230823516846 15.85390090942383 -1.42979907989502 1.896255 0.646599 1.536067 -3.098992
1 -9.04271411895752 2.803543090820313 -1.054963707923889 4.338105 2.072009 1.442985 0.07076404
4 40.44345474243164 -5.122861862182617 -1.071340680122376 0.665717 0.439479 1.583848 0.08662856
6 -1.518388628959656 9.477232933044434 -1.589695453643799 0.338971 0.24617 0.072251 -3.117251
1 25.16800308227539 10.39278793334961 -1.131827473640442 1.899698 1.847879 0.701197 -3.120318
6 4.41102933883667 12.42280673980713 -1.092114329338074 0.214524 0.224716 0.185618 -3.117251
4 -56.01651000976563 -4.020906925201416 -0.8932777047157288 2.184632 1.058455 1.513238 -0.07402368
2 58.11463165283203 8.77250862121582 -0.05931169539690018 5.928082 2.36484 1.80925 3.098134
1 16.08820152282715 0.6753029823303223 -1.261850714683533 3.108123 1.978951 1.059245 -0.02402168
1 43.14249038696289 0.673537015914917 -1.328028202056885 0.99302 1.614282 0.875671 0.03304942
2 -37.85211181640625 9.97201919555664 -0.6285414695739746 4.365532 1.762462 1.258829 -3.102405