4 18.04631614685059 16.70949363708496 -1.282255053520203 1.855246 0.603885 1.640082 -3.118465
1 24.57892990112305 35.73353958129883 -0.6342730522155762 2.417077 1.678589 0.989489 1.605039
1 -30.9263801574707 18.84232139587402 -1.559469938278198 4.407979 1.899956 1.378114 -2.698107
1 -5.081752777099609 10.77620124816895 -1.041091799736023 3.665724 1.930595 1.854604 -3.118465
1 18.57541656494141 4.266036510467529 -1.000289797782898 4.224588 1.882902 1.438267 0.01916003
6 53.32485580444336 0.2999318540096283 -0.6859753727912903 0.56112 0.79955 0.389029 -0.0533061
1 38.04547500610352 1.181949496269226 -1.199439406394959 1.14168 1.814515 0.804374 0.004857063
4 -36.97701263427734 -5.476831436157227 -1.167409658432007 0.799488 0.503873 1.491036 0.04356734
1 9.750865936279297 35.20050048828125 -1.012683391571045 1.547561 1.694909 0.979095 1.590854
1 -10.78140830993652 13.37130165100098 -1.302451372146606 5.366291 1.708797 1.424828 -3.118465
3 44.53482818603516 21.62784194946289 -0.9813417792320251 0.538467 0.710549 0.984858 -0.00129397
1 11.7563591003418 0.7816058397293091 -1.080658316612244 3.041794 1.950797 1.315599 0.01915984