3 32.3092041015625 21.38447570800781 -1.466927170753479 0.209702 0.313403 0.988887 3.133654
1 -9.480087280273438 11.90356731414795 -1.311485409736633 5.072478 1.711029 1.488347 3.134984
4 -7.229124069213867 17.14228057861328 -1.487432956695557 1.64312 0.664309 1.500238 3.122051
1 48.64573287963867 12.12620830535889 -1.687083721160889 3.573382 0.697177 0.780784 -3.095178
1 -51.20054626464844 0.2481492608785629 -0.9110639691352844 2.560522 1.657035 1.625658 0.0
1 -36.72475814819336 10.77426052093506 -1.547835111618042 1.393821 1.614092 0.787657 3.12429
3 -45.87888336181641 22.07372856140137 -1.736515998840332 0.406288 0.335417 1.225028 -3.107815
3 -46.37218475341797 18.84605026245117 -1.708549022674561 0.489204 0.329815 1.247001 -1.522563
1 -52.21332931518555 9.58449935913086 -1.500324726104736 0.4053 1.532412 0.586142 3.12429
1 4.990099430084229 11.33628463745117 -1.17402184009552 4.198031 1.721585 1.694291 -3.110922
3 -42.78812789916992 20.76929473876953 -1.296335458755493 0.569019 0.847827 1.826001 -3.00578
1 25.79043197631836 0.2506664395332336 -1.264773726463318 1.414839 1.734372 0.754199 0.0
1 -43.45843505859375 14.21156597137451 -1.493738055229187 0.356208 0.991222 0.522887 3.122906
4 17.92379760742188 -9.029888153076172 -1.024015307426453 1.636626 0.817715 1.350049 -0.05842527
3 -14.26244354248047 19.98842430114746 -0.7661536335945129 0.871703 0.793296 0.780314 -3.04074
3 32.50650024414063 22.07868766784668 -1.08655858039856 0.34786 0.44108 0.532721 3.133654
3 31.67243576049805 20.73855972290039 -1.356444597244263 0.341018 0.479047 1.147046 3.133654
1 -12.16674995422363 -4.754229545593262 -0.8672364354133606 4.766595 2.008097 1.891448 -6.993519e-17
3 -14.5850248336792 21.67310333251953 -0.9059388041496277 0.541975 0.364135 0.650671 -3.04074