3 -5.687762260437012 -12.12057399749756 -0.5058079361915588 0.82149 0.682494 1.754692 -3.042375
3 -5.604086875915527 -12.76218223571777 -0.705013632774353 0.738955 0.641519 1.567096 1.398768
3 -20.59976005554199 -28.62323570251465 -0.6903505325317383 0.575809 0.38104 1.77371 -1.702567
2 54.69751739501953 -4.179116249084473 -0.462903767824173 0.49882 1.871805 1.87168 0.06117754
4 21.11599540710449 -8.12646484375 -0.9410932660102844 2.812856 1.10519 1.547113 -0.0258799
4 41.36191940307617 -9.065848350524902 -0.8987504839897156 1.070141 0.629105 1.696009 0.01043543
6 -2.138575792312622 2.707929611206055 -1.01781690120697 0.79206 0.523663 0.46348 -2.299701
4 5.205554485321045 24.0774097442627 -1.552085280418396 1.378238 0.816425 1.513507 -1.609453
4 -18.20640563964844 -7.971932888031006 -0.9286319613456726 1.875955 0.582738 1.663522 0.06949515
1 54.79425430297852 -11.86454296112061 -0.5185846090316772 3.562572 1.696581 0.946917 0.135232
3 2.498688220977783 23.08645439147949 -1.487845540046692 0.505527 0.892197 1.749907 -1.750111
6 -2.714062690734863 2.309364080429077 -1.220600962638855 0.221935 0.266468 0.19787 -2.299701
1 35.42092514038086 -1.155202984809876 -1.187679648399353 0.792941 1.620144 0.908757 0.06117754
1 -10.87203216552734 -12.03113842010498 -0.8842992782592773 4.311375 1.879309 1.470336 0.04627359