5 -21.03103828430176 -12.95427989959717 -1.268902897834778 0.201545 0.175908 0.373383 -2.552038
1 -58.12774658203125 -0.5197358131408691 -1.002648949623108 2.939613 1.438679 0.973395 -0.07949933
1 -18.08529281616211 4.938307762145996 -0.6770268082618713 5.110972 2.039975 2.034946 -0.07501628
5 -9.850532531738281 -6.802572727203369 -1.32929253578186 0.221217 0.179388 0.480999 -1.456164
6 -59.60679244995117 4.99413537979126 -0.9061722159385681 0.474122 1.619943 0.052744 -0.07949933
1 -35.71293258666992 -25.97067451477051 -1.195063352584839 0.857074 0.474382 0.548178 1.686747
1 7.856132030487061 36.50949478149414 -0.5931852459907532 2.630547 1.152133 1.228316 1.53737
1 22.99921417236328 34.77229309082031 -0.4702498614788055 0.407194 1.645445 0.917708 1.567563
1 5.404688835144043 50.06655120849609 -0.8120860457420349 0.721024 1.391681 0.826847 1.271616
1 54.23340225219727 1.499821305274963 -1.551249742507935 0.758537 1.430249 0.694442 -0.05103373
1 -32.98667907714844 -27.63712882995606 -1.008260488510132 3.914934 1.697195 1.389071 1.718049
1 2.592299699783325 11.5088701248169 -0.7494245171546936 4.381155 1.725644 1.014421 3.101548
1 -31.86186027526856 -33.09463882446289 -1.261568546295166 1.030035 0.273018 0.553264 1.685997
5 -13.42761039733887 -7.701679706573486 -1.390707135200501 0.174497 0.185337 0.534207 -1.456164
5 -19.61751174926758 -11.53672981262207 -1.318405151367188 0.166969 0.113492 0.357519 -2.498007
1 -18.21239852905273 15.26681709289551 -0.808060348033905 3.120524 1.653448 1.824913 3.104662
4 1.786533951759338 18.47976684570313 -1.176313638687134 1.862924 0.717879 1.494291 3.101548
1 -33.47360229492188 -21.1507682800293 -1.164548516273499 4.670945 1.264693 0.779427 1.718049
1 20.06197357177734 10.16183090209961 -1.02898633480072 2.744688 1.286713 1.087125 3.101548
1 20.74722099304199 35.63336563110352 -0.4599190056324005 1.404849 1.893382 1.322847 1.567563
1 -4.67899751663208 11.84537315368652 -0.7039969563484192 4.228634 1.866363 1.025327 3.094795
2 -5.746384143829346 14.84055042266846 -0.4984527826309204 11.890537 2.917092 2.677013 3.094795
1 21.87905311584473 13.82248497009277 -1.232337594032288 3.34198 1.53731 1.625931 3.101548
1 9.715500831604004 46.79683685302734 -0.4569338262081146 0.563712 2.201128 1.305612 1.553797
1 -38.12544631958008 -14.8676233291626 -0.9600529670715332 4.186244 1.694672 1.319975 1.71907
1 -37.12943649291992 -20.14148902893066 -0.9524668455123901 2.044076 1.745925 1.289695 1.740556
3 -22.93031692504883 -30.65224456787109 -0.425988107919693 0.426586 0.458385 0.842078 1.591689
6 -33.51519012451172 -49.02035522460938 -0.538927435874939 0.740503 0.335211 0.774171 1.665956
1 -10.99327087402344 12.36598968505859 -0.8719815015792847 4.65027 1.989673 1.71122 3.111805
5 -22.30167961120606 -14.46684074401856 -1.245669484138489 0.222397 0.227474 0.384192 -2.339164
1 -18.01932907104492 12.21319675445557 -1.025411486625671 4.437939 1.911888 1.430484 3.120631
3 -23.687255859375 -30.39881706237793 -0.4202760457992554 0.243875 0.408969 0.827115 1.591689
5 -18.07660865783691 -10.311598777771 -1.341165542602539 0.241167 0.179325 0.425603 -1.456164
6 -18.10639953613281 17.91705322265625 -0.5824410319328308 1.354647 0.260276 0.393292 3.044988
5 -7.949625015258789 -6.523370742797852 -1.287131905555725 0.192481 0.222082 0.552484 -8.74449e-16
5 -15.12476539611816 -8.471223831176758 -1.446428537368774 0.22263 0.198949 0.520456 -1.456164
6 35.39040756225586 14.21136665344238 -1.317947506904602 1.979663 0.205637 0.324712 3.085879
4 37.83846282958984 -11.06435203552246 -1.166891932487488 1.80636 0.904927 1.374223 3.082101
1 28.07964324951172 -0.07222214341163635 -1.263823509216309 3.862436 2.078843 1.508396 0.0
1 14.7875509262085 11.03476905822754 -0.9179248809814453 4.121339 1.972221 0.969227 3.101548
1 5.650298595428467 35.78573608398438 -0.3859480619430542 0.789653 1.745796 1.615061 1.53737
1 8.157628059387207 11.11666488647461 -0.8188766241073608 4.323458 1.774887 1.101371 3.101548
1 -34.86305618286133 -14.65991973876953 -1.000243306159973 4.668275 1.929555 1.115523 1.718049
1 11.13248634338379 17.0302906036377 -0.9347489476203918 3.827702 1.921465 1.298378 3.101548
5 -11.6650276184082 -7.181835651397705 -1.342354893684387 0.228928 0.218792 0.563615 -1.456164