4 -57.46464920043945 -9.400352478027344 -1.085090041160584 0.900001 0.480099 0.53793 0.02684054
1 5.211455345153809 11.73306274414063 -1.357656598091126 4.591724 1.751252 1.453924 3.129681
6 -46.91324234008789 13.50340175628662 -1.736063599586487 1.078582 0.92221 0.311385 3.121546
5 -16.53008842468262 30.0081729888916 -2.556640148162842 0.178903 0.239559 0.594346 -1.572609
3 14.86985588073731 22.20402908325195 -1.339893937110901 0.623762 0.54611 1.717641 -3.120143
5 -12.54933834075928 24.76887893676758 -2.516934633255005 0.273999 0.306728 0.603919 -1.566859
1 -48.92021560668945 10.52307796478272 -1.631192326545715 1.253568 0.557841 0.64473 3.118686
4 18.01412963867188 20.11300468444824 -1.387414216995239 1.608991 0.75767 1.198507 -3.134493
3 -9.045326232910156 -13.77332878112793 -0.8797617554664612 0.550004 0.476165 1.672364 -2.323903
1 44.56156539916992 -4.71699857711792 -1.101924180984497 3.822092 1.586106 1.033376 0.04761111
2 37.01891708374023 15.02728843688965 -0.552348792552948 11.067869 3.034431 3.399068 -3.136979
5 19.12761878967285 -12.24233245849609 -1.441035628318787 0.116091 0.178172 0.42723 0.0684034
5 -16.56384468078613 32.90614318847656 -2.759379148483276 0.252793 0.178579 0.6708 3.100665
2 -27.25621032714844 47.52566528320313 -2.152243137359619 6.895634 1.919983 2.019361 -0.0327233
1 -13.50872802734375 50.4193000793457 -2.11294960975647 4.985768 0.298341 1.954226 0.02274877
1 -50.7231330871582 0.06320604681968689 -1.061067461967468 2.637745 1.578185 1.293821 0.01014485
3 -50.2682991027832 20.67583465576172 -1.666584610939026 0.361439 0.437593 0.936673 3.061784
1 18.3342342376709 -0.3675854802131653 -1.157359123229981 3.436055 1.718507 1.294952 0.006066766
5 -12.49759006500244 22.41888427734375 -2.356617212295532 0.336348 0.307832 0.674092 1.630563
3 -23.78693580627441 18.99347114562988 -1.171939969062805 0.303799 0.326225 1.226601 -0.01721998
2 3.428368091583252 -42.50643920898438 0.03433792665600777 1.7129 6.529953 1.253081 -0.01721998
1 -6.771467208862305 -4.55943775177002 -0.8426725268363953 4.879283 2.08866 1.902564 -0.02055046
1 7.501486301422119 -21.36885261535645 -0.8806321024894714 4.473822 1.758305 1.432019 1.411628
5 -4.418296813964844 16.12700080871582 -1.956580519676209 0.283151 0.301372 0.637184 2.459285
5 -7.026834964752197 20.9644660949707 -2.277949810028076 0.171217 0.119416 0.562711 0.04120718
1 4.731739521026611 47.91000366210938 -1.481234669685364 4.481287 1.936443 0.924378 -0.064706
5 22.44255447387695 -10.59408664703369 -1.346756458282471 0.177833 0.160166 0.327537 -1.600037
3 -50.63893127441406 20.07050704956055 -1.674241423606873 0.357606 0.500928 0.945998 3.061784
1 34.75138092041016 -1.563416123390198 -0.9991294145584106 1.366637 1.500131 1.150278 0.003341709