3 34.92668914794922 18.85172080993652 -1.287567257881165 0.550626 0.263913 1.361823 2.976975
4 -1.812202334403992 -3.84524130821228 -0.8357691168785095 3.03879 1.354168 1.797169 0.07552672
2 31.65488815307617 -9.878122329711914 -0.6636909246444702 6.124059 2.303147 2.030784 -0.1079942
6 49.12094116210938 -0.04385518655180931 -1.351521730422974 0.428719 1.743267 0.35048 -0.06768196
6 56.68030548095703 -4.222366809844971 -1.572989821434021 0.277598 1.004258 0.367694 -0.06943674
1 34.39622497558594 -1.620033979415894 -1.406946420669556 1.00709 1.589752 0.994587 -0.06768196
1 -4.106831073760986 7.492771625518799 -1.157548427581787 4.74789 1.80167 1.437335 -2.817239
1 18.78750419616699 -0.1908285617828369 -1.327324986457825 3.009862 1.941842 1.052609 -0.008689552
1 2.627236366271973 4.728579044342041 -1.022516489028931 3.704359 2.186781 1.604972 -2.092849
1 -15.05165195465088 -0.03751896321773529 -1.048775315284729 2.643679 2.107509 1.445124 -0.03100875
2 -36.85820770263672 19.42418670654297 -0.6312425136566162 11.780009 2.976988 2.498176 3.059162
1 -18.14815521240234 -36.26004791259766 -0.5199925899505615 4.271895 0.271779 1.117471 1.423051
1 -17.55221939086914 -29.42486572265625 -0.7066468000411987 3.728726 1.433871 1.547826 1.405227
4 11.24459552764893 -3.870231866836548 -1.007241487503052 1.532679 0.622974 1.579768 -0.1137597
4 -31.75457954406738 -9.182291030883789 -1.089755296707153 1.886716 0.571378 1.536877 2.361651
1 -11.64638710021973 5.223018169403076 -1.099986553192139 4.456355 1.997093 1.547391 -2.776978
2 -9.31302547454834 16.82729911804199 -0.5952462553977966 6.350722 2.568713 2.906269 1.186612
1 -17.0108585357666 -17.60576438903809 -0.824518620967865 4.641067 1.923 1.583266 1.465851
6 7.786085605621338 17.95368385314941 -0.857475221157074 2.770765 0.731638 0.658099 3.033245
1 1.916989922523499 8.674898147583008 -1.158052682876587 3.716048 1.747639 1.531109 -3.061187
4 28.62677574157715 15.89638900756836 -1.468134880065918 1.451774 0.671435 1.471376 3.005505
4 -10.64812850952148 34.28176879882813 -1.630333185195923 1.197982 0.610797 1.396947 -1.721256
1 -1.223173975944519 32.51828765869141 -1.555887460708618 4.402947 0.866286 1.421166 -3.091512
1 -17.28508758544922 -23.35154724121094 -0.8972653746604919 4.291085 1.539176 1.315492 1.58851
2 -20.81629753112793 -32.09437942504883 0.558663010597229 8.319475 2.058683 2.108719 1.396797