6 43.86386871337891 9.264717102050781 -0.8062663674354553 1.032564 1.119356 0.441238 0.05075954
6 -44.89278030395508 37.79985427856445 -0.7201733589172363 1.534741 0.707129 0.372503 1.513413
1 27.59511566162109 3.957091808319092 -1.17059314250946 3.668788 0.719747 1.33922 0.05077559
1 18.85039138793945 3.849568843841553 -1.093844890594482 4.23592 1.838475 1.483319 0.05077827
1 -0.9731744527816772 3.020748376846314 -0.899949848651886 4.30925 1.66227 1.047644 0.0507796
3 31.02753829956055 -4.542294502258301 -0.7361882328987122 0.645915 0.678397 1.611614 0.04761357
6 -42.96255111694336 37.7015266418457 -0.1615547388792038 0.603331 0.595062 0.903046 1.567088
5 -34.42713165283203 26.40700149536133 -1.669432163238525 0.402318 0.349648 0.603273 -1.611514
6 -9.211202621459961 1.323961496353149 0.02528993040323257 1.289854 0.305281 0.144728 2.150302e-17
1 -40.96908950805664 5.232100009918213 -1.095227956771851 3.863075 1.862694 1.581077 0.05078027
1 31.98934936523438 8.251983642578125 -1.246473431587219 2.172269 1.476751 1.21758 0.05077023
1 47.32775115966797 21.22060966491699 -0.9938817620277405 3.225073 1.122139 1.161957 -3.112052