1 -31.12842559814453 35.79191970825195 -1.760778307914734 3.167753 0.81284 0.545985 1.399992
1 33.85658264160156 2.249625444412231 -0.8433165550231934 1.25017 1.801768 0.892256 0.04005908
3 -26.39547729492188 21.18501091003418 -1.537898182868958 0.528827 0.590911 0.978139 2.348591
3 59.31041717529297 -5.413893699645996 -0.0250358060002327 0.329149 0.210237 1.070588 0.07607603
1 -12.31723499298096 36.39639282226563 -1.785981416702271 2.77659 1.457412 0.773314 1.446983
1 -41.78263854980469 33.94144821166992 -1.421991109848023 3.161783 0.875379 1.355206 1.357316
1 38.83218383789063 6.07619571685791 -0.7242488861083984 3.832833 1.729015 1.432307 0.02995587
3 59.42560195922852 -4.667967319488525 -0.02417662180960178 0.425248 0.40202 1.101266 0.07607603
1 -27.20392799377441 36.09561538696289 -1.855294823646545 2.193029 0.349113 0.899861 1.504518
1 8.360536575317383 1.120522975921631 -1.02442467212677 3.427379 1.73657 1.421759 0.01779043
1 -57.7451286315918 2.417909383773804 -2.100089073181152 2.04001 1.708393 1.040257 0.02111735
1 -23.3597583770752 35.08025360107422 -1.57145893573761 0.742044 1.221509 0.506148 1.659264