3 48.21000289916992 17.18746376037598 -1.095796942710877 0.547948 0.773424 0.835838 -3.133107
3 20.96475982666016 20.36562728881836 -0.7299216389656067 0.387203 0.725543 1.202337 3.076005
3 -38.88127136230469 -8.692045211791992 -1.176826596260071 0.387848 0.532403 1.391904 -0.08717837
4 56.65873718261719 -8.974128723144531 -0.9467741250991821 1.322895 0.572415 0.893176 -0.01993148
6 56.2764892578125 0.1546525955200195 -0.6839151978492737 1.203234 1.176749 0.40179 -0.001828635
3 -42.36537551879883 17.35052299499512 -1.707171201705933 0.449982 0.396596 1.385248 3.035894
3 -43.46758651733398 3.095342636108398 -0.9299208521842957 0.325526 0.445749 1.196687 0.0251819
6 -2.013488054275513 9.950799942016602 -0.9130958914756775 1.036189 0.646121 0.270995 -3.124773
3 -7.449800491333008 19.0654411315918 -1.337252378463745 0.612739 0.392111 1.4669 1.011075
1 -14.0333366394043 -4.555354118347168 -0.8770856261253357 4.798949 1.984162 1.86992 -0.009063834
6 -34.83434295654297 11.44718360900879 -1.716700673103333 4.58771 1.772347 0.960706 -3.103708
1 -1.984585046768189 8.549362182617188 -1.102243781089783 4.487379 1.901948 1.587703 -3.139553
1 -14.51874542236328 8.418814659118652 -1.172614574432373 4.437561 1.968322 1.563873 3.13548
1 -38.08766937255859 14.74072647094727 -1.910626888275147 1.303631 1.158026 0.910373 -3.127089
1 49.62942123413086 12.03311824798584 -1.540169954299927 4.035411 1.636421 0.928028 3.125541
1 9.512042999267578 11.0249605178833 -1.163476467132568 4.40762 1.892116 1.544249 -3.11249
3 20.20714950561523 21.69941520690918 -0.8114000558853149 0.451497 0.480179 1.164932 -3.122971
4 -11.05494594573975 17.78143501281738 -1.502128124237061 2.150257 0.90116 1.487684 3.086622
6 24.26214408874512 10.8467264175415 -1.215436935424805 4.085177 1.733405 1.470739 3.125541
4 7.966368675231934 -9.103145599365234 -0.9776335954666138 1.441935 0.942978 1.689117 -0.3492343
3 -3.962320327758789 21.36338996887207 -1.096486926078796 0.942369 0.904131 1.552186 3.125967
1 23.70360946655273 14.07635974884033 -1.436075687408447 4.225905 1.658329 1.259929 3.125541
1 -45.84329223632813 0.8476341962814331 -0.959238588809967 2.838286 1.64713 1.793385 0.017776
1 -13.75887775421143 14.48465347290039 -1.548304677009583 4.437358 1.723968 1.173166 -3.133233
3 -41.49555206298828 -8.349617004394531 -1.237378120422363 0.442962 0.502323 1.419589 0.00748106
1 29.50262641906738 0.03558838367462158 -1.204543113708496 1.25925 1.643753 1.019103 -0.001828635
6 -21.2049674987793 11.13627815246582 -1.234009623527527 2.865322 0.773103 1.097101 -3.12411