2 44.15769195556641 10.96639823913574 -0.2023032307624817 10.846309 2.853699 3.038081 -3.08375
1 -44.53709030151367 -6.301273822784424 -1.453679919242859 1.757277 1.73312 1.018705 -0.03531711
1 -2.321285486221314 -3.082814455032349 -1.076041102409363 3.544218 1.714522 1.377522 -0.03858322
1 35.11689758300781 -2.277265071868897 -1.113167643547058 3.896871 1.350318 1.419365 0.06920014
1 6.138474464416504 -3.03930139541626 -1.032186150550842 4.16052 1.827096 1.480968 -0.008422406
1 -36.65116882324219 -0.4405125677585602 -0.9432639479637146 2.727624 1.705997 1.906111 -0.01209338
1 15.4765567779541 -3.221816062927246 -0.9923800230026245 3.865833 1.844127 1.644665 0.01488744
3 50.75015640258789 21.40060615539551 -1.598013401031494 0.37617 0.291355 0.672995 -3.079371
2 -32.58966827392578 13.40680694580078 -0.3729168176651001 11.274835 3.165369 3.356436 3.125251
1 15.70790863037109 -5.989442825317383 -1.09066379070282 4.021668 1.608205 1.447713 0.01947222
1 -8.827154159545898 -6.002818107604981 -0.8475503325462341 5.119758 1.969375 1.924854 -0.04455771
6 29.27156257629395 17.34028244018555 -1.122668027877808 0.48167 0.499628 0.864325 -3.047052
1 -27.68038368225098 9.604266166687012 -1.321136593818665 4.086851 1.880163 1.604305 -3.101635
6 46.78997802734375 -4.665130138397217 -0.3050972819328308 0.298458 0.941521 0.44872 0.1291842
1 40.45453643798828 -2.073180437088013 -1.246655821800232 2.036569 1.122793 1.844226 0.02982336
1 22.53171348571777 -3.030715703964233 -0.8730230331420898 4.43225 1.602408 1.953848 -0.003518481
1 28.76466369628906 -2.530670642852783 -1.05469024181366 3.315851 0.715743 1.532467 0.04057269
1 39.54653549194336 -0.01782432198524475 -0.9384045004844666 1.312282 1.167148 1.811214 0.02982336
1 30.63671684265137 0.4748939275741577 -1.08574903011322 1.863989 1.738422 1.479206 0.01724324
1 -8.51402473449707 10.73740577697754 -1.215800881385803 5.408081 1.818249 1.570384 -3.131964
1 10.57137870788574 10.60688591003418 -1.19075334072113 4.087419 1.848797 1.72407 -3.129336