2 51.10735321044922 -34.12861251831055 0.6971129179000854 11.255285 3.692954 1.882627 1.547301
1 -2.366206169128418 3.2376389503479 -1.081332206726074 4.874554 2.168061 1.492707 0.0
6 49.81332778930664 -12.41775417327881 -1.392497301101685 0.31439 0.2594 0.601743 1.553556
1 -26.60633277893066 2.467281341552734 -1.436406135559082 1.011751 0.540646 0.764466 0.0
1 11.87808036804199 6.395417213439941 -1.151020526885986 3.777881 1.563443 1.517024 0.04029831
5 17.27687072753906 -4.475944042205811 -1.370540022850037 0.185502 0.147844 0.411166 -0.06213212
1 4.04966926574707 6.525516986846924 -0.9692426323890686 3.04225 1.825539 1.641009 0.0
4 -11.8383960723877 18.53012657165527 -1.204431772232056 3.434309 1.190724 1.761309 3.136805
6 23.18642234802246 7.282272338867188 -0.6613723635673523 0.496675 0.972902 0.326513 0.04957065
1 53.26009368896484 -13.40668869018555 -0.787595808506012 2.100004 1.167265 1.434355 1.503581
1 4.545949459075928 3.26248049736023 -1.031414270401001 4.286031 1.693003 1.57563 0.0
1 -1.332351207733154 6.318241119384766 -1.059749364852905 4.49176 2.020572 1.425712 -8.902029e-17
3 -4.19005298614502 -6.695605754852295 -0.7061486840248108 0.723573 0.643946 1.632406 0.04706983
1 11.45218563079834 3.535630702972412 -1.098412156105042 4.032058 1.771712 1.521029 0.04029831
1 41.77050399780273 -15.723801612854 -1.012450695037842 4.158127 0.788708 1.397426 -1.66304
3 -3.955859422683716 -6.067509651184082 -0.7607393860816956 0.717192 0.611642 1.585944 0.04706983
1 17.20388793945313 6.849657535552979 -0.9090976119041443 2.942425 1.371299 0.96052 0.02763235
1 44.25065612792969 -1.867464303970337 -1.560622096061707 4.347855 0.774816 0.886837 -1.685633
1 49.06639099121094 -21.8333625793457 -0.7787027359008789 3.835787 0.476727 1.404809 1.502167
1 -11.88548088073731 2.871687889099121 -1.041386246681213 4.208066 1.818942 1.528173 0.0
1 56.77093887329102 -8.696096420288086 -1.204704284667969 4.571537 0.479742 1.482107 1.39917
1 35.30289077758789 -40.2699089050293 -0.1837767213582993 1.828262 0.563198 0.702727 -1.665956
1 3.878225088119507 14.08710479736328 -1.049713373184204 4.874087 1.872047 1.88586 -3.103391
1 17.74873352050781 3.525401115417481 -1.131455063819885 4.20394 1.608271 1.476979 0.04957065
1 -30.29986953735352 6.334670066833496 -0.6355852484703064 3.364845 1.823571 0.9297 5.518454e-17
1 23.0364990234375 14.68909168243408 -1.188003063201904 3.652993 1.579137 1.172422 -3.088792
1 24.34663963317871 3.514451503753662 -1.2959303855896 3.809517 0.411438 1.179452 0.04957065
1 -17.7158374786377 2.693710803985596 -1.068354368209839 3.895438 1.673134 1.496301 0.0