1 46.98542785644531 33.59201431274414 -1.934597849845886 5.203721 1.785073 1.032596 -3.097217
1 44.77597808837891 36.34967803955078 -2.040046691894531 0.685625 1.427826 0.747264 3.106933
4 40.48983383178711 -4.767306804656982 -0.8688808083534241 0.495429 0.581699 1.066058 -0.0334971
4 20.60690879821777 -4.198220252990723 -0.8933808207511902 2.956654 1.147305 1.716753 0.03263588
1 44.77902221679688 1.87220048904419 -0.9609930515289307 0.996621 0.60478 0.645107 -0.01173515
2 31.58822441101074 9.346356391906738 -0.4881002306938171 5.818538 2.140348 2.777439 0.4484765
4 23.19665718078613 -22.3622989654541 -0.698035717010498 1.770377 0.565534 1.452934 1.503096
3 -7.328934192657471 -10.57244300842285 -1.001486659049988 0.608074 0.706143 0.918992 1.684771
1 31.72713088989258 -17.24867057800293 -0.8085654973983765 4.662445 1.727998 1.604154 1.488786
6 -9.004621505737305 14.00592231750488 -1.221269011497498 1.412369 1.584418 0.987335 -3.135934
6 47.2931022644043 9.906222343444824 -1.526732683181763 0.419667 0.350022 0.357428 -2.20876
1 31.03308486938477 -22.19862174987793 -0.8813300132751465 2.716492 1.191258 1.200745 1.488786
3 -6.634320259094238 -10.72617626190186 -0.9745999574661255 0.737829 0.601854 0.967889 1.684771
1 17.83956718444824 0.5998899936676025 -1.133190989494324 3.063058 1.708703 1.382704 0.1048113
4 -51.43224334716797 -5.320968151092529 -1.201228499412537 1.389076 0.589361 1.046106 3.131282
1 -11.66116142272949 14.03807830810547 -1.005594968795776 3.551322 1.702639 0.971913 -3.137315
1 -26.04195594787598 0.1826018691062927 -1.149182915687561 2.225163 2.017075 1.384587 -0.0172845
2 12.26024913787842 15.53419494628906 -0.6620875000953674 6.083411 2.234801 2.98522 3.113184
1 31.0976505279541 -0.123901829123497 -1.196667671203613 1.003388 0.967361 0.855488 0.03263588
1 30.66514015197754 -27.90420150756836 -0.8561347126960754 1.393825 0.537714 1.079391 1.488786
1 51.19546127319336 6.081202983856201 -1.195204734802246 4.130728 1.602972 1.39642 -2.20876
1 41.95445251464844 7.652729988098145 -1.48034942150116 1.248871 1.856715 1.053721 -2.763077
2 -20.98891639709473 18.25715446472168 -0.5793828964233398 5.858838 2.140361 2.773815 3.043858