3 -52.81967163085938 -9.312705039978027 -1.137885689735413 0.407171 0.444929 0.781498 -0.1958945
1 -11.77218055725098 -4.742931365966797 -0.8719460368156433 4.758637 2.051331 1.932589 0.01742434
1 -45.08893203735352 12.04936122894287 -1.746737241744995 3.894192 1.676927 1.541086 -3.11953
6 47.60454559326172 0.5238961577415466 -0.5373659729957581 1.08065 1.174711 0.33075 -0.03661515
4 -4.727975368499756 -9.323323249816895 -1.061630010604858 2.246051 0.881241 1.385715 -0.1231241
1 -31.3204231262207 11.39814567565918 -1.404013752937317 3.952297 1.764987 1.613288 3.134804
1 -53.45958709716797 0.2558613717556 -1.163817882537842 2.625391 1.714382 1.397651 -0.01070997
3 -40.63311767578125 17.07259178161621 -1.420812010765076 0.37166 0.79657 0.564078 2.791413
1 23.03888893127441 0.2442626953125 -1.180344820022583 1.408512 1.730178 1.097109 -0.009196103
3 -34.78758239746094 19.93891716003418 -1.269891262054443 0.680836 0.945305 1.580495 0.04728416
1 9.410140991210938 11.97619247436523 -1.277193546295166 4.374268 1.597431 1.47931 -3.119768
3 7.26608943939209 20.03097724914551 -1.351624965667725 0.214498 0.313068 0.576747 -1.682621