1 -1.357840299606323 35.39663696289063 -0.6703101992607117 1.368543 1.469939 0.916548 1.555732
1 -9.003588676452637 35.93197631835938 -0.7634889483451843 3.881382 1.741794 1.121585 1.555732
6 -57.29777145385742 10.14903545379639 -0.7155080437660217 1.95558 1.366639 0.427081 -3.117094
4 -51.17847061157227 -5.53705644607544 -1.10384476184845 1.386327 0.590218 1.348763 -0.03744713
6 50.75708770751953 0.408358097076416 -1.318507432937622 0.304957 0.836757 0.332149 0.04582672
1 2.053281307220459 34.80964660644531 -0.7534989714622498 0.918058 1.926233 1.099011 1.555732
1 -53.54661560058594 18.71803283691406 -1.365918517112732 4.361529 1.498656 1.190708 -2.596006
1 25.12176322937012 4.20362138748169 -1.142096519470215 3.805841 1.829783 1.397552 -2.483813e-17
1 -19.9272632598877 35.61501693725586 -0.926264762878418 2.509458 1.480937 0.888405 1.509787
1 9.030467987060547 35.35471725463867 -0.7035861611366272 1.235527 1.423137 0.553731 1.555732
1 12.51384258270264 35.39244079589844 -0.734174907207489 0.561483 1.008839 0.582156 1.555732
1 -27.4324951171875 35.76503753662109 -0.817898690700531 4.238538 1.386086 0.98304 1.509787
1 -12.74761486053467 34.91911315917969 -0.7801651358604431 1.277829 1.266927 0.735192 1.555732
3 19.44487953186035 21.25390625 -1.064336538314819 0.413959 0.802453 1.576193 -3.065907
1 10.15195274353027 0.8034839630126953 -1.125390291213989 3.035049 1.953877 1.391477 0.02837985
4 -15.26755237579346 16.37999153137207 -1.217301607131958 1.729648 0.665612 1.537731 -3.116766
1 16.85408592224121 36.93924331665039 -0.6189398169517517 2.941487 1.174694 0.681996 1.591817
1 35.98240661621094 1.366529941558838 -1.294548034667969 0.904283 1.854761 0.752153 0.0