1 9.053647994995117 -28.31595611572266 -1.178772807121277 3.534549 1.311369 1.201016 1.675912
5 -21.88211059570313 -8.28587532043457 -1.449563980102539 0.166885 0.241507 0.314912 2.566694
1 27.56641578674316 13.31137466430664 -1.863790392875671 4.872304 0.955607 1.067141 -3.05468
1 -15.51181888580322 4.359061717987061 -0.8765614032745361 3.891177 1.935993 1.868095 0.1197113
5 -20.59000396728516 -9.126199722290039 -1.449468851089478 0.173813 0.185262 0.392977 -0.6647368
5 -11.49820995330811 -18.26767349243164 -1.402375817298889 0.150152 0.116874 0.381902 -1.047746
1 47.66027450561523 -0.9601680636405945 -1.519066572189331 0.460772 1.250639 0.839568 -0.136727
3 49.6586799621582 -10.85779857635498 -1.425816178321838 0.509572 0.46048 1.333298 0.05546094
2 6.115884780883789 -33.15209197998047 -0.2392626255750656 12.984599 2.91041 3.085265 1.617331
1 -27.07786178588867 12.61392688751221 -1.212305545806885 4.212613 1.656845 1.428074 3.134384
1 11.75000858306885 -20.18147659301758 -1.260014653205872 4.47905 1.783206 1.472912 1.60354
3 40.37705612182617 -10.1312780380249 -1.286666631698608 0.362019 0.525871 1.425593 0.08811999
3 -43.79771041870117 23.29635810852051 -0.9951179623603821 0.332481 0.276507 1.24356 2.676258
4 -24.86083602905273 16.87886810302734 -1.280860543251038 1.597097 0.388726 1.521632 -3.071506
2 -21.93748092651367 3.199420928955078 -0.377529114484787 6.142274 2.391125 2.882069 0.01361697
1 -8.863409996032715 3.732332706451416 -1.059207558631897 4.483411 2.010684 1.512466 0.1243111
1 27.79546737670898 -1.356744408607483 -1.432531118392944 1.894133 1.810909 1.460365 0.09219991
1 -2.027070045471191 -35.4145622253418 -1.005128741264343 3.445977 1.709111 1.518495 -1.475179
1 11.87633514404297 9.994695663452148 -1.090271234512329 5.228664 2.049618 1.911712 -2.713479
1 3.745368480682373 39.63333129882813 -1.627680540084839 3.788289 1.791238 1.688889 -1.480377
1 5.495109558105469 -21.43187141418457 -1.114559292793274 3.835956 1.816489 1.47622 1.665022
1 19.12701797485352 11.80666923522949 -1.340847730636597 4.366442 2.058192 1.7487 -2.947875
1 8.755297660827637 -21.9203987121582 -1.072325110435486 4.266243 2.152525 1.715373 1.629583
1 2.050437927246094 48.60540008544922 -1.763611435890198 1.751156 0.338014 0.923563 -1.595308
2 -2.794179916381836 5.165519714355469 -0.7161442041397095 6.142622 2.126785 2.38207 0.2789593
1 -35.41036605834961 13.47273921966553 -1.187811136245728 0.941029 1.007865 0.890308 3.124207
3 9.448500633239746 33.93134307861328 -1.651405334472656 0.706179 0.302147 1.591331 3.128395
1 6.479568004608154 -44.10346984863281 -0.9554322361946106 2.436193 0.17551 0.599242 1.633266
1 35.60949325561523 13.91679382324219 -2.115879058837891 4.299644 1.412624 0.7452 -3.1408