1 43.23943710327148 2.55640721321106 -1.337432384490967 0.988995 1.484961 0.838703 -0.2128763
1 17.64254760742188 10.57839393615723 -1.226820945739746 4.712664 2.030778 1.761276 3.139046
1 -32.3326530456543 2.26372504234314 -0.8991522789001465 4.740078 1.777852 1.885053 0.03939941
1 -25.91907501220703 -14.82243919372559 -0.9322836399078369 4.00412 1.89514 1.555879 1.414639
5 11.95135021209717 22.53697013854981 -1.980879306793213 0.21054 0.286165 0.676169 0.3527239
5 -55.96132659912109 -4.967758655548096 1.694638967514038 0.662565 0.91419 0.785303 5.449272e-16
1 -27.65214347839356 -22.75915145874023 -0.6934790015220642 4.21624 1.86755 1.40123 1.423456
1 -42.2797737121582 -16.52383804321289 -0.8039246797561646 4.294717 0.790842 1.497615 -1.159184
1 -1.567172050476074 11.84601497650147 -1.281456470489502 4.529987 1.840454 1.519353 -3.065269
1 -23.88141250610352 -1.381151437759399 -1.207255601882935 4.498817 1.96466 1.198953 -0.002102381
4 -29.53922843933106 19.87763977050781 -1.476990461349487 1.055262 0.399992 1.348684 0.3552406
1 30.83972358703613 42.40312576293945 -2.202027082443237 4.194675 1.017571 1.074714 2.065176
1 50.08879852294922 16.70084190368652 -1.631238102912903 4.380873 1.661291 0.968062 3.041507
3 -11.55026531219482 23.08430290222168 -1.401407480239868 0.700688 0.549044 1.779997 2.748712
3 40.85514068603516 39.38462066650391 -1.752316951751709 0.175863 0.360733 0.472215 0.4743181
1 -22.37284278869629 -13.12057018280029 -0.9800609350204468 4.292262 1.993153 1.522008 0.9381364
3 -41.06330871582031 -17.28232192993164 -0.8078728318214417 0.651442 0.521583 1.518287 -2.696739
3 -41.79149627685547 -16.28887367248535 -0.8147873878479004 0.315016 0.172778 1.523387 2.164018
5 -16.58107566833496 -10.34092235565186 -1.441778063774109 0.188889 0.196805 0.532169 -1.399794
3 -43.53968048095703 22.92213439941406 -1.24680483341217 0.411748 0.366251 1.189296 0.2127376
3 -42.29543304443359 -21.06647109985352 -0.7355638146400452 0.667474 0.416889 1.331066 -2.841547
6 -25.77315330505371 -18.12295913696289 -0.3245118260383606 0.454963 0.722853 0.319103 -0.411147
5 -11.59756374359131 -8.06207275390625 -1.38382625579834 0.169387 0.145295 0.564452 -1.399794
5 -15.03407192230225 -9.440618515014648 -1.381859421730042 0.182491 0.106259 0.473833 -1.399794
4 -42.99729156494141 18.78825950622559 -1.062982320785523 0.946983 0.651249 0.906702 0.1150462
2 23.32032203674316 14.0783576965332 -0.3495224118232727 11.865313 3.049318 2.989913 -3.137859
4 -7.195018768310547 23.95051956176758 -1.476237177848816 2.884922 1.326337 1.155734 -5.980364e-16