2 -9.167007446289062 -3.900202512741089 -0.7851032018661499 6.035295 2.27222 2.349563 0.01912924
6 29.74209594726563 0.1834655404090881 0.01762801222503185 0.221424 1.115939 0.075324 0.03447308
1 -16.82712173461914 -25.15867042541504 -1.540794134140015 1.014147 0.487543 0.674195 0.122958
1 -0.1508554220199585 -3.382433652877808 -0.8680430054664612 4.616358 1.841379 1.438706 0.009565492
6 43.29468536376953 0.1969606727361679 0.1405007690191269 0.128956 0.544639 0.082529 0.02896425
1 -11.24214839935303 -17.78839111328125 -0.6476388573646545 0.545339 0.879762 0.65994 1.484655
1 14.96400165557861 0.1343147605657578 -0.4333589673042297 3.070941 1.884178 0.975369 -0.0006921518
1 -16.72622871398926 -21.76245498657227 -0.9782876372337341 3.615397 1.770609 1.716897 0.07947359
1 26.36848449707031 -2.7740159034729 -0.7577918767929077 3.861499 1.393676 1.339451 0.03447308
1 -16.59645462036133 -17.97678184509277 -1.109801411628723 4.126606 1.694175 1.50141 -1.490357
1 18.62429237365723 -3.081202983856201 -0.7772982716560364 3.970498 1.700729 1.578684 0.03606614
1 6.437495708465576 -0.1426054537296295 -0.9633208513259888 3.317985 2.134079 1.470942 0.005494867
2 9.199603080749512 -3.716590642929077 -0.5266908407211304 6.113156 2.408699 2.290415 0.02450414
1 40.22272109985352 -3.321749210357666 -0.3753363788127899 2.374534 1.56536 1.581146 -0.002203283