2 -1.721839427947998 21.47553634643555 -0.5779427289962769 11.766273 2.969355 3.1364 3.026416
1 11.42597675323486 13.16726779937744 -1.137885093688965 4.339753 1.671917 1.45109 3.105307
4 -29.2994384765625 -7.870145797729492 -1.322085499763489 1.379019 0.904798 1.566926 0.0
1 19.70170021057129 -0.8143700957298279 -1.067474365234375 4.128131 2.116386 1.44277 0.04871248
2 50.98678207397461 3.759921550750732 -0.1439695209264755 7.467702 2.686703 3.182989 0.07550459
6 38.93169021606445 -3.122492790222168 -0.9101068377494812 0.111459 0.586261 0.026488 0.0
2 28.93353271484375 11.36269187927246 -0.5052168965339661 6.073075 2.543645 2.052397 3.053948
4 11.92323970794678 18.06194877624512 -1.150728583335877 1.264366 0.66735 1.642085 3.04325
1 -26.35518264770508 18.19242286682129 -1.302491068840027 3.465628 1.747226 1.17828 3.113498
3 18.64118576049805 23.70728874206543 -0.9149222373962402 0.3931 0.496434 1.219133 -0.1020742
4 19.08387756347656 22.13821983337402 -0.6446979641914368 1.049118 2.405507 0.736395 3.102768
4 23.81871795654297 18.24164009094238 -1.189540028572083 1.973117 0.533507 1.283947 3.045395
1 -3.642925977706909 14.62770652770996 -0.9203716516494751 4.697885 1.935943 1.974744 3.100365
1 40.62261962890625 -2.730364322662354 -0.9299130439758301 1.694597 1.671022 1.259984 0.0
1 -10.09967136383057 17.83200645446777 -1.258262753486633 3.712237 1.596387 1.57792 3.002553
1 35.82080078125 0.01011490821838379 -0.9361942410469055 0.993322 1.738943 1.421106 0.0