1 20.42733573913574 2.039119005203247 -0.8786900639533997 3.043877 0.648378 0.977388 0.2447927
1 -17.00638580322266 -3.25031590461731 -0.8672412633895874 3.705785 1.625096 1.317555 0.05082306
3 0.04491278529167175 20.76663589477539 -1.444350004196167 0.562382 0.601596 1.354882 3.126026
1 -3.74816370010376 -3.211302995681763 -0.9764485955238342 4.266277 1.909064 1.557171 0.03163936
1 2.274252653121948 -2.631859064102173 -1.018462300300598 4.463145 1.849272 1.445342 0.03163936
1 15.34111213684082 -5.406174659729004 -0.5739938616752625 3.904022 1.637446 1.463694 -0.04073927
1 -10.49335098266602 -3.195290327072144 -0.7906075119972229 4.684785 1.896956 1.934241 0.004244104
1 -57.27939224243164 10.35801219940186 -1.246806979179382 1.534168 1.58205 0.851267 -3.092198
1 -10.82318878173828 -5.970535278320313 -0.6044933795928955 1.686603 1.861566 1.386003 -0.001669247
1 8.079972267150879 -2.694881200790405 -0.9390889406204224 4.213876 1.842184 1.645738 0.01079136
1 7.635138511657715 0.3652894496917725 -0.9926380515098572 3.20393 2.062057 1.300492 0.02152622
3 29.73291969299316 24.2169303894043 -1.71988320350647 0.393994 0.560478 1.52256 -2.334589
1 8.247162818908691 -5.670228958129883 -0.9056760668754578 4.19866 1.940646 1.589406 0.0159352
1 1.069868326187134 -6.002001762390137 -0.9880911111831665 4.31235 1.773056 1.473153 0.0159352
1 -40.6461181640625 10.82712078094482 -1.442410826683044 4.120497 1.652305 0.847581 -3.064407
1 22.37430000305176 -5.478066444396973 -0.8086552619934082 3.038321 1.564221 0.953614 -0.02443369
1 15.50542068481445 -2.699431657791138 -1.04828691482544 4.240292 1.621397 1.448172 0.01079136
1 14.46682357788086 0.5089588761329651 -0.7470750212669373 3.856793 1.92241 1.508064 0.2162015
6 -16.52241325378418 0.45820751786232 -1.085072755813599 0.500423 1.158823 0.244137 0.05082306
1 -4.223550796508789 -6.099113464355469 -0.9856716990470886 3.767134 1.999096 1.434214 0.0159352
1 -5.868162631988525 -0.02498894557356834 -0.5528392195701599 5.200548 2.088716 1.51099 0.02152622