3 5.880425453186035 20.92906379699707 -1.517373561859131 0.705095 0.605237 1.406059 -3.113369
1 -3.746751308441162 -3.206996917724609 -0.9776515364646912 4.266998 1.911493 1.557774 0.0
1 -31.99905014038086 8.322616577148438 -0.9677780866622925 3.977342 1.788847 1.270542 -3.139441
1 -1.973257064819336 11.17618083953857 -1.33504068851471 4.656854 1.860337 1.492935 3.116528
2 -48.56843566894531 9.868162155151367 -0.3519977033138275 9.828931 2.747117 3.0085 -3.139441
1 2.271306753158569 -2.670926570892334 -1.020016312599182 4.438333 1.993708 1.451914 4.44234e-17
1 -5.849310874938965 0.04066211730241776 -0.5844018459320068 5.163937 2.146538 1.50718 0.0
1 -17.01571846008301 -2.993804454803467 -0.8670369982719421 3.68837 1.109822 1.318548 0.0
1 20.71364974975586 2.041110992431641 -0.8556225895881653 3.590804 0.698979 0.925407 0.1636656
1 8.080092430114746 -2.691897869110107 -0.9701235294342041 4.206552 1.832733 1.630337 4.308042e-17
1 15.48277282714844 -2.734163045883179 -1.079892635345459 4.207242 1.635632 1.501647 0.01172435
1 -17.29757499694824 10.43083095550537 -1.330368638038635 4.323638 1.858014 1.513793 -3.120757
1 14.09865665435791 0.4472246766090393 -0.7931706309318542 3.091384 2.077515 1.390852 0.1603639
1 8.193631172180176 -5.689248085021973 -0.9240113496780396 4.134096 1.983205 1.622752 7.979996e-17
1 1.060505509376526 -5.989137649536133 -1.003269553184509 4.370382 1.746342 1.470382 -9.201997e-17
1 7.62663459777832 0.4108370244503021 -1.030948996543884 3.195439 2.062824 1.411843 0.0
1 -10.81783676147461 -5.96884822845459 -0.6040178537368774 1.684559 1.845909 1.385936 8.884684e-17
1 15.37097358703613 -5.391551971435547 -0.5873731374740601 4.023388 1.629516 1.484922 8.554099e-17
1 22.37117195129395 -5.52217960357666 -0.8068667054176331 3.045043 1.546136 0.941784 -0.02506508
4 -42.90943908691406 17.29063987731934 -1.27992045879364 0.65757 0.387861 0.566239 -3.056669
1 -4.223567008972168 -6.086381912231445 -0.9948194622993469 3.758238 1.992564 1.454446 0.0
1 -10.42873001098633 -3.203763246536255 -0.7926103472709656 4.490433 1.87734 1.939108 0.0
4 54.98330307006836 23.97304725646973 -1.893821954727173 0.970741 0.32433 1.065178 1.604074