1 -10.14257335662842 -22.15980339050293 -0.8831503987312317 4.242729 2.116572 1.67117 1.614806
4 -21.10585784912109 40.16719436645508 -2.00387716293335 0.749284 0.254819 0.559205 -1.730065
4 46.48688507080078 24.61999130249023 -1.480409622192383 0.4816 0.538549 0.595472 0.01158878
1 -27.39176750183106 3.36514163017273 -1.197178244590759 4.079116 1.295551 1.453779 0.1067148
1 -14.5955228805542 40.0192985534668 -1.703408241271973 4.939032 1.745642 1.665275 -1.677517
1 58.36008834838867 17.26891899108887 -1.04628312587738 2.501126 1.4783 1.002242 3.015553
6 -9.851617813110352 -29.14086723327637 -0.5082260370254517 2.170757 1.29377 0.462703 1.626644
1 0.6840040683746338 11.45814895629883 -1.07899022102356 4.46291 1.828048 1.713453 -2.94414
4 37.86190414428711 24.92234420776367 -1.666661977767944 1.023994 0.334236 1.328869 -0.1188042
6 -34.19064331054688 4.243799209594727 -0.2471421957015991 0.182841 0.91284 0.011744 3.13902
2 -12.84820652008057 -32.20951843261719 0.2762942612171173 12.199022 2.990708 2.242443 1.625157
6 -8.075817108154297 11.23908996582031 -0.4749216437339783 3.254183 0.645144 0.32138 -2.713305
1 30.95380020141602 -2.308753490447998 -1.212064623832703 2.298468 1.996712 1.197787 -0.1300191
3 32.40498733520508 -11.36079025268555 -0.6766073703765869 0.313152 0.689861 0.512093 -0.09471685
2 -40.71927261352539 3.117522239685059 -0.3856086134910584 5.927384 2.404069 2.774158 -0.05950202
1 -13.20712566375732 -21.87399864196777 -0.9591805338859558 4.109076 1.803042 1.52185 1.614806
3 21.71751403808594 -10.46553325653076 -0.712405800819397 0.686806 0.718844 1.601284 -0.01512748
3 -12.37511444091797 33.55801391601563 -1.473934769630432 0.78227 0.458286 1.517862 2.853247
1 -6.750065803527832 9.881930351257324 -0.8923864364624023 4.921091 2.163903 1.983405 -2.703911
1 51.03374481201172 -1.894278645515442 -1.124132871627808 0.555005 1.685766 0.729911 -0.1300191
1 9.155074119567871 13.4011402130127 -1.091121673583984 5.451968 1.805652 1.812331 -3.015013
1 16.67212677001953 13.79276943206787 -1.317253947257996 3.667072 1.838514 1.486887 -3.045566
2 -21.51654243469238 5.170925140380859 -0.4093680381774902 6.220119 2.347536 2.876656 0.2884609
1 -7.094197273254395 -20.39711570739746 -1.004223942756653 4.452795 1.895543 1.40614 1.599045
3 2.612001180648804 -54.28826904296875 -0.3100797235965729 0.363945 0.477351 1.029225 1.765161
1 -6.279880046844482 -27.65165328979492 -0.8138098120689392 4.606708 1.547232 1.791359 1.654001