6 39.817138671875 -11.83254051208496 -0.6460961699485779 1.116654 0.158546 0.05928 2.245689
1 -37.49826049804688 -17.36705780029297 0.3214080333709717 1.701376 0.526438 0.755112 0.7922544
5 9.10195541381836 -10.82349395751953 -1.256191968917847 0.199358 0.169975 0.513589 2.754827
1 -29.00418853759766 -8.800472259521484 0.04213910549879074 2.274022 1.388736 0.76397 0.777703
3 -21.81990432739258 -18.75521469116211 0.03340162709355354 0.544071 0.641228 1.545767 0.6455162
1 -2.547281503677368 33.76093673706055 -2.073590517044067 4.891113 1.82378 1.152235 -0.7242745
1 -14.33420372009277 6.718602657318115 -0.9421190619468689 3.12222 1.894801 1.54332 0.6107626
5 -6.490827083587647 -6.121373653411865 -1.027475237846375 0.203199 0.194397 0.600868 -2.50332
5 -0.7270802855491638 -6.128949642181397 -1.181487798690796 0.189237 0.231392 0.577246 2.754827
1 6.133913040161133 9.433747291564941 -1.31121301651001 5.008117 1.830122 1.43324 -0.9706205
2 31.24567604064941 -4.00572681427002 -0.6202073693275452 12.28118 3.061241 3.104402 2.203698
5 7.69269323348999 -9.6483793258667 -1.266300797462463 0.256435 0.237249 0.551577 2.754827
6 29.91260147094727 6.485920429229736 -2.289728879928589 1.506899 0.686083 0.624895 2.172012
5 -12.04988670349121 -7.750348091125488 -0.9791718125343323 0.136006 0.179527 0.443277 -2.50332
1 13.21732807159424 48.44502258300781 -2.557436943054199 4.232985 1.92085 1.584057 -2.234
1 41.41134262084961 -36.74477386474609 -0.6998249292373657 3.958855 1.580405 1.309992 -1.02345
1 -26.45471954345703 -10.54898643493652 -0.7421783804893494 4.18647 1.850965 0.650075 0.7889226
1 25.86725616455078 7.480639934539795 -1.733249664306641 2.463257 1.096049 1.375126 2.240873
5 6.1769700050354 -8.569668769836426 -1.333569884300232 0.232516 0.199605 0.549474 2.754827
1 -14.44139575958252 49.56843948364258 -2.535385131835938 3.563539 1.520069 1.089032 -0.7949926
5 2.773453950881958 -7.017630577087402 -1.330628752708435 0.25271 0.302946 0.586034 2.754827
1 -38.20490646362305 -22.47184181213379 -0.2591136693954468 4.088478 1.622584 0.711978 0.7874432
1 -19.09591102600098 1.187086582183838 -0.7367044687271118 3.61958 1.753517 1.498976 0.7923213
1 20.77259254455566 9.972347259521484 -1.54131031036377 4.008166 1.677726 1.881971 2.23138
1 20.73479461669922 15.314453125 -1.997706413269043 4.41447 1.148365 1.272344 2.077474
1 32.3981819152832 -24.36557960510254 -1.203319787979126 3.983318 1.581827 0.894816 -1.008621
1 -32.52404403686523 -11.50228023529053 0.07959134876728058 1.873751 0.815148 0.739502 0.7874433
1 -12.7584981918335 3.745693445205689 -0.8569994568824768 4.815875 2.320445 1.513668 0.832674
5 -2.618527889251709 -5.928554058074951 -1.133522152900696 0.187268 0.207688 0.580541 2.754827
3 34.84439849853516 7.046031475067139 -1.649173259735107 0.518725 0.5869 1.564286 2.210433
1 -17.01448440551758 -1.182851791381836 -0.7372301816940308 4.645878 2.083318 1.565807 0.8130243
1 18.59707260131836 7.687075614929199 -1.570444107055664 4.818171 1.793227 1.425926 2.249204
5 1.234549760818481 -6.53354549407959 -1.224993944168091 0.210219 0.241081 0.57643 2.754827
5 4.492247104644775 -7.73782205581665 -1.317436695098877 0.129904 0.210506 0.577835 2.754827
5 -10.25284576416016 -7.030206203460693 -0.9516153931617737 0.189233 0.198755 0.545538 -2.50332
1 -23.64471244812012 -3.846785545349121 -0.2020213454961777 1.831427 1.442353 0.652641 0.8191101
1 -6.317296504974365 31.56305503845215 -1.556770086288452 5.076638 1.877823 1.961592 -0.9450323
5 10.51184844970703 -12.12270927429199 -1.17357611656189 0.22433 0.216355 0.537881 2.754827
6 30.6956787109375 -9.055098533630371 -0.9650824666023254 1.248433 0.632211 0.287018 2.228746
1 -21.52064895629883 -5.616224765777588 -0.5309094190597534 4.392541 1.724586 1.558318 0.8091175
1 -0.3434405326843262 35.76714706420898 -2.076778173446655 2.692066 1.612708 1.386887 -0.6708519
1 -31.16747283935547 -15.73454570770264 -0.5141660571098328 4.167813 1.243863 0.781246 0.7826117
5 -4.56555700302124 -5.954044818878174 -1.097593069076538 0.176138 0.249763 0.549541 -2.50332
1 23.05357933044434 2.209944248199463 -1.383459568023682 4.713062 1.928833 1.642196 2.23632
3 -21.33848381042481 -19.29643058776856 0.03894485905766487 0.576049 0.656741 1.533235 0.6455162
1 12.9271821975708 53.69175720214844 -2.879478931427002 1.632461 0.406463 1.069421 -2.099951
5 -8.372119903564453 -6.490090847015381 -1.023307919502258 0.21146 0.207738 0.577717 -2.50332
1 26.66278266906738 -2.984895706176758 -1.314815640449524 4.353518 1.627414 1.549586 2.2354
6 -11.67978954315186 46.43851470947266 -2.080395698547363 0.523201 0.282412 0.944383 2.487612