1 -27.09671401977539 -31.53362655639648 -1.364328742027283 3.974396 1.19143 0.530092 1.572304
6 49.48343276977539 8.942243576049805 -1.234877467155457 3.583242 0.487778 0.338707 2.987895
1 -29.86266136169434 -38.32901763916016 -1.141683459281921 2.165929 0.654423 1.025314 1.598077
1 -8.561635971069336 13.41809368133545 -0.9902740120887756 4.528346 1.95594 1.493083 3.044791
1 -27.23369026184082 -47.13670349121094 -1.535366415977478 1.053791 1.797034 0.679907 1.65565
6 -53.98123550415039 6.299947738647461 -1.385411739349365 1.376678 1.670519 0.380598 -0.328797
6 28.08259582519531 8.057022094726562 -1.315385818481445 0.234514 0.449187 0.17051 2.987895
5 -9.367491722106934 -8.173295021057129 -1.4168701171875 0.205429 0.205192 0.517282 -2.8164
1 -1.671094417572022 12.64318370819092 -0.9165509939193726 4.827717 1.880209 1.693607 3.019752
1 -27.39409828186035 -18.30487823486328 -1.069154143333435 4.626021 1.714161 1.419557 1.598077
5 -2.266919374465942 -6.311333179473877 -1.38726282119751 0.241764 0.218821 0.495043 -2.8164
5 -12.50567245483398 -10.12143993377686 -1.371336340904236 0.198458 0.212682 0.564454 -2.8164
6 -27.41458892822266 -36.65670776367188 -1.360909700393677 0.509226 1.013502 0.342942 1.598077
5 -5.888808250427246 -6.858462333679199 -1.436177492141724 0.198934 0.246522 0.486336 -2.8164
4 16.27734756469727 17.07192993164063 -0.8916575312614441 0.972663 0.635852 1.036841 3.006747
1 -4.551371097564697 18.88315391540527 -1.077909350395203 2.92786 1.69175 1.261454 2.987895
5 -17.59409523010254 -15.82576179504395 -1.369351267814636 0.155899 0.178788 0.338658 -2.390533
6 -29.83330917358398 -31.02421760559082 -0.9985456466674805 0.286524 0.241751 0.912266 1.598077
5 -4.084801197052002 -6.489147186279297 -1.396442413330078 0.177387 0.201921 0.564818 -2.8164
5 -10.81414985656738 -8.991411209106445 -1.406882286071777 0.198708 0.155096 0.474899 -2.8164
1 -54.61014938354492 19.28182792663574 -0.6523777842521667 2.3392 1.426983 1.599849 3.112462
1 4.530500411987305 11.73006343841553 -0.87083899974823 4.499845 1.823357 1.708692 3.012979
5 -7.653401851654053 -7.466999053955078 -1.483999133110046 0.198284 0.20277 0.576219 -2.8164
3 -17.81863975524902 -30.05469131469727 -0.770798921585083 0.640328 0.785314 1.120534 1.617553
1 11.62238311767578 10.67964458465576 -0.8833169937133789 3.881571 1.52812 1.26411 2.985947
2 4.963905811309815 14.69578838348389 -0.4745923280715942 12.315207 3.123158 2.589829 2.987895
5 -0.3329025208950043 -6.205765247344971 -1.383679151535034 0.228084 0.2221 0.566898 -2.8164
1 -30.58832550048828 -17.75289916992188 -1.006124377250671 3.562164 1.750296 1.552551 1.598077
4 45.44785308837891 -15.12239837646484 -1.418549776077271 2.357574 0.7386 0.909415 3.104028
1 28.72944831848145 14.18124008178711 -0.8802763223648071 2.296081 1.551143 1.148051 2.987895
1 -29.70895767211914 -23.43694305419922 -1.224718332290649 1.027536 0.281005 0.924934 1.598077
1 32.93191909790039 10.44136905670166 -0.8066045641899109 2.0376 0.571036 0.595161 2.987895
1 22.17879676818848 -0.8269039988517761 -1.1804438829422 4.467674 1.884872 1.513165 -0.2256377
1 -31.27873611450195 -10.3065128326416 -1.031848788261414 2.083323 1.748475 1.3109 1.591621
1 -20.48383331298828 25.6232795715332 -1.2025386095047 4.001154 1.490144 0.880155 2.422493
1 -27.48838424682617 -23.89096832275391 -1.06791090965271 2.871385 1.725179 1.298081 1.571018
1 -41.50711441040039 36.84001541137695 -0.3976304829120636 1.62299 1.56087 0.909324 -1.421114
1 -18.26227378845215 7.841681003570557 -0.6679145097732544 5.197699 1.835296 2.016867 -0.1878078
1 -14.70663833618164 21.33249664306641 -0.7702524662017822 3.047064 0.823339 1.066921 2.992358
5 -15.32493591308594 -12.73733901977539 -1.339454174041748 0.171035 0.168732 0.530484 -1.830876
1 -8.4818754196167 16.46183586120606 -0.8305419683456421 3.196154 1.615271 1.903363 3.028343
1 17.83967781066895 9.712407112121582 -0.7010512351989746 2.156638 1.736644 0.858646 2.985947
1 -27.55937957763672 -11.68090915679932 -0.9222185015678406 4.60717 1.157943 1.53198 1.591621
1 23.79587554931641 8.995863914489746 -0.842180609703064 3.487487 1.922183 0.856224 2.985947