6 -6.793175220489502 10.38400363922119 -1.432516098022461 1.164046 0.738347 0.977109 3.039304
3 -33.32924652099609 14.12673187255859 -0.9462694525718689 0.281402 0.472052 1.610051 1.575445
6 47.36798477172852 -3.131816864013672 -1.620911836624146 1.334032 0.302797 0.610319 -1.577492
5 -16.25646018981934 9.25166130065918 -1.636818528175354 0.320253 0.227034 0.341139 -3.141592
1 30.43561935424805 10.1590633392334 -1.102624654769898 4.362191 1.880185 1.750192 -3.10022
1 13.79581928253174 6.500050067901611 -1.124888777732849 4.357643 1.889404 1.384836 -3.12135
5 3.987377405166626 12.33796787261963 -1.42422616481781 0.301977 0.386128 0.640105 3.140537
1 -38.63384246826172 8.444671630859375 -0.9643203020095825 4.446887 1.957076 1.627801 -3.096615
6 -8.006230354309082 10.40792942047119 -1.554481506347656 1.111516 0.804991 0.771869 -3.121319
3 48.75329971313477 8.026549339294434 -1.256043910980225 0.557481 0.585773 1.569883 -3.128046
1 -4.859659671783447 -6.461389541625977 -1.090919256210327 4.465788 1.837664 1.55468 0.02106512
5 -27.21305465698242 -1.966242074966431 -1.506460428237915 0.135759 0.222182 0.359547 3.141592
6 -5.729656219482422 10.66466617584229 -1.693643450737 1.23829 0.350495 0.451674 2.499865
1 -12.25741767883301 -6.660022735595703 -1.006520509719849 4.439095 1.874195 1.732311 0.01090961
6 47.30911254882813 -4.614171981811523 -1.632092714309692 1.095358 0.311145 0.626723 1.605332
5 43.75442504882813 9.370367050170898 -1.55673098564148 0.315584 0.327061 0.655268 -8.684712e-16
3 18.69336318969727 13.83784294128418 -0.95331209897995 0.563302 0.607123 1.485433 0.01354641
3 48.05628204345703 -11.08721351623535 -0.6640498042106628 0.420088 0.364166 1.058962 -0.7511268
1 -37.65357208251953 -5.825517654418945 -0.9328494668006897 3.855808 3.07868 1.565945 0.03572688