3 -6.351374626159668 -10.12772083282471 -0.8184686303138733 0.515723 0.500411 1.515246 -1.189932
3 -11.272141456604 14.14921569824219 -0.7557865381240845 0.431584 0.600866 1.77629 -0.1115604
3 63.62882614135742 -2.594691514968872 -1.244070529937744 0.40527 0.340619 1.325693 -0.16729
6 -1.139487028121948 9.047572135925293 0.4552220702171326 0.186172 0.55155 0.181997 3.024464
2 50.31719970703125 7.94633150100708 -0.09475409984588623 11.664064 3.486571 3.690915 -3.128208
5 14.64556407928467 8.319416046142578 -1.608998775482178 0.396887 0.295021 0.604491 -0.07069703
5 17.15713119506836 6.826023578643799 -1.588921427726746 0.33796 0.257618 0.703511 -0.07069703
1 43.01806640625 -3.750229358673096 -1.117556691169739 3.942819 1.606223 1.636985 -0.01073673
1 27.41822242736816 -4.778047561645508 -1.382857322692871 4.421392 1.957489 1.041419 -0.01073673
6 52.7695198059082 -4.410900115966797 -0.2779537439346314 2.781855 2.013647 0.483103 0.03070591
3 63.55189895629883 -1.690451502799988 -1.144764542579651 0.261865 0.507522 1.129509 -0.1451691
4 -5.508032321929932 -5.879678249359131 -1.244527935981751 3.285878 1.399238 1.165437 -0.01148965
2 28.10871887207031 7.826790809631348 -0.2517149746417999 12.148418 3.066073 3.289232 -3.124862
1 -56.54470062255859 -5.068405628204346 -1.610080122947693 2.028679 0.4099 0.706074 -0.1018603
1 -14.60574245452881 7.382425785064697 -1.137460708618164 4.497057 1.883903 1.478191 -2.9047
6 -50.12411880493164 -5.679324626922607 -1.560137987136841 0.674497 1.36302 0.428723 -3.136618
3 0.7036707401275635 10.0709228515625 -0.8676853179931641 0.459615 0.59044 1.709949 -1.575417
1 -16.78638648986816 -5.398921489715576 -0.8962854146957397 4.478379 1.791482 1.849789 -0.01038877
2 4.772139549255371 7.232890129089356 -0.5908593535423279 9.240315 2.917397 2.515368 3.141592
6 59.84517669677734 -3.812778949737549 -0.9946177005767822 0.629478 0.385975 0.843004 0.09360676
3 -3.051306486129761 14.19111347198486 -1.161057949066162 0.539204 0.598626 1.261173 -1.543414
3 -6.170139312744141 15.12654113769531 -0.9596797227859497 0.190769 0.463471 0.455156 -1.371478
1 1.413837909698486 -5.355086803436279 -0.8807637691497803 4.20383 1.817077 1.858722 0.03512865
6 -33.15370941162109 12.42237663269043 -0.7703321576118469 0.400867 0.643835 1.087958 -0.1545079
3 -49.26414108276367 -6.834692478179932 -1.632591485977173 0.626657 0.283267 0.612875 1.497591
1 6.523744583129883 -5.215993404388428 -0.8736359477043152 3.813578 1.638035 1.876757 -0.02587263
1 37.95823669433594 -4.641618728637695 -1.173703193664551 3.483532 1.383188 1.524483 -0.01073673
3 -13.70633506774902 12.39480876922607 -0.8611767888069153 0.368273 0.691276 1.568585 -0.08445542