4 15.78656387329102 -4.916114330291748 -1.163695454597473 1.56345 0.596827 0.732175 -1.304338
4 18.68606758117676 -4.618257999420166 -1.371238231658936 0.996279 0.353092 1.138257 -1.563959
4 23.20912742614746 -4.452393531799316 -1.473718523979187 1.307324 0.305737 0.841353 -1.673584
3 9.721405029296875 -20.72007369995117 -0.3733658790588379 0.352221 0.609736 0.956275 -1.252967
1 -12.70208740234375 19.84610176086426 -0.254921168088913 1.61723 1.459952 1.182187 1.565527
3 -17.46098709106445 24.87874031066895 -0.6486518979072571 0.213331 0.288082 0.975617 1.822733
4 -16.51506614685059 -5.060683727264404 -1.423577308654785 1.281812 0.452424 0.898392 -1.523044
4 -18.07196807861328 -5.3907151222229 -1.477370142936707 0.973202 0.330872 0.806149 -1.410243
6 -47.44458770751953 8.894556999206543 -1.367056369781494 2.455238 1.055477 0.671269 0.1046823
4 -17.04300880432129 -5.021795272827148 -1.280530452728272 1.572549 0.559832 1.171105 -1.548798
6 -20.42411231994629 -5.036972999572754 -1.611359238624573 0.915682 0.412021 0.579378 -0.006221892
4 21.58825492858887 -4.781213760375977 -1.44321084022522 1.329414 0.406442 0.99091 -1.076997
6 -13.109375 -5.257448673248291 -1.131769299507141 4.494173 1.097702 1.459708 -3.128332
4 23.72555351257324 -4.282759189605713 -1.409871697425842 1.343514 0.361058 0.936901 -1.831953
4 6.037854194641113 -4.968260765075684 -1.266552090644836 2.12074 0.651033 1.231289 -1.864967
1 -10.94473361968994 8.867259979248047 -1.012514352798462 4.340112 1.968705 1.73222 3.141592
4 24.25079727172852 -4.191171646118164 -1.278264403343201 1.323472 0.469718 0.960423 -1.843264
4 22.68640327453613 -4.628897666931152 -1.433050274848938 1.659483 0.454257 1.068231 -1.673584
4 -7.05129337310791 -5.472453117370606 -1.328174233436585 1.620646 0.537437 1.060017 -2.217595
3 -30.09795188903809 -14.9872465133667 -0.3780548870563507 0.364932 0.707632 0.761452 0.04366085
4 16.4376106262207 -4.882216930389404 -1.32117235660553 1.435217 0.490096 0.961738 -1.267028
4 -4.641913890838623 -5.307544231414795 -1.299995541572571 1.706701 0.418171 1.083751 -1.989808
4 16.83936500549316 -4.501509189605713 -1.534192085266113 0.692923 0.459804 0.795766 -1.282013
3 -10.04853439331055 -16.8281135559082 -0.6168749332427979 0.662183 0.476057 1.678141 2.176413
4 -5.479478359222412 -5.530106067657471 -1.310036778450012 1.611767 0.584408 1.12009 -2.199545
1 18.19160842895508 4.280745983123779 -1.16640830039978 4.322246 1.901264 1.395876 3.141592
4 4.091312408447266 -5.006875038146973 -1.292695641517639 1.423568 0.582034 1.157838 -1.372469
1 29.01235389709473 -4.396948337554932 -1.272833704948425 3.84345 1.294273 1.500778 0.008517276
4 -6.253001213073731 -5.442587852478027 -1.310748338699341 1.589779 0.572877 1.110808 -2.262137
3 -10.31778907775879 -13.23161888122559 -0.6544203758239746 0.54935 0.473165 1.764166 0.8724633
3 -50.68717575073242 -12.28309726715088 -0.8251346945762634 0.566393 0.614143 1.359019 -0.2516394
4 -32.23291397094727 -2.680192470550537 -1.39893913269043 1.385999 0.659438 0.865617 -0.9464514
1 9.8712158203125 -4.825718879699707 -1.020410656929016 4.291631 2.06814 1.813995 0.03403655
6 -1.971848964691162 -5.23332691192627 -1.098174214363098 3.721194 1.652117 1.472608 0.3037286
3 -20.84462738037109 13.20180416107178 -0.5452868938446045 0.222418 0.579462 1.236936 2.583564
3 39.83666229248047 13.61267185211182 -0.9630937576293945 0.371008 0.710366 0.916039 0.2089227
4 -8.876964569091797 -5.381114006042481 -1.401250720024109 1.27486 0.428564 0.947846 -1.735532
4 -41.37047958374023 8.887818336486816 -1.331973910331726 3.433401 0.832113 0.874823 0.4894027
4 19.1627197265625 -4.526870250701904 -1.294968962669373 1.217076 0.378228 0.923232 -1.760373
1 -23.92728614807129 -4.217691421508789 -0.9613434672355652 4.703578 1.846745 1.775887 -0.5686398
3 -42.03085327148438 20.01107406616211 -0.6962255239486694 0.522803 0.949938 1.371151 -0.2100967
4 17.5528736114502 -4.902187824249268 -1.409096956253052 1.350607 0.565288 1.039414 -1.417908
3 -20.9654655456543 23.01314544677734 -0.3702487647533417 0.514064 0.572488 1.106327 1.690828
4 -31.92251968383789 4.243184566497803 -0.7944437861442566 2.656059 1.027999 1.932576 3.141592
4 18.11196136474609 -4.876025676727295 -1.399939894676209 1.323409 0.356371 0.956256 -1.458573
4 -8.029708862304688 -5.233317375183106 -1.375285506248474 1.523318 0.525545 0.958863 -2.077605
1 -40.94668960571289 -3.255795001983643 -1.070624113082886 2.579576 1.132022 1.479059 0.8980868
1 -26.5167121887207 32.33745193481445 -0.5193074345588684 2.298048 1.840739 0.952011 1.571812
4 -37.09994506835938 9.35957145690918 -1.287054419517517 1.878514 1.126625 0.98593 1.017943
4 14.57855606079102 -4.292704105377197 -1.363062620162964 1.107753 0.563814 0.921639 -0.8125545
3 1.767083168029785 14.33286666870117 -1.266650319099426 0.658044 0.698251 0.913005 -1.552693
4 -9.384991645812988 -5.383486747741699 -1.506789565086365 1.116734 0.515645 0.696303 -1.68633
4 20.57205009460449 -4.452544212341309 -1.30118191242218 1.450011 0.477857 1.320977 -1.717668
3 -20.61417007446289 12.46434783935547 -0.5890909433364868 0.329801 0.501684 1.025486 3.133602
3 8.479110717773438 -21.30480575561523 -0.2900291085243225 0.373843 0.6713 1.020682 -0.4954036
4 -37.75862121582031 -2.497787952423096 -1.230933785438538 1.704067 0.589126 0.885535 -2.433303
6 24.95008659362793 -4.736623287200928 -1.041553854942322 1.185611 0.67793 0.38827 1.171977
4 13.96262168884277 -4.563156127929688 -1.344330549240112 1.767605 0.687994 1.14823 -0.8125545
4 26.10286521911621 -4.374650955200195 -1.32542872428894 1.494479 0.585155 1.192655 -1.654626
1 -46.87338256835938 -1.19219696521759 -0.8474592566490173 2.245069 1.819229 1.4678 0.0