6 -50.44877243041992 -13.46166324615479 -0.7831639647483826 3.021366 0.852073 0.161752 1.780954
1 35.32528686523438 -3.770426034927368 -1.173607110977173 4.415569 2.567988 1.67038 0.01143193
6 -49.65015411376953 -16.91959190368652 -1.101840376853943 0.815877 0.679823 0.773203 1.554037
1 44.61991119384766 4.599391460418701 -1.320976495742798 0.928851 1.707158 1.492083 -0.03880698
1 36.03596878051758 2.04496693611145 -1.599380970001221 0.998555 1.707283 0.963137 0.007708479
6 -49.99590682983398 -19.66592407226563 -0.7345761656761169 0.232155 2.470686 1.251289 3.084004
1 -50.92052459716797 -33.82267761230469 -0.2730018198490143 2.646005 1.25952 1.548213 -1.588753
4 36.81380462646484 -0.9010868668556213 -1.432994961738586 0.924241 1.034691 1.40052 -0.02508014
1 12.28414440155029 4.667942047119141 -1.181605935096741 4.44892 1.728233 1.415604 -0.02295527
3 -4.836718559265137 -5.138132095336914 -0.3537092804908752 0.400036 0.53251 0.983741 1.555681
1 -1.67870020866394 -2.994282960891724 -1.026075482368469 4.857585 1.886049 1.454167 0.0
1 -21.25131225585938 21.84025764465332 -1.238216757774353 3.824262 1.683 1.331796 -3.118773
6 -11.3504695892334 2.764590740203857 -1.072017073631287 0.757004 0.482065 0.54906 -0.03966004
1 -33.66133117675781 5.412831783294678 -1.122882962226868 5.563809 0.502307 0.902661 -0.01884122
1 -60.59690856933594 3.165146350860596 -1.000462770462036 3.475066 0.847749 0.804092 -0.1745475
1 -13.98556804656982 3.46207857131958 -0.9455896615982056 4.499316 2.033534 1.553234 0.009648269
6 -49.80718612670898 -22.22582054138184 -0.7130406498908997 2.618262 0.351702 1.193527 1.459047
6 -47.68174362182617 27.61115264892578 -1.052960753440857 0.567643 0.525831 1.036296 2.923803
1 -36.27344131469727 2.838026523590088 -0.706020176410675 3.293594 1.560279 1.767027 -0.01867754