5 -30.83806419372559 5.379080772399902 -1.580444693565369 0.197584 0.198446 0.603148 0.01351607
5 -28.98324394226074 -3.119091749191284 -1.564000844955444 0.207569 0.32978 0.505729 -3.118029
5 -22.6912784576416 -2.993920803070068 -1.469053030014038 0.290279 0.201151 0.455005 -3.13015
1 28.02305793762207 -2.743861675262451 -1.152980327606201 4.328466 1.220212 1.444355 0.008083036
1 32.67620468139648 -3.443708419799805 -0.5249788761138916 0.947977 1.364789 0.648993 -0.004861082
1 34.47969055175781 6.102130889892578 -1.068126440048218 3.838383 0.991998 1.748078 3.117175
5 -39.46794891357422 -3.065094947814941 -1.676659941673279 0.2558 0.310196 0.487258 0.0
6 -23.82336235046387 5.570700645446777 -1.426059722900391 1.674866 0.448924 0.983757 -3.131917
5 -25.99135398864746 5.428680419921875 -1.60762357711792 0.22117 0.298229 0.471575 -3.097688
1 20.8713550567627 -3.017197847366333 -1.089704275131226 4.222748 1.310816 1.565295 0.008083036
1 44.50051879882813 -3.119592905044556 -1.130213499069214 3.26748 0.724417 1.170657 0.001690915
6 -32.11127090454102 5.316652774810791 -1.66780424118042 0.257875 0.157762 0.256713 0.07219152
1 0.1988004744052887 6.278913497924805 -1.070441603660584 4.573688 2.010436 1.530522 3.117174
1 -4.554426193237305 6.45819902420044 -1.038023114204407 2.770997 1.672483 1.614483 -3.123934
6 -29.7061824798584 5.402327537536621 -1.475230813026428 1.53959 0.251332 0.948199 3.138026
1 -19.38024139404297 -3.513072967529297 -1.102138042449951 3.737187 1.602299 1.482868 0.04674425
6 -21.29758262634277 5.593516349792481 -1.402019023895264 1.805633 0.280309 1.019677 -3.141518
1 -10.26409244537354 6.25112771987915 -1.050708889961243 4.144155 2.062054 1.705332 3.140818
1 28.54215240478516 6.547959327697754 -0.8990612030029297 4.770442 1.828293 1.932514 3.117175
5 -19.65902137756348 5.176401138305664 -1.55150043964386 0.296288 0.288067 0.530662 0.06691346
5 -38.19763565063477 5.377910137176514 -1.657210946083069 0.182556 0.178969 0.497657 3.13803
1 -16.91396522521973 6.147408962249756 -1.075349569320679 4.321105 2.011342 1.619998 -3.062876
1 -8.056737899780273 -3.600497245788574 -1.07109534740448 4.619928 2.239606 1.509269 -0.02340672
6 -28.03576850891113 -3.105413675308228 -1.389411211013794 1.532974 0.423403 1.083132 0.03331814
5 -40.79559326171875 5.565263748168945 -1.57839822769165 0.237851 0.242974 0.529399 3.138028
5 -33.51936721801758 5.400664806365967 -1.668621420860291 0.147227 0.216855 0.42382 3.138067
6 -58.2109489440918 5.677316188812256 -1.677348852157593 1.072971 0.60208 0.678456 3.141592
1 10.45946025848389 -3.477952480316162 -0.8617632389068604 3.548224 1.494924 1.863183 0.008083036
1 15.73344230651856 -3.258355379104614 -1.023934960365295 4.239054 1.560606 1.664957 0.008083036
6 -37.28114318847656 -3.187936782836914 -1.436022639274597 0.633278 0.658853 1.023317 -0.003900679
1 5.703173160552979 6.256675243377686 -0.9777684807777405 4.651283 1.919349 1.714607 3.117174
1 -1.895329475402832 -3.610079288482666 -0.9486560225486755 4.513677 2.180256 1.632142 0.008937572
1 58.27961730957031 -1.796261668205261 -0.916314423084259 3.947588 2.101283 1.572502 -2.425747
1 11.34697723388672 6.547251701354981 -1.139133930206299 4.389917 1.995836 1.467507 -3.115743
5 -34.95270156860352 5.390941143035889 -1.742862343788147 0.206953 0.187617 0.436678 3.138046
1 -13.99805355072022 -3.520194292068481 -1.067276954650879 4.213993 2.049046 1.466916 -0.01414648
1 16.90155220031738 6.546633243560791 -1.155331373214722 4.131028 1.93273 1.446342 -3.123658
5 -27.92636489868164 5.442788600921631 -1.58765172958374 0.273175 0.295793 0.551441 3.138026
6 -36.21436309814453 5.416366100311279 -1.68622636795044 0.296563 0.244119 0.225744 -0.01641899
1 22.60045623779297 6.445718288421631 -1.136915802955627 4.274098 1.622214 1.496771 3.117174
1 4.201560974121094 -3.690148830413818 -0.7879698872566223 4.880135 2.107406 1.965358 0.008083036
6 -25.79238128662109 -3.064422607421875 -1.25266420841217 0.362197 1.907122 0.809638 1.613974