5 -5.871245384216309 13.11761569976807 -1.602985382080078 0.224665 0.314752 0.56349 1.850909
1 -24.07151031494141 -6.869404792785645 -1.221710443496704 3.631605 1.07962 1.422635 0.1254852
1 -41.16010665893555 -6.668998718261719 -1.648276448249817 3.39417 0.138505 0.648224 0.001705038
6 -29.45173835754395 3.281940460205078 -1.34114933013916 1.607366 0.191919 1.353032 1.192327
1 -11.09001541137695 -4.726629734039307 -0.9221993684768677 4.060489 1.818416 1.854208 -2.293343
1 -35.1357307434082 -7.690727233886719 -1.184737324714661 3.976625 1.628386 1.610289 -0.1028095
5 -31.29098701477051 2.435967922210693 -1.641339898109436 0.303411 0.157682 0.444042 0.7325009
1 -6.197683811187744 -5.449606418609619 -1.05245840549469 4.333447 1.962231 1.585337 0.04113149
1 -23.36188888549805 32.63051223754883 -0.7194400429725647 4.719109 1.545587 0.823176 -1.543016
1 4.086802482604981 -5.276325225830078 -1.101762294769287 3.895189 1.947744 1.515381 0.08062067
1 -1.034702658653259 -5.434255599975586 -1.10642683506012 4.717165 2.214194 1.500547 -0.06317142
1 -19.18914031982422 -6.374288082122803 -1.247529983520508 4.171483 0.842973 1.436656 0.07274602
1 -41.09567642211914 2.155471563339233 -0.9893584847450256 4.492414 1.727389 1.946579 -3.088964
5 -31.82547187805176 2.03952956199646 -1.670065760612488 0.159589 0.228517 0.443194 0.4921266
1 -51.22756576538086 1.053217172622681 -1.205000042915344 0.994684 0.377466 1.035824 -3.117445
1 -34.6809196472168 2.540769577026367 -1.138838410377502 3.395498 1.915829 1.526989 -3.079942
1 -29.52547454833984 -7.182276248931885 -1.502314805984497 2.567052 0.331168 0.704669 0.04806316