5 23.05672264099121 -6.003348350524902 -1.809541344642639 0.216788 0.23426 0.517903 -1.198994
6 14.62129878997803 -9.852241516113281 -1.390096545219421 1.773561 0.199178 1.147892 -0.7785677
5 11.68587779998779 13.33195877075195 -1.323928117752075 0.199359 0.232605 0.444406 0.8327717
6 17.21512413024902 1.229075193405151 -1.30887246131897 0.213667 1.275874 1.200397 -0.7537901
6 10.28668975830078 -6.033905506134033 -1.367748022079468 1.766809 0.239426 1.271244 -0.6942481
5 40.19786071777344 -22.85699081420898 -2.267836332321167 0.281419 0.383588 0.366496 -0.7663499
3 24.09243202209473 -0.4624970257282257 -0.8460668325424194 0.39379 0.582868 0.839811 2.501982
5 -4.848127365112305 -2.941319465637207 -1.467561364173889 0.255224 0.172871 0.511574 0.8432519
1 -0.4148915410041809 15.14646244049072 -0.6814241409301758 4.838468 2.010432 1.471696 0.8346287
5 13.30262756347656 -2.396199941635132 -1.634818434715271 0.44574 0.264573 0.712274 -0.7060147
5 8.467394828796387 2.384877920150757 -1.469313740730286 0.401342 0.404432 0.666566 -0.6839728
6 47.0855827331543 -29.6668872833252 -2.427706956863403 1.521623 0.243461 0.47151 -0.7638984
4 22.15778923034668 37.3776741027832 -0.4829508662223816 1.225148 0.5938 1.703886 0.7687492
6 31.06120491027832 -13.62357997894287 -1.891330361366272 1.663063 0.22335 0.918152 -0.7868052
5 -3.269589900970459 -2.75092887878418 -1.504691243171692 0.16697 0.164899 0.524903 0.8432519
5 11.80749034881592 11.75979042053223 -1.323636174201965 0.226454 0.20516 0.431518 0.8327717
5 33.67409515380859 -16.31770515441895 -2.0932776927948 0.362363 0.268912 0.516901 -0.6757436
4 -18.36700439453125 33.93024444580078 0.02632388845086098 1.327604 0.47349 0.77639 -2.316905
5 18.44474220275879 -7.410588264465332 -1.764836668968201 0.255936 0.277984 0.602333 -0.7060147
4 31.37363433837891 -12.96787452697754 -1.764731645584106 1.042373 0.834899 1.102142 -0.7794808
6 17.04293823242188 0.1578999906778336 -1.297258377075195 1.630544 0.278543 1.206117 -0.7537901
6 27.45411682128906 40.76905822753906 -0.5009651184082031 0.297953 0.758784 0.693542 0.7504712
5 11.69890213012695 16.63706588745117 -1.2636638879776 0.190528 0.226839 0.436755 0.8327717
4 -24.91058921813965 24.12381744384766 -0.02851635403931141 1.126913 0.509698 0.89805 -2.315495
5 10.76591682434082 0.13370381295681 -1.516705632209778 0.41908 0.40906 0.706565 -0.7060147
5 26.09560394287109 -8.87070083618164 -1.959777116775513 0.366441 0.368382 0.622956 -0.7370093
6 -44.4913330078125 -31.78814315795898 -1.351083278656006 0.178653 0.81379 0.329714 0.8512939
5 35.82263946533203 -18.3444938659668 -2.214521169662476 0.227162 0.321966 0.439116 -0.7385773
5 20.84941101074219 -9.7626371383667 -1.870764374732971 0.237889 0.323217 0.546908 -0.7060147
5 11.58871746063232 15.07827568054199 -1.272403359413147 0.197648 0.218572 0.406882 0.8327717
6 20.9997673034668 -3.67922043800354 -1.439013242721558 1.631187 0.254425 1.251096 -0.7893302
5 28.2468433380127 -11.06019878387451 -2.052061557769775 0.370232 0.207862 0.46077 -0.7868052
1 6.820156097412109 27.13792228698731 -0.6587303280830383 4.225081 1.976969 1.068759 0.8346287
6 18.92285537719727 -14.1198320388794 -1.94559121131897 1.549949 0.155768 0.468364 -0.7785677
1 -30.73453712463379 -20.07007217407227 -1.274416327476502 3.767863 1.722928 1.132166 0.8864433
1 -15.68982601165772 -2.528174877166748 -0.699388325214386 3.956306 1.709139 1.866791 0.8346287
5 15.86449432373047 -4.907350540161133 -1.706714987754822 0.410527 0.340279 0.586056 -0.7060147