1 -25.21501159667969 -1.959460735321045 -1.035377264022827 3.779953 1.755807 1.907723 0.2017777
5 30.18766021728516 -2.173717021942139 -1.124383211135864 0.236784 0.179532 0.439828 0.7866759
5 23.43186187744141 -18.01320838928223 -0.927067220211029 0.44369 0.362534 0.485306 1.780138
6 30.734619140625 -34.14467239379883 -0.1333711743354797 1.887043 0.963359 0.630342 -1.402923
1 6.934653759002686 6.995245933532715 -0.9493654370307922 4.502781 2.067421 1.640881 0.2017777
6 27.87372398376465 -14.5566930770874 -0.7639268636703491 1.542258 1.250876 0.879758 1.743551
5 10.69720077514648 -5.613540649414063 -1.31769585609436 0.188363 0.192698 0.435379 2.53023
1 -49.16567611694336 -7.243119239807129 -1.497316956520081 3.440675 1.901584 0.856141 0.2017777
5 31.00481224060059 -0.8813944458961487 -1.253529787063599 0.136204 0.240272 0.312064 0.7866759
4 23.85963249206543 32.77190399169922 -1.51348352432251 1.278518 0.315309 0.902906 -2.933574
5 11.9807767868042 -6.527400016784668 -1.253389120101929 0.3033 0.241761 0.499683 2.88221
6 18.23927307128906 -15.57183265686035 -0.6904391646385193 1.702097 0.295435 1.020107 1.810667
6 28.54118537902832 -23.21713066101074 -0.8577946424484253 0.278979 0.206283 0.246932 -1.392699
4 19.57795524597168 33.72837448120117 -1.441586971282959 1.489307 0.629035 0.859072 -2.950829
6 21.24259757995606 -32.61399459838867 -0.1675017476081848 1.223868 0.300067 0.420168 1.758007
1 40.44457244873047 14.33872413635254 -1.037456631660461 1.12344 1.894789 0.948312 0.2740147
3 32.7087516784668 -21.3649787902832 -0.4536911845207214 0.526192 0.363415 1.281133 -1.449646
5 22.31403350830078 -10.88536739349365 -1.110652923583984 0.313898 0.352606 0.586416 1.780138
5 21.84905624389648 -7.681071758270264 -1.165482878684998 0.24234 0.34053 0.504348 1.788063
6 28.26613426208496 -20.10273742675781 -0.695700466632843 1.632608 0.246022 0.978765 1.73867
5 7.895371913909912 -3.877111434936523 -1.280972480773926 0.285015 0.204047 0.523108 2.53023
5 22.86662864685059 -14.38601875305176 -1.052681565284729 0.254513 0.320983 0.569328 1.780138
4 36.83321762084961 7.901824474334717 -0.7508119344711304 1.277855 0.651088 1.450613 0.2740147
6 19.4319953918457 -21.15722274780273 -0.2877942025661469 1.501264 0.192024 0.701097 1.713744
5 33.05299377441406 1.766077637672424 -1.25287675857544 0.198396 0.24804 0.480649 -2.026068
5 9.310665130615234 -4.737869262695313 -1.306111097335815 0.311868 0.246544 0.532681 2.53023
1 -4.409665584564209 3.62133002281189 -1.052322149276733 5.090756 1.977076 1.421276 0.2017777