4 -23.79655456542969 10.67717552185059 -1.344968795776367 2.211699 0.89735 0.773092 -2.929915
6 57.17819976806641 10.16813659667969 -1.775042176246643 1.894754 0.448207 0.781319 -3.141592
5 -12.98021125793457 -1.935126066207886 -1.532772302627564 0.165589 0.294046 0.450035 -3.096393
6 8.591699600219727 10.68927764892578 -1.773184657096863 0.489849 0.34813 0.46165 -0.116927
5 18.0039176940918 12.69402503967285 -1.524480938911438 0.315355 0.188284 0.460003 0.02635449
5 -2.158392429351807 9.255934715270996 -1.63587212562561 0.314915 0.231055 0.432315 0.003440213
4 -54.58861923217773 3.959395170211792 -0.8767579197883606 1.401549 0.648248 0.831656 3.141592
1 44.35491180419922 10.70802307128906 -1.228954195976257 4.132108 1.714 1.581577 3.141592
1 -23.41584968566895 -5.353517055511475 -0.8922656178474426 4.232473 1.891621 1.661171 0.007259117
1 8.963109970092773 -6.299023151397705 -1.158440709114075 4.289444 2.090804 1.489373 0.02762085
1 6.686368942260742 10.60622119903565 -1.445000290870667 2.346093 0.820181 1.011853 -0.007425153
3 26.86769104003906 14.10655403137207 -0.8989757895469666 0.38141 0.699578 1.379917 0.03201636
1 -24.63802909851074 8.27713680267334 -0.9077364802360535 4.649957 2.033618 1.68291 -3.091161
1 1.645397782325745 -6.514924049377441 -0.9584631323814392 4.342624 2.034035 1.798438 0.006826944
5 -18.49466323852539 -2.407058477401733 -1.515924096107483 0.230513 0.294085 0.435105 3.090216
6 -13.72411441802979 -2.0908043384552 -1.328720927238464 0.329621 0.291805 0.146793 -3.128806