5 -7.434275150299072 -13.23293781280518 -1.421202182769775 0.216843 0.153923 0.391013 1.095417
6 -50.88935089111328 30.16933250427246 -0.5681923627853394 0.553282 1.003938 0.468408 -0.3585764
1 -45.62187194824219 25.33740615844727 -0.3053310215473175 3.46402 1.380777 1.206576 -0.3412468
6 -10.96323776245117 -12.99515056610107 -1.321110248565674 1.572071 0.618223 0.686011 -0.4057708
5 -2.553983211517334 -7.96396017074585 -1.535495042800903 0.22236 0.175252 0.485993 -1.176386
1 -3.311972856521606 10.24215221405029 -0.9228612780570984 4.676495 2.041654 1.455181 -0.4101749
6 -25.66042327880859 -11.35864639282227 -0.9880134463310242 1.648688 0.402041 0.998989 1.043298
5 -3.417240619659424 -8.762858390808105 -1.505454421043396 0.228265 0.273036 0.337885 -2.6335
5 -26.52753067016602 1.715218305587769 -1.251654028892517 0.245427 0.188382 0.386003 -1.325691
1 -33.0034294128418 15.17622375488281 -0.5168481469154358 2.95124 1.366092 1.618556 -0.3327449
4 39.46540832519531 -15.21183776855469 -1.453724265098572 2.165211 0.974617 1.314246 -0.5556476
4 17.98858451843262 24.08960151672363 -1.255110263824463 1.427979 0.731988 1.346497 2.730925
5 -9.014262199401855 -16.46403503417969 -1.274941802024841 0.28425 0.174116 0.73839 -0.1147272
1 21.31551551818848 -0.9448469877243042 -0.9557303786277771 3.599883 1.315496 1.172895 -0.5498052
5 -24.79910278320313 -9.837971687316895 -1.166815280914307 0.238482 0.249772 0.569277 1.230458
5 -25.05632972717285 -10.43150234222412 -1.181017756462097 0.302162 0.287149 0.549338 1.102704
6 -22.4891242980957 -3.498903751373291 -1.063017964363098 1.359542 0.329623 0.906077 1.403286
5 1.640053629875183 -5.825614929199219 -1.647558093070984 0.115508 0.23781 0.331819 3.042658
6 -24.93306350708008 -9.156254768371582 -1.024394869804382 1.276842 0.463879 0.957224 1.068366
5 -4.579943180084229 -9.790892601013184 -1.544573426246643 0.196244 0.155712 0.379582 2.156215
5 -25.53630447387695 3.068197965621948 -1.348377346992493 0.210673 0.257869 0.399511 1.200056
3 -36.25446319580078 12.76543426513672 -0.1669047772884369 0.34063 0.394577 0.930598 -1.534336
6 -12.4649133682251 -12.50400829315186 -1.252146482467651 1.578588 0.700035 0.702074 -0.4183157
1 6.629288196563721 22.55071640014648 -0.7683130502700806 5.173995 0.947444 1.650335 2.752403
1 -31.05048179626465 -21.99287223815918 -0.4465115964412689 4.301293 1.719523 1.716068 -1.949171
1 -28.59575462341309 18.51072692871094 -1.059504508972168 3.707619 1.990551 0.720457 -0.3999487
5 -6.632748603820801 -12.00057983398438 -1.5136638879776 0.180857 0.121108 0.345895 1.095417
5 -1.366066813468933 -7.207522869110107 -1.561734437942505 0.134448 0.166336 0.391635 0.268062
5 -17.78776550292969 -12.35440349578857 -1.297353625297546 0.263353 0.328792 0.453857 2.726869
6 -22.42456817626953 -1.869411587715149 -0.9141359925270081 1.714777 0.281779 1.141212 1.848965
3 -42.77803421020508 29.57302474975586 -0.2196371704339981 0.593055 0.640872 1.024146 -2.655198
1 12.91221809387207 -0.1125361695885658 -1.10407018661499 4.090036 1.838005 1.710716 -0.4101749
1 24.74912834167481 -11.0862922668457 -1.432467103004456 1.734356 1.808726 1.377765 -0.4191356
5 -26.57633399963379 1.320202231407166 -1.170040845870972 0.237833 0.214534 0.586957 -0.003597403
1 37.01870727539063 6.632018089294434 -1.600372314453125 1.022473 1.343363 0.570589 2.79813
6 -8.0995454788208 29.14033126831055 -0.8553998470306396 0.446016 1.369484 0.4472 2.712298
5 0.2430868744850159 -6.348209857940674 -1.614038705825806 0.151771 0.113647 0.391272 1.53295
5 -24.95282554626465 -10.21515083312988 -1.276046514511108 0.285594 0.170616 0.407913 1.209589
6 -24.22711563110352 -7.878777027130127 -1.002906084060669 1.355308 0.289033 0.914246 1.132912
3 -35.5352783203125 13.84574890136719 0.05917026847600937 0.251933 0.443666 0.472782 -0.3873334
1 -19.16934013366699 31.45581436157227 -0.4439151585102081 2.185602 1.60403 1.023647 2.701297
6 -23.2664852142334 -5.597127914428711 -1.022741198539734 1.650538 0.175333 0.78146 1.13107
1 -28.82932472229004 11.57668876647949 -0.7050570249557495 4.098872 1.768163 1.630793 -0.6374791