1 -36.71937561035156 3.70757007598877 -0.7994352579116821 2.936152 1.550602 1.619762 -0.04508299
1 40.25550079345703 -4.613216876983643 -1.358761310577393 4.376372 2.898368 1.733277 0.03039242
1 -46.41638946533203 -33.69664764404297 -0.1918532103300095 4.276661 1.719502 1.367069 -1.57621
3 0.07821261882781982 -5.078482151031494 -0.7169774770736694 0.465052 0.602307 1.71742 1.4963
3 -26.3828239440918 -14.568678855896 -1.033154964447022 0.102916 0.419022 0.888484 -2.006849
6 -32.95640182495117 -17.69028854370117 -1.089855432510376 0.393433 0.229307 0.693435 -0.03603074
4 39.24099349975586 -1.653696537017822 -1.414888143539429 2.184251 1.000838 1.244344 0.03483811
1 33.84588623046875 1.407268404960632 -1.598171591758728 0.878583 1.736138 1.141937 -0.007698527
1 2.980114698410034 -3.047234773635864 -1.087179899215698 4.517575 2.206106 1.434776 -0.04217228
1 42.36685943603516 3.863275527954102 -1.458160161972046 0.628926 1.754387 1.06234 5.878456e-17
5 -21.78103446960449 -6.638302326202393 -1.437043428421021 0.159992 0.168357 0.342225 -2.654039
1 -36.05687713623047 6.682145595550537 -0.8233341574668884 5.118029 0.994436 1.205073 -0.03930672
6 -45.58945083618164 -12.43906784057617 -0.9803355932235718 2.980572 0.543873 0.704303 -1.259674
5 -24.94952583312988 -10.22038173675537 -1.365550398826599 0.168116 0.2722 0.313256 -2.198614
6 -45.25139999389648 -15.8353967666626 -0.6756985783576965 1.052549 0.1592 0.020767 -1.614182
6 -12.34387302398682 3.285329103469849 -1.153022408485413 0.911193 1.022902 0.677824 -0.03956413
5 -24.13599395751953 -9.068425178527832 -1.36719012260437 0.354474 0.19534 0.440878 -2.10431
1 -56.6630973815918 -1.488585114479065 -0.6209656596183777 4.00329 1.579702 1.553957 -0.3456381
6 -45.16514587402344 -21.66390419006348 -0.806465208530426 1.855256 0.367304 0.712359 -1.614812
1 11.15913009643555 4.718370914459229 -1.154462337493897 4.396509 1.8607 1.458988 -0.05739853
6 -45.294921875 -18.47138214111328 -0.6207419633865356 2.062082 0.187519 1.023519 -1.624234
1 -39.85162353515625 19.96070671081543 -1.170793414115906 0.980377 1.236947 0.532906 3.137433
1 -7.959426403045654 21.81371116638184 -1.226233720779419 4.53021 1.337871 1.284707 3.109611
1 -15.15531158447266 3.723563671112061 -0.9393943548202515 4.476025 2.019811 1.636799 -0.005764545