5 21.53035354614258 -1.943281769752502 -1.644996285438538 0.268667 0.290461 0.337122 -0.0199427
1 -42.95757293701172 -4.948669910430908 -1.371784687042236 3.652463 0.368589 0.642214 -0.02374721
5 16.79891777038574 -2.239339828491211 -1.625643968582153 0.243538 0.288154 0.379722 -0.0199427
1 10.28299045562744 8.360641479492188 -1.079383492469788 5.089674 1.899928 1.780977 -3.096239
1 43.96595764160156 -5.706509113311768 -1.508479714393616 3.250569 0.863527 1.216879 0.03966348
5 33.18511199951172 9.501330375671387 -1.913134098052979 0.316565 0.287487 0.5107 -0.002957077
2 -36.35417175292969 6.69927978515625 -0.1980052888393402 10.715315 2.533857 3.261673 -3.117417
3 -44.81451416015625 -4.1940598487854 -0.8820496797561646 0.380631 0.624867 1.644131 -0.0021802
1 -37.58328247070313 -5.798051357269287 -1.273101210594177 3.939989 1.857497 1.071025 -0.005906511
4 -16.0991382598877 12.6199197769165 -1.016331672668457 2.302236 1.021784 1.281595 3.137444
5 22.2539234161377 -1.784955501556397 -1.646768927574158 0.132758 0.242039 0.446295 -0.0199427
1 -51.61963653564453 3.063177347183228 -1.115562200546265 1.250694 1.721277 1.32383 -3.128524
1 41.94656753540039 10.88284301757813 -1.675683617591858 2.035854 1.106431 0.543079 -3.113465
3 15.84106731414795 14.28609752655029 -0.5393251180648804 0.244745 0.384772 0.428114 0.1897133
1 36.88729858398438 -6.3442702293396 -1.181218504905701 4.00444 1.81868 1.548778 0.02612853
3 -44.89358520507813 -3.195303440093994 -0.9326319694519043 0.545039 0.583294 1.115487 -0.0021802
5 2.415364503860474 6.176788806915283 -1.64464259147644 0.274156 0.255578 0.393461 0.1761583
4 5.343442916870117 18.84784507751465 -0.4813551902770996 1.49927 1.722775 2.132257 1.547755
5 -30.06391716003418 8.726543426513672 -1.634363412857056 0.221554 0.293241 0.435723 9.39369e-05
1 11.34527015686035 -5.188120841979981 -1.016968011856079 4.148421 1.872216 1.678045 0.01100834
5 6.761645317077637 8.525443077087402 -1.727919340133667 0.299326 0.320308 0.331887 0.01481526
3 -41.07154083251953 14.62859344482422 -0.8873493075370789 0.247613 0.174567 1.102897 3.141592