6 -18.16652679443359 6.719927310943604 -1.039561748504639 0.392008 1.582045 1.240478 -3.129091
6 -0.3806743621826172 -3.107738018035889 -1.037777781486511 1.676383 0.596189 0.482192 -0.01287044
5 34.38466262817383 5.357674598693848 -1.760731816291809 0.280457 0.210403 0.538185 3.137887
6 31.4387378692627 5.405347347259522 -1.576574683189392 2.265279 0.358237 0.98731 3.126848
5 25.45561599731445 5.502379417419434 -1.773953437805176 0.294611 0.324555 0.522667 -3.101274
5 -21.85934448242188 1.635913372039795 -1.306740522384644 0.298558 0.291347 0.546592 -3.136887
5 -25.09056282043457 1.628816485404968 -1.324463963508606 0.299022 0.183421 0.523764 3.055379
5 -31.02252197265625 -11.51894187927246 -1.337093234062195 0.237909 0.174366 0.464263 1.079156e-15
5 17.62754440307617 5.598394393920898 -1.681395411491394 0.286529 0.209874 0.416502 -3.122908
5 -7.762486457824707 1.544188499450684 -1.424850940704346 0.420402 0.317262 0.635574 3.116283
5 -8.709091186523438 5.804601669311523 -1.376288533210754 0.401254 0.3778 0.548535 3.115402
6 -11.9421272277832 6.036355972290039 -1.06897783279419 1.654301 0.219267 1.247112 -3.132811
6 -17.87447547912598 -3.125366926193237 -1.083114504814148 1.645022 0.238068 1.207805 0.0557915
3 48.07527160644531 10.44315242767334 -1.18546450138092 0.476991 0.61796 1.043041 0.008160142
6 -6.168327808380127 -2.946940660476685 -1.240263342857361 1.729145 0.383583 1.023638 -0.009197506
6 50.47333145141602 -3.105360984802246 -1.589251518249512 0.794771 0.391798 0.939543 -3.116232
5 17.49123954772949 -2.986825942993164 -1.644474029541016 0.334922 0.20603 0.525757 0.07769724
1 -37.96723556518555 44.02761077880859 -0.2315942198038101 3.656738 1.509515 0.794574 1.604703
6 23.58935356140137 -3.083840608596802 -1.590880990028381 1.839688 0.393692 1.090466 0.04372296
5 29.29748344421387 -3.044811010360718 -1.811999082565308 0.340035 0.324786 0.451791 0.02225978
1 -41.40813064575195 -32.67391586303711 -0.9633292555809021 4.060006 1.29906 1.097495 1.588043
1 -18.45980262756348 3.588120698928833 -0.7281986474990845 2.223884 1.434245 1.92687 -3.13422
5 -18.25833129882813 1.611552476882935 -1.307685613632202 0.313663 0.232337 0.56119 -3.136887
5 5.914330959320068 5.781164169311523 -1.50472629070282 0.399129 0.41366 0.695308 -3.099844
6 -12.18537425994873 -2.835691928863525 -1.078042030334473 1.658422 0.21381 1.215493 -0.009197506
6 -17.29149055480957 6.095064163208008 -1.040521025657654 0.318862 1.360236 1.242397 -1.563194
5 26.84127044677734 5.455825805664063 -1.741585850715637 0.318402 0.315953 0.559315 -3.086119
5 36.02016448974609 -3.164142370223999 -1.820945739746094 0.184405 0.346975 0.539038 0.02216059
5 15.23752021789551 5.620101928710938 -1.597516417503357 0.393327 0.435688 0.706526 -3.109181
5 10.26632976531982 -2.876546859741211 -1.572841167449951 0.482276 0.337813 0.624252 -0.02534893
1 42.12690734863281 5.883127689361572 -1.463003039360046 1.840039 1.812163 1.09632 3.09643
5 19.58535766601563 5.687300682067871 -1.629568815231323 0.217944 0.208217 0.428891 3.134525
6 36.78065490722656 5.320954322814941 -1.52701199054718 1.387558 0.134154 0.746792 -3.103598
6 39.6268196105957 5.287713050842285 -1.679495930671692 2.225343 0.431369 0.895626 -0.2234544
5 -14.65791130065918 1.60049843788147 -1.40815007686615 0.433647 0.337028 0.6365 3.009789
6 32.97064971923828 -3.178131580352783 -1.640570998191834 1.450992 0.202674 0.94798 0.05308813
1 44.44550704956055 -3.126926422119141 -1.736794829368591 0.892205 0.50827 1.160833 -0.04280192
5 14.0937614440918 -2.945642232894898 -1.573468804359436 0.313045 0.270698 0.623239 0.05062775
5 26.3497257232666 -3.103818893432617 -1.76412308216095 0.353675 0.367099 0.710301 0.0008335842
5 -11.07746028900147 1.56071138381958 -1.413553833961487 0.283145 0.316773 0.63176 -3.10176
5 7.606376171112061 -2.78381609916687 -1.568178653717041 0.4827 0.339809 0.642439 0.05359212
5 24.18245315551758 5.520499706268311 -1.692076802253723 0.324727 0.253146 0.511099 -3.140152
5 29.57626724243164 5.358296394348145 -1.752694606781006 0.341252 0.204626 0.670275 0.0346642
6 2.128746032714844 5.841790199279785 -1.289250731468201 1.663299 0.395117 1.020005 -3.096641
5 8.858789443969727 5.768679618835449 -1.574846386909485 0.353574 0.315278 0.622784 -3.116668
6 59.29192352294922 5.141804218292236 -1.725516200065613 1.477012 0.686814 0.70286 0.1240969
1 -37.06522369384766 -47.54172897338867 -1.286224007606506 2.295102 1.161293 0.840796 1.632404
5 28.26297950744629 5.350049495697022 -1.770762085914612 0.179023 0.175799 0.392496 -3.099177
5 3.934868812561035 -2.781274080276489 -1.504868388175964 0.325228 0.473216 0.656403 0.1008913
5 11.7970085144043 5.693406581878662 -1.578383088111877 0.197491 0.22981 0.573747 3.139086
5 22.1876220703125 5.525946617126465 -1.620725512504578 0.455611 0.229844 0.627062 -3.003166
5 20.69582748413086 -2.919352054595947 -1.70934522151947 0.435222 0.318575 0.579495 0.05059412
5 -1.549591779708862 5.770140647888184 -1.455904960632324 0.38607 0.496589 0.663688 -3.100451
1 48.39480209350586 5.316612243652344 -1.630380630493164 0.876906 0.501005 0.660912 -3.074831
1 39.34638595581055 -3.995495319366455 -1.569347620010376 1.155246 1.712474 1.499356 0.0529477
5 -4.674148082733154 5.956602573394775 -1.416565656661987 0.441592 0.543801 0.701739 3.090759