6 25.26927185058594 -35.62369918823242 -0.2343970239162445 1.485848 0.136341 0.363135 -1.542517
5 37.88033294677734 -6.32288122177124 -1.265373587608337 0.116694 0.184212 0.47922 0.9798983
5 19.2490406036377 -8.397198677062988 -1.308606386184692 0.245924 0.250621 0.41549 0.2870052
1 -29.59086227416992 -0.5478038787841797 -0.9131922721862793 3.471128 1.617062 1.934757 0.07189369
5 15.55912780761719 -5.333145141601563 -1.329217195510864 0.210166 0.26571 0.462264 0.9674506
1 -55.60676956176758 -3.173614501953125 -1.152579784393311 3.685422 1.204613 0.775388 0.04615974
6 34.27137756347656 -18.31968688964844 -0.8960699439048767 1.615559 1.645204 0.845409 -1.570773
5 29.11381721496582 -17.5149040222168 -1.088542938232422 0.226227 0.278652 0.400541 1.41882
5 18.13952827453613 -7.336405277252197 -1.36932647228241 0.203925 0.221987 0.542873 -1.037534
6 24.52432441711426 -17.90203094482422 -0.7950430512428284 1.272289 0.544801 1.255492 -1.459677
1 -7.407195568084717 2.338334083557129 -1.050187110900879 4.986917 2.115693 1.483615 0.1344789
6 33.92965316772461 -23.85665893554688 -0.5937223434448242 1.548906 0.445066 1.097439 -1.603399
1 1.340760588645935 4.33491325378418 -1.069185256958008 4.746648 2.006405 1.395257 0.05233013
1 34.74369812011719 7.513643264770508 -1.250329732894898 1.398304 1.790266 1.066282 0.08639861
5 16.75852775573731 -6.286173820495606 -1.299176216125488 0.263139 0.190669 0.374272 2.564034
6 24.92209243774414 -24.02062797546387 -0.2430715560913086 0.487617 0.145876 0.496508 -1.497873
4 36.92964172363281 1.930509567260742 -0.9795876145362854 1.296875 0.642423 1.411308 0.09905875
5 28.90534782409668 -10.69004631042481 -1.25340473651886 0.268458 0.217993 0.575684 1.863555
6 34.445068359375 -38.21836853027344 -0.3414126634597778 1.253479 0.666752 0.978347 -1.48962