1 -53.70073318481445 -0.682280957698822 -1.151473879814148 1.20301 0.343076 0.818347 -0.09109837
5 -2.400960445404053 5.199825286865234 -1.573775768280029 0.323519 0.387686 0.621991 1.986655
5 -1.79274594783783 5.541295528411865 -1.56407105922699 0.381743 0.418725 0.69637 2.027892
6 26.01118469238281 -4.345759391784668 -0.7345209121704102 0.666053 0.374201 0.197309 -0.04967454
6 -55.31963729858398 7.751090526580811 -1.148199200630188 0.260774 0.355792 0.742113 3.130932
1 8.938544273376465 -4.755937576293945 -0.9951682090759277 4.460315 1.78014 1.735002 -0.005871806
1 -34.33286285400391 7.143587112426758 -1.087653398513794 3.99903 1.391641 1.605985 3.090543
1 -47.88848114013672 -1.233309030532837 -1.03101396560669 2.019574 0.588548 1.26614 -0.008375231
6 20.86215782165527 -4.657371520996094 -0.5451841950416565 0.517756 1.383992 0.408784 -0.1006078
1 -30.34364700317383 -2.655865907669067 -0.8764352202415466 3.055423 1.391448 1.854242 -0.03223476
1 -6.625830173492432 -4.171365737915039 -0.9592170715332031 4.364575 2.092313 1.770949 -0.2165119
1 -44.87357711791992 7.396700859069824 -1.313563466072083 2.285963 0.242589 0.844153 3.133403
1 -24.64939689636231 -2.255399942398071 -1.128515958786011 3.755065 0.522023 1.378475 -0.02618407
1 17.61297798156738 -3.724448204040527 -0.9160767197608948 4.32372 2.016282 1.956832 -2.387111
1 -39.86820220947266 6.929432392120361 -1.265426278114319 3.707657 0.428498 1.111989 3.119838
6 0.2089983820915222 6.275295257568359 -1.285223364830017 1.748151 0.230555 1.275414 -2.074449
1 -11.80503273010254 6.430335521697998 -0.9293110966682434 5.146803 1.995391 1.977384 3.055273
1 4.016889095306397 -4.856978893280029 -0.9410930871963501 4.394893 2.064707 1.648643 0.0461627
1 -49.66564178466797 7.814179420471191 -0.9970842003822327 2.121096 1.097594 1.277087 3.101448
1 -1.932751774787903 -4.868146896362305 -1.036625504493713 5.019182 1.872372 1.478135 0.06446609
1 -36.34115219116211 -2.056553602218628 -0.855602502822876 4.663003 1.017587 1.751189 -0.0600727
1 -12.27348804473877 -3.315823793411255 -1.134387969970703 4.875825 1.890668 1.4174 -0.1278399
1 -41.42140579223633 -1.640492677688599 -0.946018636226654 1.739057 0.452468 1.273073 -0.02245088
1 -28.42380905151367 7.068323612213135 -1.18958592414856 3.755728 1.500671 1.440361 3.137781
1 -17.08476638793945 6.421163558959961 -1.193506956100464 4.241943 1.383 1.472363 3.100452
1 -19.37863349914551 -3.044252634048462 -1.043987274169922 4.289841 1.781287 1.529921 -0.04014587
1 8.928123474121094 34.70111465454102 -1.441961526870728 4.562049 1.859694 1.379654 -1.603016
1 -5.54105806350708 5.954647064208984 -1.032205700874329 4.362031 1.881055 1.764127 3.093917
1 -22.7443962097168 6.87126350402832 -1.198813438415527 3.996265 1.701947 1.529207 3.119806