5 -34.45510101318359 -3.149480104446411 -1.553168892860413 0.148118 0.138198 0.313268 -3.099194
6 -31.03217506408691 -3.243241310119629 -1.301596641540527 1.911005 0.200722 0.875054 3.12323
5 -28.12158584594727 -3.156215190887451 -1.561795473098755 0.313222 0.282529 0.53409 -2.967594
5 -31.36771583557129 5.341976165771484 -1.664335370063782 0.232378 0.290872 0.472908 0.05816666
1 53.00182342529297 -1.898228049278259 -0.9755309224128723 3.872208 1.734025 1.731168 0.8372171
1 0.3355683088302612 6.246552467346191 -0.7930698394775391 4.367365 1.9603 2.132826 3.14116
6 -37.71638107299805 -3.120578527450562 -1.456153035163879 2.956009 0.249972 0.40283 6.665678e-17
1 -15.56539535522461 6.243000030517578 -1.138474225997925 4.066549 1.900079 1.685578 -3.092264
1 39.438720703125 -3.114029169082642 -1.15496301651001 3.966748 0.494047 1.361108 0.1082781
1 27.39658927917481 -3.472599506378174 -0.5834223031997681 1.063497 1.645766 0.919849 -6.730053e-17
6 -35.04925918579102 5.353109836578369 -1.500776171684265 1.621222 0.24066 0.975126 3.1388
1 11.64297199249268 6.53034257888794 -1.133850455284119 4.40454 2.003026 1.555541 -3.106693
1 -22.08084678649902 6.064546585083008 -1.14276909828186 3.968239 1.70937 1.673857 -3.1129
6 -25.03303337097168 5.115669250488281 -1.652887940406799 0.27914 0.199495 0.438652 -0.04620454
6 -26.59164428710938 5.533006191253662 -1.485881805419922 1.643468 0.190934 0.953236 3.127373
1 23.17374229431152 6.545779705047607 -0.9127556681632996 4.787347 1.963549 1.989197 3.110069
1 6.225470066070557 6.433932781219482 -1.136422753334045 4.748753 1.869102 1.515336 -3.103816
1 -19.35942077636719 -3.390337944030762 -1.107795238494873 4.060091 1.682634 1.530443 -0.01729188
1 -5.046213626861572 6.350149631500244 -1.13235342502594 4.360737 2.006203 1.564013 -3.127833
1 5.148517608642578 -3.54791522026062 -0.8313868641853333 3.657845 1.609345 1.85074 -0.01169795
1 -9.871939659118652 6.476302146911621 -1.160008192062378 2.744485 1.679805 1.564658 -3.102097
1 -13.20363521575928 -3.471386671066284 -1.100543260574341 4.280236 1.862646 1.517358 -0.02675247
1 10.40355110168457 -3.473722457885742 -0.8899638652801514 4.357895 2.058688 1.769815 0.0
1 29.28282928466797 6.497703075408936 -1.013978362083435 4.313968 1.844245 1.784647 -3.141592
1 15.51839447021484 -3.080593109130859 -1.056710124015808 4.281623 1.630301 1.595294 5.293299e-17
6 -33.41124725341797 -3.146766662597656 -1.440369606018066 1.616818 0.257073 1.002121 0.0
1 -6.96596622467041 -3.431629180908203 -1.000205278396606 4.16127 1.874797 1.69627 0.01577937
1 17.44573020935059 6.555827617645264 -0.9550799131393433 4.87848 1.887316 1.75168 3.141592
1 22.4589729309082 -2.650628089904785 -1.266347408294678 3.977315 0.964943 1.113051 0.0
1 43.06470108032227 -2.816400766372681 -1.291929483413696 1.11697 0.205211 0.766345 0.136281
1 -1.049257636070252 -3.6083664894104 -0.7684663534164429 5.180836 1.844056 1.951512 0.01121743
1 -24.71469688415527 -3.545230865478516 -1.155460357666016 3.451746 1.439955 1.535777 0.02089655
6 -29.08393859863281 -3.011946678161621 -1.652585506439209 0.18602 1.091441 0.581361 1.616085
6 -29.24482536315918 5.407780647277832 -1.445466279983521 1.702463 0.283077 1.146394 -3.094035
6 -48.09716796875 5.45035457611084 -1.685505628585815 0.174542 0.264916 0.268695 -3.09157