1 59.91312408447266 -6.019338130950928 -0.6470823884010315 0.520954 1.108069 0.840487 0.04643583
2 -44.92630004882813 7.303304672241211 -0.3423359096050263 12.248975 2.646967 3.444975 3.139811
5 -5.36929988861084 8.847394943237305 -1.659263730049133 0.263928 0.362493 0.623164 0.01939954
1 -24.42807006835938 -5.336026191711426 -1.173213958740234 3.248538 1.615747 1.434811 -0.03991183
6 -50.57169723510742 -4.359745979309082 -1.516362547874451 0.774174 0.645709 0.640316 2.058077e-16
3 -22.70678901672363 -3.929249048233032 -1.081627130508423 0.634135 0.843524 1.61668 -0.06335343
5 -5.390485763549805 6.660711288452148 -1.529847383499146 0.373182 0.279653 0.69006 -1.53157
1 -7.516012191772461 3.454464435577393 -1.099236607551575 4.111541 1.756054 1.458179 -3.132765
1 -21.97177314758301 6.990547180175781 -1.145832419395447 1.952893 0.387606 1.7539 3.116905
1 34.75619125366211 8.649996757507324 -1.121303677558899 4.603945 2.086918 1.707675 -3.137715
1 -42.25671768188477 -5.51450252532959 -1.091660380363464 3.63045 1.553887 1.815719 -0.01577032
5 -19.28849601745606 5.534578323364258 -1.7491854429245 0.224701 0.275455 0.392702 0.05985054
3 40.57058334350586 14.56052112579346 -0.9450856447219849 0.26597 0.492938 1.137465 -2.160347
4 8.62021541595459 12.87820148468018 -0.953312337398529 2.398516 1.108532 1.183401 3.109067
2 -12.4434757232666 7.02756929397583 -0.5383475422859192 12.266765 2.635978 2.893159 -3.141067
1 -32.54819869995117 -5.30276346206665 -1.2308669090271 1.690933 1.629155 1.367588 0.006466161
1 -13.03480243682861 -5.504922866821289 -1.129080176353455 4.448969 1.773424 1.506077 -0.004879669
5 -4.24460506439209 5.969791889190674 -1.638461947441101 0.312691 0.289008 0.45989 0.121519
3 -22.73015785217285 -2.9421226978302 -1.052915930747986 0.484593 0.707602 1.562937 -0.01968937
1 -47.05781555175781 -4.847082614898682 -1.136144518852234 3.146161 0.479146 1.778456 -0.01060325
1 -18.37899589538574 -5.414618492126465 -1.138464212417603 4.335435 1.742752 1.480149 -0.02256624
4 29.88008117675781 19.31309127807617 -0.2566551268100739 1.286938 0.883987 1.604896 -1.474605
3 42.32223892211914 20.12894439697266 -1.178049445152283 0.47655 0.277576 1.019801 1.40672
1 35.99005126953125 -4.988929271697998 -1.070479035377502 3.891899 1.826813 1.62577 0.02320544