6 -24.09372901916504 6.306608200073242 -1.293475866317749 1.281994 0.374417 1.037009 0.001500725
1 -47.06396484375 13.17177486419678 -0.7907410860061646 2.391353 1.113742 0.784094 1.748523
6 52.07524490356445 6.490564346313477 -1.716068506240845 0.602038 0.531911 0.647655 0.04297663
5 29.33237838745117 -2.21921443939209 -1.813345551490784 0.21861 0.214953 0.482115 -1.603343
5 -2.601298809051514 -2.271639108657837 -1.252676486968994 0.359867 0.303244 0.301274 0.01789821
6 -40.49909973144531 -38.16082763671875 -0.7448136806488037 1.289483 0.743957 1.236874 -1.371261
5 3.634190797805786 -2.295203924179077 -1.485992670059204 0.407465 0.407982 0.716661 0.01789821
5 27.56698989868164 6.186985969543457 -1.771160364151001 0.23892 0.261357 0.535185 -1.556094
5 -31.84176445007324 1.704742670059204 -1.465819120407105 0.314676 0.336152 0.717796 -0.1260979
5 14.00056743621826 -2.264548540115356 -1.615647673606873 0.284367 0.367439 0.924192 0.00563951
5 -24.96445465087891 1.807422995567322 -1.526829361915588 0.299048 0.263611 0.490765 -0.007695362
5 12.86623764038086 6.332431316375732 -1.663913130760193 0.309744 0.24313 0.586672 0.0117307
6 43.98779296875 -2.137140035629273 -1.532603979110718 1.334398 0.972763 1.637511 -0.09671421
5 -8.239790916442871 6.204063415527344 -1.518274426460266 0.420657 0.463958 0.662537 0.01172726
1 37.84182357788086 -2.063349008560181 -1.377262353897095 0.97891 0.506171 1.231055 0.133812
1 42.85017013549805 6.50186824798584 -1.617613554000855 3.346807 0.930586 1.553484 -3.107071
6 24.20688247680664 6.248439311981201 -1.475161552429199 2.073461 0.148765 0.939239 0.02098906
5 25.70751762390137 6.263803958892822 -1.744158864021301 0.222605 0.163389 0.409298 -1.490399
1 36.26240921020508 6.967645645141602 -1.580187559127808 3.748437 2.0162 1.371358 3.141592
4 -4.106466293334961 7.143289089202881 -1.274842619895935 2.63267 1.148998 1.143686 0.06695352
1 -49.21422958374023 3.298677682876587 -0.6218295693397522 4.078107 0.559414 1.57615 1.674549
5 8.44927978515625 6.238316059112549 -1.559690475463867 0.376071 0.359807 0.728889 0.01172811
6 -7.040165901184082 -2.451207876205444 -1.258203625679016 1.698663 0.316924 1.023893 0.008397831
5 21.52046775817871 6.151801586151123 -1.718440413475037 0.318468 0.215057 0.579562 0.01183769
6 -12.81914138793945 -2.605221509933472 -1.230542421340942 1.672878 0.218189 0.993012 0.03018789
5 10.88954544067383 6.280834197998047 -1.616753339767456 0.371311 0.348174 0.602088 0.01172897
5 22.7711353302002 6.201151371002197 -1.653674006462097 0.277115 0.262064 0.598095 0.0119481
5 18.69800186157227 6.284675121307373 -1.67740273475647 0.396998 0.328811 0.686795 0.01175486
5 7.484401226043701 -2.324975967407227 -1.518781423568726 0.330257 0.308072 0.652077 0.01789821
5 -15.45734214782715 6.151481151580811 -1.469976186752319 0.368569 0.314818 0.648789 0.01172725
5 -23.84390640258789 -2.869973659515381 -0.9371874928474426 0.254034 0.213001 0.862896 0.04957658
6 -18.87734413146973 -2.574290275573731 -1.090606451034546 1.644338 0.189418 1.250011 -0.007695362
5 15.45912075042725 6.243378162384033 -1.641022682189941 0.427153 0.332347 0.698783 0.01173415
5 -28.55771255493164 1.74813175201416 -1.470897078514099 0.349381 0.349453 0.62979 -0.1260979
6 24.66504859924316 -2.279083967208862 -1.496384501457214 1.538204 0.292814 0.973254 -3.139254
6 32.4033088684082 6.237422943115234 -1.620274066925049 1.794981 0.426368 1.115542 3.060268
5 17.44372367858887 6.251600742340088 -1.662179112434387 0.36316 0.293157 0.638786 0.01174105
5 10.85246467590332 -2.308964252471924 -1.58117663860321 0.359592 0.298298 0.755219 0.04482254
5 -14.41849136352539 1.88005530834198 -1.442938804626465 0.364289 0.271556 0.572798 -0.007695362
6 -18.70780563354492 6.353370666503906 -1.201234340667725 1.698252 0.311663 1.260088 0.01172725
5 2.154383182525635 6.305777549743652 -1.549605131149292 0.352925 0.308427 0.632798 0.01172746
6 30.11796951293945 6.23130989074707 -1.471721768379211 1.47622 0.231958 1.336877 -0.05760093
5 -0.7738736867904663 6.258379936218262 -1.483320951461792 0.395035 0.37326 0.790024 0.01172727
3 -23.31139183044434 11.30829334259033 -0.7799975275993347 0.484563 0.570296 1.374221 -3.113693
6 27.8797664642334 -2.413999557495117 -1.590161800384522 2.180051 0.417218 0.860416 -3.138303
5 -17.79313850402832 1.849548816680908 -1.445771217346191 0.237261 0.297969 0.587944 -0.007695362
5 20.05950736999512 6.21017599105835 -1.717789649963379 0.376189 0.305334 0.602604 0.01178247
6 -24.90557479858398 6.951503753662109 -1.063917875289917 0.33709 1.625115 1.324678 0.001500726
5 26.23054695129395 -2.322318315505981 -1.36739993095398 0.210678 0.127554 0.619128 -0.06067032
5 19.72230339050293 -2.344374895095825 -1.561052322387695 0.426715 0.308198 0.642345 -0.001312463
5 -11.33818626403809 6.268510818481445 -1.473746538162231 0.386514 0.317847 0.632528 0.01172725
5 -21.3895378112793 1.778495073318481 -1.466145992279053 0.437471 0.358211 0.573615 -0.007695362
1 32.69987106323242 -3.034446001052856 -1.224471092224121 1.085443 2.019359 1.565454 -0.04672294
6 -4.642494201660156 6.370460510253906 -1.317747831344605 1.686512 0.265866 1.061735 0.01172736
5 5.06437873840332 6.244861125946045 -1.553410410881043 0.254431 0.213379 0.672328 0.01172768
6 16.91623878479004 -2.344560384750366 -1.408516764640808 1.573838 0.183977 0.99759 0.00563951
5 22.66547012329102 -2.224242925643921 -1.595226764678955 0.412095 0.24661 0.598119 -0.09329066