5 5.009621143341065 -8.030996322631836 -1.511612057685852 0.30729 0.28661 0.395432 -1.748592
1 39.39865875244141 -39.81793594360352 -0.2704236507415772 3.521034 0.662152 0.751271 1.585511
5 11.52881622314453 -10.89616870880127 -1.492063283920288 0.187507 0.16426 0.342184 2.770884
5 3.564388275146484 -7.854015350341797 -1.502822399139404 0.367414 0.267343 0.471473 -1.748592
4 20.83945083618164 -19.27158737182617 -0.7469443678855896 2.374511 0.977793 1.579644 -1.531484
5 10.28173160552979 -10.16866111755371 -1.467182636260986 0.269438 0.190142 0.422766 2.773767
3 -25.88034057617188 13.74904251098633 -0.7744358777999878 0.202955 0.366694 1.086628 -0.04633214
5 13.97954559326172 -13.08346366882324 -1.432502865791321 0.242753 0.176858 0.308957 2.097188
5 -0.9265053868293762 9.24763298034668 -1.484768986701965 0.313324 0.398384 0.598458 -0.06124161
5 7.878721714019775 -9.02657413482666 -1.508996963500977 0.178441 0.213412 0.321329 2.773767
1 41.74674224853516 26.48534774780273 -0.1292230486869812 3.491444 0.498698 0.942577 1.595629
1 -14.23077583312988 9.964216232299805 -1.025224924087524 4.462052 1.730855 1.782942 -3.08806
3 16.4522876739502 30.37633514404297 -0.6249412298202515 0.582512 0.598369 1.503092 1.478691
6 3.956207275390625 9.634333610534668 -1.160030364990234 1.612244 0.310644 1.209172 -0.06242408
6 -51.52367401123047 9.719164848327637 -1.712110042572022 0.17636 0.807147 0.34339 0.0
1 17.85514640808106 33.98141098022461 -1.044945001602173 2.149926 1.682196 1.018837 -1.620291
5 7.817101001739502 13.25315380096436 -1.417737364768982 0.236888 0.166458 0.426373 0.0
3 15.16737079620361 29.14528656005859 -0.5951349139213562 0.38925 0.713995 1.416884 0.1160091
3 16.50830268859863 29.04224014282227 -0.5265181660652161 0.384967 0.478869 1.730835 1.478099
5 6.530939102172852 12.74471282958984 -1.455380439758301 0.223184 0.145917 0.464389 0.0
6 0.08815004676580429 9.634236335754395 -1.15917444229126 1.221377 0.371356 1.13233 -0.05079639
5 9.213045120239258 -9.665229797363281 -1.495418667793274 0.146123 0.198621 0.387287 2.773767
5 -1.280323624610901 9.26088809967041 -1.481722831726074 0.297944 0.374862 0.590432 -0.06124161
6 18.72337150573731 -35.68326950073242 -0.8923681974411011 1.094721 0.32801 0.05135 -1.287866e-15
3 16.46066284179688 -36.32796096801758 -0.4705926179885864 0.213934 0.246926 0.881635 0.01331776
1 25.93638420104981 -23.93867874145508 -0.7240820527076721 4.748536 1.705774 1.417817 -1.58511
6 1.424722194671631 9.561944961547852 -1.173359990119934 1.426477 0.277586 1.202621 0.01503484
6 2.315673112869263 -4.540918827056885 -1.468023657798767 1.588066 0.34732 0.694852 -1.57222
4 14.33233451843262 21.88967323303223 -1.04958963394165 1.476346 0.393103 1.085679 -1.831148
1 17.21128845214844 21.90740966796875 -0.762479305267334 4.204026 1.827341 1.504697 -1.832636
1 -48.54638290405273 -7.169029235839844 -1.777987957000732 1.771143 1.918451 0.884964 0.04104525
6 2.316294670104981 -3.041158437728882 -1.373073816299439 1.40341 0.351008 0.711191 -1.57222
3 -25.84597206115723 13.28976249694824 -0.8661369681358337 0.419841 0.490381 1.268999 -0.01516145
1 18.57707977294922 27.9655647277832 -0.8224043846130371 4.329955 1.990926 1.591724 -1.647833
6 6.192597389221191 9.777715682983398 -1.105043411254883 1.323196 0.208156 1.155976 0.3086636
6 7.652161121368408 10.47512340545654 -1.113988041877747 1.710616 0.293893 1.18598 0.6865739
5 12.99957847595215 -12.00716781616211 -1.418209195137024 0.149568 0.16046 0.303299 2.770884
6 -2.236283779144287 9.451436042785645 -1.183530449867249 1.605242 0.302948 1.223471 -0.07617857
5 -0.5612303018569946 9.250661849975586 -1.478157877922058 0.276224 0.360648 0.595687 -0.06124161
5 10.93517303466797 15.32261466979981 -1.508287906646729 0.187131 0.183742 0.385261 2.358505e-15