5 6.583729267120361 -9.085145950317383 -1.744526267051697 0.209397 0.18866 0.337611 -3.087486
6 -8.157546997070312 -4.649825572967529 -1.525394082069397 1.455009 0.580602 0.6586 1.9711
6 -11.73172378540039 7.702305316925049 -1.076008796691895 1.649121 0.333171 1.2097 0.4394222
5 -3.572740316390991 -8.078434944152832 -1.672693252563477 0.239636 0.267745 0.50556 -3.087486
6 -7.457200050354004 -6.025774002075195 -1.547273993492127 1.551813 0.580549 0.761899 1.9711
3 -6.750759124755859 29.6559009552002 -0.6538748145103455 0.570505 0.67285 1.51959 -1.165931
5 2.034967660903931 -7.861865520477295 -1.69717264175415 0.239907 0.288543 0.456488 -3.087486
6 -13.94989204406738 6.635417938232422 -1.090169429779053 1.42294 0.379428 1.211132 0.4673413
4 17.2480411529541 49.71969223022461 -0.06519018858671188 0.694509 0.265887 0.731478 1.977514
5 -4.976635456085205 -8.492127418518066 -1.658563733100891 0.284185 0.344326 0.43008 -3.087486
5 -0.6350443363189697 -7.883344650268555 -1.727678894996643 0.213295 0.261015 0.35944 -3.087486
1 -6.208705902099609 30.88596153259277 -0.6706675291061401 2.062285 1.430301 1.865871 -1.074653
4 19.97758483886719 -28.22043418884277 -1.503138184547424 0.837158 0.401123 0.878237 -1.140769
6 -8.537450790405273 10.11314678192139 -1.033847332000732 1.340324 0.368493 1.191055 1.078123
4 23.20072364807129 -35.32419967651367 -1.883444428443909 0.851808 0.59082 1.111273 -1.108647
1 22.49764633178711 -19.77587699890137 -1.387015819549561 3.960569 1.981052 1.389951 -1.12867
5 0.8759148120880127 -7.833726406097412 -1.667930841445923 0.231365 0.271616 0.380388 -3.087486
4 16.90618324279785 -24.46958160400391 -1.724885940551758 0.626527 0.301922 0.655426 -1.162857
6 -16.81597328186035 5.243951797485352 -1.119815826416016 2.732123 0.50049 1.246644 0.3888041
1 -52.98018264770508 -28.90275764465332 -1.752471685409546 1.87292 2.218908 1.231032 0.4170261
3 -7.561532974243164 30.76311683654785 -0.643467903137207 0.507975 0.364775 1.071559 -0.7984828
4 -20.01536560058594 0.4705347716808319 -0.9150243401527405 1.742453 0.561925 1.517466 -2.725836
3 14.2169246673584 -22.94973564147949 -1.080711603164673 0.622189 0.535634 1.64828 -1.111295
5 5.241804122924805 -8.45348834991455 -1.737281799316406 0.186194 0.233555 0.368374 -3.087486
1 -28.48045158386231 0.7287450432777405 -0.8567606806755066 4.264843 1.952817 1.717241 -2.695945
1 -4.488465785980225 24.24699020385742 -0.7100735902786255 4.193459 1.943476 1.675868 -1.404897
4 -7.132966995239258 23.08835601806641 -0.9925894141197205 1.253254 0.703831 0.754006 1.654727
6 -15.27624797821045 6.136916637420654 -1.315106391906738 1.352448 0.371591 0.805654 0.4047596
3 -4.08131217956543 -11.49020767211914 -0.5615958571434021 0.458185 0.549249 0.862002 0.4689351
6 -9.515891075134277 8.866973876953125 -1.04527223110199 1.770141 0.43104 1.236578 0.7208077
1 -11.43670463562012 41.96560668945313 -0.8382387757301331 0.687881 1.278039 0.738088 -1.13995
5 3.458300828933716 -8.042436599731445 -1.711702466011047 0.238199 0.266603 0.441715 -3.087486
3 -8.395821571350098 30.12108993530273 -0.4383434951305389 0.569689 0.3018 1.744477 0.8876777
3 -18.03327941894531 2.595275163650513 -0.9207092523574829 0.845259 0.779321 1.613806 -2.725836
4 10.43361186981201 -14.18787384033203 -1.360074400901794 1.396985 0.527096 1.046991 0.5295702