4 -14.39122581481934 14.54342746734619 -1.273557305335999 0.579848 0.437538 0.831225 -1.584725
1 -0.4196692705154419 -4.934747695922852 -0.9330734610557556 4.589096 1.904222 1.719725 -0.01184795
4 -17.73612594604492 14.41687965393066 -1.230214238166809 0.534133 0.450824 1.036739 -1.523565
1 -1.257238268852234 8.587455749511719 -1.05443012714386 5.117651 2.067237 1.787313 3.129745
5 -4.900295257568359 8.739988327026367 -1.722919225692749 0.281452 0.256319 0.462769 -1.86105
5 9.559345245361328 -1.939793467521668 -1.583832502365112 0.179009 0.198615 0.387539 0.0
3 -29.80766868591309 12.8922929763794 -1.194137573242188 0.507099 0.408592 0.484565 -3.119358
5 4.91626501083374 -2.15853476524353 -1.560549855232239 0.356899 0.307957 0.496795 3.096775
5 21.44796562194824 9.295845985412598 -1.795519471168518 0.276588 0.203793 0.341135 1.53897
6 -47.71092224121094 -4.799869537353516 -1.454795956611633 0.304137 1.119351 0.394912 3.039767
5 -4.573635101318359 7.420685291290283 -1.64619505405426 0.181134 0.200146 0.468186 0.01213719
1 32.34989929199219 -6.486445903778076 -1.272339463233948 4.046649 1.678257 1.319073 -0.02679112
2 -44.64193344116211 7.905649185180664 -0.1281455010175705 3.774037 2.499735 3.622364 3.130152
4 -12.80003166198731 5.078033924102783 -1.075997233390808 1.623239 0.765438 1.478331 -3.105141
5 10.36305522918701 -1.827520847320557 -1.583253026008606 0.258112 0.29743 0.451948 0.0
1 24.89006423950195 -6.667442321777344 -1.039530515670776 4.047501 1.901657 1.665265 -0.02679112
1 30.33045196533203 10.41681480407715 -1.482875466346741 2.231349 1.024054 0.658991 -3.122885
5 -9.279350280761719 6.527144432067871 -1.637998819351196 0.327877 0.295466 0.391246 0.01213719