5 -2.233321666717529 15.58658790588379 -1.469787359237671 0.232536 0.150856 0.430525 0.7831979
5 -1.72568666934967 16.29302787780762 -1.494032263755798 0.248592 0.261212 0.366283 0.7079399
5 0.2742471694946289 19.42707443237305 -1.348075985908508 0.244357 0.23675 0.399055 0.7824885
5 -3.100639343261719 14.4108772277832 -1.434173583984375 0.234442 0.27219 0.416182 0.6682103
5 -5.313269138336182 12.69817161560059 -1.388453006744385 0.166858 0.145527 0.375517 0.5183412
5 -3.343776226043701 16.20421028137207 -1.28626561164856 0.258305 0.144765 0.550268 0.6570335
5 -3.729331493377686 15.99053001403809 -1.274094462394714 0.23554 0.263703 0.538288 0.570893
5 -1.491230845451355 -7.826436519622803 -1.639530897140503 0.243739 0.266684 0.442403 -3.055701
6 -3.623710632324219 10.75890731811523 -1.102694869041443 1.74337 0.331103 1.253524 0.9431479
1 21.47017669677734 -48.2274169921875 -1.31015157699585 1.630692 1.928348 1.142522 -1.265372
6 -7.036977291107178 9.048287391662598 -1.13378918170929 1.655673 0.32166 1.213946 0.208045
6 -9.383953094482422 8.392181396484375 -1.132588863372803 1.349372 0.303543 1.22395 0.2024463
1 20.31971740722656 -16.56533432006836 -1.150083184242249 4.019483 1.712663 1.365893 -1.289358
5 2.931584596633911 -8.247973442077637 -1.66537606716156 0.211615 0.205488 0.420292 2.778744
3 -13.50491809844971 5.154332160949707 -0.9383887052536011 1.005726 0.768122 1.682034 -3.011849
5 -11.65006637573242 7.526023387908936 -1.461337089538574 0.304805 0.343475 0.554699 0.2565217
1 -53.09137344360352 -20.32316398620606 -1.597254276275635 0.483216 1.528171 0.711944 0.2835679
5 8.430492401123047 -10.41946697235107 -1.656909108161926 0.17087 0.232072 0.386901 -2.927019
5 1.490302085876465 -8.028274536132812 -1.690044403076172 0.161871 0.137751 0.363963 2.878732
3 1.236990213394165 29.96574592590332 -0.499923586845398 0.279393 0.373651 1.189316 -1.422602
5 5.477226734161377 -8.8997220993042 -1.688921570777893 0.283495 0.236912 0.405952 2.686904
1 -24.70365524291992 4.732220649719238 -0.8834854364395142 4.431325 1.721437 1.722036 -2.813284
3 -0.1812655180692673 30.63590431213379 -0.461189478635788 0.328756 0.479838 1.768183 -1.50101
6 -4.859524250030518 9.721871376037598 -1.115411639213562 1.309598 0.311997 1.234541 0.5687972
6 -10.82547760009766 8.108636856079102 -1.36715042591095 1.349533 0.353764 0.823964 0.2023201
6 -5.016083240509033 -5.20428466796875 -1.515450716018677 1.667295 0.565965 0.703732 1.782004
1 19.32083892822266 -31.45504951477051 -1.517964959144592 1.270356 1.202561 0.771327 -1.399923
1 2.382347106933594 29.69270515441895 -0.7586660981178284 2.43383 1.438301 1.69991 -1.465051
5 7.128994941711426 -9.634965896606445 -1.708068251609802 0.154177 0.217437 0.334379 2.515103
5 4.083671092987061 -8.50282096862793 -1.600690007209778 0.214983 0.27701 0.424813 2.860293
6 -12.97554683685303 7.381068229675293 -1.140998363494873 1.639783 0.447281 1.274711 0.1832615
5 -11.97686576843262 7.431573390960693 -1.478266596794128 0.284145 0.353006 0.536309 0.2565217
4 -14.4857873916626 3.579458236694336 -0.9400640726089478 1.819646 0.607701 1.663415 -3.010867
5 -11.31045532226563 7.606975555419922 -1.451319456100464 0.364431 0.330389 0.592002 0.2565217
1 2.744258403778076 24.20962905883789 -0.8377435207366943 4.319251 1.953385 1.589454 -1.57281
1 -1.908776521682739 44.47901153564453 -1.119065046310425 4.16051 1.55706 0.588132 -1.22137
3 -2.454132795333862 -11.04697513580322 -0.5216946601867676 0.540331 0.445129 0.848407 0.7568688
5 -2.969563484191895 -8.021682739257812 -1.612411618232727 0.269924 0.304068 0.512168 -2.9255
5 -5.936061382293701 -3.190654754638672 -1.541092038154602 0.334466 0.26164 0.282504 -0.0005593905
3 13.84628582000732 -25.03946304321289 -0.9221839308738708 0.568107 0.562719 1.543506 -1.310734
3 0.7388601303100586 31.2605094909668 -0.7227004766464233 0.428094 0.666403 1.623821 -1.599849
6 -5.475372791290283 -3.614511728286743 -1.453559637069702 1.529493 0.508461 0.742184 1.775815
3 0.8314829468727112 25.93961524963379 -0.9823884963989258 0.586893 0.439157 0.901278 -1.885017e-15
1 20.39863777160645 -39.09878540039063 -1.333942532539368 1.17767 0.426855 0.776395 -1.408025
4 29.10594367980957 43.16296768188477 -0.4147073030471802 0.637657 0.408388 0.70213 -1.282907