3 26.61205101013184 9.011460304260254 -1.24691379070282 0.447868 0.453719 1.4525 0.00114739
1 10.28648662567139 7.553089618682861 -1.154471397399902 4.381114 1.900325 1.457085 -2.950118
1 8.260153770446777 -5.223851680755615 -0.9019840359687805 4.553564 1.809972 1.881133 -0.02927273
1 -42.29357528686523 -5.176182746887207 -1.289785861968994 5.809686 1.701406 0.950797 -0.00468295
3 6.793325901031494 7.620572566986084 -1.569748044013977 0.257491 0.307059 0.616432 0.2532542
1 31.66896438598633 -4.878869533538818 -1.056200861930847 3.465563 1.194822 1.798709 0.06429736
1 -26.7129020690918 -5.15793514251709 -1.114807605743408 4.284524 1.808191 1.375635 0.03374157
1 26.39315605163574 -5.268829822540283 -1.10102117061615 3.863013 1.666034 1.757645 0.01783724
2 50.60672760009766 7.538606643676758 -0.8084404468536377 6.600367 2.332175 2.998781 -3.098245
1 -57.76169967651367 -5.430534839630127 -1.075293302536011 1.449012 0.550505 1.109496 -0.002223838
3 -10.38458728790283 12.81693363189697 -0.6501672863960266 0.451935 0.62995 1.260424 -0.01472154
2 29.97781944274902 7.310989856719971 -0.4369441270828247 9.002978 3.00245 3.215248 3.130814
3 11.85114860534668 14.0327262878418 -0.7320914268493652 0.45294 0.58322 1.383557 0.01206904
3 7.800067901611328 9.05053997039795 -1.544360995292664 0.320787 0.254779 0.523839 0.2532542
1 -33.30162048339844 -4.932304382324219 -1.194738745689392 6.009889 1.575108 1.249445 -0.00468295
1 51.05230712890625 -4.927438735961914 -1.724831461906433 1.20907 1.761284 0.669768 0.04039774
4 19.36193084716797 -5.655813217163086 -1.401806116104126 2.670902 1.263624 1.033682 0.01783724
3 8.564510345458984 12.48724174499512 -0.7754297852516174 0.4154 0.469333 1.125082 0.08021743
3 -24.18527984619141 -6.247086524963379 -1.325023531913757 0.640385 0.532021 0.84264 1.554736