4 -3.354788780212402 -6.412522315979004 -1.245928645133972 1.551055 0.46497 1.123999 -2.487478
1 -16.09800338745117 -5.785557746887207 -1.041781187057495 3.809159 1.623266 1.595181 0.09063431
3 5.67623233795166 -7.266339778900147 -0.9307135939598083 0.59854 0.564126 0.71711 5.019938e-16
4 -13.74293899536133 18.27124404907227 -1.691093802452087 0.994978 0.426907 0.844759 1.647747
1 -10.72411918640137 -5.514569759368897 -1.10400128364563 4.665825 1.916952 1.487122 -0.03442099
4 5.079558849334717 10.28913402557373 -1.551432609558106 0.963421 0.3838 0.548916 0.1528079
1 -34.75113677978516 31.38190460205078 -1.31254255771637 4.858058 1.283771 0.695918 1.647744
1 -45.35692977905273 0.66227126121521 -1.368356108665466 4.361278 1.769818 1.750004 -3.019187
1 -20.58998680114746 -4.972222805023193 -0.9748972058296204 2.663542 1.675756 1.779737 -2.246336
3 5.905598163604736 -7.730434417724609 -0.3356942236423492 0.219643 0.320866 1.829849 8.442618e-16
1 -5.650757312774658 -5.138994693756104 -1.059815883636475 4.506522 1.68573 1.496514 0.1043425
1 -49.67036056518555 0.2208498418331146 -1.111665010452271 0.939033 1.563146 1.546168 3.141592
1 -39.7113151550293 1.785585522651672 -1.476434469223023 0.158389 1.582254 0.521513 2.878223