3 16.81772994995117 -30.57025337219238 -0.9584062695503235 0.443125 0.435803 1.558534 -1.386454
1 -3.581670045852661 23.95835113525391 -0.9512737989425659 4.21135 1.909683 1.625189 -1.465888
5 4.669577598571777 -9.165507316589355 -1.666067361831665 0.220444 0.225514 0.393129 2.735197
3 -6.836642265319824 30.2767505645752 -0.3048987686634064 0.328743 0.517255 1.206551 2.184911
1 1.16300368309021 34.58544540405273 -1.250379085540772 4.350714 1.838389 0.771993 -1.160519
6 -11.52892971038818 7.723837852478027 -1.195091962814331 1.641546 0.291235 1.228958 0.4023535
1 -54.8244743347168 -26.88328742980957 -1.18421733379364 1.981472 1.73835 1.236115 0.3330305
1 -6.897600173950195 34.13198852539063 -1.092728853225708 1.161561 0.906262 0.571908 -1.408461
5 0.3623136878013611 -8.312433242797852 -1.648146152496338 0.173073 0.162138 0.440027 -2.631327
6 -17.29318237304688 5.300031661987305 -1.122550010681152 1.67327 0.227454 1.186197 0.3836021
4 -3.399277210235596 29.24272727966309 -0.8874149918556213 1.469292 0.44222 1.013578 1.671846
5 -9.051435470581055 15.02902507781982 -1.353021383285523 0.221195 0.200362 0.562606 1.206334
3 -7.514312744140625 31.43538856506348 -0.7105391025543213 0.305634 0.583792 1.650675 -1.254206
1 28.05227661132813 3.223202228546143 -0.6821168065071106 4.303319 1.5864 1.110263 1.975007
4 20.95152854919434 -28.07231521606445 -1.135881066322327 2.415389 0.977781 1.594115 -1.226436
1 5.387523174285889 17.13929557800293 -0.8463693261146545 4.297036 1.998049 1.630319 -1.192705
6 44.89638900756836 -15.05561828613281 -0.849772036075592 0.497599 0.561551 0.453419 2.128401
5 -7.544839859008789 14.79640007019043 -1.509203791618347 0.233298 0.209339 0.444717 0.4991803
5 -15.60194778442383 5.777505874633789 -1.506356835365295 0.341749 0.268826 0.562813 0.3969136
5 2.926489591598511 -8.6256742477417 -1.606890678405762 0.170331 0.165761 0.42837 -2.631327
5 -4.968802928924561 21.78364753723145 -1.458882331848145 0.15989 0.20404 0.322519 1.433894
6 -9.28456974029541 8.832426071166992 -1.155574321746826 1.763663 0.404876 1.241847 0.6793817
5 -7.9573073387146 10.4699764251709 -1.32233989238739 0.28637 0.262489 0.784472 1.090282
5 1.502282619476318 -8.428253173828125 -1.626865267753601 0.163435 0.325642 0.45524 -2.631327
5 -15.95361995697022 5.710713863372803 -1.459433317184448 0.393463 0.355688 0.54278 0.3969136
1 11.14755535125732 10.93835639953613 -0.861192524433136 4.355181 1.904798 1.586677 -1.193292
5 -16.28861999511719 5.55870532989502 -1.515900135040283 0.281863 0.293414 0.493376 0.3969136
5 -7.072007179260254 15.49840927124023 -1.560604453086853 0.233586 0.154654 0.494349 1.172022
5 -9.245161056518555 12.49380302429199 -1.483801245689392 0.235891 0.200783 0.417839 0.8447375
5 -5.484225749969482 18.88650512695313 -1.440944314002991 0.268517 0.164266 0.407693 1.20723
3 -7.850018978118897 29.85760688781738 -0.5626562237739563 0.367283 0.779697 1.367215 1.332299
5 -4.089552402496338 -8.383574485778809 -1.651200175285339 0.199685 0.193219 0.390204 -2.832741
5 -12.27002716064453 -0.8479467034339905 -1.554621815681458 0.305465 0.197966 0.483879 2.10682
6 41.67501449584961 -22.09946441650391 -1.155858159065247 0.633252 0.877087 0.305001 1.975007
6 -7.914953231811523 -6.177811145782471 -1.501426339149475 1.573316 0.461036 0.766916 -1.250717
6 -8.337204933166504 9.879539489746094 -1.112529516220093 0.967265 0.261065 1.134566 1.042063
4 -6.26588773727417 22.79335021972656 -1.227532148361206 1.381141 0.678459 0.848747 1.6406
6 -13.85212230682373 6.877610683441162 -1.190850377082825 1.346394 0.414918 1.240844 -2.806842
6 -15.17331027984619 6.405332088470459 -1.399237036705017 1.341069 0.472231 0.813805 0.3408524
1 34.59419250488281 -9.07745361328125 -0.8007301092147827 3.832187 1.459805 0.756955 1.975007
1 -28.54121780395508 1.507408499717712 -0.9473779797554016 4.362602 1.791617 1.690492 -2.72148
1 -4.934817314147949 30.58957862854004 -0.7900673747062683 2.266021 1.630578 1.518411 -1.270724
5 -8.255179405212402 13.59258937835693 -1.529515027999878 0.287481 0.244155 0.436013 0.9457842
5 -1.122784018516541 -8.238296508789062 -1.688719749450684 0.197313 0.157084 0.326387 -2.631327
6 -8.468673706054688 -4.753308296203613 -1.448210597038269 1.467833 0.411708 0.76993 -1.244732
1 18.84464454650879 -29.32473945617676 -1.270923614501953 0.655589 1.493355 0.877446 -1.226618
3 -5.650305271148682 25.3831901550293 -1.054005146026611 0.425095 0.535723 0.83572 1.583362
1 28.26397705078125 10.50074100494385 -0.8476677536964417 1.451223 0.362356 1.036547 2.047953
3 -0.5884957313537598 45.69706726074219 -0.8126906752586365 0.370581 0.42835 1.277264 -1.139199
5 -5.523344993591309 -8.729565620422363 -1.579371809959412 0.285202 0.216598 0.325111 0.2493926
5 6.050588607788086 -9.817574501037598 -1.611973285675049 0.188787 0.203127 0.348734 3.131355
5 -8.698554039001465 14.82535743713379 -1.360596895217896 0.102211 0.087414 0.468669 1.206334
5 -5.040879249572754 20.27538871765137 -1.492891311645508 0.183715 0.174533 0.315319 1.302072
5 -8.739931106567383 15.27790069580078 -1.355028033256531 0.162239 0.177011 0.562554 1.206334