1 -37.55577850341797 1.239604234695435 -1.081109166145325 1.83037 1.459148 1.67084 0.01887364
1 -27.74362182617188 4.116152763366699 -1.320080399513245 5.474955 2.063071 1.156203 0.006299847
3 -48.14382171630859 -6.011302947998047 -0.8597226738929749 0.27199 0.407689 1.580536 -0.02471346
4 52.66930770874023 -4.766683578491211 -1.189647197723389 0.840964 0.701108 1.372764 -3.089544
1 13.62916851043701 3.277610540390015 -1.098434090614319 4.391603 1.967947 1.459965 -0.04415061
6 -8.053175926208496 2.446057796478272 -1.380106329917908 0.567588 0.058465 0.130173 3.135913
1 42.97569274902344 -0.04860988259315491 -1.053318858146668 1.084629 1.674086 1.377994 0.01740747
1 -7.730393409729004 -4.524271965026856 -0.8818424940109253 4.650421 2.939494 1.748933 -0.005738053
3 41.88930511474609 -8.621846199035645 -0.7933069467544556 0.558897 0.435772 1.426441 0.02431332
1 -43.21726226806641 -3.838466644287109 -1.54881227016449 1.01485 1.671594 0.839922 -0.02118597
1 -10.57663726806641 3.40198016166687 -1.003731608390808 4.472896 2.143127 1.687379 -0.003862194
1 53.01453399658203 3.81058406829834 -1.222425699234009 2.061805 1.708533 1.433055 0.04502906
4 16.80579376220703 -2.558804512023926 -1.002147436141968 2.425752 1.003219 1.611036 -0.02420551