1 27.59730339050293 -4.662959575653076 -0.7746140360832214 3.89424 1.730739 1.672705 1.133015
5 23.00357246398926 -20.43464469909668 -0.9545035362243652 0.333548 0.384187 0.395683 1.604729
5 8.320585250854492 -5.407331466674805 -1.322161436080933 0.252801 0.210312 0.449037 -0.3424556
6 17.96056175231934 -17.61427307128906 -0.8387888073921204 1.641459 0.268429 0.771609 -1.426439
5 22.26252174377441 -13.25452899932861 -1.133249521255493 0.262208 0.238123 0.569789 1.604729
6 27.86451148986816 -17.22098541259766 -0.7776244878768921 1.586622 1.719775 0.865906 -1.500429
5 9.641120910644531 -6.322108745574951 -1.298140287399292 0.165425 0.136823 0.394181 -0.3424556
6 19.93630599975586 -34.98918533325195 -0.204136848449707 1.120253 0.183331 0.286749 -1.518192
5 22.67312622070313 -16.84243965148926 -1.081619024276733 0.382218 0.328975 0.56289 1.604729
6 27.73013114929199 -25.93654823303223 -0.9052930474281311 0.137379 0.120392 0.207205 1.618118
6 27.66663551330566 -22.73281860351563 -0.5713115930557251 1.479056 0.189514 1.171094 1.653552
5 11.0103931427002 -7.30254077911377 -1.307744264602661 0.132319 0.113634 0.333305 -0.3424556
5 12.2360782623291 -8.27444839477539 -1.25309681892395 0.230261 0.160916 0.528931 -0.3424556
3 22.73208236694336 34.37543487548828 -1.236998200416565 0.266837 0.182893 0.754454 0.02700458
1 23.23611068725586 24.00385093688965 -1.041768431663513 3.74822 1.381643 0.816878 -3.037695
6 18.80837440490723 -23.31595993041992 -0.3578867614269257 1.611279 0.226097 0.759337 -1.457514
5 32.63822937011719 -2.389660358428955 -1.251338481903076 0.222791 0.248833 0.549523 1.338864
6 28.87319374084473 -36.77895736694336 -0.3900694847106934 1.566203 0.10008 0.608092 1.633942
1 1.426447987556458 19.6807746887207 -1.188416004180908 4.700569 1.162097 0.770258 -2.961679
5 21.9721736907959 -10.01919174194336 -1.188916683197022 0.262845 0.130912 0.48983 -1.510442
1 -15.7617883682251 21.16339111328125 -1.505604267120361 1.327505 1.059546 0.70426 -2.980285
6 5.247968196868897 23.90645790100098 -1.5205397605896 0.962573 0.271283 0.463539 -2.979997
5 23.39121246337891 -23.84890747070313 -0.9466902613639832 0.222602 0.315328 0.564855 1.604729
1 26.99680137634277 -39.47010803222656 0.176117941737175 1.805008 1.212455 1.766331 1.598279