6 33.0208740234375 -32.86956787109375 -0.5463211536407471 0.274096 0.247374 0.257348 -1.646914
5 15.4612512588501 -6.479429721832275 -1.244032263755798 0.216216 0.158894 0.43626 0.0792634
6 33.17581558227539 -25.47867774963379 -0.3813710808753967 1.553666 0.294065 1.113105 1.588562
5 28.66282463073731 -12.3150053024292 -1.16457462310791 0.35198 0.212187 0.400466 1.638612
1 33.78448104858398 -19.99449920654297 -0.6745874285697937 1.583236 1.602149 0.804211 1.610653
5 19.05695915222168 -9.654924392700195 -1.17998468875885 0.247414 0.230589 0.47027 0.0792634
5 17.96626663208008 -8.605525970458984 -1.252441883087158 0.292699 0.178847 0.493735 0.0792634
6 24.22603797912598 -37.09508514404297 0.007181380875408649 1.468639 0.296482 0.246084 1.683692
6 44.66416549682617 21.94732856750488 -1.266809463500977 0.296732 0.681646 0.345468 -3.122339
5 28.68337249755859 -19.13640785217285 -0.9069491028785706 0.312472 0.26106 0.393993 1.582669
5 28.66062164306641 -15.56556415557861 -1.011096239089966 0.311777 0.286993 0.387328 -1.60846
6 24.23330116271973 -25.2829475402832 -0.1408126354217529 1.568625 0.16959 0.639797 -1.641032
6 -18.85257339477539 21.46042823791504 -1.852311849594116 1.872921 0.16249 0.491845 -3.083018
1 30.75287818908691 -48.29161071777344 0.272825300693512 2.036732 1.103495 0.993714 1.540239
5 16.67900848388672 -7.487911224365234 -1.182401061058044 0.085101 0.164438 0.335467 0.0792634
6 22.36521911621094 19.83145713806152 -1.287828326225281 0.624005 0.774725 0.037521 3.128809
6 23.96487236022949 -19.53178596496582 -0.5579954385757446 1.513674 0.248233 1.143188 1.750017
1 31.94738006591797 -13.31166934967041 -0.5694423317909241 3.942039 1.716123 1.491037 1.350732
1 3.383155822753906 22.38833045959473 -1.44177508354187 3.93759 0.449962 1.133562 -3.074975