3 -22.80604934692383 13.43745040893555 -0.9588994979858398 0.42587 0.444813 1.492745 -0.01117011
6 7.430733680725098 9.636702537536621 -1.135005712509155 1.650699 0.2771 1.227261 -0.007497545
1 45.67249298095703 18.01254653930664 -0.1096619963645935 3.430511 1.061827 0.918327 1.620417
3 -22.87103271484375 13.95412921905518 -0.9187197685241699 0.301596 0.546803 1.401485 -0.01117011
6 11.11135387420654 10.39533710479736 -1.056076169013977 1.668903 0.250701 1.171982 0.7152905
5 12.57356929779053 13.90307712554932 -1.511940836906433 0.311084 0.281272 0.430328 0.3748663
5 14.84095859527588 -10.93742656707764 -1.456475973129273 0.173909 0.174356 0.369828 2.698225
5 2.87619161605835 9.312278747558594 -1.445632815361023 0.222638 0.402687 0.484426 -0.03973213
6 1.231517910957336 9.38525676727295 -1.21580982208252 1.541438 0.454643 1.256839 -0.05656545
5 3.534985542297363 1.917294025421143 -1.495344400405884 0.280844 0.312171 0.451902 5.041335e-16
5 2.491522312164307 9.283150672912598 -1.4675612449646 0.237562 0.297774 0.563547 0.01781725
6 5.685249328613281 -3.057275533676148 -1.392889857292175 1.421698 0.358672 0.697584 -1.613343
5 6.930098533630371 -7.899178504943848 -1.462414622306824 0.240952 0.203141 0.469469 2.916176
1 -46.33682632446289 -6.740571975708008 -1.652066349983215 4.066071 1.707775 1.264769 -0.06749755
6 3.507957220077515 9.686257362365723 -1.271307945251465 1.305322 0.306466 0.947039 -0.03973213
6 9.66654109954834 9.738218307495117 -1.111360549926758 1.348452 0.251502 1.242086 0.2265354
5 17.3682975769043 -13.21074676513672 -1.42182981967926 0.267269 0.106629 0.301284 2.447628
6 4.983637809753418 9.593260765075684 -1.164942979812622 1.31543 0.232056 1.211117 -0.02312425
1 20.74007987976074 21.79398155212402 -0.844643771648407 4.185795 1.772634 1.649355 -1.81721
5 8.444242477416992 12.39195823669434 -1.432019114494324 0.354277 0.327541 0.519588 -0.281501
5 11.17071533203125 -9.053906440734863 -1.508506298065186 0.157551 0.166763 0.32203 2.936756
5 2.122303485870361 9.282448768615723 -1.471231698989868 0.331313 0.417574 0.596864 0.0003340284
5 5.193146705627441 -2.471240758895874 -1.529921412467957 0.256414 0.174583 0.43651 -1.447057
5 11.30917644500732 13.404616355896 -1.405938506126404 0.361442 0.390323 0.390304 0.3748663
5 12.55514049530029 -9.716012001037598 -1.461589217185974 0.130103 0.113363 0.403856 2.878897
6 5.659040927886963 -4.590960025787354 -1.416790723800659 1.515128 0.319964 0.713048 -1.579804
5 13.70490837097168 14.76606273651123 -1.517171025276184 0.163254 0.159466 0.35668 0.3748663
4 24.76394271850586 -51.83055114746094 -0.5409315228462219 1.244185 0.494782 0.709484 -1.585112
1 21.92130661010742 27.77293395996094 -0.7032466530799866 4.247499 1.532421 1.659625 -1.630895
5 18.74266624450684 20.35009956359863 -1.468253135681152 0.222024 0.198939 0.308902 -0.1312468
3 19.77660751342773 -36.38603973388672 -0.6069334745407104 0.440874 0.567832 1.549053 -1.603214
1 28.82377815246582 -15.85311508178711 -0.7175998091697693 2.804994 1.712529 1.438404 -1.554244
5 8.384367942810059 -8.119982719421387 -1.542266011238098 0.153348 0.196175 0.374959 -1.783192
4 24.04193115234375 -16.13338088989258 -0.7362148761749268 2.434024 0.984194 1.549532 -1.559623
1 -10.78795337677002 10.11317443847656 -1.033447980880737 4.495178 1.77679 1.771535 -3.102968
5 18.04919815063477 18.95424270629883 -1.459120512008667 0.105422 0.177154 0.332846 0.3305297
5 13.63616752624512 -10.24797630310059 -1.479735255241394 0.307832 0.147777 0.250284 2.711497