1 -5.304578304290772 -5.250637531280518 -0.9876301288604736 4.592136 1.91831 1.642234 -0.03451477
1 -21.16524505615234 -4.239842414855957 -1.041540026664734 4.126508 2.087458 1.576358 -0.2456876
1 -45.12742614746094 -1.685509562492371 -0.8449569940567017 1.751839 1.017212 1.692273 -0.0624452
1 12.78250980377197 -6.006308555603027 -1.136266946792603 4.493798 1.744936 1.406804 -0.200848
1 -19.7047119140625 6.028811931610107 -1.032626032829285 4.123098 1.873897 1.650856 3.101942
5 -16.69947052001953 5.241282463073731 -1.524710059165955 0.379486 0.33906 0.357192 -0.2887823
1 -49.6102294921875 -1.271947145462036 -0.9213127493858337 2.172358 0.947683 1.844519 -0.1004121
1 2.962975025177002 -4.308902263641357 -0.8908097147941589 4.026174 2.013739 1.864206 -2.415092
5 -16.02497673034668 5.546896934509277 -1.513830900192261 0.315257 0.300779 0.441594 -0.2887823
6 -30.92241477966309 6.250410556793213 -1.380162596702576 3.139527 0.31698 0.866851 3.080547
6 -14.19689750671387 6.254929065704346 -1.225255727767944 1.580495 0.658635 1.202622 1.067019
1 -4.578780174255371 33.11284637451172 -1.096958518028259 2.167931 1.583097 1.439783 -1.799654
1 -25.8208179473877 6.482001781463623 -0.8721151947975159 4.524797 1.788663 2.001756 3.034026
1 -10.21560192108154 -5.104036808013916 -1.064659237861633 4.267883 1.99656 1.443577 0.03159525
1 -37.04669952392578 7.290536403656006 -1.118217945098877 3.770477 1.364675 1.515068 3.080547
1 18.01173973083496 -6.590431213378906 -1.188065886497498 3.677796 1.42961 1.464727 -0.08004835
1 -16.31155395507813 -5.014932632446289 -1.076860785484314 4.713388 1.938887 1.49454 0.09192241
1 -41.47013473510742 7.364736080169678 -1.018209099769592 1.272393 0.830632 1.13221 2.885845
1 -47.30275726318359 7.758499622344971 -0.8984748721122742 1.20954 1.159155 1.192679 2.885845
1 -37.46626281738281 -1.583996415138245 -1.394944906234741 3.369441 0.155622 0.592494 -0.06493735
1 -26.54258155822754 -2.566955089569092 -1.198809862136841 4.215335 0.734246 1.471423 -0.1244604
1 7.589784622192383 -5.283089637756348 -1.040451645851135 3.719129 1.425428 1.570502 -0.0650987
1 -32.8386116027832 -2.020089864730835 -1.291028618812561 1.823075 0.451465 1.141884 -0.01048479
5 10.57283401489258 12.88508319854736 -1.65985643863678 0.159895 0.288216 0.434768 -1.589217