1 12.63063716888428 -3.127973079681397 -1.068840503692627 3.726505 1.619616 1.502083 -0.06438811
5 -21.11239242553711 6.272014617919922 -1.568890333175659 0.172139 0.126516 0.501101 -0.9322689
5 -18.79839324951172 -2.407634496688843 -1.438230872154236 0.270665 0.219972 0.558063 -0.9322689
1 22.82435035705566 6.152365207672119 -1.388508439064026 2.802284 0.843649 1.14933 -3.115281
5 4.473498344421387 -2.583970308303833 -1.473762154579163 0.351132 0.43858 0.610557 2.05564
3 -51.7588996887207 11.86793422698975 -0.8831549882888794 0.353765 0.340959 1.041839 3.141592
1 27.38304138183594 6.166707992553711 -1.251543283462524 3.932696 1.626742 1.44978 3.109668
5 -25.41506767272949 -2.275324106216431 -1.475767374038696 0.195049 0.28493 0.43974 -0.9322689
6 -33.56518173217773 -2.333555459976196 -1.360315322875977 1.708441 0.224131 0.94054 -9.289641e-17
5 1.379976987838745 5.818958759307861 -1.530820488929749 0.334031 0.358612 0.617339 -0.03708295
5 -22.58219909667969 -2.32304573059082 -1.468972086906433 0.316682 0.217836 0.541165 -0.9322689
6 3.710944652557373 5.952816963195801 -1.339043378829956 1.689141 0.494381 1.021053 -3.124498
6 -2.128612995147705 6.043560981750488 -1.338824152946472 1.683921 0.421727 1.002 -0.01742288
5 -0.5166707634925842 5.851545810699463 -1.499136686325073 0.280702 0.248196 0.685857 -0.5585643
6 -39.14420318603516 -2.378216028213501 -1.370153069496155 1.446653 0.249701 0.945341 0.0
5 -34.535400390625 6.416782379150391 -1.624680757522583 0.255683 0.283422 0.490625 0.0
5 -26.99772644042969 6.347062587738037 -1.522483229637146 0.209684 0.324563 0.660182 -0.9322689
1 18.90013313293457 -3.226405382156372 -1.097613096237183 4.10205 1.52396 1.471273 -0.01519569
5 -13.29223442077637 6.222280979156494 -1.553079128265381 0.250863 0.241662 0.555101 3.059277
5 7.633890628814697 5.48074197769165 -1.539735198020935 0.343922 0.279863 0.60333 0.1216471
5 -37.58390045166016 6.48071813583374 -1.547958850860596 0.147722 0.302363 0.468466 -1.379727e-15
6 -30.99386024475098 6.453512668609619 -1.354057788848877 1.674165 0.168831 0.97832 0.001022311
4 -30.31072998046875 7.285476207733154 -1.33121395111084 2.36346 0.74216 0.994083 0.2299884
1 33.01637649536133 5.520312309265137 -1.403111338615418 3.906258 0.614912 1.138699 -3.117498
1 37.62945556640625 -3.227430582046509 -1.109116196632385 3.149211 0.384326 1.686878 -0.03788508
5 -28.95513725280762 -2.261432409286499 -1.538286089897156 0.191852 0.2029 0.533633 8.285652e-16
6 1.818495631217957 -2.75317645072937 -1.241609454154968 1.773337 0.251387 1.078958 -3.13556
5 -2.271471500396729 -2.566181898117065 -1.28862190246582 0.237031 0.329327 0.343964 -0.8117794
5 -15.43007946014404 -2.412043571472168 -1.480113744735718 0.330534 0.228282 0.5775 -0.9322689
5 -24.09101676940918 6.345216751098633 -1.556500911712647 0.188065 0.302665 0.428058 -0.9322689
6 -9.462175369262695 -2.565709829330444 -1.291624069213867 1.711316 0.333765 0.988529 3.13321
1 16.71367073059082 6.429337501525879 -1.124701619148254 4.108357 1.974 1.626477 -3.132765
5 -3.40500545501709 5.830782890319824 -1.516122460365295 0.41557 0.416896 0.635352 0.2903753
5 -7.486735343933106 5.982264518737793 -1.538393378257752 0.370898 0.344431 0.610522 0.2000625
1 43.59504318237305 5.925590515136719 -1.329977154731751 2.15025 1.51912 1.427731 -3.072714
1 38.64804840087891 5.498128890991211 -1.586138367652893 3.194145 0.259165 0.774568 3.120439
6 6.206118106842041 6.010299205780029 -1.356867551803589 1.689279 0.420537 1.039528 0.009904885
1 25.25399017333984 -3.320513486862183 -1.052717804908752 3.782697 1.392287 1.640904 -0.0005547209
5 -15.27676296234131 6.212158679962158 -1.560711145401001 0.283553 0.326924 0.538795 1.427798
5 -12.18755531311035 -2.387900590896606 -1.468725800514221 0.331567 0.327839 0.645306 -0.9322689
5 -6.519051551818848 -2.591521739959717 -1.438653230667114 0.392583 0.327882 0.67925 1.645687
5 -17.66995429992676 6.155491352081299 -1.482386112213135 0.288346 0.270212 0.629355 -0.2311187
6 41.20931243896484 -3.164225101470947 -1.292793154716492 0.302449 0.332083 0.805026 0.05227473
6 -45.00508499145508 6.662971019744873 -1.488491058349609 1.636706 0.135543 0.842682 -3.123389
1 7.627594947814941 -3.325796365737915 -1.057025790214539 3.934948 1.701233 1.509001 0.04087505
1 55.72985076904297 6.046005725860596 -1.112500429153442 3.824029 1.817399 1.815251 3.130712
5 -6.043800830841065 5.929550170898438 -1.52045202255249 0.29007 0.289892 0.63088 2.308645
5 -41.75827789306641 6.434929370880127 -1.524891138076782 0.093864 0.164069 0.520316 1.337273e-15
1 10.24739265441895 6.482370853424072 -1.076695442199707 4.533923 1.92488 1.603093 -3.110757
5 3.038694620132446 -2.549498558044434 -1.458706855773926 0.407984 0.361811 0.643567 3.08138
5 -3.626305341720581 -2.491527557373047 -1.399936556816101 0.353397 0.309208 0.731913 1.090853
5 -8.670675277709961 5.996872901916504 -1.517043352127075 0.306447 0.365613 0.61312 -2.026619
1 31.47035980224609 -3.592150211334229 -0.9299911856651306 4.353753 1.550635 1.960345 0.02117017
5 -10.70354843139648 6.058263778686523 -1.483957886695862 0.275097 0.285261 0.657631 -2.611354
5 -4.62141227722168 5.839420318603516 -1.507466077804565 0.400504 0.277562 0.656945 -2.544231
5 3.854457855224609 -2.617898941040039 -1.47965681552887 0.276851 0.29101 0.609154 2.293941
6 -50.59843063354492 7.322243213653565 -1.223548293113709 1.718259 1.540433 1.24289 -3.135365
6 -1.389143466949463 -2.794385433197022 -1.154761791229248 0.95796 0.588405 0.542026 1.837628e-16