6 37.28912734985352 9.370429992675781 -1.597148418426514 2.638238 0.65742 0.844433 3.074976
6 41.11280059814453 -4.680245876312256 -1.614642381668091 0.21905 1.184848 0.521779 -0.05198223
1 -11.00715065002441 -6.556995391845703 -1.148670315742493 4.417986 1.972693 1.440935 0.007384591
3 41.89168548583984 7.78175687789917 -1.262130260467529 0.40143 0.735799 1.444834 3.087655
4 51.47110366821289 12.43174839019775 -1.335573554039002 0.319801 0.905773 1.205671 3.116922
1 -44.83435821533203 8.487558364868164 -0.8905174732208252 4.554138 1.894812 1.699672 -3.099363
6 -14.12772464752197 10.37012100219727 -1.577374935150147 1.201453 0.801185 0.705739 -0.03319627
3 -39.45304870605469 14.21779632568359 -0.8352698087692261 0.333723 0.329043 1.620668 3.141592
1 -18.41954612731934 -6.689366817474365 -1.048668503761292 4.370354 1.918902 1.609231 -0.01794049
1 24.32026100158691 10.07444953918457 -1.129949569702148 4.593719 1.961068 1.761778 -3.119265
5 -22.19729232788086 9.21960735321045 -1.682384252548218 0.572281 0.294037 0.411161 0.04765383
6 41.17379379272461 -3.317456245422363 -1.603445053100586 0.261031 1.313106 0.586291 0.008334638
6 40.36151504516602 8.977694511413574 -1.280613303184509 1.636407 0.873326 0.804083 3.110229
6 43.50532531738281 9.373225212097168 -1.626167893409729 2.505245 0.215539 0.92771 3.114958
6 -12.91195011138916 10.32387542724609 -1.467461228370667 1.178942 0.822814 1.0098 0.007560655
3 -53.60451507568359 11.80197048187256 0.09999634325504303 0.232248 0.418126 1.262361 3.130307
3 13.05040836334229 13.81815433502197 -0.7098548412322998 0.391046 0.512151 0.887925 0.07613432
3 41.9333610534668 -11.35079193115234 -1.037943363189697 0.467336 0.770092 1.403392 0.02178453
1 4.81696367263794 6.431726932525635 -1.201587200164795 4.581502 1.852646 1.308335 -3.140055
6 -11.74162578582764 10.6298131942749 -1.691078305244446 0.931987 0.453686 0.361163 2.588567
1 -43.81047821044922 -5.733644485473633 -0.8686839938163757 4.068387 2.982715 1.633861 -0.01556767
5 -2.158343315124512 12.23454570770264 -1.425843954086304 0.232099 0.258238 0.53219 -0.08528082