4 -33.41767120361328 -34.98291778564453 -1.04498028755188 1.539491 0.393963 1.257529 -1.736083
1 -34.98297500610352 -30.92424774169922 -1.124677419662476 4.242614 1.739806 1.494729 -1.694711
1 54.75218200683594 -13.00863265991211 -1.279878973960877 4.233341 1.691941 1.649598 -0.1722022
5 -10.64472389221191 -10.46161365509033 -1.689104437828064 0.163818 0.16089 0.384688 3.141592
6 -31.11183929443359 -10.87290668487549 -1.072686553001404 1.280892 0.238695 0.836644 -1.498718
5 -9.683073043823242 -9.366389274597168 -1.650084733963013 0.143088 0.074298 0.339255 3.141592
3 9.900788307189941 -8.99924373626709 -0.8222082257270813 0.719127 0.548199 1.660876 -0.09847751
1 51.55153274536133 -7.037904262542725 -1.407935261726379 0.311731 1.589232 0.593205 -0.1130558
5 -32.05398178100586 -18.39558601379395 -1.491404533386231 0.326774 0.354035 0.702124 3.141592
6 -31.47147178649902 -13.02509498596191 -1.304584622383118 1.560446 0.617377 1.256415 -1.764026
6 -32.30421447753906 -19.45935249328613 -1.403074860572815 1.231177 0.273289 0.86752 -1.811541
5 -11.30436325073242 -11.40991115570068 -1.714987635612488 0.200561 0.209999 0.435381 -1.712944
6 -19.16642951965332 -17.07842826843262 -1.544832468032837 1.406971 0.472589 0.687873 -0.1925257
5 -7.045804977416992 -7.294949531555176 -1.677582144737244 0.30118 0.215814 0.31151 3.141592
5 -12.19619178771973 -12.61297035217285 -1.774854898452759 0.217986 0.145204 0.440519 0.0
1 -46.29084777832031 4.727419376373291 -0.975843608379364 3.807037 1.688457 1.555976 -0.1948143
1 25.3853816986084 -7.904412269592285 -1.060188412666321 3.866337 1.134681 1.664387 -0.1548166
6 -31.54600143432617 -9.148065567016602 -1.420350790023804 0.155315 1.31808 0.809971 0.4898464
2 -53.08129501342773 9.985566139221191 -0.1614012271165848 8.079635 2.343502 3.002561 -0.09435605
6 -32.11598587036133 -16.94739723205566 -1.284948587417603 1.212252 0.204519 1.102811 -1.827795
1 17.85251045227051 -6.975153923034668 -1.179654955863953 4.199734 1.879659 1.480826 -0.1548166
6 -17.61269760131836 -17.30043792724609 -1.604536890983582 1.598034 0.572017 0.652315 -0.1816512
1 -40.92532730102539 2.307067632675171 -1.087379336357117 3.981142 1.578587 1.298589 -0.4295801
5 -8.30888843536377 -8.155981063842773 -1.698240399360657 0.184414 0.136524 0.357698 3.141592
3 -47.94471740722656 2.218949317932129 -0.310493528842926 0.334709 0.437119 0.659422 -0.2100066
6 -31.13832092285156 -9.940278053283691 -1.552429437637329 0.237407 0.238123 0.756002 -3.141592
5 -13.66469478607178 -15.22818470001221 -1.712866544723511 0.220502 0.151532 0.401428 -3.141592
6 -31.7420825958252 -15.58997535705566 -1.272283315658569 1.364287 0.247361 1.090613 -1.873459
3 -31.32864379882813 -25.10790061950684 -1.068695783615112 0.450936 0.714646 1.508916 -1.759097