1 12.17891025543213 -3.215307474136353 -1.030009150505066 4.401338 1.727338 1.492414 -0.041042
1 17.55544853210449 -3.74223256111145 -0.8112251162528992 2.749318 1.765019 1.474139 -0.1026887
1 -25.87877655029297 6.164764404296875 -1.247850656509399 3.829506 1.719698 1.692627 -3.12243
1 0.2641002535820007 -3.475635528564453 -0.9373136162757874 4.730901 1.881525 1.763061 0.009577683
1 18.63655281066895 6.253054618835449 -0.9750154614448547 4.284577 1.763347 1.676288 -3.135301
1 5.042582035064697 -3.395997524261475 -0.9916827082633972 4.490805 1.819309 1.55136 -0.01213108
1 -9.81853199005127 6.354671001434326 -1.071642160415649 4.1706 2.079829 1.674771 3.129092
1 7.032871246337891 6.305018424987793 -1.107779026031494 4.932488 1.82658 1.486077 -3.123983
1 -11.23392677307129 -3.577202558517456 -0.8143687844276428 5.094403 1.865161 1.973244 0.01025018
5 -35.40470123291016 5.173351764678955 -1.743969202041626 0.145678 0.228133 0.365079 0.0773012
5 -41.87942886352539 5.443660259246826 -1.849724292755127 0.170066 0.307941 0.539372 -0.01314434
6 -39.66831970214844 -3.047988653182983 -1.54504668712616 2.4156 0.372119 0.94174 0.0006047572
1 33.77614212036133 -3.026431083679199 -1.048503279685974 3.462177 0.344507 1.264212 0.07730587
1 42.48876571655273 -2.150243520736694 -0.8357208371162415 3.927882 1.580691 1.572474 -2.351476
1 -32.49314498901367 6.034999370574951 -1.308767676353455 3.655021 1.56954 1.52188 -3.113568
5 22.03215789794922 5.767194747924805 -1.511068463325501 0.167928 0.201995 0.547203 0.02071494
1 -5.269755363464356 -3.616601943969727 -0.8478992581367493 4.125865 1.654094 1.898673 -0.01217958
6 -45.73540115356445 5.401096343994141 -1.653264284133911 2.169575 0.268569 0.986324 -3.11629
6 -50.85729598999023 -3.055307388305664 -1.516064643859863 2.633956 0.376565 0.931635 -0.01067811
6 -39.63203811645508 5.463577270507813 -1.632548213005066 1.657978 0.323083 1.091849 -3.113943
6 -50.14130020141602 5.420148849487305 -1.873322010040283 3.862491 0.269803 0.508615 3.137513
1 -29.89912796020508 -3.345389366149902 -1.2461998462677 3.590402 1.639093 1.409134 -0.01761023
1 23.63873100280762 -3.80493974685669 -0.9755752682685852 2.679921 0.495172 1.498318 0.1304473
1 -20.33220863342285 6.288438320159912 -1.244836211204529 2.71945 1.290272 1.554675 -3.108664
1 -23.73020172119141 -3.163534641265869 -1.189772367477417 3.916725 0.990447 1.382816 -0.02303657
1 1.501882195472717 6.328808307647705 -1.113364100456238 4.743295 1.892492 1.508636 -3.106384
6 24.56407356262207 6.455643177032471 -0.9352061152458191 0.29173 0.591123 0.63271 -0.04132969
1 -15.29911327362061 6.228811740875244 -1.223238825798035 4.213786 1.791213 1.493725 3.127733
1 29.04836082458496 -3.878135204315186 -0.9754089713096619 4.080612 1.58277 1.365174 0.1014919
1 -4.093725681304932 6.403772830963135 -1.129492521286011 4.281954 1.928099 1.538776 -3.117249
1 -17.50662612915039 -3.355114698410034 -1.062011361122131 3.9572 1.601793 1.667154 0.01110608
1 12.70707225799561 6.429689884185791 -0.84128338098526 5.011875 2.10287 1.960801 3.122227
1 31.91094779968262 35.30202865600586 -1.152799010276794 3.556457 1.580736 0.969954 -1.579891