1 -33.21188354492188 -1.55804717540741 -0.7612776756286621 3.625941 1.846964 1.67656 -0.07963974
6 0.7208855748176575 -5.300952434539795 -1.086578130722046 1.026551 1.271639 1.423807 3.139596
6 11.21395874023438 -5.05696964263916 -1.184312224388123 1.184664 0.831394 1.446583 -2.863207
3 -7.565447807312012 14.03897380828857 -0.7108539342880249 0.335258 0.273125 0.970524 1.138418
4 18.63672256469727 -4.694187164306641 -1.579377174377441 1.397809 0.570888 0.714345 -1.354396
6 -22.64015579223633 10.48330783843994 -1.235517263412476 0.729907 0.280229 0.393066 -1.661643
3 -6.699828147888184 31.36425399780273 -0.3193865716457367 0.326788 0.66522 1.431392 -0.4552234
3 6.352583885192871 -29.95174980163574 -0.3178728520870209 0.414187 0.36066 1.03786 -3.070858
6 -19.86451148986816 -2.555473804473877 -1.385669946670532 0.997594 0.232039 0.67884 0.07714391
4 33.5466194152832 -4.041262149810791 -1.559321045875549 1.388342 0.514505 1.072253 -2.061105
3 4.427589416503906 -13.1461124420166 -0.5844476222991943 0.473152 0.69741 1.632178 1.671467
1 0.9486664533615112 19.88319206237793 -0.2511352896690369 1.458192 1.481945 1.180075 1.535738
4 -32.58340072631836 8.053000450134277 -0.8877245783805847 1.322787 0.168132 0.620427 0.05636196
6 2.92059063911438 -5.305506229400635 -1.434609293937683 1.080606 1.080679 0.778741 -2.991055
6 13.75900268554688 -4.677002906799316 -1.702608346939087 0.674274 0.394745 0.431331 -3.109529
3 5.109550952911377 -34.79457855224609 -0.4141919314861298 0.44222 0.496001 0.857735 -2.640087
4 -22.16949081420898 9.821884155273438 -1.321865797042847 1.30831 0.391268 0.648241 -1.661643
3 -8.12992000579834 12.38020610809326 -0.8864695429801941 0.561442 0.510449 1.779709 0.03836393
4 -4.063144683837891 -5.450259685516357 -1.324592113494873 1.72379 0.460275 0.959356 -1.52583
3 -3.244661569595337 24.94534492492676 -0.334089070558548 0.361203 0.526753 1.11102 -1.33089
1 -38.68328475952148 -5.048798084259033 -0.8337253332138062 1.11335 1.109272 1.243409 -1.230903
6 35.28567504882813 -3.497228384017944 -1.666414856910706 0.590908 0.631808 0.722564 0.01376272
4 -25.98141098022461 9.121686935424805 -1.260398507118225 1.327324 0.500614 0.814847 -1.860737
3 -17.51704978942871 -15.28515529632568 -0.2613331973552704 0.506771 0.689583 0.910811 0.04802896
1 -18.06598281860352 -3.755305051803589 -0.9952409863471985 2.315879 1.639112 1.464189 1.602456
4 -34.11594390869141 8.392348289489746 -1.208175659179688 1.262303 0.423669 0.833972 -1.822189
1 -12.73022270202637 38.80201721191406 -0.8123501539230347 1.137693 0.583441 1.100098 1.863495
3 -35.87434005737305 -13.03143692016602 -0.1441764682531357 0.720324 0.332281 0.386305 1.937793
4 -2.642697334289551 -5.120538234710693 -1.253167033195496 1.72295 0.590853 1.132058 -1.561612
3 -39.54478454589844 8.523419380187988 -0.7149327397346497 0.744105 0.426542 1.505236 0.04237379
3 27.3385009765625 -20.22105407714844 -0.3684030175209045 0.31102 0.454428 0.732293 2.938083
4 -26.95191383361816 8.637670516967773 -1.320701003074646 1.529449 0.705342 0.879197 -1.860737
4 -30.3680534362793 8.528487205505371 -1.172143936157227 1.151201 1.013315 0.644449 1.176652
3 25.51469802856445 -20.97855186462402 -0.4312317967414856 0.299004 0.599478 0.903481 3.098181
4 -24.18684005737305 9.508091926574707 -1.30241870880127 0.963014 0.33355 0.681846 -1.661643
3 -5.595767021179199 31.02204704284668 -0.2061100006103516 0.418617 0.30209 1.19942 -0.08296295
4 -8.312248229980469 4.283228397369385 -0.7454428672790527 2.786475 1.18562 1.9986 -3.124607
1 -49.13431167602539 -4.762042999267578 -0.4346320331096649 4.081063 0.769936 1.913473 -0.1859134
4 8.226332664489746 -5.291399478912354 -1.42625629901886 1.607716 0.580996 0.922952 -2.22485
6 -6.043585300445557 -5.331014156341553 -1.550529360771179 1.224018 1.039995 0.524329 1.604302
4 5.563382625579834 -5.167042255401611 -1.452290892601013 1.388845 0.385942 0.743279 -1.871464
3 -7.256950378417969 13.85297870635986 -0.6672236919403076 0.338395 0.417223 1.046899 1.142019
3 -6.455164909362793 34.70321273803711 -0.7694036960601807 0.332952 0.264925 0.739315 -0.08296295
3 -49.05262756347656 13.3255500793457 -0.1161321252584457 0.17628 0.314209 0.668829 -0.3844047
1 -21.48089599609375 -3.866421222686768 -0.8614891767501831 2.055713 1.215138 1.168979 1.324958
3 -7.833200931549072 21.71372413635254 -0.9345083236694336 0.264112 0.619952 1.185858 1.471671
4 32.71620178222656 -3.864178657531738 -1.72367000579834 1.143815 0.473236 0.672665 -2.48415
3 5.850304126739502 -17.92925071716309 -0.5603486895561218 0.420494 0.418262 1.565496 -3.049084
4 -23.33484268188477 9.009170532226562 -1.173022150993347 1.286317 0.458094 0.840596 1.068544
6 12.36356353759766 -4.861834049224854 -1.18307101726532 1.078763 0.614791 1.44339 -2.847469
4 9.908079147338867 -5.189130306243897 -1.419569134712219 1.537094 0.331612 0.952228 -2.029458
6 -14.42938613891602 -3.334243535995483 -1.245843529701233 0.363765 0.578476 0.936059 0.02057666
3 -7.710360050201416 38.34990692138672 -0.174841046333313 0.214216 0.287735 0.70303 -1.458975
6 28.60520744323731 -3.557085514068604 -1.60872483253479 0.581428 0.42776 0.777659 -0.05321431
5 -17.91025733947754 -2.385529518127441 -1.336153745651245 0.218861 0.260701 0.612966 1.640318
1 54.18740081787109 5.332386493682861 -1.85737156867981 0.836556 1.586695 0.754063 3.141592
6 -30.16881370544434 -2.839707612991333 -1.192190647125244 0.168517 0.196923 0.402092 1.372492
4 -28.29226112365723 8.265267372131348 -1.313084244728088 1.86635 0.614443 0.789691 0.520839
6 -26.2152156829834 -2.464759111404419 -1.394251823425293 0.245838 0.298148 0.570134 0.07714391
3 15.85281181335449 14.58547878265381 -1.245779752731323 0.262776 0.399752 0.592323 -1.596401
3 -2.034260988235474 25.18996047973633 -0.441490650177002 0.403534 0.389007 1.322865 -1.453556
4 -4.755965232849121 -5.234915256500244 -1.264324426651001 1.337215 0.347934 1.090221 -1.959957
1 -9.475921630859375 -4.303675174713135 -0.8278608918190002 4.411001 1.840839 1.835248 -0.5548133
1 -56.54769134521484 -4.410380840301514 -0.2807758450508118 1.949043 0.967808 0.984451 0.07481482
6 -15.27323818206787 -2.626120805740356 -1.363850235939026 0.113267 0.229213 0.195424 0.0582703
3 -52.02412033081055 13.09922504425049 -0.2580655813217163 0.218739 0.467005 0.427194 -0.3844047
4 4.952933311462402 -5.415107250213623 -1.46095609664917 1.644709 0.560994 0.771881 -1.779895
4 20.55434608459473 -4.680779933929443 -1.428179621696472 2.127629 0.662288 1.014449 -1.843113
1 24.31830978393555 -4.296063423156738 -1.182576537132263 4.183646 1.73205 1.607719 0.05479059
4 37.10308074951172 -3.985084056854248 -1.466025590896606 0.741655 1.518412 0.560311 3.141592
5 -16.91266822814941 -2.668254375457764 -1.407995581626892 0.257591 0.357986 0.615067 1.640318
4 7.29038143157959 -5.289236068725586 -1.423266291618347 1.764099 0.382002 0.921455 -2.112862
4 38.63901519775391 -3.700307369232178 -1.489411473274231 1.646637 0.883273 0.964048 -1.77327
4 -2.014237403869629 -5.084574699401856 -1.262735486030579 1.551141 0.387856 1.080479 -1.348658
1 -23.66472625732422 -3.591888189315796 -0.9135128259658813 2.154408 1.484902 1.167857 1.299322
3 -8.188424110412598 13.02670383453369 -0.8980645537376404 0.555804 0.66645 1.779365 -0.03286413
3 52.10430145263672 14.28776168823242 -1.190654873847961 0.367235 0.542182 0.741679 -3.122696
4 -3.555055379867554 -5.323040008544922 -1.368012189865112 1.467267 0.29795 0.897805 -1.618576
1 -12.65067005157471 31.66519165039063 -0.4586245119571686 1.433873 1.883849 1.740603 1.671842
6 -20.61527824401856 -4.558631420135498 -0.5895234942436218 0.686561 0.154215 0.455381 1.426751
1 -27.22047805786133 -4.362525463104248 -0.5024701356887817 2.911386 1.51405 0.618356 0.01062197
6 -0.3733114302158356 -5.203207969665527 -1.501123547554016 1.09549 1.059404 0.612755 3.139596
4 6.469933032989502 -5.103706359863281 -1.391588807106018 1.413673 0.545887 0.972618 -2.208678
1 3.061041116714478 8.947736740112305 -1.020999073982239 4.61258 1.928556 1.657686 -3.111245
5 -22.7844352722168 -2.30596923828125 -1.363763213157654 0.430606 0.277457 0.573546 3.141592
4 9.11579704284668 -5.328847408294678 -1.34912919998169 1.519467 0.441939 1.067472 -2.433492
6 1.768116235733032 -5.205901622772217 -1.106447100639343 1.061565 0.827119 1.453933 3.139596