1 -53.42110824584961 -5.576285362243652 -1.294490337371826 3.575372 2.766687 1.685092 0.0322318
4 -6.115915298461914 -3.158352613449097 -0.963553249835968 2.710279 1.052981 1.610518 0.000133652
1 46.8851203918457 1.137518405914307 -1.269026041030884 0.90594 1.647488 0.59176 0.01795377
6 -11.183837890625 -4.826495170593262 -0.3490521013736725 0.188717 0.149917 0.107987 -6.381908e-16
1 43.74927139282227 22.69207191467285 -1.427790284156799 4.472059 1.997619 1.606371 -3.090308
3 0.09718213230371475 -7.984470367431641 -0.5525400638580322 0.353634 0.428033 1.683505 0.01285417
3 40.56781387329102 -4.437512397766113 -0.9489651918411255 0.411373 0.580089 1.374876 -0.04073891
6 -8.988509178161621 2.556040048599243 -1.256094336509705 0.752165 1.110299 0.760324 1.597908
1 -12.11371898651123 3.141014814376831 -1.051316261291504 5.443675 2.228819 1.682391 0.005034447
1 -24.70077323913574 2.597864151000977 -1.217061519622803 2.711779 2.051559 1.322663 0.005034447
1 13.16540813446045 3.023103475570679 -1.052740335464478 4.436003 1.847169 1.458013 0.005034447
1 58.19485473632813 4.876758098602295 -1.230715990066528 1.198128 1.580253 0.912099 0.01795377
1 -40.96207427978516 0.1584511399269104 -1.102809548377991 1.75749 1.506108 1.614938 0.02261546