6 -7.150314331054688 9.895298957824707 -1.661394953727722 2.280096 0.416129 0.492845 -3.137102
3 36.16506576538086 16.02475738525391 -0.5311864018440247 0.815423 0.665624 1.354824 -0.0005763528
1 -38.53625106811523 8.31419849395752 -0.8716340065002441 4.426566 1.951699 1.753358 -3.097349
3 14.22489452362061 14.33676433563232 -0.9709438681602478 0.355223 0.557465 1.330507 -0.0005763528
3 14.20394515991211 13.81882381439209 -0.782575249671936 0.31853 0.39527 0.972773 -0.0005763528
6 47.57052612304688 -2.538028240203857 -1.794001221656799 0.251217 1.365671 0.372065 0.0
4 -37.18541717529297 -7.018022537231445 -1.104640960693359 1.729733 1.079087 0.719616 0.01217636
6 47.52499008178711 -4.195888042449951 -1.775551199913025 0.279323 1.230065 0.331126 0.0
4 -31.59607696533203 19.81430435180664 -0.8790819048881531 1.331255 0.414007 1.465009 1.209835
1 -4.685917377471924 -6.319389820098877 -1.111537337303162 4.54618 1.888102 1.48851 0.0114423
1 30.61250686645508 10.61490440368652 -1.187318444252014 4.613906 1.979161 1.609288 3.141592
6 -5.594716548919678 10.90233993530273 -1.701909780502319 1.104534 0.572447 0.486771 2.559212
4 -23.69737815856934 24.39121246337891 -0.8560921549797058 1.713122 0.774621 1.477548 1.591324
1 -37.50901031494141 -5.420318603515625 -0.8399239182472229 4.090837 1.983884 1.685972 9.078267e-17
1 -6.706879138946533 10.50959968566895 -1.419604301452637 1.222316 0.833698 1.000419 3.052274
1 -12.05331039428711 -6.586173057556152 -0.9815484881401062 4.436465 1.918355 1.723083 -0.0130808
1 -7.94444465637207 10.5205888748169 -1.556383371353149 1.169917 0.848132 0.709697 3.1163