5 -8.227187156677246 -10.59205436706543 -1.64788830280304 0.199085 0.173412 0.354188 0.2541459
5 -2.94910478591919 -7.916876316070557 -1.724130034446716 0.174079 0.272373 0.366367 -1.233145
1 -33.44386672973633 -10.06938552856445 -0.9340348839759827 4.286832 1.731801 1.723938 -2.314974
3 -25.16551208496094 -5.549378395080566 -0.9371115565299988 0.691308 0.710013 1.630935 -2.43151
6 -22.94180488586426 -0.4610305726528168 -1.287744164466858 1.319486 0.427545 0.849572 -2.392331
5 -20.72676467895508 9.99005126953125 -1.21994411945343 0.223214 0.266828 0.582875 1.304698
5 1.36131763458252 -6.990259647369385 -1.734623193740845 0.219172 0.159726 0.347744 2.055138
5 -0.4315789937973023 -7.189914226531982 -1.694795489311218 0.168699 0.202547 0.437751 -2.874264
1 31.58056449890137 -21.75806617736816 -1.664144396781921 3.76736 1.665035 0.99593 -0.809926
3 -24.75035858154297 24.5180721282959 -0.167963057756424 0.202769 0.431646 1.32504 -2.453472
5 -23.77837944030762 -1.54536247253418 -1.315349698066711 0.431066 0.305435 0.737754 -3.141592
5 -7.017908096313477 -9.718607902526855 -1.676162719726563 0.154838 0.161159 0.316279 0.2541459
3 -6.14768123626709 -13.05634117126465 -0.6053636074066162 0.396697 0.593646 0.820131 1.047693
5 -19.37821388244629 8.927891731262207 -1.425785660743713 0.091074 0.221637 0.357611 0.1516512
2 -37.40051651000977 47.07851791381836 0.4121098518371582 5.40976 2.144268 2.536209 -0.8074746
5 -20.48343276977539 10.34080028533936 -1.214891672134399 0.195577 0.151786 0.564373 1.574882
5 -23.16047096252441 -1.068189859390259 -1.421444416046143 0.261323 0.27137 0.427658 3.141592
5 -19.88443565368652 7.595932006835938 -1.421593189239502 0.10816 0.153927 0.352623 0.1516512
1 -19.05519676208496 20.29909324645996 -0.6877469420433044 4.177381 1.722857 1.669329 -1.071602
4 -28.4793701171875 -9.586071968078613 -0.9843617677688599 1.576939 0.535365 1.595149 -2.422894
5 2.879774808883667 -7.097001552581787 -1.672677874565125 0.142018 0.210229 0.376478 0.2317712
6 -21.93290138244629 0.5934613347053528 -1.046369791030884 1.36778 0.310052 1.17136 -2.351797
3 15.19055461883545 -17.68249130249023 -1.021140933036804 0.496083 0.505609 1.638738 -0.398433
6 -17.95441627502441 5.471477031707764 -1.033740878105164 1.722723 0.330048 1.164935 -1.719148
6 -12.59275245666504 -7.984487056732178 -1.496164917945862 1.482482 0.564891 0.777865 2.328058
5 -1.847314596176148 -7.538002967834473 -1.64736819267273 0.183823 0.252266 0.503873 -2.87781
5 -19.07390022277832 11.21142196655273 -1.384397745132446 0.148753 0.201273 0.438153 0.1516512
5 -23.41383171081543 -1.284321427345276 -1.431288719177246 0.236531 0.204642 0.410076 3.141592
6 -20.16079139709473 2.34811282157898 -1.065169334411621 1.593285 0.272274 1.140664 -2.379139
1 -21.62470054626465 25.1363468170166 -0.5238628387451172 2.611443 1.447851 1.63316 -0.7164282
6 -24.71433067321777 -2.314505338668823 -1.288257837295532 1.287184 0.214027 0.910436 -2.348019
5 -4.352629661560059 -8.351011276245117 -1.73159921169281 0.180241 0.143986 0.360241 0.2541459
1 22.62949371337891 -20.70630836486816 -1.556437492370606 2.247792 1.577791 1.251506 -0.842887
6 -11.45498466491699 -9.095185279846191 -1.599347233772278 1.484012 0.586087 0.726626 -0.8133547
6 -18.67837142944336 3.956839799880981 -1.017160654067993 1.317958 0.397611 1.106218 -2.071453
5 -19.20906829833984 10.35880947113037 -1.357712388038635 0.104685 0.187896 0.418721 0.1516512