1 -1.549135446548462 8.028075218200684 -0.9857975840568542 4.846144 2.130169 1.462034 -0.239701
5 -25.464599609375 -14.03371620178223 -1.231241226196289 0.3221 0.296816 0.502346 1.413662
6 -25.18525123596191 -11.98922729492188 -1.073795795440674 1.323298 0.216789 0.90827 1.298264
1 59.25290298461914 -15.11360263824463 -1.799869179725647 0.465533 1.369108 0.762908 -0.3284196
6 -12.81276893615723 -14.48196411132813 -1.312027096748352 1.588272 0.662307 0.774517 -0.2664917
3 22.53313255310059 -8.733489036560059 -0.9932051301002502 0.40236 0.529364 1.58645 2.381899
5 -2.779858112335205 -7.381738662719727 -1.561859130859375 0.288086 0.232533 0.522576 -2.611594
1 26.79901313781738 14.26203918457031 -1.211053967475891 3.772038 1.315268 0.94389 2.893939
1 -38.159423828125 9.22121810913086 -0.5883497595787048 3.615891 1.416029 1.628364 -0.3360909
6 -26.08144187927246 -15.64812278747559 -0.9211189150810242 1.578701 0.45292 1.251565 1.279777
5 -27.18655395507813 -4.91822099685669 -1.3094482421875 0.247343 0.18959 0.407488 -1.162399
1 -33.11031341552734 6.411739826202393 -0.7821107506752014 4.06954 1.723483 1.689107 -0.5055797
1 23.9263916015625 1.859454154968262 -0.9596601128578186 1.442414 1.255873 1.102648 -0.2588826
4 41.52717590332031 -9.147808074951172 -1.552293539047241 1.505145 1.011307 1.323205 -0.2626095
5 -18.10728454589844 -15.31191825866699 -1.377363443374634 0.245304 0.392334 0.373241 2.887143
5 -1.350929975509644 -6.286916255950928 -1.59692656993866 0.239514 0.226165 0.440338 -0.9334388
5 -3.797399044036865 -8.437522888183594 -1.555390119552612 0.328865 0.40664 0.458946 2.346827
5 -0.05187633633613586 -5.55282735824585 -1.572549343109131 0.249512 0.234233 0.438902 0.4114532
1 -28.05309867858887 11.5819730758667 -0.7603127956390381 4.37783 1.89821 1.678649 -0.1831173
5 -7.165301322937012 -12.96702480316162 -1.507543087005615 0.185843 0.21971 0.314415 -1.998195
5 -29.06262016296387 -3.297787189483643 -1.193302392959595 0.149427 0.105698 0.408071 1.595757
5 -5.52897310256958 -10.45698165893555 -1.5431969165802 0.180321 0.196129 0.35452 1.190801
1 -29.50940322875977 -27.09312438964844 -0.5942126512527466 4.261181 1.705734 1.581716 -1.790317
3 -40.6629753112793 6.198690414428711 -0.2126907259225845 0.27805 0.44447 0.881298 -0.3491053
5 -4.546903133392334 -9.297920227050781 -1.581169962882996 0.2522 0.235793 0.339302 1.061278
5 -25.56940269470215 -14.38862609863281 -1.20137882232666 0.272177 0.210457 0.423104 1.42494
6 -11.25651931762695 -14.80098342895508 -1.354212284088135 1.545076 0.529421 0.752917 -0.2589959
6 -25.66339874267578 -13.36011219024658 -1.147758722305298 1.264425 0.293798 0.684792 1.272619
1 16.69704246520996 0.4030201137065888 -1.098515510559082 4.053611 1.934306 1.685205 -0.2462516
1 23.86166381835938 -6.790805816650391 -1.340029120445252 2.139984 1.873184 1.526184 -0.2273139
5 -28.35310173034668 -1.446220397949219 -1.355557322502136 0.159325 0.176002 0.415932 -0.3938069
6 -24.22205352783203 -7.365982532501221 -1.104094862937927 1.29261 0.207438 0.844512 -1.503665
6 -24.77222442626953 -9.55992603302002 -1.148200511932373 1.630287 0.442218 0.850931 1.307491
1 -5.976995944976807 25.17559814453125 -0.7501468062400818 4.653318 1.677621 1.667457 2.903854
6 -40.19734954833984 7.39187479019165 0.08516975492238998 0.492884 0.439883 0.284037 -0.2643414
5 -7.730020046234131 -14.36782836914063 -1.437777876853943 0.191389 0.184597 0.469901 1.228003
1 -46.20234298706055 15.74372291564941 -0.5592976212501526 2.847016 1.44493 1.547424 -0.2467356
6 -24.48315238952637 -5.750205039978027 -0.9669729471206665 1.676646 0.311994 1.111263 2.023102
4 7.759632110595703 27.67201042175293 -1.170736432075501 1.565341 0.57448 1.278971 2.781492
5 -25.6869010925293 -14.70187568664551 -1.215593814849854 0.287569 0.287177 0.435645 1.338664