1 -46.72678756713867 -5.52028226852417 -1.187761664390564 3.700606 2.748896 1.603465 -0.00750792
1 -25.53332328796387 2.821581125259399 -1.137464165687561 4.183294 2.15811 1.423509 0.01455149
4 -2.708027601242065 -3.104118824005127 -0.9759978652000427 2.392403 1.106223 1.632825 0.01545097
6 -2.172656297683716 -3.95533037185669 -0.9007396101951599 0.981614 0.604701 0.483325 0.01824462
3 46.71238327026367 -4.492019653320313 -1.141147017478943 0.493048 0.523486 1.488161 -0.02958638
1 13.10162830352783 2.900026082992554 -1.116052389144898 4.391781 1.897463 1.414436 -0.002226942
6 -8.450481414794922 2.216325283050537 -1.171830892562866 0.313755 0.205805 0.597883 3.141592
1 57.17753219604492 22.82760238647461 -1.813773632049561 4.49238 1.890011 0.849698 3.141284
1 -11.16585540771484 3.075589895248413 -0.9758511185646057 4.414862 2.124489 1.603703 0.02914615
3 6.157455921173096 -8.157476425170898 -0.6457740664482117 0.641898 0.659858 1.76759 -0.007033505
1 46.35261535644531 1.026018977165222 -1.005471706390381 0.657627 1.700615 1.22402 0.01471907
1 57.2260627746582 4.823574066162109 -1.126695275306702 0.447757 1.756416 1.161763 0.01715411
1 -40.78330230712891 0.1974194049835205 -0.932152271270752 2.591602 1.511857 1.82022 0.02559654
4 -1.888692498207092 -4.720089435577393 -1.025759339332581 1.474754 0.727942 1.501172 -3.141033