5 -0.3903360366821289 13.33510303497315 -1.551833271980286 0.341395 0.411902 0.519602 -0.09177001
1 -19.55226898193359 -6.125626564025879 -1.210912466049194 4.019977 1.23776 1.415395 0.1039872
1 -25.49266815185547 -6.772542476654053 -1.362025737762451 4.227537 1.497137 1.35062 0.09542996
1 -47.38534927368164 3.259694337844849 -1.338839769363403 3.605439 0.998073 1.462114 -3.10516
1 3.473817110061646 -5.517199039459229 -1.08795964717865 4.584146 2.192357 1.490298 -0.1219898
6 -24.29512214660645 4.44605302810669 -1.449468016624451 1.596786 0.207592 0.74847 1.155577
1 -36.06986618041992 3.660375833511353 -1.078209161758423 4.576409 1.656591 1.729833 -3.10089
5 -26.18044090270996 3.63955283164978 -1.658338189125061 0.123914 0.194709 0.322296 0.09988468
5 -26.78243446350098 3.289554357528687 -1.630457878112793 0.171124 0.21457 0.470171 0.1922471
1 -29.75568962097168 3.738743305206299 -1.077202558517456 3.744614 1.73203 1.625912 -3.091481
1 -41.60269546508789 2.978075504302979 -1.689045548439026 3.245209 0.180269 0.532832 -3.115744
1 8.706633567810059 -5.564770221710205 -1.128805160522461 3.947162 1.788327 1.501101 0.03803503
1 -17.05058288574219 33.55139541625977 -0.7186720371246338 4.734482 1.688918 0.978836 -1.589006
1 -6.4180588722229 -4.439194202423096 -0.8797799944877625 4.36833 2.13782 2.041314 -2.347116
1 -60.07630157470703 -5.850324153900147 -1.416604161262512 4.344467 0.751162 1.158095 0.08379845
1 -1.470255017280579 -5.203275680541992 -1.023654460906982 4.016679 1.765824 1.539015 0.005899285
1 -14.43473434448242 -6.156715393066406 -1.099889993667603 4.426301 1.91235 1.622269 0.05643316
1 -30.44234848022461 -6.232696056365967 -1.29860520362854 4.033102 1.438291 1.430481 -0.1279804
1 -36.11362457275391 -5.537264347076416 -1.567519187927246 4.29597 1.108503 1.029699 -0.03399826