1 14.84524154663086 20.62238502502441 -0.2420883476734161 2.6576 1.856442 1.095207 2.190329
1 -31.77307510375977 -6.824367523193359 -1.37114143371582 4.464567 1.850915 1.569035 -2.455526
3 -19.83909034729004 27.92312622070313 -0.968345046043396 0.402102 0.447723 0.89809 2.340311
5 -14.36834526062012 16.36118125915527 -1.592728495597839 0.142296 0.208621 0.480637 -1.120249
5 -16.44485092163086 11.99055576324463 -1.544564366340637 0.185479 0.219991 0.559175 -2.53884
1 -4.087034702301025 23.40154075622559 -0.9196503162384033 4.572923 2.014063 1.327951 -0.896539
3 -17.34420967102051 43.56189346313477 -0.7504332065582275 0.534881 0.528015 1.204193 2.260692
1 22.8245849609375 -23.69336318969727 -0.9772279858589172 1.955784 1.801666 1.448137 -0.9160026
1 24.2098503112793 11.69804382324219 -0.3507229089736939 3.976612 1.619835 1.227771 2.188467
6 -21.85845947265625 0.04095584899187088 -1.404361486434937 1.625137 0.184153 1.147792 0.5667626
6 -14.5574197769165 7.108430862426758 -1.27338445186615 1.316795 0.222972 1.185233 1.35574
5 1.447671294212341 -7.750166416168213 -1.643891096115112 0.144398 0.207493 0.391052 -2.91932
3 -18.80455780029297 27.01900863647461 -0.5613675713539124 0.410631 0.386539 1.469344 0.3750518
1 34.99010848999023 -0.6257843971252441 -0.2916194200515747 4.891293 1.227731 1.396977 2.281374
5 -1.136731743812561 -8.158224105834961 -1.707138895988464 0.173102 0.204653 0.374625 -2.833517
5 4.722668170928955 -7.99732255935669 -1.599128246307373 0.149926 0.158252 0.376533 2.957754
6 -15.18317890167236 5.606390953063965 -1.290462732315064 1.689603 0.346321 1.217746 0.9570459
4 28.00616073608398 -26.03596496582031 -0.7945510745048523 1.702579 0.947789 1.476496 -0.9160026
4 39.21908950805664 2.996631145477295 -0.4189489185810089 1.223655 0.668669 1.263638 2.230127
3 -19.96161460876465 26.45040321350098 -0.7627261281013489 0.407898 0.652791 1.468108 1.225589
6 -20.20686721801758 1.59242045879364 -1.602879762649536 1.374608 0.327029 0.866555 0.6586801
5 -2.596835136413574 -8.42918872833252 -1.719283819198608 0.145269 0.118302 0.363151 -2.658449
6 -17.14908790588379 3.983243703842163 -1.349604964256287 1.823933 0.518703 1.277281 0.6586801
1 12.00837421417236 3.263008832931519 -0.7272553443908691 4.39884 1.888939 1.563997 -0.9042959
5 -20.70486068725586 0.7633392214775085 -1.776456952095032 0.313084 0.298898 0.587522 0.702648
5 0.002137117087841034 -7.912347793579102 -1.660966753959656 0.181728 0.260896 0.40419 -2.877579
1 -22.83860397338867 43.94232559204102 -1.281734108924866 3.997547 1.447861 0.946393 -0.8853796
5 -20.4378547668457 0.9697847366333008 -1.758368730545044 0.369698 0.292405 0.586937 0.6141344
6 -9.762967109680176 -8.38071060180664 -1.662593364715576 1.551734 0.466827 0.772553 2.226269
5 3.273585319519043 -7.752857208251953 -1.653841257095337 0.158181 0.206988 0.387923 3.12291
6 -10.65993213653565 -7.131884574890137 -1.603922605514526 1.500947 0.410677 0.737777 2.226269
1 -16.35761833190918 27.2325439453125 -0.9097429513931274 3.763422 1.37964 1.736486 -0.9279515
5 -14.94488048553467 12.66664981842041 -1.634527444839478 0.216242 0.231247 0.42895 0.4238062
5 -6.716646671295166 -10.18991947174072 -1.712718486785889 0.30233 0.143918 0.389894 0.7248141
5 -5.401021003723145 -9.439720153808594 -1.751635193824768 0.153992 0.183928 0.398605 -2.584708
5 -16.70549011230469 11.6567497253418 -1.514836192131043 0.249829 0.273458 0.50384 -0.8630996
4 18.32979393005371 -20.52647209167481 -1.200685381889343 0.567104 0.349484 0.695117 -0.8979898
6 -18.95893287658691 2.433504104614258 -1.367877721786499 1.343729 0.267452 1.302653 0.6586801
1 -13.93040943145752 21.83736228942871 -1.094714283943176 4.434929 1.671957 1.471898 -1.17636
5 -20.9663257598877 0.5671954154968262 -1.739297389984131 0.258837 0.339616 0.46989 0.5929168
5 -15.3402624130249 -4.484265327453613 -1.745795249938965 0.177137 0.22766 0.341771 0.6611373
1 11.6851110458374 29.78495788574219 -0.3673608005046845 4.294883 1.546685 1.096456 2.239323
1 4.764169216156006 7.441617965698242 -0.8068199753761292 4.496103 1.971393 1.618758 -0.896539