1 -41.61399841308594 9.825410842895508 -0.6928215622901917 3.925205 1.864098 1.65772 -0.213278
6 -15.67013835906982 -15.47110080718994 -1.461099743843079 1.565096 0.486148 0.736239 -0.3236664
5 -7.947529315948486 -9.431665420532227 -1.601322889328003 0.164376 0.101031 0.396553 3.141592
1 55.57799530029297 -19.33243942260742 -1.814293026924133 1.946526 1.375123 1.066576 -0.3111271
4 -32.80032730102539 -29.25468826293945 -0.7773160338401794 1.565074 0.522915 1.471067 -1.864171
1 28.27684211730957 -11.00538158416748 -1.304620385169983 4.004904 0.649938 1.590793 -0.268541
3 12.37066650390625 -10.40486240386963 -0.9768863916397095 0.627255 0.550883 1.604617 -0.26463
6 -29.52347183227539 -12.0160493850708 -1.173997640609741 1.303319 0.229098 0.870696 -1.884875
6 -17.17643928527832 -15.07283782958984 -1.400046706199646 0.617841 1.322197 0.796629 1.304744
6 -28.53297424316406 -5.813753604888916 -1.058518171310425 1.676041 0.224492 1.088383 -1.186512
1 20.73848915100098 -9.392335891723633 -1.306034684181213 4.313989 1.850398 1.455538 -0.282445
1 47.38155746459961 -11.47604846954346 -1.600359559059143 0.50996 1.563556 0.598281 -0.282445
5 -30.16995620727539 -14.83860015869141 -1.232276439666748 0.454266 0.40026 0.832666 3.141592
5 -4.036872386932373 -6.766988277435303 -1.604021072387695 0.146223 0.140481 0.417009 3.141592
5 -6.857147693634033 -8.458742141723633 -1.702895164489746 0.231943 0.236364 0.326982 3.141592
5 -11.53084373474121 -13.85900592803955 -1.580708861351013 0.227306 0.105754 0.387971 3.141592
6 -30.56578063964844 -15.74036121368408 -1.184048056602478 1.128986 0.180087 0.723623 -1.919971
2 -51.77516555786133 17.31893539428711 -0.006783831864595413 7.877779 2.321948 2.601434 -0.2974027
5 -9.803902626037598 -11.39657020568848 -1.652898550033569 0.170006 0.149851 0.300409 -3.139871
5 -29.87132263183594 -14.05040168762207 -1.403287649154663 0.186617 0.232182 0.42477 3.141592
5 -8.763384819030762 -10.28630447387695 -1.650151610374451 0.128043 0.143545 0.423176 1.238714
6 -28.86146545410156 -9.646971702575684 -1.099271297454834 1.625859 0.185079 0.452544 -1.89504
5 -30.01468276977539 -14.36992168426514 -1.415450811386108 0.185091 0.203251 0.427523 3.141592
6 -30.0454273223877 -13.35710334777832 -1.30207896232605 1.255944 0.305179 0.689195 1.137345
5 -5.365886211395264 -7.373337745666504 -1.644512534141541 0.168135 0.129501 0.314924 3.141592
5 -32.97371673583984 -3.154784202575684 -1.302454590797424 0.162553 0.064476 0.580158 -3.140675
6 -28.27184867858887 -7.461687088012695 -1.228893995285034 1.320477 0.281694 0.819814 1.533863
1 -36.52399826049805 6.736692905426025 -0.8204077482223511 4.106159 1.66861 1.593525 -0.523359
3 -43.65146636962891 7.543665885925293 -0.01543845422565937 0.266534 0.52972 0.822658 0.0
1 -34.55263519287109 -26.90531730651856 -0.8247265219688416 4.294687 1.960726 1.57944 -1.870174
3 -30.08128166198731 -20.96531486511231 -0.8092686533927917 0.381524 0.652838 1.634905 -1.864171