5 27.51363754272461 -1.588922142982483 -1.338882446289063 0.093016 0.117123 0.352196 -2.889277
6 -49.10234069824219 11.52037715911865 -1.518413901329041 4.089417 0.574346 0.441383 -2.804531
5 5.396720886230469 -4.50473690032959 -1.420652985572815 0.228565 0.180821 0.465282 2.750927
5 20.88751602172852 -14.19373321533203 -1.263274192810059 0.233197 0.226337 0.451586 0.05762632
1 10.67451095581055 24.78978729248047 -0.9518420696258545 4.707257 1.600961 1.032551 -2.883133
1 -7.835973262786865 22.68154907226563 -1.28760552406311 4.458706 0.82755 0.790733 -2.881414
6 16.34140586853027 -15.59810447692871 -0.943934440612793 1.667495 0.259731 1.207813 -1.311662
6 19.13456535339356 -27.21520614624023 -0.5977831482887268 1.274039 0.1982 0.388873 -1.342147
1 27.36197853088379 -33.97933578491211 -0.3515544235706329 2.558596 1.170875 1.834481 1.751684
5 28.58883857727051 -29.70368957519531 -1.110282301902771 0.199104 0.339254 0.526971 1.739834
6 26.10404968261719 -14.03941249847412 -0.9258070588111877 1.604016 1.630362 1.283469 -1.334742
5 26.9942512512207 -22.64491844177246 -1.109394431114197 0.228993 0.146315 0.407385 -1.93767
1 -28.52514266967773 17.19217300415039 -1.278119087219238 4.114718 1.196398 0.74786 -2.838496
5 21.68182373046875 -17.74302864074707 -1.228389024734497 0.276489 0.261296 0.580005 -1.413537
6 17.84774017333984 -21.12884330749512 -0.76270592212677 1.578638 0.197166 0.451048 -1.351624
1 26.00986480712891 1.593283295631409 -0.918479323387146 3.827466 1.850224 1.633786 1.020748
5 6.755324840545654 -5.246063232421875 -1.436170339584351 0.233688 0.209105 0.486525 2.811444
5 8.254036903381348 -6.057266235351563 -1.456617712974548 0.125952 0.144043 0.491308 0.9699491
6 26.57630348205566 -19.52192497253418 -0.8591444492340088 1.558749 0.246155 0.40122 -1.293625
1 57.21231460571289 13.57995414733887 -0.8234827518463135 1.248866 1.502483 1.30159 0.1335961
5 20.11692047119141 -10.68233489990234 -1.312530636787415 0.205047 0.277741 0.555324 -0.2970923
5 19.47499656677246 -7.519856929779053 -1.382685303688049 0.222411 0.30838 0.394755 1.347319
1 -10.35425281524658 18.00022697448731 -1.042351245880127 3.922278 1.213312 0.879803 -2.885443
5 9.576730728149414 -6.901781558990479 -1.393058896064758 0.16555 0.181161 0.538637 0.1927695