5 0.93095862865448 13.57943725585938 -1.385235905647278 0.195564 0.20818 0.482545 0.5020401
5 3.15939211845398 15.39638233184815 -1.4516921043396 0.239803 0.135136 0.333162 0.4728658
5 3.768165111541748 16.02305221557617 -1.467033743858337 0.211762 0.147853 0.461065 0.4480427
5 6.171176433563232 18.89744758605957 -1.417333483695984 0.176817 0.132128 0.393179 0.7632263
5 6.858516216278076 20.14818382263184 -1.486751437187195 0.172119 0.214646 0.325877 1.064738
5 7.656986236572266 23.03384208679199 -1.287395238876343 0.24353 0.217737 0.407507 1.448861
6 -6.322113990783691 9.072367668151855 -1.370778441429138 1.393078 0.31903 0.881085 -3.034103
1 -52.37730026245117 -13.79706478118897 -1.573108196258545 1.777414 1.598392 0.931953 0.07091284
1 7.431783676147461 42.55856704711914 -1.031772494316101 0.882363 1.953333 1.000878 -1.405819
6 -4.924057006835938 9.168366432189941 -1.16165554523468 1.487213 0.317452 1.281453 -3.010806
5 9.329193115234375 -10.82946586608887 -1.647670745849609 0.272066 0.234817 0.326878 -0.069521
6 1.326063275337219 10.92757511138916 -1.111347079277039 1.391677 0.215327 1.259479 0.7787629
6 -8.52338695526123 8.56495475769043 -1.162347435951233 1.663235 0.219962 1.28807 -3.048074
3 7.146481513977051 30.13647842407227 -0.5042763948440552 0.381321 0.525994 1.772966 1.790395
5 5.284902095794678 -8.936050415039062 -1.619821786880493 0.219759 0.30599 0.360759 -0.069521
3 7.589109420776367 25.31785583496094 -1.021311163902283 0.444311 0.687355 0.867919 1.400964
5 -5.156026363372803 1.372819900512695 -1.544386744499207 0.281249 0.331434 0.482878 0.1368886
1 17.96209526062012 -34.17207717895508 -1.489801168441773 1.468859 1.036502 0.575212 -1.509245
1 20.28560447692871 -12.17599010467529 -1.054559350013733 4.06438 1.735568 1.327145 -1.396006
5 -7.137866973876953 8.597967147827148 -1.482988715171814 0.299603 0.308373 0.578929 3.119143
5 -6.80856466293335 8.60280990600586 -1.468306183815002 0.292013 0.288551 0.589345 -3.062033
3 -0.5088829398155212 -11.03198528289795 -0.5287663340568542 0.576033 0.584764 0.873221 -0.9927441
1 19.33447647094727 -42.91795349121094 -1.564409852027893 4.057098 1.640716 1.175233 -1.484893
1 9.198575973510742 23.39068603515625 -0.7885260581970215 4.189784 1.918775 1.714197 -1.697176
1 -20.47754096984863 7.501236915588379 -0.9356237649917603 4.469169 1.80153 1.729359 -2.953699
3 13.93737506866455 -26.6289119720459 -0.9408642053604126 0.553004 0.558221 1.558727 -1.059907
5 6.406147003173828 -9.322970390319824 -1.566024303436279 0.203072 0.203458 0.345532 -0.069521
6 -2.408706188201904 9.51952075958252 -1.140919327735901 1.605792 0.386966 1.226814 -3.024323
5 10.44979953765869 -11.74456119537354 -1.668021202087402 0.158485 0.224023 0.373414 -0.069521
5 0.9358091354370117 -7.866737842559815 -1.638527631759644 0.188879 0.224389 0.436796 0.1884729
6 -2.38848090171814 -3.275687694549561 -1.439030170440674 1.479494 0.462117 0.743787 1.693379
5 -0.5400329232215881 -7.852772235870361 -1.483324408531189 0.264502 0.360534 0.569192 0.1884729
6 -58.09276580810547 2.510393857955933 -1.355563521385193 1.429701 0.775703 0.374183 -3.074083
3 8.39726734161377 29.28188514709473 -0.528762698173523 0.322544 0.572422 1.155454 1.015798
5 3.84052324295044 -8.40774154663086 -1.618265628814697 0.183803 0.220781 0.368779 0.1884729
5 7.729296207427979 -9.875648498535156 -1.614757299423218 0.193726 0.224871 0.387891 -0.069521
5 -7.553785800933838 8.552937507629395 -1.407386422157288 0.273814 0.365704 0.575556 -3.089176
5 -2.871358871459961 -2.726311445236206 -1.503685474395752 0.236695 0.194017 0.330825 1.693379
1 9.532003402709961 29.37778854370117 -0.5716010928153992 3.696931 1.667706 1.540384 -1.428247
6 -2.209187507629395 -4.601675510406494 -1.500458240509033 1.396428 0.474996 0.710378 1.693379
3 -8.668889045715332 6.649165153503418 -0.928805410861969 0.843807 0.776316 1.615458 -2.753104
6 0.02000357955694199 10.0125789642334 -1.109014749526978 1.72627 0.319053 1.262873 0.3879918
3 8.141843795776367 30.59093284606934 -0.6721312999725342 0.364186 0.679994 1.4276 1.283226
4 -8.727701187133789 5.52163028717041 -0.905580461025238 1.778027 0.732559 1.627025 -2.642344