5 19.97754287719727 -6.640095233917236 -1.166360378265381 0.182943 0.141243 0.451841 2.26502
6 28.35235977172852 -19.79073333740234 -0.4558559358119965 1.45762 0.252211 1.296582 -1.522444
6 33.03107452392578 -15.82060623168945 -0.8729689121246338 0.246872 0.275434 0.206282 1.506389
6 28.38917922973633 -37.11798477172852 0.2577185332775116 1.096927 0.077323 0.284834 -1.665433
6 37.15415191650391 -40.22282028198242 0.2686866223812103 1.158631 0.130718 0.344691 1.585008
1 35.57226181030273 -17.16450500488281 -0.3213852941989899 3.858039 1.789065 1.464973 1.435423
5 23.53241539001465 -9.856005668640137 -1.056709289550781 0.195909 0.223612 0.422702 -1.543165
6 13.82441234588623 22.45515632629395 -1.499393582344055 0.307634 0.087074 0.236732 0.05257875
1 -18.06793212890625 18.50589561462402 -1.286584138870239 3.842783 1.62509 1.313891 -3.104599
6 37.39784622192383 -25.83042144775391 0.006444959435611963 1.597235 0.223621 0.857656 -1.623975
5 33.07715606689453 -12.60534286499023 -0.9448880553245544 0.273482 0.196105 0.405163 1.552983
1 -7.970617771148682 22.74012756347656 -1.66390061378479 4.221543 1.577989 0.942945 -3.07656
5 21.18393516540527 -7.656229496002197 -1.115298390388489 0.161483 0.1661 0.444877 2.374699