5 -18.13504791259766 -2.911651849746704 -1.60621976852417 0.398021 0.195042 0.372381 3.112549
5 -15.74880218505859 -2.95476222038269 -1.498870849609375 0.530233 0.265534 0.580809 -3.136304
5 -16.96774864196777 5.577398777008057 -1.557852864265442 0.243856 0.275636 0.593762 9.372626e-16
5 -31.90309524536133 -3.002803564071655 -1.655402898788452 0.244213 0.246885 0.475449 -0.0002721657
5 -22.92015266418457 -2.994019031524658 -1.503695487976074 0.358551 0.275859 0.569498 -0.04825692
5 -20.02413177490234 -2.893720626831055 -1.564780950546265 0.23172 0.250573 0.632876 5.00069e-16
1 22.2179126739502 6.391054153442383 -1.057406425476074 3.969825 1.562109 1.439187 -3.139585
5 -12.55004978179932 -2.890821218490601 -1.52609133720398 0.366079 0.257487 0.587502 -3.114507
5 -8.84787368774414 5.259397983551025 -1.473265767097473 0.523596 0.370428 0.72326 -3.096449
1 45.36044692993164 5.926557540893555 -0.9179059863090515 3.852411 0.788888 1.694012 3.119946
1 33.83524322509766 5.779521465301514 -1.354687929153442 4.148728 0.416149 0.849749 3.100585
5 -11.92587184906006 -2.903255224227905 -1.511068940162659 0.486468 0.387761 0.711809 -3.114507
1 -6.023114681243897 6.251823902130127 -1.023157000541687 4.389325 1.694924 1.656446 -3.086229
1 21.34553909301758 -3.264671087265015 -0.8335843086242676 3.429214 1.114096 1.879122 0.0
1 16.43023109436035 6.389243125915527 -0.9027988314628601 4.151272 2.099212 1.739235 -3.132778
6 -25.89228248596191 -2.991449117660523 -1.464962840080261 1.595933 0.191582 1.005439 -0.03486785
1 -8.31939697265625 -3.484973669052124 -1.08521044254303 4.010654 1.901624 1.499633 0.0662538
1 8.773253440856934 -3.420814275741577 -0.9341528415679932 4.120683 1.804039 1.697439 -0.005489731
5 -34.31816864013672 5.559506893157959 -1.633227825164795 0.322708 0.276694 0.500011 0.007367821
1 31.61983680725098 -2.589699745178223 -1.239485263824463 3.667001 0.369745 1.039567 0.009680067
6 -47.02125549316406 6.159908294677734 -1.539211630821228 2.47514 1.181919 1.134676 0.06040159
5 -19.91421699523926 5.497640132904053 -1.545696496963501 0.325071 0.232917 0.535883 0.0
5 -15.11314582824707 5.608373641967773 -1.555212616920471 0.338299 0.310295 0.673266 0.0
5 -40.60112762451172 5.683377742767334 -1.688072800636292 0.248182 0.231206 0.549552 0.04077844
5 -21.14971542358398 5.530881404876709 -1.554683566093445 0.27123 0.297107 0.562447 0.0006283898
5 -31.90553665161133 5.66633939743042 -1.669888854026794 0.391103 0.286259 0.480111 -0.0002721657
6 43.53465270996094 -3.6794593334198 -0.1178309544920921 0.316125 1.065564 0.109389 -3.131255
1 2.509292125701904 -3.365443706512451 -1.026816725730896 4.492888 2.001326 1.552293 -0.05001057
1 15.04745864868164 -3.479073524475098 -0.7764453887939453 4.820758 1.780732 1.994353 0.01618128
5 -13.28840351104736 -2.845418691635132 -1.557189464569092 0.42205 0.328893 0.617495 -3.114507
6 -39.13476181030273 -3.023467063903809 -1.74826192855835 0.331432 0.273784 0.249651 3.123778
6 -18.70615577697754 5.599363327026367 -1.404866218566895 1.617853 0.341066 1.049402 0.0
5 -29.81354522705078 5.690242290496826 -1.741020441055298 0.312462 0.215846 0.430652 0.000625305
6 -12.89235877990723 5.641359806060791 -1.334999799728394 1.635861 0.264922 1.078911 0.05781212
1 27.83408546447754 6.423685073852539 -0.9947158694267273 3.730644 1.747313 1.538737 -3.128993
1 37.34126663208008 -2.531734704971314 -1.256450653076172 0.925448 0.661147 0.978879 0.02130366
1 39.47390747070313 6.51874303817749 -0.8101892471313477 4.692696 1.795038 1.928703 3.118232
1 26.56221580505371 -2.958608865737915 -0.9393002390861511 4.002786 0.923512 1.690801 0.0
1 -3.250533819198608 -3.340725660324097 -1.0487060546875 4.634271 1.908188 1.465843 -0.006152926
6 -10.42456817626953 5.790839672088623 -1.342183470726013 1.730528 0.3956 1.041736 0.0004986533
1 6.283056735992432 6.492194652557373 -1.034644484519959 2.930387 1.564129 1.639177 -3.090919
1 0.3490344285964966 6.3122239112854 -0.9858651757240295 4.452382 1.869289 1.674254 -3.123818
5 -23.99375152587891 5.636640548706055 -1.616935849189758 0.27565 0.302395 0.60712 -1.494909e-15
5 -22.55113029479981 5.567286014556885 -1.590623140335083 0.270023 0.257574 0.449032 -0.01324547
5 -28.65100860595703 -2.899930000305176 -1.720006227493286 0.426868 0.328924 0.566341 -0.03486785
5 -25.32135200500488 5.632937908172607 -1.639480352401733 0.46153 0.336305 0.51345 0.0
6 -17.08493995666504 -2.953750848770142 -1.398384690284729 1.641241 0.29706 1.012251 3.09948
5 -27.30294418334961 5.603851318359375 -1.629672527313232 0.455278 0.243926 0.524192 -4.973523e-16
5 -18.66220855712891 -2.927050352096558 -1.543143749237061 0.273912 0.275488 0.599072 5.814753e-16
6 -35.20441055297852 -2.988057136535645 -1.76081907749176 0.205359 0.241464 0.291462 3.119643
6 -58.56356811523438 5.532665252685547 -1.735441088676453 0.674863 0.361744 0.439283 -3.127178
1 10.89622497558594 6.355140209197998 -1.023223638534546 4.477857 1.891708 1.551009 3.139638
6 -14.63785076141357 -2.910269260406494 -1.334280610084534 1.661803 0.358733 1.06717 3.112941