5 -8.479541778564453 6.661970615386963 -1.592001676559448 0.33915 0.294539 0.627992 -3.130878
3 40.39603805541992 -1.902938723564148 -1.092611908912659 0.469388 0.617377 1.59592 0.03016075
2 53.76116180419922 8.539346694946289 -0.5703166127204895 4.681444 2.620628 2.112418 -3.113485
1 -19.04207992553711 -5.384896278381348 -0.826690673828125 3.916904 1.712357 1.912137 -0.01343981
2 2.309689044952393 7.754862308502197 -0.675247073173523 12.03558 2.960738 2.504904 -3.119234
3 -21.38878059387207 50.79127502441406 -1.237619876861572 0.432047 0.675 1.451665 1.506196
2 24.94799423217773 8.251078605651855 -0.3956325352191925 12.171182 2.982068 3.232529 -3.137928
1 17.34390640258789 -3.971447706222534 -1.00722348690033 4.232609 1.722548 1.616104 0.05812556
1 -40.21659088134766 7.183554172515869 -1.226388692855835 4.039123 1.631994 1.461848 -2.929329
1 35.74064254760742 -3.955395221710205 -1.003086090087891 3.630319 0.937731 1.585126 0.03174967
1 27.68784332275391 -4.432328701019287 -0.8926390409469604 4.028758 1.534763 1.938767 0.02894979
4 -31.88304328918457 -5.626442909240723 -1.254016757011414 2.150147 0.416323 1.019409 -0.005143226
3 22.45922088623047 12.71234226226807 -1.029409766197205 0.291926 0.468091 0.824193 0.0240548
1 -42.28006362915039 -5.625254154205322 -0.9193645715713501 3.913979 1.576315 1.799598 -0.005143226
2 -20.93854522705078 6.986745834350586 -0.5003170371055603 9.382342 2.792314 2.879189 3.123168
1 48.19255065917969 8.966650009155273 -1.315871715545654 2.763149 1.599499 1.305714 -3.121159
6 42.93396759033203 -3.654524564743042 -1.295092105865479 0.612602 0.794402 0.772 0.003060409
5 -11.03541660308838 8.211370468139648 -1.666354060173035 0.321602 0.384313 0.51443 -3.049262
1 22.88431549072266 -4.316353797912598 -0.9371134638786316 3.550869 1.366082 1.798801 0.02184689
1 1.865530967712402 -4.857697010040283 -1.044702291488648 4.847682 1.896721 1.506312 0.01738232
1 12.34257793426514 -4.868525505065918 -1.068307161331177 3.962798 1.725374 1.510324 0.0558399
1 -24.00599098205566 -5.143365383148193 -0.9363582730293274 3.830834 1.123684 1.753644 -0.005143226
3 40.45235824584961 -2.754230260848999 -1.089543104171753 0.471604 0.680872 1.587462 0.01542598