5 18.73346519470215 -5.393198966979981 -1.273801922798157 0.235315 0.195591 0.487376 -1.398016
5 21.41734123229981 -15.46704769134522 -1.057926654815674 0.375983 0.229592 0.471982 -1.398016
5 28.84353828430176 5.227797031402588 -1.274394392967224 0.245794 0.223776 0.442365 -2.814618
5 5.994282245635986 -3.785768985748291 -1.357295870780945 0.192516 0.357035 0.55005 0.3766306
5 8.857836723327637 -5.277303218841553 -1.203209161758423 0.282968 0.269477 0.366573 0.3766306
6 30.52421951293945 -30.29039192199707 -0.666911244392395 0.568749 1.133162 0.151815 -1.321783
1 -22.56559944152832 -2.907135486602783 -0.9267162084579468 3.762161 1.839941 1.787874 0.3231096
6 31.45491600036621 -37.13777542114258 -0.6282012462615967 0.3734 0.800483 0.329861 -1.324122
5 27.15474891662598 2.408459901809692 -1.353411674499512 0.120541 0.132599 0.403934 -2.870281
3 31.04249954223633 -17.25913429260254 -0.3191871047019959 0.450371 0.408613 1.33671 1.711886
6 17.84755516052246 -19.04737091064453 -0.3115376234054565 0.853901 0.267329 0.716443 -1.233196
6 16.07448768615723 -13.59666728973389 -0.7822409868240356 1.730335 0.29273 1.247068 -1.233196
5 26.48724365234375 0.984901487827301 -1.31552267074585 0.148056 0.125372 0.406232 -2.870281
5 19.5582389831543 -8.518892288208008 -1.163318753242493 0.282395 0.221978 0.565096 -1.398016
6 25.78813552856445 -11.54156684875488 -0.8038435578346252 1.677756 1.722115 1.279008 -1.30615
1 55.03582763671875 17.71012687683106 -1.027768969535828 0.75755 1.377381 0.867755 0.299978
1 42.20284271240234 20.98067283630371 -1.046291470527649 1.27722 1.817838 1.226083 0.325776
6 12.30929279327393 33.94589996337891 -1.227712273597717 0.845919 0.352918 0.692689 -2.745417
5 20.52752685546875 -11.93068218231201 -1.070796489715576 0.190555 0.254888 0.478765 -1.398016
5 4.517457485198975 -3.132795333862305 -1.31397294998169 0.220126 0.218064 0.551098 0.3766306
1 9.255548477172852 9.920144081115723 -0.9660025835037231 4.442595 1.94487 1.653583 0.3250176
1 -45.3541374206543 -10.82677459716797 -1.175921678543091 3.871617 1.569347 1.161123 0.3333524
4 36.09727096557617 13.24814605712891 -0.9466888308525085 1.242803 0.688922 1.27195 0.3214527
6 26.48630142211914 -16.96085548400879 -0.587546706199646 1.570616 0.227374 1.173079 -1.313894
5 7.461638450622559 -4.514419078826904 -1.358264207839966 0.222378 0.250076 0.511185 0.3766306
1 -2.161625146865845 4.79929256439209 -0.9986827969551086 5.262086 1.950501 1.524062 0.26652
6 27.06718635559082 -20.07476615905762 -0.9054180383682251 0.130219 0.210073 0.414384 2.36129
6 19.3996753692627 -25.21726608276367 -0.3463007211685181 0.759428 0.147706 0.199611 -1.233196