5 -1.726019620895386 8.79150676727295 -1.773565649986267 0.236225 0.182207 0.472216 0.0
5 13.54716777801514 -1.788567781448364 -1.619217395782471 0.139137 0.228074 0.454505 0.02042473
1 28.09199905395508 -6.512311935424805 -1.104618906974793 3.991919 1.791584 1.71704 0.02565799
1 1.803420662879944 8.601839065551758 -1.071665525436401 5.059621 1.934729 1.791679 -3.116356
5 24.64639091491699 9.421998977661133 -1.919257521629334 0.15995 0.340617 0.319955 0.0
1 35.4754638671875 -6.042835712432861 -1.314597845077515 3.877015 1.134388 1.240308 -8.734748e-17
3 -56.99048614501953 13.21689605712891 -0.9533969759941101 0.41952 0.23971 0.848457 -3.096504
5 12.83063793182373 -1.893102645874023 -1.580169081687927 0.224068 0.163981 0.458409 -1.636536
5 44.91309356689453 12.43729782104492 -1.689136862754822 0.251515 0.375259 0.359753 -0.01670051
1 33.40822982788086 10.65071964263916 -1.652745008468628 2.010789 1.202313 0.767998 3.141592
1 2.652674198150635 -4.84252405166626 -0.9377193450927734 4.286099 1.637089 1.694033 0.0
4 -11.25225734710693 14.51398754119873 -1.271054744720459 0.545091 0.45778 0.841729 1.581596
6 -51.58639907836914 -3.898070573806763 -1.475835561752319 3.228983 0.310734 0.760859 0.0
1 -46.27625274658203 -4.67808723449707 -1.460672378540039 3.709299 1.698132 0.632006 1.00746e-16
2 -44.54289245605469 7.824119091033936 -0.1976761370897293 9.890857 2.589174 3.41315 3.135135
4 -14.55757904052734 14.42070770263672 -1.093254804611206 0.617898 0.481449 1.202883 1.479425
5 8.056077003479004 -2.110436201095581 -1.561951398849487 0.294968 0.341851 0.504091 -3.078015
4 -7.561575412750244 4.612362861633301 -1.085694551467896 1.951529 0.735785 1.486896 3.038477
5 -6.116534233093262 6.537861347198486 -1.684098362922669 0.273422 0.241284 0.453234 3.141592