2 -57.99676513671875 0.7666847109794617 -0.1360758543014526 7.233842 2.476084 2.551329 -0.171082
6 -47.7673454284668 -14.21831226348877 -0.7086667418479919 1.10245 0.237346 0.047662 -0.7254978
5 -25.98226165771484 -11.34096336364746 -1.666038036346436 0.220976 0.170315 0.74863 3.141154
1 59.12766647338867 -5.526881217956543 -1.711920022964478 0.898351 1.322834 0.715221 0.0453937
1 38.34649276733398 -5.964128494262695 -1.211733222007752 4.313617 2.655396 1.748424 3.690654e-08
6 -46.99184417724609 -18.47804260253906 -0.7363705635070801 1.077817 0.259799 0.128376 1.631249
1 1.241691112518311 -4.885126113891602 -1.060779571533203 4.822134 1.949284 1.457578 -0.009741147
1 8.580042839050293 -5.11780595779419 -0.9599493145942688 4.267317 1.865432 1.796417 0.009495393
6 -47.08354949951172 -22.02221488952637 -0.7606779336929321 1.321895 0.23248 0.070487 -1.524069
6 -46.94467163085938 -20.7603645324707 -0.6186543703079224 0.097848 0.83032 0.299801 0.0
6 -46.92613220214844 -24.14070129394531 -0.4736054539680481 1.081111 0.25228 0.692618 -1.524069
6 -46.99074935913086 -15.65163707733154 -0.7218231558799744 1.709279 0.347355 0.128755 -1.160175
3 -5.618105888366699 -8.179525375366211 -0.651883065700531 0.680388 0.36663 1.684556 -0.04523272
1 8.907381057739258 18.42569923400879 -1.679150938987732 4.821236 1.438335 0.752799 3.090984