6 30.84666061401367 9.148335456848145 -1.789859414100647 1.982934 0.35813 0.923809 3.04971
3 -45.67864990234375 14.27306652069092 -1.073513865470886 0.539382 0.524965 1.275141 0.4279924
6 -19.05931282043457 10.30842304229736 -1.470416307449341 1.214342 0.823055 0.878064 3.141592
6 36.85772323608398 9.233551025390625 -1.557840347290039 1.60771 0.150333 0.408317 -0.01875658
1 -48.75409317016602 -5.142755031585693 -1.071607232093811 1.599702 1.824855 1.196104 -0.08151108
6 34.96908569335938 -3.512319564819336 -1.832673907279968 1.258064 0.254505 0.690623 -1.553628
6 34.21869659423828 9.158639907836914 -1.856873035430908 1.638219 0.253793 0.783065 0.0
6 -17.71524429321289 10.63357353210449 -1.754116535186768 0.565868 0.67291 0.455911 0.0
1 -3.845009326934815 6.393232345581055 -1.189388275146484 4.48627 1.779047 1.48829 3.141592
6 -59.67250823974609 12.02919292449951 0.5181605219841003 0.140934 0.526937 0.367922 1.007913e-15
5 -8.252923011779785 12.26247024536133 -1.381351351737976 0.175947 0.267601 0.31852 3.141592
1 -50.85391235351563 8.580036163330078 -1.123303055763245 4.369852 2.049148 1.311411 3.141592
1 -17.13169097900391 -6.655816078186035 -1.145875573158264 4.351776 2.091875 1.468258 -8.851625e-17
6 35.00812911987305 -4.900877475738525 -1.846223473548889 1.19933 0.309925 0.702182 -1.604848
3 35.77827072143555 -11.50496292114258 -1.058353424072266 0.797565 0.522173 1.257346 -1.631337
6 -20.28214263916016 10.30868434906006 -1.571962594985962 1.117168 0.762125 0.622606 3.141592
6 -28.53905868530273 9.221427917480469 -1.682349920272827 0.246898 0.147191 0.222065 5.025822e-16
3 35.22751235961914 7.629878997802734 -1.486000299453735 0.893614 0.650514 1.572861 3.141592
1 18.24374008178711 9.920326232910156 -1.219207406044006 4.658821 1.974211 1.817419 3.141592
1 -24.53147888183594 -6.65282154083252 -0.9867995977401733 4.136353 1.93321 1.739905 -0.007621673
3 7.369536399841309 13.67112731933594 -1.012127161026001 0.592092 0.502245 1.692605 -0.06371487
4 43.91641235351563 10.98064994812012 -1.246295809745789 0.655436 0.535999 0.60251 -2.447731