1 29.89114570617676 -5.037816524505615 -1.116650700569153 4.201012 1.827173 1.600279 0.02706534
1 28.60661506652832 8.576077461242676 -1.088670134544373 4.78289 2.140179 1.768455 -3.115376
5 40.0568733215332 -1.814397692680359 -1.695980787277222 0.152176 0.2878 0.381319 0.03408675
2 -18.57971572875977 6.951417446136475 -0.448900580406189 12.196987 2.56553 2.934187 -3.125397
3 34.42220306396484 14.45900058746338 -1.028733968734741 0.503656 0.515273 1.502373 -1.691433
1 53.71493911743164 -6.289710998535156 -1.362294316291809 0.691137 1.558382 1.150565 0.0193944
5 -10.41855049133301 5.917397499084473 -1.632394433021545 0.24405 0.306645 0.447761 -0.0008935329
3 -28.26677703857422 -3.918328762054443 -1.001502156257629 0.737738 0.582546 1.704582 -1.481971
1 -53.2779655456543 -4.759185791015625 -1.433558702468872 3.337128 0.191823 0.798523 -0.07192678
1 -24.53897285461426 -5.168596267700195 -1.142400622367859 4.19061 1.11439 1.357981 0.0
2 -49.79330444335938 7.229552268981934 -0.1960113942623138 9.754848 2.47032 3.225993 3.13331
5 -11.59504413604736 6.645777702331543 -1.409082651138306 0.275784 0.182135 0.400272 3.134425
1 -18.90176200866699 3.374391794204712 -1.134022951126099 4.19526 1.86717 1.439955 -3.125397
1 -47.42344665527344 -5.397772312164307 -0.4998191297054291 1.762464 1.255199 1.013827 8.673166e-17
1 -19.18125915527344 -5.603437423706055 -1.139736294746399 4.236389 1.807429 1.437412 0.0
4 23.55793380737305 19.30602836608887 -0.3076280355453491 0.75906 0.954912 1.644351 -0.9231936
3 -28.29071426391602 -2.985862493515015 -0.9127933979034424 0.442767 0.748388 1.417353 3.072692
1 -30.35484313964844 -5.053644180297852 -1.286625385284424 2.402214 0.898838 0.96104 1.095964e-16
5 -11.55922889709473 8.854705810546875 -1.610660195350647 0.284089 0.227826 0.520663 3.134425
4 2.392695426940918 12.84347534179688 -1.108270168304443 2.356762 1.086017 1.51146 3.081172
3 -20.89300155639648 14.744873046875 -0.5931857824325562 0.465701 0.463707 1.098153 2.716579