3 -28.66127395629883 -5.081446170806885 -0.7856036424636841 0.474707 0.460329 1.682907 -0.02762912
1 49.87388610839844 3.183190822601318 -1.338915348052979 0.524811 1.682121 0.623199 0.001595792
1 11.3641881942749 -4.452103137969971 -0.9346148371696472 4.312696 2.782685 1.643948 -0.03543051
1 41.11491775512695 -0.1114813610911369 -1.344307661056519 1.040925 1.735432 1.093884 0.001595792
1 -11.4621057510376 3.665510892868042 -1.015841245651245 4.610736 2.178718 1.576681 0.01343522
1 13.86833667755127 3.659138679504395 -1.093349814414978 4.4076 1.828205 1.481663 -0.03897129
1 -29.28379440307617 5.747189998626709 -1.350153684616089 4.031591 2.131504 0.947332 -0.008812856
1 -24.92512512207031 -3.052247285842896 -1.159935832023621 4.238167 1.944441 1.188774 -0.02682034
1 -36.16805648803711 2.660873174667358 -0.9267975091934204 2.600212 1.492506 1.867656 -0.008812856
6 -26.36637878417969 5.398429870605469 -1.200148940086365 0.59576 1.324368 0.258383 0.0
4 25.90861701965332 -2.371318340301514 -1.005663275718689 0.923376 0.966922 1.62998 0.001595792