3 6.602212429046631 14.44153881072998 -1.190915465354919 0.668265 0.656222 0.777049 -1.500418
1 -21.61533737182617 31.73492813110352 -0.3055107593536377 1.382416 1.533733 1.461897 1.565469
1 -42.01226425170898 -1.368372321128845 -0.854636549949646 2.338012 1.798051 1.566952 0.05602765
1 -21.2271728515625 40.69522857666016 -0.699040412902832 4.880182 1.834812 1.371604 1.690653
1 -58.41947174072266 -4.130481243133545 -0.835780680179596 3.392365 0.389981 1.279542 -0.2431367
6 18.23858642578125 -3.968624114990234 -1.589524865150452 0.181032 0.173712 0.503219 -1.514732
3 -16.29620361328125 12.43793869018555 -0.6366413235664368 0.37929 0.717971 1.062193 -0.4949503
4 -13.08434867858887 -5.32118558883667 -1.184282660484314 1.286843 0.457814 0.864124 -1.657369
4 -3.081155776977539 -5.240630149841309 -1.374258279800415 1.537881 0.649036 0.948633 -2.085673
4 21.73072814941406 -4.584199905395508 -1.283174514770508 1.00339 0.396494 0.640655 -1.780393
4 19.46775054931641 -4.230144500732422 -1.376252293586731 1.091878 0.393031 1.023743 -1.199022
4 26.00608444213867 -4.71240234375 -1.182018995285034 1.435426 0.318415 0.626659 -1.967073
6 2.935573577880859 -5.327277660369873 -1.098101258277893 3.774981 1.374748 1.434501 0.05514833
3 -45.47854995727539 -12.6636323928833 -0.868310272693634 0.2179 0.338084 1.495131 0.1392434
4 29.42580604553223 -4.042559623718262 -1.29170036315918 1.398048 0.345991 0.880891 -1.405884
4 -37.42327499389648 8.631803512573242 -1.329965591430664 1.230095 0.565847 0.773865 0.5343199
3 -14.42551898956299 32.16315078735352 -0.3688265085220337 0.283598 0.436053 1.174832 -1.575685
4 -31.46892929077148 10.13273811340332 -1.474762797355652 1.606986 0.389167 0.68234 1.519535
1 14.83333492279053 -4.593461990356445 -1.00126838684082 4.322408 1.718117 1.742787 0.02909538
1 -7.919541358947754 19.89784812927246 -0.2535818219184876 1.740185 1.736319 1.216413 1.592147
1 -48.17825317382813 -4.609210014343262 -0.7917223572731018 1.013008 0.535472 0.703757 0.05376951
3 -15.88969039916992 31.25289535522461 -0.3547367453575134 0.506816 0.438721 1.543378 -1.55925
5 -32.04301834106445 -2.133403778076172 -1.35026478767395 0.384143 0.239074 0.494251 0.01914983
4 27.65824890136719 -4.434952259063721 -1.426448941230774 1.611605 0.44728 0.957461 -1.660949
6 -15.53087615966797 -5.291209697723389 -1.563939690589905 1.107319 1.181463 0.540562 0.020571
3 -13.30735778808594 29.71075248718262 -0.8138242959976196 0.26582 0.319385 0.443832 2.84137
4 -33.37502288818359 10.04750823974609 -1.381332755088806 1.649012 0.485684 0.678733 1.276884
4 -1.214382767677307 -5.425044059753418 -1.304654240608215 1.606426 0.701407 1.092429 -2.339604
3 -4.568289279937744 -17.17522621154785 -0.5959221720695496 0.820069 0.592521 1.638226 2.346165
4 0.3786097764968872 -5.302248001098633 -1.306793212890625 1.747622 0.569648 1.061589 -1.897464
4 25.57073402404785 -4.253098011016846 -1.367383480072022 1.549879 0.437098 1.035546 -1.875114
3 44.01395416259766 13.7884521484375 -1.060477375984192 0.312883 0.825991 0.982545 -0.003854577
4 -31.13248443603516 11.30552387237549 -1.379059076309204 1.202746 0.357434 0.831475 -3.03283
6 18.72505569458008 -4.077002048492432 -1.430780410766602 0.3084 0.317961 0.771834 -1.544208
4 -32.57099914550781 9.270515441894531 -1.234375357627869 1.564417 0.388062 0.855659 1.042036
3 14.31634140014648 -21.26322937011719 -0.3071016073226929 0.392348 0.688986 1.032503 0.02106118
4 23.66693115234375 -4.438127994537354 -1.399585723876953 1.074742 0.331048 0.891512 -1.545832
6 20.66944694519043 -4.324612617492676 -1.420272827148438 1.491914 0.596657 0.643992 -2.571692e-16
4 -11.68550395965576 -5.026211738586426 -1.372465133666992 1.726051 0.641331 0.923292 -1.138875
4 -35.6782341003418 9.173048973083496 -1.351579546928406 1.364219 0.382252 0.908652 2.389607
4 -4.483000755310059 -5.317386150360107 -1.567885518074036 1.04488 0.582923 0.541282 -1.893029
4 -2.064204454421997 -5.392973899841309 -1.331218481063843 1.520569 0.501917 1.067279 -2.143466
3 -16.93717193603516 14.00609493255615 -0.7821260094642639 0.24246 0.29306 0.93753 -1.574797
3 -12.50294494628906 24.98590660095215 -0.2416313141584396 0.479465 0.600829 1.250718 1.708445
1 30.6367130279541 4.55012321472168 -1.568219423294067 4.104403 1.907188 0.723051 -3.112722
3 15.60376644134522 -20.61915397644043 -0.3550042808055878 0.391463 0.364896 0.866093 0.02106118
3 -4.34415340423584 -30.93311309814453 -0.4056432545185089 0.399564 0.505997 0.88657 -1.901546
3 -16.4090518951416 13.40618705749512 -0.5576751828193665 0.269964 0.255885 0.53011 -0.07896388
4 -30.72908592224121 11.80928230285645 -1.390939950942993 1.267058 0.232768 0.520734 -2.801541
4 28.92814254760742 -3.997177839279175 -1.496312975883484 1.125074 0.324068 0.98647 -1.339478
1 -18.95823097229004 -4.339052200317383 -0.9105372428894043 4.608327 1.845219 1.796517 -0.5636059
4 11.06047821044922 -4.987656116485596 -1.317386627197266 2.125519 0.889822 1.08452 -1.835738
4 -13.60120964050293 -5.346822738647461 -1.309493899345398 1.421636 0.460377 1.031097 -1.427746
4 9.198582649230957 -5.075572013854981 -1.423288226127625 1.640994 0.756319 0.857489 -1.369453
6 -8.181931495666504 -5.483490467071533 -1.12140166759491 4.42394 1.654881 1.456825 0.05514833
6 -35.52078628540039 10.02345371246338 -1.05840802192688 1.521059 0.298906 0.326753 2.28359
3 -11.23238658905029 25.17925071716309 -0.06967110931873322 0.453967 0.516283 0.90849 1.445206
4 23.07115936279297 -4.687389373779297 -1.403285145759583 1.21518 0.35761 0.969444 -1.597744
4 -12.38728046417236 -5.159289360046387 -1.276147961616516 1.479788 0.856624 1.171775 -1.159494
3 -25.87623405456543 -15.09427642822266 -0.4010016918182373 0.429104 0.662118 0.797446 3.08183
1 -30.89082908630371 -3.223336458206177 -1.045549869537354 1.18524 1.001938 0.648175 1.545737
4 -36.59564208984375 8.631287574768066 -1.444825410842896 1.302819 0.541478 0.61771 0.9008622
5 -26.33185768127441 -2.559775114059448 -1.361077904701233 0.268954 0.22508 0.379058 -0.006993189
3 -16.52665710449219 13.03660297393799 -0.5677011609077454 0.197324 0.189413 0.55484 -0.07896388
4 31.05307579040527 -4.186784267425537 -1.43035876750946 1.337505 0.284708 1.021442 -1.591075
3 -14.66203498840332 31.0853328704834 -0.4241810441017151 0.467108 0.615568 1.677687 -1.55925
1 -35.98941040039063 -4.138474464416504 -0.5375081300735474 1.724993 0.846759 0.587541 0.02013206
5 -27.36186218261719 -2.293486833572388 -1.440617561340332 0.224838 0.279691 0.436069 -0.03221209
4 -23.89377403259277 4.227512359619141 -0.7843989133834839 2.725706 1.10113 1.973502 3.137049
3 -5.137140274047852 -13.22111892700195 -0.6566818356513977 0.412199 0.650408 1.774172 1.702184
4 -31.4721736907959 12.15621757507324 -1.272381067276001 1.276325 0.348029 0.532183 -2.77779
1 33.75690841674805 -4.209689140319824 -1.300991058349609 3.393677 1.211642 1.316626 0.0194126
4 -3.923481464385986 -5.375960350036621 -1.304690599441528 1.580169 0.524358 1.085248 -1.986243
4 24.15915489196777 -4.338771820068359 -1.385383725166321 1.085 0.402945 0.822423 -1.658435
1 -6.057906627655029 8.808002471923828 -1.009652137756348 4.326419 1.864655 1.712653 -3.133569
6 -24.11205673217773 -3.062859535217285 -1.362434267997742 0.467757 0.18083 0.633974 0.03437611
4 -14.21148300170898 -5.392213821411133 -1.329627990722656 1.334168 0.424956 0.968223 -1.86107
4 -0.4158742129802704 -5.491247653961182 -1.286778807640076 1.499022 0.571412 1.104303 -2.466641
6 -27.45113563537598 -3.080057621002197 -1.240108251571655 1.163799 1.329315 0.904254 1.563106
4 28.59166526794434 -4.313953399658203 -1.384564280509949 1.26918 0.438148 0.799678 -1.160155
4 -39.11780548095703 9.1309232711792 -1.079632997512817 1.769573 0.330225 0.549431 0.5769632
3 -16.56025886535645 13.86370849609375 -0.7446507215499878 0.388235 0.412503 1.23183 -1.592517
1 -33.11589050292969 -3.466166496276856 -0.9127699136734009 2.24306 1.038338 1.070258 1.472463