6 43.12933731079102 -20.04417037963867 -0.3840009868144989 0.438219 1.596114 0.638321 1.529575
5 25.05389976501465 -6.750644207000732 -1.075262546539307 0.220007 0.321994 0.34817 2.31185
1 40.10725021362305 -21.09307289123535 -0.002117757219821215 3.505407 1.659607 1.338953 1.486074
5 38.14982223510742 -16.01426696777344 -0.728863000869751 0.151902 0.344251 0.395751 -1.636245
6 33.52702713012695 -25.52347183227539 -0.08051277697086334 1.298385 0.246519 0.02446 -1.574092
6 41.9800910949707 -40.29545211791992 0.2781098783016205 1.513529 0.193405 0.363537 -1.618028
5 28.56856155395508 -10.00622749328613 -0.9293091893196106 0.236679 0.187849 0.372494 -1.371662e-15
1 2.749848127365112 22.71388816833496 -1.559715867042542 4.444189 0.960448 1.140354 -3.110594
5 37.94906616210938 -19.64019584655762 -0.7681547999382019 0.0788 0.249346 0.385762 0.0
6 33.45831298828125 -37.56037139892578 -0.03953419253230095 1.758926 0.673116 0.997704 -1.599929
5 26.26192665100098 -7.804742336273193 -1.143155574798584 0.12659 0.120161 0.389535 2.31185
1 -7.270086288452148 18.67697906494141 -1.374371647834778 3.776231 1.341022 1.152768 -3.114481
5 27.51418685913086 -8.930590629577637 -1.065364360809326 0.186794 0.163071 0.380879 2.31185
3 -3.189672946929932 29.19593238830566 -1.679557800292969 0.426222 0.20663 0.940757 -3.067065