6 9.624945640563965 6.202833652496338 -1.436805009841919 0.116059 0.176307 0.855985 -3.041341
5 3.234047889709473 6.100439071655273 -1.515299558639526 0.316022 0.360613 0.594489 -3.0456
5 -0.006273487582802773 6.033206462860107 -1.530034303665161 0.420403 0.371576 0.679935 -3.066393
5 10.30961799621582 6.07072925567627 -1.528278708457947 0.409463 0.25705 0.660277 -3.118729
1 -28.32922554016113 -2.686096906661987 -1.393810272216797 1.628501 0.311236 0.86373 -0.04113457
6 -21.90312004089356 -2.581456184387207 -1.18476414680481 0.091842 0.059052 0.382355 0.02777109
6 12.68972492218018 -2.605955123901367 -1.252550482749939 1.724601 0.450335 1.086883 -0.0122437
5 -13.33392810821533 6.228289604187012 -1.566040873527527 0.287408 0.209828 0.534403 -3.055653
5 -23.73493385314941 6.125357151031494 -1.633395552635193 0.257269 0.199854 0.413626 -3.094719
1 42.43765640258789 -3.085354089736939 -0.8354005813598633 4.4143 1.631686 1.97209 0.01198167
5 -7.87082052230835 -2.456250190734863 -1.457985520362854 0.292941 0.342715 0.641678 0.02777109
5 8.985252380371094 -2.452409029006958 -1.461482048034668 0.322315 0.277127 0.645982 -0.01057536
6 -34.31344985961914 6.285402774810791 -1.492273569107056 1.563402 0.21984 0.842859 -3.105327
5 -11.8264217376709 -2.433330535888672 -1.389153599739075 0.268179 0.242676 0.461751 0.02777109
6 -20.1540699005127 6.261189460754395 -1.402789354324341 1.60081 0.209722 0.937669 -3.084822
4 1.733641743659973 -2.672262668609619 -1.160615801811218 1.486739 0.605956 0.786358 -3.044998
5 1.9458167552948 6.045996189117432 -1.522510647773743 0.37974 0.370185 0.687538 -3.055812
5 15.33238506317139 -2.419095277786255 -1.468983173370361 0.457626 0.21161 0.64875 0.03148907
5 4.195993423461914 -2.517238855361939 -1.422967195510864 0.432252 0.404799 0.676202 0.00622562
5 6.047234535217285 5.982863426208496 -1.556201219558716 0.32025 0.318686 0.632417 -3.126503
5 -4.579278945922852 -2.463998079299927 -1.450309753417969 0.394121 0.366566 0.640905 0.02777109
5 -26.86060905456543 6.217341899871826 -1.696892619132996 0.235058 0.286192 0.492567 -3.094719
6 -22.88568687438965 -2.570591688156128 -1.26996374130249 1.041391 0.157906 0.557843 -0.0451765
5 7.130598545074463 -2.379217624664307 -1.436853766441345 0.367373 0.289064 0.686052 0.00622562
5 -33.36808776855469 1.780861735343933 -1.6254962682724 0.120006 0.210814 0.428381 -0.01700694
5 -31.00447273254395 6.11445951461792 -1.633027315139771 0.219854 0.286485 0.627042 -3.094719
5 12.11331939697266 6.026236534118652 -1.563967943191528 0.28643 0.26218 0.635788 -3.120111
5 4.615710258483887 6.059771060943604 -1.545005440711975 0.306786 0.400207 0.633084 -3.125394
5 -2.568912744522095 6.227265357971191 -1.57269287109375 0.458974 0.449052 0.598132 -3.017552
5 -37.0877571105957 1.779298305511475 -1.637239813804627 0.490566 0.268984 0.474025 -0.01700694
6 16.95484352111816 6.192469596862793 -1.413484692573547 1.659614 0.403405 0.989553 -3.120115
5 14.71321201324463 -2.430847406387329 -1.475825548171997 0.410316 0.223566 0.585307 0.03749589
1 23.44724464416504 -2.706887006759644 -1.064905524253845 3.381711 1.553722 1.297879 0.06027327
1 35.95537948608398 -2.381412506103516 -1.056755423545837 3.373479 0.478257 1.541888 -0.01751574
6 11.39234733581543 -2.492865562438965 -1.466689348220825 0.524614 0.229484 0.623554 0.009215681
5 -14.54398441314697 -2.387702226638794 -1.443447351455689 0.246728 0.237119 0.444491 0.02777109
1 38.14712905883789 6.20794153213501 -1.259289979934692 3.819645 0.685553 1.384518 3.108955
5 -16.2471809387207 6.241042613983154 -1.561087012290955 0.371241 0.305533 0.522402 -3.120895
6 10.1947832107544 -2.482385635375977 -1.266797065734863 1.768745 0.303418 0.969805 0.0150832
5 -4.590670108795166 6.137031555175781 -1.57519793510437 0.403397 0.365111 0.603787 -3.120895
1 18.43734741210938 -3.135533571243286 -1.052238821983337 3.764277 1.821925 1.534693 0.03748105
1 20.91079521179199 6.719862937927246 -1.135062217712402 4.318464 1.934271 1.506602 -3.109085
4 -19.64170265197754 7.031723022460938 -1.383097529411316 2.540786 0.776453 0.989429 0.1401311
5 13.82993602752686 -2.442569971084595 -1.491865277290344 0.286008 0.34593 0.547637 0.02615657
1 29.76077079772949 -2.831025362014771 -1.09558367729187 3.902035 1.451874 1.488546 -0.01011216
6 4.496910095214844 -2.580115795135498 -0.0372060053050518 0.149202 0.308982 0.085886 -3.136781
1 43.74631118774414 5.954882621765137 -1.532024621963501 3.639774 0.679224 0.747409 -3.141479
5 7.282760143280029 5.9721360206604 -1.511056303977966 0.296718 0.289985 0.561788 -3.136017
5 -18.11773300170898 -2.404816150665283 -1.550272464752197 0.247381 0.224795 0.322304 0.02777109
1 33.63425445556641 6.518629550933838 -1.505823135375977 2.566564 0.827055 0.949203 -3.128333
1 27.55887222290039 6.54710865020752 -1.155781865119934 4.34107 1.368593 1.639228 -3.129461
1 -34.61327362060547 -2.71786904335022 -1.036921501159668 2.001402 0.543019 0.728384 -0.08616973
5 -10.37178897857666 6.143574714660645 -1.578426003456116 0.172649 0.226248 0.571174 -3.120895
5 8.42536449432373 -2.461859703063965 -1.453475117683411 0.413754 0.367104 0.630226 -0.004663954
3 -40.11343383789063 11.294264793396 -0.8670989274978638 0.363202 0.562107 1.091602 -3.092764
6 14.45396327972412 6.05982255935669 -1.367989182472229 1.677992 0.358007 1.064957 -3.118354
6 -40.45474624633789 6.934010028839111 -1.469431877136231 0.22276 0.695045 0.755444 0.04737774
1 54.38064193725586 6.344331741333008 -1.332702159881592 1.898203 1.347764 1.443337 3.137215
5 18.41351318359375 5.713921546936035 -1.621915578842163 0.300116 0.350093 0.518238 -3.108393
1 51.10917663574219 -2.072675228118897 -1.334336280822754 4.06477 1.072862 1.210776 -0.005686557
5 -29.96429824829102 1.827221989631653 -1.637509822845459 0.217315 0.235278 0.393314 -0.01700694
6 -39.79350662231445 6.248880386352539 -1.439237356185913 1.64249 0.232623 0.766139 -3.034775
6 8.6498441696167 6.071928977966309 -1.36970055103302 1.669803 0.220722 1.038655 -3.134881
5 -6.991685390472412 6.083439350128174 -1.55777382850647 0.32651 0.352676 0.648823 -3.120895