1 -22.33103179931641 1.173236012458801 -1.121911764144898 2.762641 2.114857 1.295399 -0.004671121
1 -42.0804557800293 0.4093931913375855 -0.9391685128211975 2.572908 1.390974 1.820739 0.0
3 9.33238697052002 -4.923434734344482 -0.7616451382637024 0.412303 0.590907 1.569349 -0.1688286
4 -58.09733581542969 -4.890939712524414 -1.451182723045349 1.827852 1.33556 1.32731 -3.075088
1 14.06309318542481 3.501117944717407 -1.117449283599854 4.419508 1.948554 1.481246 -4.654203e-17
3 -30.71388244628906 -8.56146240234375 -0.7536495327949524 0.334743 0.415724 1.53795 -1.126395e-15
6 48.95306015014648 1.363257169723511 -0.966020405292511 0.276346 0.780675 0.457336 0.0
4 57.04844284057617 -1.953649282455444 -1.151066064834595 1.034143 0.474849 1.107003 0.0
1 -11.91481018066406 3.580028057098389 -1.071000814437866 4.372275 2.102088 1.584579 0.000835383
1 -23.51103401184082 21.89176750183106 -1.535734057426453 4.659681 1.830752 1.721275 -3.11825
4 -23.8879451751709 -3.336403608322144 -1.064974188804627 2.499689 1.045626 1.398581 0.02183861