2 5.234466075897217 -11.95339584350586 -0.5498770475387573 5.744409 2.089635 2.557429 -1.517396
1 28.13306617736816 3.849272727966309 0.160317674279213 0.491052 2.022135 1.793175 -2.933279
1 40.89581298828125 -7.282737255096436 0.07656349241733551 2.385877 2.436587 1.087171 -0.01414949
2 1.090249419212341 6.551203727722168 -0.7393974661827087 2.335003 1.426995 2.376176 1.617063
6 25.68048858642578 8.382054328918457 -0.5812538266181946 0.257639 0.267031 0.145964 -2.295045
6 39.34254837036133 -4.607839584350586 -0.2191789895296097 0.694827 1.013803 0.414687 -3.141592
4 -0.3891713619232178 -3.378643035888672 -1.005324721336365 2.947731 1.156652 1.556093 -0.234463
2 -28.46664810180664 -1.576006054878235 -0.4746343493461609 6.022544 1.11478 2.785155 0.1748834
3 1.597784876823425 -4.394991397857666 -1.037375688552856 0.476287 0.614082 1.444825 1.507139
2 -9.475506782531738 4.760051250457764 -0.3983283638954163 2.110564 0.450512 2.028922 -2.923908
2 -21.3444938659668 0.2987636923789978 -0.4607693552970886 4.501847 2.063409 2.823546 -3.106172
1 14.79794692993164 11.33027648925781 -1.260673403739929 2.99757 1.897552 1.484857 1.633604
6 29.99162292480469 -1.607132792472839 -0.5441323518753052 0.445233 1.379645 0.473679 3.108611
2 -35.081787109375 -5.966653347015381 -0.3892990648746491 6.418502 2.421567 2.862271 1.29143
3 3.236499786376953 -5.886745452880859 -0.9525951147079468 0.49282 0.850131 1.708311 1.507139
2 11.24486541748047 -7.375758647918701 -0.5737993121147156 2.701893 2.257523 2.53944 0.1177303
2 -14.49723720550537 2.164570093154907 -0.5677418112754822 6.507138 2.089546 2.649303 -3.007442
2 -37.61359024047852 -14.14405155181885 -0.6536730527877808 1.986757 2.32132 2.544818 -3.039993
2 13.19174575805664 -4.252655982971191 -0.5377029180526733 6.130216 2.193109 2.54865 0.06160171
6 26.11512756347656 26.96392250061035 -1.977926254272461 0.639449 0.670789 0.329107 0.6015692
3 2.700309753417969 3.140735387802124 -0.9344398379325867 1.068887 0.699829 1.712697 0.1894239
2 -48.39127731323242 -15.02371597290039 -0.5540493130683899 5.219853 0.785983 2.521005 -1.361602
2 -15.40439128875732 -6.912469863891602 -0.460885226726532 6.291342 0.973206 2.615579 -2.874174
1 26.92045783996582 12.09370231628418 -1.373075723648071 4.080537 2.046497 1.345328 0.2733536
2 -5.672936916351318 -4.944008827209473 -0.6047434210777283 6.063717 2.346675 2.34661 0.203152
5 -32.57199096679688 -11.59865093231201 -1.477280378341675 0.341193 0.298831 0.449788 0.005119439
2 55.67744445800781 -6.84559965133667 1.06259024143219 3.212518 1.017905 2.096354 -1.164091e-16
4 -11.31294059753418 -1.238357543945313 -1.013235688209534 1.337304 0.700382 1.589938 -2.941612
2 -1.266993522644043 -9.426310539245605 -0.5963471531867981 6.221918 2.57675 2.506549 1.744227
1 13.29219627380371 -1.456529378890991 -0.8086874485015869 3.024932 1.581262 0.968082 0.05444884
2 43.06673049926758 9.361979484558105 -0.2951722145080566 4.002705 2.049019 1.878506 1.626454
2 -2.601736307144165 3.320748329162598 -0.6966547966003418 6.111186 1.426977 2.267876 -2.974375
2 2.773501396179199 4.791024208068848 -0.7108750939369202 2.104891 2.509128 2.353185 -2.173573
2 -13.44916725158691 4.530250549316406 -0.6416643261909485 3.487742 1.747373 2.660005 -2.968354
6 22.7967529296875 1.120030879974365 -0.5952134728431702 0.133739 0.53728 0.389366 2.889438
4 52.15641403198242 -7.432816505432129 0.2958528399467468 2.158708 0.842047 1.674711 3.135967
1 17.68635559082031 5.571660041809082 -1.091513156890869 3.139646 1.597014 1.509464 -1.022445
3 25.05805397033691 9.253422737121582 -0.6820285320281982 0.304129 0.57754 0.892931 -0.5224699
2 -4.271153450012207 -8.376825332641602 -0.6043720841407776 4.489758 2.028133 2.400764 1.712358
6 25.64713859558106 -3.252033710479736 -0.7230190634727478 2.842915 1.348072 0.281455 -0.04111629
1 19.12091255187988 -1.226708054542542 -0.7235445380210876 2.113762 1.339487 0.906905 -0.3830705
4 3.859891653060913 -10.8356876373291 -1.32028603553772 0.418518 1.735599 0.694214 -3.140218
6 3.11420750617981 9.470491409301758 -1.286100029945374 0.366423 0.713425 0.832434 -1.203826
6 12.93259906768799 -10.60194110870361 -1.485518574714661 0.413898 0.815259 0.450212 -3.140218
2 -40.65579986572266 -3.093523263931274 -0.4730463922023773 3.542295 0.489736 2.827374 0.1573428
2 11.18103981018066 -12.60441303253174 -0.4600536227226257 6.048921 2.058984 2.592459 -1.54272
4 15.29265022277832 0.7880455255508423 -1.01302707195282 2.6404 1.351785 1.561032 -0.6204625
1 7.212092876434326 -0.6912246346473694 -1.053192019462585 3.417361 1.920208 1.472565 -0.1525256
3 29.42555999755859 24.81197166442871 -1.465346097946167 0.282272 0.284697 0.550152 0.3397779
1 43.17612075805664 -2.260796785354614 -0.003856210503727198 5.523497 2.128751 1.331238 0.1543807
1 10.66685199737549 28.6987419128418 -1.652028560638428 3.637686 0.498854 1.090121 1.642378
1 30.03985214233398 -5.317800998687744 -1.204596042633057 3.699759 1.080202 1.327395 0.1556002
1 16.61585426330566 2.611201286315918 -1.087689280509949 2.461828 1.745086 1.466885 -0.9041322
3 26.49225425720215 8.097758293151855 -0.4958989918231964 0.331462 0.472207 0.393145 0.08271632
1 -45.81940078735352 -14.67416477203369 -1.136519908905029 1.894112 0.603614 1.489954 -1.413323
2 49.19015884399414 14.43225193023682 -0.3709156215190888 5.843012 1.979519 2.14904 1.557053
1 33.98405075073242 -5.298142433166504 -0.8229073882102966 0.991948 1.32886 0.898379 0.0196887
3 2.154432773590088 -2.996695995330811 -0.8491944074630737 0.676799 1.171899 1.557383 1.507139
2 1.229490399360657 -6.996603965759277 -0.5785492062568665 2.034316 2.125066 2.200339 1.752277
6 35.10107040405273 7.70534610748291 0.5303876399993896 1.006479 1.456642 1.812614 3.141592
2 27.74886512756348 1.748473525047302 0.1752942055463791 5.916665 2.103086 1.658326 3.005824
1 35.85479736328125 -0.4916117191314697 -1.003174066543579 0.374156 1.116057 1.196236 -0.01011998
1 -29.92392730712891 -12.00291347503662 -1.132571220397949 3.707861 0.653901 1.147702 0.1716878
6 32.06821441650391 6.09592342376709 0.230300173163414 0.569937 1.174426 1.446182 0.03304343
1 41.55719757080078 -4.695606231689453 0.02895258739590645 2.466383 2.031421 1.227215 -3.071723
1 7.492001533508301 4.204724788665772 -1.088903665542603 4.266219 1.879041 1.452633 -2.085016