2 -5.644514083862305 4.628994464874268 -0.642281174659729 6.123796 2.170864 2.370012 -0.07655828
2 -22.18469429016113 -8.35663890838623 -0.5559157729148865 5.993159 2.21552 2.927883 -0.1214153
1 -7.763387203216553 -17.12317848205566 -0.7664002776145935 4.46653 1.856303 1.545176 -1.416356
2 8.103692054748535 4.041426658630371 -0.5922023057937622 6.601842 1.84052 2.375934 -0.02374914
2 23.95170211791992 3.712415218353272 -0.2556799948215485 1.478039 1.947815 2.438244 1.661542
2 20.77457618713379 -4.882384300231934 -0.2767893075942993 0.514512 2.111042 2.530839 -1.49304
6 56.54723358154297 2.941877126693726 -1.439290165901184 0.772264 1.247699 0.365688 0.02625379
1 -50.56929779052734 4.873751163482666 -1.535318851470947 2.999285 0.312246 0.872475 -3.053622
1 -9.593964576721191 -10.24575710296631 -0.8872461915016174 3.901091 1.836959 1.592583 -1.401304
2 -32.29428100585938 4.23932695388794 0.06146728992462158 2.100762 0.788205 1.716131 -3.09989
3 -45.75032424926758 -3.095972776412964 -1.06493353843689 0.28963 0.719377 1.400237 3.055455
2 1.036616921424866 4.742878437042236 -0.6776580810546875 6.393027 2.198195 2.234499 3.09623
1 -10.51370811462402 -5.558925628662109 -0.9562940001487732 4.141054 1.650917 1.793347 3.132831
2 16.15242385864258 3.933417558670044 -0.4582805335521698 5.978538 1.445296 2.6046 -0.01063531
4 -18.14660835266113 -2.488883018493652 -1.068226337432861 1.487872 0.783005 1.48241 3.015542
2 -52.27727127075195 -4.280542850494385 -0.3274827897548676 6.010565 2.374846 3.128168 -0.1800586
1 -31.89409446716309 -3.473661184310913 -0.9419510960578918 4.194988 1.743046 1.929621 3.101309
2 -59.91001510620117 5.902884006500244 -0.6182914972305298 1.361018 2.152521 2.772879 -3.122432
4 -7.476646900177002 -10.96861267089844 -1.014367341995239 1.633229 0.600618 0.957962 -1.251982
2 -32.04757308959961 -6.069703578948975 -0.4770522117614746 6.190267 2.213908 2.858105 -0.04020801
2 -12.47830295562744 4.451072692871094 -0.5781775116920471 6.055277 1.199583 2.558837 3.098713
2 -3.184022903442383 -17.70849418640137 -0.2331274598836899 4.496932 2.139454 2.107623 -1.388412
1 -21.69061470031738 -6.053554534912109 -1.168537259101868 4.309181 1.887264 1.446213 -0.0553019
2 34.20275115966797 3.051143884658814 -0.1598067879676819 1.336107 0.687085 2.305155 0.1474708
2 21.36137962341309 3.748891353607178 -0.8651641607284546 0.456175 1.743036 1.945693 -1.623774
2 -38.9212646484375 4.469669342041016 -0.4712991118431091 2.95668 0.537016 1.70457 -3.042965
1 -12.45042133331299 -12.00225448608398 -0.92631995677948 3.994076 1.233409 1.728124 1.633679
4 58.52954483032227 -2.777857542037964 -1.133825540542603 2.564548 1.008909 1.202157 -0.02593496
2 46.02765274047852 3.216611385345459 -0.4592006504535675 0.656241 0.813029 2.225857 0.008087594
6 43.34196472167969 3.451101541519165 -0.8869917392730713 0.33637 0.357182 1.126644 -1.521836
3 -4.754906177520752 -10.99068069458008 -0.7730498313903809 0.462139 0.893634 1.431048 -2.073181
2 -52.36202621459961 -7.073207855224609 -0.05384964123368263 1.572279 1.102417 1.005219 -3.027001
2 -27.40162467956543 4.510036945343018 -0.4075742065906525 4.598203 0.691324 2.971468 3.108474
2 21.43653297424316 -3.185714483261108 -0.3775183260440826 6.702488 2.487731 2.775042 -3.053773
4 -1.486873865127564 -4.466890335083008 -1.280562520027161 1.690504 0.939141 0.977452 0.0
2 17.23942947387695 -4.592476844787598 -0.3560463190078735 0.312719 1.834508 2.460756 -1.416911
2 9.757369041442871 -4.003861904144287 -0.5005661249160767 6.445032 1.652072 2.288785 0.03156239
2 -21.24482536315918 4.266472339630127 -0.4916155934333801 5.847888 0.527675 2.816717 3.120857
4 -21.20709037780762 2.609513998031616 -1.095245718955994 2.481434 1.044653 1.590957 -3.085274
2 -0.4468080699443817 -16.36098289489746 -0.2800785005092621 4.422196 2.129953 2.034438 -1.384364
2 -30.21994018554688 -7.758076667785645 0.1001096293330193 3.432921 0.886431 1.544569 3.114271
1 53.33684921264648 -0.4896616041660309 -0.9819878339767456 1.424919 1.698695 1.035985 0.013415
2 3.004162788391113 -4.274085998535156 -0.5881491303443909 6.149651 2.30705 2.152101 -3.07104
2 28.65118408203125 3.220580577850342 -0.374833345413208 5.320938 0.818322 2.766168 0.02187686
2 -16.85903930664063 4.224759101867676 -0.5179365873336792 0.836236 2.410769 2.681075 1.65329
2 -16.35759544372559 -10.52738952636719 -0.3417228162288666 6.144522 2.244919 2.557024 -2.183958
3 -8.286863327026367 -3.642827272415161 -1.030956029891968 0.443196 0.786192 1.548434 2.916937