1 40.97162628173828 -5.207719802856445 -0.01015338394790888 2.637303 1.816594 0.861739 0.2669778
1 16.25874328613281 3.339989185333252 -1.099700450897217 2.695349 1.688691 1.469145 -0.8753423
4 14.90736198425293 1.477255702018738 -1.061974763870239 2.685466 1.27413 1.497536 -0.6186004
2 48.27557754516602 16.90929412841797 -0.5067870020866394 5.210811 2.026387 1.932162 1.63044
2 29.73772430419922 5.851781368255615 -0.001731089316308498 4.737889 1.870417 2.096162 0.2859738
2 -5.724982261657715 -5.04097843170166 -0.594576895236969 6.124583 2.377711 2.346374 0.2070826
2 5.452670574188232 -12.2758674621582 -0.5794036984443665 6.992465 2.263061 2.582747 -1.478676
2 -15.1627721786499 -7.503927230834961 -0.4454605877399445 5.818839 1.11036 2.594918 -2.836159
2 -34.58417129516602 -6.750878810882568 -0.1857778131961823 6.14212 2.138839 3.039338 1.203513
2 42.35990905761719 11.24105644226074 -0.4023975431919098 3.872251 1.992842 2.086533 1.623814
5 -35.08472442626953 -13.62687492370606 -1.42387866973877 0.196856 0.167352 0.485933 0.2568767
4 3.953771591186523 -10.83568286895752 -1.272435545921326 0.294182 1.301474 1.092054 -3.037959
1 34.03477096557617 -3.70532751083374 -0.7318734526634216 1.124988 1.355432 0.697404 0.2246756
1 22.68445205688477 1.897473096847534 -1.156410813331604 2.646144 0.473835 1.395135 -1.121317
2 27.3705940246582 3.042820692062378 0.04084103554487228 5.977831 2.109658 1.66192 3.04749
4 27.97567939758301 26.79921722412109 -1.791497945785523 1.748168 0.318319 0.834586 1.633962
1 16.96996116638184 6.338851928710938 -1.141160488128662 3.081997 1.271961 1.446126 -0.9521305
3 24.39080238342285 10.44476413726807 -0.788722038269043 0.317946 0.60202 0.670052 -0.05935813
4 -0.5969916582107544 -3.345696687698364 -0.9042302966117859 3.073163 1.222147 1.407211 -0.2124675
4 -22.28904724121094 -7.687992572784424 -0.9680514931678772 1.222482 0.771752 1.584132 -2.87613
3 2.968792915344238 -3.027060985565186 -0.9328731894493103 1.252614 1.032611 1.649779 -0.5063536
6 25.22846603393555 -1.743239402770996 -0.66029953956604 1.150381 1.063347 0.265705 0.04734088
1 8.973845481872559 30.30748748779297 -1.626698613166809 1.258047 0.554788 1.045335 -1.444503
1 26.28665924072266 13.26575183868408 -1.501245737075806 4.636508 1.94922 1.272524 -2.867442
6 25.47531700134277 9.384078025817871 -0.5871294140815735 1.089216 0.526406 0.205935 0.01511487
2 -28.66598320007324 -2.739388227462769 -0.3120414614677429 5.968221 0.991173 2.906151 0.1990992
2 -13.9595832824707 3.955181121826172 -0.6002649664878845 3.457965 1.693454 2.605463 -2.953534
2 13.02457618713379 -3.604260921478272 -0.5306180715560913 6.138224 2.183733 2.510435 0.1051379
2 11.70937061309815 -16.06527137756348 -0.3189651966094971 1.27741 0.374543 1.31149 -2.952895
2 -40.80367660522461 -4.98953914642334 0.4153108298778534 3.567558 0.382637 1.100501 0.3009757
2 -9.981249809265137 4.336942195892334 -0.3859018683433533 0.495727 2.142866 2.032108 1.775555
2 11.29324150085449 -6.862929344177246 -0.5693733096122742 2.716653 2.389265 2.507661 0.2037543
1 59.90624618530273 1.694259405136108 -0.2099882066249847 2.598909 0.362046 1.417874 -3.01216
2 55.9981689453125 -4.286999225616455 1.703055620193481 2.055268 0.725843 0.74514 0.1869631
3 3.214014053344727 -5.751550674438477 -0.9527727365493774 0.622417 0.852594 1.72324 1.82366
4 52.26902389526367 -5.010711193084717 1.000866770744324 1.446614 0.901547 1.970564 0.1869631
5 -32.22711944580078 -11.6983118057251 -1.440513491630554 0.109325 0.187344 0.473672 -1.141013
1 2.195721387863159 9.815630912780762 -1.145143866539002 1.22739 0.71041 1.01703 -2.223703
1 30.15921974182129 -3.96346116065979 -1.264715790748596 4.053139 1.227097 1.449484 0.1100442
2 0.4459407031536102 6.506392002105713 -0.7185512185096741 2.155857 1.749091 2.335533 1.70662
2 -1.125484108924866 -9.33167552947998 -0.5961506962776184 6.080534 2.600958 2.477609 1.781136
1 36.69182968139648 1.453145027160645 -1.1427161693573 2.826351 1.049113 0.886537 0.2246756
2 -14.79630756378174 1.588626146316528 -0.5355057120323181 6.411051 2.139063 2.602564 -2.950275
2 -21.64458465576172 -0.6027259826660156 -0.3945577144622803 4.564583 2.016691 2.788612 -3.051567
1 30.8516960144043 -0.120893694460392 -0.5525090098381042 2.491416 1.46594 0.518272 0.1323101
2 1.274183511734009 -6.898299217224121 -0.6263805031776428 2.06981 2.15872 2.279104 1.773246
1 19.42652130126953 -0.2609109580516815 -0.7859559655189514 2.897339 1.515046 0.892291 -0.09393331
6 31.15686798095703 8.492037773132324 -0.4145428836345673 0.254074 0.933386 0.154513 0.1567152
2 42.88854217529297 -0.2978073954582214 -0.004146134480834007 5.844929 2.080185 1.331072 -2.959474
2 41.62158966064453 -2.854941606521606 -0.1476402133703232 2.065449 2.076127 1.569671 -2.923927
4 26.0426139831543 31.23403358459473 -1.785849809646606 1.563375 0.483683 1.074626 -1.478695
2 11.4770393371582 -12.11692047119141 -0.5319375991821289 6.138371 2.066492 2.720839 -1.502919
3 1.618419766426086 -4.259868144989014 -1.023420929908752 0.411413 0.50796 1.451448 1.40238
6 -30.04747009277344 -13.27561664581299 -1.119826078414917 2.747097 0.36754 0.745082 0.248521
1 5.654982566833496 3.67754340171814 -1.159420490264893 3.96072 1.92703 1.345411 -2.398471
5 -32.2313117980957 -12.99838066101074 -1.472203373908997 0.281119 0.234491 0.463665 0.2568767
2 -3.109394788742065 3.439468145370483 -0.6857496500015259 6.135722 2.192076 2.266846 -2.936563
1 12.57687854766846 8.06158447265625 -0.9575957655906677 3.991019 1.899803 0.83988 -2.140541
2 -4.174355983734131 -8.37702751159668 -0.607878565788269 4.264969 2.075665 2.391148 1.757986
1 -45.20680999755859 -17.25177955627441 -1.017344236373901 2.312052 0.511462 1.248682 1.825558
1 6.990126609802246 -0.2094883769750595 -1.078827619552612 3.470398 2.128946 1.481153 -0.105273
2 2.313952207565308 4.947128772735596 -0.6850400567054749 2.169405 2.465755 2.301922 -2.177056
1 13.13423156738281 -0.7739361524581909 -0.8671184778213501 3.219352 1.937886 0.963276 0.02438585
2 -47.99192428588867 -16.82708930969238 -0.232873946428299 5.965655 0.75171 2.941968 1.825558
2 -37.31555938720703 -15.65495204925537 -0.4612868130207062 2.111481 2.06356 2.793514 1.79523
6 34.38087844848633 9.273027420043945 0.2909339964389801 1.077353 1.646113 2.279785 -2.95463
1 12.55392456054688 17.24419212341309 -1.779615998268127 0.902544 0.492713 0.731795 -2.203491
4 21.48269462585449 29.71396446228027 -1.371469974517822 0.710224 1.01727 1.91322 1.773582