1 23.22237586975098 -3.017539024353027 -0.8881275653839111 4.084941 1.886577 1.673765 0.01970909
4 30.49850845336914 -6.617617130279541 -0.7655271887779236 1.058939 0.500258 1.596179 0.3670484
6 44.94815444946289 16.26931571960449 -0.5693418979644775 1.885205 1.78681 0.327178 -2.985787
4 -10.83672142028809 -6.897918224334717 -0.979407548904419 1.905276 0.692109 1.74393 0.07893269
1 9.23642635345459 8.440807342529297 -0.9244597554206848 3.680992 2.070391 1.636688 -2.26808
2 15.41457748413086 22.84504508972168 -0.4580875635147095 11.141246 3.228338 3.349068 -3.124936
4 16.59525489807129 -5.499305248260498 -0.9632762670516968 1.714616 0.555932 1.496057 0.1801919
1 9.618931770324707 14.88136100769043 -0.9472871422767639 4.552302 1.989699 1.892715 -3.138229
4 4.551566600799561 -5.515445232391357 -1.007998704910278 1.760067 0.723548 1.502382 0.06632195
6 46.13507461547852 -7.347526073455811 -0.1645291596651077 0.408305 0.398501 0.602269 -0.003269218
4 16.89005279541016 -7.479076862335205 -0.9819503426551819 1.561122 0.647263 1.481725 0.1100539
2 -14.76301860809326 22.494873046875 -0.3472730219364166 11.348608 2.865602 3.070266 -3.115605
3 -38.78681182861328 -11.0933780670166 -0.9528324007987976 0.664354 0.478313 1.499824 0.08109187
4 -40.23659896850586 -6.474956512451172 -1.161677002906799 2.113502 1.316987 1.507014 0.08227389
1 1.367412209510803 18.10442161560059 -1.269600987434387 4.470242 1.709323 1.477381 -3.111596
4 2.126281023025513 4.325849056243897 -0.9758360981941223 2.013574 0.83002 1.61112 -1.4177
4 4.739262104034424 6.39695405960083 -1.009677767753601 2.835832 0.946057 1.46444 -1.899247
4 3.459081649780273 5.724947452545166 -0.8762890100479126 1.075625 0.522628 1.388604 -1.815682
1 25.3929615020752 15.1801061630249 -0.7713257670402527 3.512457 1.958837 1.210459 -3.135897
1 23.30913734436035 1.473044753074646 -0.8669078350067139 4.214006 1.857828 1.635696 -0.03082104
4 8.114302635192871 -6.113587379455566 -0.9070776700973511 1.821448 0.649258 1.702245 0.01019869
4 -25.25825500488281 -6.02948522567749 -1.158376455307007 1.08263 0.697753 1.548552 -0.0235888
6 -19.14813804626465 20.30687141418457 -0.9043326377868652 0.239225 0.38102 0.236348 0.06477734
1 15.87438201904297 11.3560037612915 -1.070133328437805 3.668127 1.380212 1.340091 -3.043912
4 -0.2319011688232422 5.255886077880859 -1.002599596977234 1.390816 1.016089 1.590549 -1.945274