4 -30.84427642822266 -5.910661697387695 -0.9524974226951599 2.694306 1.089511 1.636436 -0.02698234
3 -25.25752067565918 26.64970207214356 -1.376901030540466 0.194418 0.36348 1.346296 -1.01498
4 19.7695255279541 -7.533725261688232 -1.060158848762512 1.463853 0.518342 1.485261 -0.02698234
4 55.51712036132813 -7.889325618743897 -1.068145632743835 0.37882 0.539825 1.065164 0.03881944
4 -2.638231754302979 -6.242147922515869 -0.9605204463005066 1.724923 0.92199 1.593 -0.02698234
1 12.68945980072022 18.64332008361816 -1.415287017822266 4.71355 2.045114 1.934834 3.135974
1 -16.79489135742188 15.45265102386475 -1.647665143013001 4.532839 1.890163 1.489552 3.12952
2 11.08147430419922 22.48453140258789 -1.129375100135803 6.756425 2.226513 2.690429 3.135974
4 29.43554496765137 -7.324260234832764 -0.9325339198112488 1.122743 0.593076 1.557768 -0.02698234
4 26.78334617614746 -4.813371181488037 -0.9709404706954956 2.872553 0.966789 1.751098 -0.02698234
1 -8.123087882995605 18.6345157623291 -1.672041773796082 4.473555 1.752214 1.452909 3.123406
3 -4.815507888793945 -10.75856304168701 -0.6326919794082642 1.177365 0.899451 1.736155 0.007272698
1 -33.40019989013672 15.25109195709229 -1.759119033813477 2.901277 1.748236 1.339051 3.134282