2 10.98009586334229 -5.749262809753418 -0.6037039160728455 2.141132 2.25972 2.534131 0.2545366
6 -6.125701427459717 -9.345487594604492 -0.2221487611532211 0.775298 0.13775 0.306692 1.899101
1 15.64004135131836 4.46737813949585 -1.142773032188416 3.851186 1.727221 1.472966 -0.7701764
2 42.00535202026367 3.698328256607056 -0.139834076166153 5.961456 2.266661 1.586426 -2.881116
6 22.60401344299316 32.92893981933594 -1.398579955101013 0.26101 0.251699 0.238097 -1.481714
1 -44.20351409912109 -20.66819763183594 -1.029983282089233 1.754021 0.453377 1.259666 1.924873
6 24.55914878845215 0.5450197458267212 -0.8160169124603271 3.208591 0.602013 0.326659 -0.05631308
2 -36.45600509643555 -18.79819297790527 -0.4567951261997223 1.927758 1.561207 2.163951 -2.794231
1 24.23480033874512 15.70903778076172 -1.469380021095276 4.265973 1.755461 1.24784 -2.882421
2 41.14275741577148 1.254128575325012 -0.1305136531591415 1.841111 1.995271 1.524568 -2.881116
1 9.516998291015625 7.297691345214844 -1.131192445755005 3.845902 1.661907 1.419837 -2.10807
1 0.2942709922790527 10.23798847198486 -1.081920266151428 1.942778 0.76314 1.329788 -1.712389
3 10.77217483520508 19.88503456115723 -1.352155685424805 0.505844 0.619172 1.520424 0.505941
4 -11.16692638397217 -5.842597007751465 -0.8955246210098267 1.266729 0.705414 1.620335 0.3888406
1 -7.666400909423828 -11.63657665252686 -0.1318797767162323 0.813189 0.150927 0.59052 1.957841
4 24.69728851318359 29.27353477478027 -1.770378947257996 1.549541 0.366445 0.826221 1.712743
2 26.25062370300293 5.489240169525147 -0.08766777813434601 6.224796 2.20936 1.846722 3.090267
2 -28.58901786804199 -5.140095710754395 -0.3556613624095917 5.206052 1.009444 2.901737 -2.827003
1 15.8156681060791 8.080923080444336 -1.152739405632019 3.099443 1.680959 1.485831 -0.8723198
2 40.50251770019531 15.37493515014648 -0.4003948271274567 3.927868 1.927225 2.067408 1.735203
2 2.144667148590088 7.021002769470215 -0.6333259344100952 6.317976 2.419537 2.443308 -2.047866
2 28.46366119384766 8.668384552001953 -0.25416299700737 4.819786 1.865662 2.207355 0.3564701
3 34.70438003540039 4.350413799285889 -1.012673616409302 0.325212 0.29825 0.656268 -2.917536
2 12.66950702667236 -2.381664991378784 -0.5612044930458069 6.311214 2.191064 2.520644 0.2061199
2 -33.54814910888672 -8.077075958251953 -0.2566148042678833 3.026677 1.196122 2.96345 -1.70184
3 9.274681091308594 -0.9214377999305725 -1.022744059562683 0.495131 0.754802 1.630208 0.2948075
2 5.98822021484375 -11.26234912872315 -0.5811174511909485 6.324179 2.354662 2.560284 -1.368983
1 15.80442237854004 1.826355695724487 -0.7856497764587402 2.026582 1.45033 0.862118 -0.8111565
3 28.84596824645996 32.82147979736328 -1.009242296218872 0.529498 0.379228 1.365745 -1.203462
1 6.228322505950928 0.431507408618927 -1.066905856132507 3.264719 1.817199 1.452851 -0.1198454
3 -10.87894248962402 -5.13083553314209 -0.9105575680732727 0.571376 0.531837 1.686348 -2.30071
2 -15.14216232299805 -8.64163875579834 -0.4571522176265717 5.865796 0.583243 2.651554 -2.757201
1 10.75943374633789 14.62883281707764 -1.277174711227417 4.412592 1.806249 1.513117 -1.275548
4 14.5176248550415 3.330922603607178 -1.074684977531433 1.762575 0.716323 1.568337 -0.8063588
2 -55.58066940307617 -20.01724624633789 0.5197499990463257 1.83549 2.339258 1.459102 0.3401518
1 -40.96907424926758 -13.92304706573486 -0.9892567992210388 3.792084 1.828305 1.327334 0.3433585
4 1.009288787841797 -3.593538284301758 -0.9922513365745544 2.982921 1.228032 1.528713 -0.04001035
1 29.63078498840332 -1.09238612651825 -1.2507643699646 3.818568 1.184883 1.446789 0.2649954
1 12.44976615905762 0.5387521386146545 -0.9215607047080994 3.202671 1.604434 1.028001 0.2948077
2 -3.989348888397217 2.99640679359436 -0.657284140586853 6.048048 1.316288 2.290505 -2.869224
1 24.65769195556641 12.80491542816162 -0.7803887128829956 4.088081 2.082082 0.681767 -2.752313
2 -5.951504707336426 -5.591997146606445 -0.5807628035545349 6.382254 2.393215 2.346509 0.3120237
1 22.53800773620606 3.990993022918701 -0.8414812088012695 2.445513 1.672254 0.910393 3.03254
2 -14.91653156280518 2.719913721084595 -0.5638650059700012 3.421976 1.764272 2.575901 -2.844772
2 -11.0493745803833 3.42224931716919 -0.3828625679016113 2.006969 0.322285 2.065493 -2.799
1 28.15503120422363 10.7998571395874 -0.7015107870101929 3.397894 1.173602 0.745947 -2.910645
6 18.3929443359375 1.457984805107117 -0.5507242679595947 1.379423 1.263917 0.410196 3.040452
2 -0.8894672393798828 -9.357462882995605 -0.6052141785621643 6.1739 2.685675 2.495329 1.871611
1 -27.65417671203613 -10.83622932434082 -0.7836960554122925 3.398196 2.04725 1.659846 0.3683439
4 33.25427627563477 -0.0439535528421402 -1.039348483085632 0.723334 0.4136 0.79025 0.3458457
2 -4.116027355194092 -8.62503433227539 -0.621825098991394 3.765976 1.929566 2.401702 1.833505
2 11.9196662902832 -10.98365306854248 -0.5502749085426331 6.373226 1.973217 2.719692 -1.407241
2 17.55442810058594 33.70881652832031 -1.37691855430603 4.895145 1.650711 1.947023 1.69733
3 6.973889350891113 -2.619977951049805 -1.11760139465332 0.942228 0.664651 1.437607 0.8378317
2 -22.8029899597168 -2.75687837600708 -0.3439567685127258 6.000096 2.160432 2.777999 -2.951679
2 1.747623085975647 -7.912740707397461 -0.6155319809913635 4.635664 2.102713 2.359055 1.933103
2 -1.042511224746704 6.557240962982178 -0.72015780210495 1.926075 1.968962 2.342576 1.810636
3 2.481980800628662 -5.155647277832031 -0.7403537034988403 0.406331 0.767653 1.307605 1.919908
2 -15.55552387237549 0.2682333290576935 -0.5047716498374939 6.437072 2.134148 2.584704 -2.869224
2 45.8809928894043 21.24223709106445 -0.6354696750640869 5.552853 2.038299 2.183174 1.735203
1 4.241159439086914 3.947786331176758 -1.084539175033569 3.844385 2.006595 1.444372 -2.477154
2 -46.83844375610352 -21.19270133972168 -0.3466053605079651 5.777702 0.916305 3.04351 1.899165
2 59.17626571655273 7.545295238494873 -0.3969066441059113 2.114235 0.23581 1.099769 -2.883322