1 13.3822774887085 3.227793216705322 -0.9471947550773621 4.275451 2.107207 1.650978 -3.110532
1 42.1474609375 4.3182373046875 -0.9471811056137085 1.386634 0.492332 1.259005 0.08097219
2 37.97086715698242 3.181307554244995 -0.5428324341773987 2.597445 1.020255 1.458521 2.993254
6 18.74471282958984 -2.327518701553345 -1.029178977012634 2.597678 0.391936 1.420608 0.05348744
2 -2.731938600540161 7.617685317993164 -0.5633218884468079 6.626097 2.480414 2.289316 -1.474773
1 19.73871803283691 -0.7917245030403137 -1.051928997039795 3.028887 1.478414 1.376605 0.05825216
2 -19.79693984985352 3.237585544586182 -0.494224339723587 2.287806 0.772698 2.65878 -3.104125
2 -22.80848121643066 3.357153654098511 -1.171276926994324 0.285663 1.715449 1.088465 1.662924
2 -37.58176040649414 3.176239490509033 -0.2660064697265625 11.17128 3.067565 3.504147 0.02452921
2 27.55468940734863 5.738709449768066 0.04204236343502998 4.426657 2.435897 2.132654 0.12019
2 7.501490116119385 7.018979549407959 -0.6097375154495239 3.373885 2.29098 2.393844 1.888417
1 35.26678085327148 -0.2159491628408432 -0.6985214352607727 0.390013 1.036258 0.956817 3.108278
4 -36.3150749206543 -2.35090184211731 -1.272121429443359 1.039114 0.80837 1.128239 0.05846376
1 23.27229499816895 3.649596929550171 -0.8377820253372192 0.885628 0.497687 0.923266 -3.02788
2 -9.967369079589844 6.567479133605957 -0.5574747323989868 6.297112 2.276531 2.43472 1.87269
1 29.15500450134277 8.326484680175781 0.4390029311180115 1.092614 1.127414 1.349791 -1.350287
1 12.99858570098877 5.916104316711426 -1.032599449157715 2.461377 1.663962 1.453013 -1.400364
2 -19.61270523071289 -3.188125133514404 -0.4767314195632935 1.927762 2.453854 2.728925 0.2255442
2 2.617105960845947 7.448478221893311 -0.6352313756942749 6.113101 2.130776 2.336144 1.657897
2 25.87772178649902 -2.226372718811035 -0.3311148881912231 5.880501 1.482325 2.940519 0.1137881
1 -5.634135723114014 6.10749626159668 -1.011855006217957 3.716678 1.997895 1.592777 -1.50991
2 -50.12659072875977 1.707337141036987 -0.6796730756759644 7.225108 1.128102 2.907389 0.1095302
2 15.48117065429688 6.887850284576416 -0.08758194744586945 1.79864 2.407417 1.812527 -1.4258
2 -60.33034896850586 0.9561251401901245 -0.6121217608451843 1.581791 0.505194 2.245317 0.1740104
2 -0.02635490521788597 5.647875308990479 -0.6709820628166199 2.230898 2.227902 2.239071 -1.457641
1 14.52481079101563 0.4522790312767029 -1.019840598106384 4.573743 1.734757 1.487342 -0.3655999
2 17.78387260437012 6.884194374084473 -0.4805710017681122 2.677315 2.182875 2.743006 -1.4258
2 7.307797431945801 -2.570176601409912 -0.5982555747032166 6.375931 2.407314 2.372031 -3.095673
2 -14.6639404296875 3.84536075592041 -0.527932345867157 6.165246 1.575036 2.709236 0.1045507
2 10.38055229187012 6.266183376312256 -0.5618287920951843 1.114 2.711948 2.430451 1.746863
2 6.152465343475342 -4.928586959838867 -0.146422952413559 1.691673 1.406783 1.296828 0.005698883
2 24.69990348815918 7.347394943237305 -0.05728038400411606 1.244632 1.943498 0.52531 -1.320636
2 50.92783355712891 6.506196022033691 -0.0695633813738823 2.515318 1.917334 2.93374 -0.3144556
2 33.26763916015625 5.446743965148926 0.2318471223115921 1.485989 0.212376 1.511207 -2.924253
2 -7.028926372528076 -3.328587532043457 -0.6479508876800537 6.574003 1.748702 2.364524 -3.047832
2 -27.56594848632813 3.136549711227417 -0.5127813816070557 6.065054 1.142925 2.842226 0.0749383
2 0.3644524216651917 -2.642197847366333 -0.6846900582313538 6.516069 1.416184 2.11617 0.0447467
2 20.50040435791016 6.70388126373291 -0.03523940965533257 1.863963 2.221409 2.006622 -1.402834
2 57.01120376586914 -2.45978593826294 -0.3052078187465668 3.852225 1.35473 2.159229 0.2003805
2 -20.7744026184082 -5.716185569763184 -0.4157237112522125 5.024774 2.098189 2.738346 0.1725857
2 42.02742385864258 6.364484310150147 -0.1280835419893265 1.937828 0.633885 2.19233 0.05362775
6 -36.91448593139648 0.4732789993286133 -0.4633066356182098 0.600704 1.040556 0.11695 1.573262
2 40.13360214233398 10.55644416809082 0.4899339377880096 0.313178 1.232857 1.295518 -3.033438