1 -4.333618640899658 -10.29105663299561 -0.8069884777069092 3.842004 1.696244 1.596444 -1.375516
2 -47.14266967773438 -7.401175498962402 0.264101654291153 1.14137 1.702606 0.826554 1.656074
4 3.833397150039673 -4.303296566009522 -1.199839115142822 1.867918 0.713445 1.122874 0.1876776
2 -16.05097770690918 4.330811500549316 -0.512730598449707 5.735821 0.82585 2.658304 3.1095
2 -32.96543884277344 4.354307651519775 -0.3882304728031158 1.647494 0.402633 2.37692 -3.141183
2 8.346689224243164 -4.245195865631104 -0.5707082152366638 6.520333 2.463979 2.406284 -3.068828
2 -11.69110012054443 4.375444412231445 -0.5089403390884399 1.210581 2.161718 2.343105 1.653204
2 4.82722806930542 -16.38259315490723 -0.2542043328285217 4.665725 2.189092 2.153079 -1.384733
2 26.40696144104004 3.952111482620239 -0.8961905837059021 0.336294 1.253447 1.289672 1.605827
3 -41.41236114501953 -3.452094078063965 -1.043591856956482 0.580564 0.526406 1.500597 -1.676336e-16
2 39.43463516235352 3.409959316253662 -0.2909896373748779 1.303343 0.822182 2.53042 0.02776074
1 58.44634246826172 -0.02508455514907837 -1.142410516738892 1.622343 1.678356 1.205094 0.0
2 -55.02268600463867 5.665587902069092 -0.3979535698890686 1.623094 2.481665 2.258005 -3.117306
2 29.2933406829834 3.903016805648804 -0.3195727169513702 2.171561 1.147988 2.596099 0.07103372
2 -46.94579315185547 -4.651101589202881 -0.3424512147903442 5.91884 2.373571 2.83383 -0.1651427
2 51.68072509765625 3.709637880325317 -0.402824193239212 1.537831 0.795997 2.235131 0.02719283
3 0.4582584798336029 -10.73854160308838 -0.7526779770851135 0.511256 0.81738 1.45371 -2.356904
1 -50.12421798706055 4.207053661346436 -1.198123097419739 0.893339 1.104998 1.087056 0.01533413
2 -26.69672584533691 -6.200947761535645 -0.4021744132041931 6.117474 2.370897 2.953659 -0.02234556
2 -35.75814819335938 4.176303863525391 -0.7646595239639282 2.443007 0.767392 1.924844 3.100845
2 -16.80736923217773 -8.476275444030762 -0.4896330237388611 6.092966 2.201679 2.805499 -0.107526
6 -57.5470085144043 -8.056413650512695 0.5640919208526611 1.04688 1.38685 0.406476 3.106079
6 -25.55164909362793 4.367927074432373 -0.9103983640670776 0.41715 0.24222 0.973339 -0.2238169
2 -22.19695854187012 4.360995292663574 -0.4098969697952271 4.450951 0.608801 2.903885 3.12971
2 -24.86562919616699 -8.117100715637207 -0.4662129282951355 3.243905 1.167065 2.893717 -3.113921
2 -42.34353637695313 -7.323585510253906 0.1017159074544907 0.247017 1.067078 1.059745 -1.566705
3 -2.653784990310669 -3.621642351150513 -1.007845282554627 0.665147 0.765643 1.559558 3.141592
1 -45.10244750976563 4.939001083374023 -1.04369330406189 3.064795 1.101207 1.434488 -3.04727
2 21.11064720153809 3.962233543395996 -0.4034663736820221 5.441638 1.062163 2.770941 -0.007393616
2 26.69118118286133 -2.879592657089233 -0.277770459651947 6.26517 2.333765 3.028083 -3.057073
1 -5.401206970214844 -5.568918228149414 -0.9147019982337952 4.207133 1.780652 1.776875 -3.112339
2 14.98580741882324 -3.570261716842651 -0.5021683573722839 6.292737 1.187676 2.590625 0.03030844
4 -14.67817878723145 -2.484571695327759 -1.032110810279846 1.489911 0.791227 1.470269 0.0
2 -10.6505241394043 -9.931822776794434 -0.4711499810218811 4.66052 2.186053 2.409657 -2.172067
2 -0.5398408770561218 4.534759044647217 -0.687599778175354 6.1647 2.010186 2.253489 -0.0315559
1 -26.6270809173584 -3.692554473876953 -0.9665541648864746 4.185732 1.750427 1.753873 -0.04324438
1 -7.105233669281006 -11.90626811981201 -0.6432182192802429 3.62633 1.653258 1.069718 -1.501123
4 -2.147980928421021 -10.91586399078369 -1.131868839263916 1.643318 0.366868 0.846109 -1.182855
2 5.999181270599365 4.748301982879639 -0.614633321762085 6.174127 2.080618 2.39325 3.109123
2 -27.07944679260254 4.080493450164795 -0.4273495078086853 2.140695 0.889879 2.841905 3.141592
1 -16.45837783813477 -6.100840568542481 -1.108331441879273 4.535653 1.799772 1.453158 -0.06028901
1 -2.411603450775147 -17.03961753845215 -0.7276331186294556 4.193385 1.728184 1.517458 -1.415683
2 13.08065605163574 4.152873039245606 -0.5350065231323242 6.268603 1.585999 2.560224 -0.01979223
2 33.34275436401367 3.605631589889526 -0.4632240533828735 4.421218 1.069036 2.858207 0.001233608
2 -7.241858959197998 4.66645097732544 -0.6345824003219604 5.915214 1.627434 2.368363 3.094709
2 1.959314823150635 -16.7483024597168 -0.2585864365100861 2.781144 2.114756 2.130891 -1.409101
4 -12.12824249267578 2.528759002685547 -0.9565455317497253 2.509907 1.091936 1.699429 3.141592