6 18.48664474487305 15.27866935729981 -1.778646945953369 3.537117 2.146787 0.429736 3.125218
4 39.82194519042969 -5.428712844848633 -1.328525066375732 1.440954 0.655687 0.971732 0.1358234
4 -30.21583557128906 -6.629545211791992 -1.024928569793701 1.05594 0.617593 1.396395 0.07226091
3 39.59272003173828 -10.69158267974854 -0.9488961100578308 0.357706 0.477587 0.828976 -0.01664111
4 3.161198854446411 -5.181517601013184 -0.9541193246841431 1.753787 0.763266 1.606253 -0.009894527
4 52.75597381591797 -5.073605537414551 -1.290993928909302 1.194786 0.467129 1.071306 0.05815032
1 -10.6348934173584 21.51266479492188 -1.857269644737244 3.227851 0.335833 0.805359 3.096431
1 45.04621887207031 -2.50135064125061 -1.361731171607971 0.920933 1.603052 0.831249 0.02149128
4 -34.05520248413086 -5.598773002624512 -0.9503675699234009 1.119267 0.609649 1.399587 -0.001807717
6 1.680261850357056 -5.153344631195068 -1.342745423316956 0.085772 0.195655 0.057783 -0.0214104
4 -4.221110820770264 -6.404439449310303 -0.9238626956939697 2.33247 1.466817 1.678037 -0.0214865