2 22.02510643005371 6.40981388092041 -0.2827076315879822 0.428381 1.836892 2.575037 1.837844
6 -24.55650901794434 -0.7586315870285034 -0.2999569177627564 0.851899 0.364339 0.071206 -3.036141
2 29.86949157714844 7.548875331878662 -0.07280560582876205 1.810519 1.885738 2.041945 -1.528833
1 6.488292217254639 5.467118263244629 -0.9858420491218567 2.32555 2.042879 1.557074 -1.54893
2 -6.642194747924805 -6.12125301361084 -0.5902642011642456 1.933209 2.115022 2.242714 0.1962737
2 -15.2210168838501 2.573270082473755 -0.5172433257102966 6.480228 2.022534 2.61417 0.1229538
6 -56.78848648071289 -2.181220054626465 -0.08736763894557953 0.245593 0.327934 1.414964 -3.048826
2 -8.623557090759277 -12.4731912612915 -0.5097883343696594 6.005941 2.237843 2.48614 -2.751922
2 14.76264667510986 5.868506908416748 -0.353895515203476 2.050827 2.061715 2.297304 1.702075
2 19.69114494323731 -1.469252586364746 -0.3804060816764832 6.374821 1.323785 2.794175 -3.036954
2 2.087630033493042 6.466416835784912 -0.6222546100616455 6.288207 2.293118 2.296344 1.884682
1 -3.859705686569214 -12.58737945556641 -1.203900337219238 4.121153 1.674537 1.422591 -1.293452
2 4.120021820068359 -7.450954914093018 -0.7052101492881775 4.033179 1.145343 2.555457 1.655292
2 -44.05091094970703 -0.8359042406082153 -0.4739077091217041 5.978577 0.3482 2.669096 0.08440087
1 31.15939331054688 0.3461966812610626 -1.169831871986389 1.233132 1.704833 1.207582 0.1621565
2 9.299858093261719 6.344256401062012 -0.5574183464050293 3.426717 2.387498 2.407667 -1.408994
2 -30.63530349731445 0.4863947927951813 -0.9324892163276672 3.73909 0.354911 1.792079 0.06075873
2 12.22236251831055 5.664230346679688 -0.3932738602161408 1.994212 2.738008 2.247951 -1.466997
2 12.88852977752686 -2.535245180130005 -0.5703000426292419 6.257925 1.693586 2.6008 0.095417
2 38.30126190185547 6.800806045532227 -0.2040525078773499 1.68768 2.236433 2.62361 0.1505776
2 -5.803411960601807 -15.13343048095703 -0.4717781245708466 2.166129 2.513906 2.528043 -2.911378
1 25.0279655456543 6.383286476135254 -1.097785472869873 2.014658 1.470561 1.139171 -1.268738
4 -34.73521041870117 -6.381282806396484 -1.3129723072052 1.167653 0.836158 1.036045 -3.033172
2 1.167503356933594 -5.707813262939453 -0.6626269221305847 1.750239 2.382194 2.195333 -1.441025
2 -28.17693519592285 -6.59403133392334 -0.5722770094871521 4.709624 0.633941 2.698104 0.1382978
2 -10.72470760345459 2.770959854125977 -0.4785341620445252 0.501227 1.912528 2.132178 -1.550936
2 -23.61784744262695 1.180356860160828 -0.4332310557365418 6.2391 1.243407 2.772748 0.1100387
2 38.16043853759766 -0.6234546899795532 -0.362875759601593 5.789744 0.710527 2.890032 0.1647528
2 -21.61788940429688 -5.771392822265625 -0.4497610628604889 7.186872 0.992278 2.929108 0.1317842
2 -2.62378191947937 3.893240213394165 -0.6697059273719788 6.252076 2.331135 2.189695 0.1389669
3 -42.62045288085938 -8.29127311706543 -1.114406943321228 0.28283 0.445062 0.881757 -3.084072
2 5.504357814788818 -3.648055076599121 -0.6440732479095459 6.138817 2.426073 2.31283 -3.011007
1 24.90355110168457 2.007699966430664 -1.089168310165405 4.222171 1.832936 1.42873 -0.2155964
2 -36.87054061889648 0.04850054532289505 -0.4561734795570374 5.109106 1.130473 2.757358 0.07362691
2 -9.36590576171875 -4.185519695281982 -0.6285079121589661 6.585676 2.720208 2.423809 -2.93876
2 -4.32155704498291 -17.26151466369629 -0.09857433289289474 0.545908 2.215839 1.903572 -2.812575
2 -49.70778274536133 -1.423445343971252 -0.5780476331710815 4.946479 0.580486 2.362465 -3.036593
2 -7.701310634613037 2.814240455627441 -0.5829668641090393 0.999349 2.578989 2.181505 1.749805
1 27.22981262207031 7.355493068695068 -0.06367234140634537 0.675976 1.274177 1.208414 -1.42703
1 -6.851348876953125 -9.032522201538086 -1.034488797187805 2.193173 1.817529 1.537171 0.2567351
1 29.55806732177734 4.304802894592285 -0.8684796690940857 3.33974 1.369633 1.467128 3.037245
2 32.47351837158203 7.798706531524658 -0.1180991530418396 2.188032 2.194038 2.228652 -1.507079
2 19.70578765869141 6.13959550857544 -0.2674010396003723 0.812387 1.560984 2.544424 1.826459