1 40.70487594604492 -5.218762874603272 -0.008830832317471504 2.347652 1.570263 0.861961 0.346245
6 25.48918151855469 9.431334495544434 -0.5860827565193176 1.079983 0.317961 0.163768 -0.3397194
2 27.36799240112305 2.959978818893433 0.04547687619924545 5.975894 2.092227 1.635367 3.029408
2 -48.07669830322266 -16.89917182922363 -0.3335535228252411 5.380554 0.777332 2.797595 1.812786
2 11.32777309417725 -6.817410469055176 -0.5761033892631531 2.810006 2.192212 2.478426 0.1615112
3 3.190165996551514 -5.694035530090332 -0.9583419561386108 0.47407 0.795387 1.675384 1.842946
2 27.60701560974121 5.233672142028809 0.07440870255231857 0.359851 1.832295 1.885178 0.245953
1 9.009450912475586 30.22344017028809 -1.641271829605103 1.140174 0.458113 1.014842 -1.450365
2 -3.096588373184204 3.304542064666748 -0.6962877511978149 6.019656 1.513517 2.282984 -2.919974
2 1.273230075836182 -6.900603771209717 -0.6285976767539978 2.030312 2.047296 2.283322 1.827462
2 11.73958492279053 -16.0441837310791 -0.3996458947658539 0.285551 1.218541 1.472957 -1.536441
4 14.98299503326416 1.402858376502991 -1.074764251708984 2.510356 1.246077 1.475419 -0.7273627
2 2.339045286178589 4.965147972106934 -0.6976867318153381 2.179414 2.431551 2.300698 -2.178879
6 29.68775749206543 -0.2398370802402496 -0.5165595412254333 0.452523 1.479564 0.449455 0.0337295
2 -1.160128951072693 -9.34054183959961 -0.612709641456604 6.044383 2.604205 2.446184 1.782465
3 24.38385581970215 10.4157190322876 -0.8020433783531189 0.259911 0.482937 0.622254 -0.2514858
2 42.34334945678711 11.31143379211426 -0.4083288609981537 3.849547 1.871801 2.056419 1.651809
1 12.30795478820801 51.75216293334961 -1.602429986000061 2.672206 0.575763 1.750456 1.702278
1 6.856592655181885 -0.1665063798427582 -1.063824892044067 3.131526 2.125442 1.401638 -0.1328032
2 5.49128007888794 -12.20100975036621 -0.5928269028663635 6.797165 2.212303 2.5437 -1.476933
1 36.73860549926758 1.324907302856445 -1.154811382293701 2.703887 1.081648 0.838534 0.1431612
4 -0.5121642351150513 -3.310127973556519 -0.9082134366035461 2.879376 1.195558 1.347397 -0.1490324
1 33.93600082397461 -3.394402027130127 -0.7498403191566467 0.993419 0.571222 0.661496 -0.02510928
4 3.971673011779785 -10.26873588562012 -1.296205043792725 1.209084 0.434706 1.071648 -1.536744
3 -20.34733581542969 -6.720213890075684 -1.023510694503784 1.265278 0.705774 1.358565 -2.926224
2 41.58330154418945 -2.924854755401611 -0.1371108591556549 2.135571 2.278299 1.551554 -2.956745
2 -4.166862487792969 -8.37203598022461 -0.6011572480201721 4.369154 2.003084 2.372584 1.765743
5 -32.2059211730957 -12.92542839050293 -1.487132072448731 0.130759 0.185364 0.439814 3.021814
1 19.4623966217041 -0.2247962206602097 -0.8060150146484375 2.844984 1.765298 0.87686 0.05719869
2 13.02484130859375 -3.600196838378906 -0.5416645407676697 6.138802 2.142359 2.532196 0.1070734
2 -9.946690559387207 4.350319385528565 -0.3013977110385895 0.281506 2.054558 1.786554 1.853124
4 52.89686965942383 -4.864994525909424 0.2574009597301483 2.499627 0.945193 0.864917 -2.968235
2 42.74786758422852 -0.332794576883316 -0.1347181797027588 5.96507 2.020239 1.522275 -2.956745
2 -15.18127727508545 -7.473824501037598 -0.47921222448349 5.794486 1.110254 2.582104 -2.81724
5 -32.14706420898438 -11.69493293762207 -1.469376683235169 0.240891 0.159488 0.423765 3.021814
1 22.80557250976563 1.838210582733154 -1.131109118461609 2.192901 0.784541 1.278316 -0.893348
6 12.59495544433594 17.21454238891602 -1.653698444366455 0.980863 0.305223 0.389057 -2.511204
2 -13.35415172576904 4.099974632263184 -0.5910065174102783 1.728683 2.196582 2.584388 1.780478
6 -7.107631206512451 -10.31389141082764 -0.07249818742275238 2.108601 2.397182 0.420277 -1.281708
2 -34.8332633972168 -7.096346855163574 -0.2538178265094757 6.139218 2.2302 3.008193 1.27595
1 13.02652072906494 8.946571350097656 -1.194629311561585 3.735109 1.876904 1.173506 -2.038654
1 30.0921516418457 -3.972573518753052 -1.301403045654297 3.849498 1.112239 1.451686 0.1495456
6 24.70335388183594 -1.637502074241638 -0.5738099217414856 0.075777 0.744443 0.024451 0.00855498
2 56.12255477905273 -4.367528438568115 1.717405915260315 2.274465 1.073707 0.769437 0.2384105
2 48.24800491333008 16.86023902893066 -0.4900951683521271 5.310592 1.970592 1.82954 1.653713
5 -33.57466506958008 -13.25139045715332 -1.555141448974609 0.123219 0.141979 0.448312 3.021814
1 -45.62759399414063 -16.66686820983887 -1.026572465896606 1.882686 1.015907 1.197813 -1.367054
4 26.06185722351074 31.17826080322266 -1.68938684463501 0.550317 1.578603 0.886244 3.141592
2 2.202302217483521 9.909326553344727 -1.160244464874268 1.02245 0.973172 0.963117 -1.16674
2 -14.86361694335938 1.610748171806335 -0.5322064757347107 6.580404 2.192458 2.601085 -2.971139
3 1.493508577346802 -4.299776077270508 -1.065415978431702 0.39743 0.56312 1.421103 1.46391
4 28.04828453063965 26.74431419372559 -1.814178347587585 0.529611 1.586084 0.887353 3.141592
2 0.4221763908863068 6.568720817565918 -0.7183077931404114 2.014624 1.64094 2.336733 1.709666
5 -30.94817924499512 -13.56463432312012 -1.26698637008667 0.179084 0.319204 0.433526 1.94371
6 44.52069854736328 2.03054690361023 -0.7898471355438232 2.426407 1.132213 0.41144 0.2156971
2 60.09579467773438 1.788514375686646 -0.2097640633583069 2.512691 0.318038 1.362838 0.1268009
2 11.40362453460693 -12.1676549911499 -0.4926376938819885 6.199639 1.939474 2.643137 -1.506083
2 -21.63564682006836 -0.5912551879882812 -0.3769224286079407 4.548003 1.868941 2.79726 -3.037732
2 -40.57712173461914 -4.899513244628906 0.2932249307632446 3.659036 0.200149 1.260087 0.2071486
2 -5.702306747436523 -5.104727268218994 -0.6031612157821655 6.051767 2.316275 2.327143 0.2347002
2 -37.30956649780273 -15.63739681243897 -0.4822311699390411 2.158296 1.944608 2.767728 1.80953
6 34.33860015869141 9.245067596435547 0.5339815616607666 1.0197 1.304169 1.799577 -2.996754
1 13.2175874710083 -0.7735772728919983 -0.8821631073951721 3.344685 1.656997 0.922645 0.136062
1 16.28265762329102 3.350569486618042 -1.081963658332825 2.610727 1.646652 1.438749 -0.8154399
4 21.49365043640137 29.73477745056152 -1.378678798675537 0.887663 0.796023 1.887813 0.009596197
1 5.843051433563232 3.707105398178101 -1.147199392318726 3.978666 1.991141 1.3346 -2.383437
2 -28.81467628479004 -2.780659198760986 -0.3093904256820679 6.303219 1.141597 2.908303 0.2256351
3 2.794894218444824 -2.741598129272461 -0.8977198004722595 0.639287 0.724592 1.482381 -0.3421377
1 26.28423309326172 13.32540416717529 -1.394899249076843 4.564189 2.041831 1.394622 -2.835413
1 31.26709938049316 7.99315071105957 -0.5407558083534241 0.304068 2.072683 0.736746 0.1567152
1 17.12664413452148 6.364997863769531 -1.140284895896912 3.0255 1.442547 1.379561 -0.9205647