4 15.04419708251953 -20.73866844177246 -1.048517942428589 2.80978 1.129874 0.978926 1.454559
4 25.71835327148438 -8.260486602783203 -1.210748195648193 1.176267 0.596815 1.404801 0.001801052
1 -28.87317085266113 16.15492630004883 -1.534887552261353 3.951805 1.76922 1.49499 -3.034387
4 -24.19496536254883 -9.283150672912598 -1.036489129066467 1.696488 0.622263 1.40924 -0.04497102
1 7.123170852661133 53.06517791748047 -2.362218379974365 3.383032 1.459986 0.735103 -1.544526
6 48.25672912597656 -8.533902168273926 -0.6690961122512817 0.132432 0.499236 0.265118 -0.6136855
3 42.9103889465332 -8.719679832458496 -0.7516159415245056 0.379702 0.432623 0.673263 -0.01026428
3 8.070168495178223 -11.20504474639893 -0.841795802116394 0.584459 0.70078 1.795922 -1.177972
4 -45.13629531860352 -9.377655982971191 -0.9149014353752136 0.70812 0.57992 1.477873 -0.008410955
4 -54.47626876831055 -7.37492036819458 -1.089723467826843 1.152627 0.585198 1.120142 -0.0479762
3 14.58550834655762 -22.92651176452637 -0.6686665415763855 0.597379 0.790252 1.707183 -0.3675259
4 -29.36328315734863 -7.192718029022217 -1.07465386390686 1.390128 0.746598 1.297595 -0.0504182
4 0.2515234649181366 29.3383846282959 -2.016181468963623 1.459327 0.647914 1.394156 -1.924326
1 19.15534400939941 -3.124850273132324 -1.099629640579224 4.017539 1.904749 1.661329 0.008688698
4 18.18897438049316 -8.469794273376465 -1.100311756134033 1.580714 0.511794 1.577432 0.1223846
2 58.97188949584961 -4.781391143798828 -0.3723385035991669 4.321263 2.662012 3.162596 -0.05629405
1 3.174942016601563 24.25217819213867 -1.902097105979919 4.409768 1.886897 1.294441 -2.203795
3 15.60714054107666 10.73878288269043 -1.282535314559937 0.650011 0.664262 1.810074 -2.215159
1 36.84688568115234 21.30258560180664 -2.10824179649353 4.671792 1.665588 1.014972 3.134969
4 -1.975377798080444 28.10784721374512 -1.99488639831543 1.123352 0.894773 1.484853 -2.561762
1 -42.55392837524414 13.85526466369629 -1.729664087295532 3.231376 1.974337 1.111064 -3.097401
1 33.63548278808594 0.0656566172838211 -1.136375546455383 1.306245 1.799882 1.406278 0.001310674
4 -57.57453536987305 -8.708101272583008 -0.8567190170288086 0.960151 0.407791 1.135069 0.05363882
4 46.33853912353516 -6.051774024963379 -0.9700102210044861 1.713371 1.05194 1.044333 0.001310674
1 -9.503592491149902 17.05331611633301 -1.619277715682983 4.642597 1.724848 1.523527 -2.926142
4 -16.38801765441895 -7.17479944229126 -1.02888035774231 1.843171 0.829841 1.408967 0.02704797
1 17.18237495422363 53.36087036132813 -2.237422466278076 3.988806 1.693263 1.542009 1.663265
4 4.259261131286621 -6.864016056060791 -0.9687077403068542 1.865426 0.64625 1.653347 -0.02232318
3 8.108577728271484 -12.11857795715332 -0.6961548328399658 0.454363 0.592926 1.483759 -1.207264