1 29.86997985839844 -1.016886711120606 -1.241035580635071 4.295034 1.15724 1.431608 0.2326524
2 11.05741310119629 -5.711389064788818 -0.5909515023231506 2.345084 2.269469 2.512015 0.2669435
6 18.65792274475098 1.502649784088135 -0.5692180395126343 1.853637 1.337783 0.450212 -0.02370423
2 -4.046303272247315 3.200759410858154 -0.6572405695915222 6.045105 1.861069 2.289087 -2.830857
6 4.299301624298096 -10.15251636505127 -1.666918873786926 0.960474 0.200043 0.509479 -1.399601
4 -11.30768489837647 -5.872115135192871 -0.9575894474983215 1.387847 0.7987 1.607773 0.2534116
1 22.41139602661133 4.010372638702393 -0.8873177170753479 2.383619 1.390451 0.821395 -0.2757775
1 28.12799072265625 10.77512550354004 -0.7009520530700684 3.352752 1.100236 0.74777 0.1760642
2 -10.9741096496582 3.42006254196167 -0.2659444510936737 2.046125 0.271316 1.830255 -2.794364
6 -7.914987564086914 2.30577826499939 0.01383042242377996 0.906825 1.532102 0.360611 -2.712032
6 34.72269439697266 4.53873872756958 -0.9954535961151123 0.260581 0.763126 0.62507 -2.988128
2 42.00784683227539 3.595777273178101 -0.1304695308208466 6.171922 2.403706 1.57487 -2.861684
1 17.53042030334473 33.5363883972168 -1.371078014373779 4.626852 1.523567 1.937472 1.725724
2 1.663536787033081 -7.783623218536377 -0.6220517754554749 4.377414 2.164522 2.331511 1.903012
2 11.86283874511719 -10.92298698425293 -0.538368284702301 6.159399 2.078414 2.704341 1.732752
2 5.896464824676514 -11.19934463500977 -0.5768670439720154 6.140625 2.250304 2.56334 -1.376957
2 -28.92497444152832 -5.324161529541016 -0.3346749544143677 5.9498 1.261454 2.895022 0.3087648
2 40.43778991699219 15.33695888519287 -0.4283723831176758 3.926059 1.863384 2.12697 1.717303
2 2.168175220489502 7.029754638671875 -0.6281420588493347 6.26364 2.43511 2.428946 -2.056034
1 15.8516092300415 8.152765274047852 -1.170807957649231 3.00722 1.693676 1.52263 -0.8598546
1 -29.60006141662598 -11.4680700302124 -0.8426112532615662 3.709706 1.933061 1.744003 0.2779285
3 6.396215438842773 -2.945994377136231 -1.104742884635925 0.877143 1.17618 1.467609 0.09233145
1 15.66649055480957 4.531276226043701 -1.142467379570007 3.788088 1.772114 1.474677 -0.7504781
6 22.39107704162598 33.57594299316406 -1.540204763412476 1.627565 0.240923 0.606916 -1.229384
1 12.46793365478516 0.4802708923816681 -0.9024664759635925 3.088573 1.693061 0.990403 0.1684033
1 23.53486251831055 12.38233661651611 -0.7865898609161377 2.111923 0.793465 0.637501 -0.4891151
2 -46.82558822631836 -21.11509323120117 -0.05736290663480759 5.743788 0.850786 2.377342 1.892271
1 6.218455791473389 0.4284259974956513 -1.076824903488159 3.289938 1.764521 1.438515 -0.06480011
2 -15.13515949249268 -8.643967628479004 -0.4569323360919952 5.83981 0.687925 2.64927 -2.741832
2 -22.74435997009277 -2.719427585601807 -0.3761574625968933 5.853714 2.124923 2.821197 -2.93646
2 12.70115852355957 -2.3342604637146 -0.5708539485931396 6.21491 2.125036 2.548573 0.2031661
1 0.333218514919281 10.29270458221436 -1.1010502576828 1.858694 0.933808 1.368918 1.743713
2 -34.06558227539063 -8.056448936462402 -0.244094043970108 3.172774 2.200433 2.949901 1.443882
2 26.37167930603027 5.632053852081299 -0.07202310860157013 6.197272 2.11716 1.935019 -3.139578
3 10.34105205535889 19.89560890197754 -1.370262145996094 0.752592 0.613445 1.57982 -0.1006535
1 10.79457378387451 14.72179317474365 -1.292690634727478 4.42398 1.841492 1.543082 -1.287153
4 0.8836975693702698 -3.635916709899902 -0.9882436394691467 3.038008 1.215544 1.531166 -0.09718253
6 24.04682731628418 0.5792903304100037 -0.8041307330131531 2.205464 0.750031 0.319052 -0.009486664
5 -35.55593872070313 -15.56341171264648 -1.488434553146362 0.28237 0.279425 0.536868 -2.665943
6 8.663969039916992 -2.121318340301514 -1.543453335762024 1.276346 0.752222 0.600231 0.5365479
4 14.50742435455322 3.369786262512207 -1.06910502910614 1.802227 0.820367 1.558088 -0.7741209
2 26.32379913330078 7.83734941482544 -0.006767347455024719 0.305986 1.814999 1.710754 0.337384
1 4.198395729064941 3.93260931968689 -1.079583048820496 3.858287 1.996125 1.410135 -2.384367
3 -10.89510631561279 -5.197293281555176 -0.8603144288063049 0.855809 0.476813 1.780838 -2.61194
2 -55.52103424072266 -20.10523223876953 0.2937406003475189 1.776778 2.462231 1.886824 0.2809724
6 23.27998352050781 11.63610363006592 -0.552621603012085 0.237557 0.177786 0.161516 -0.3323541
2 -0.9989498257637024 6.527948379516602 -0.7145726680755615 1.891008 2.067742 2.330523 1.795291
2 41.14385604858398 1.145678758621216 -0.1661406606435776 1.892509 2.169131 1.597209 -2.828733
3 2.453800916671753 -5.152600765228272 -0.7081409692764282 0.356778 0.807145 1.20787 1.787112
2 -7.665721416473389 -11.6590051651001 -0.1443555653095245 0.801862 0.130377 0.553179 1.920552
2 -5.899367809295654 -5.527540683746338 -0.5862061381340027 6.276393 2.371519 2.356612 0.3174471
2 -36.38728713989258 -18.85018730163574 -0.3263143599033356 1.657218 1.784932 2.559555 1.905372
2 45.86463928222656 21.32154846191406 -0.6257832646369934 5.602058 2.122006 2.168179 1.74643
1 -44.48687362670898 -20.89437103271484 -0.8720321655273438 1.417923 1.057495 1.563404 1.995073
6 -6.641963005065918 -9.924220085144043 -0.2574611902236939 1.43035 1.539535 0.413552 1.854863
1 59.28671264648438 7.569707870483398 -0.3862241208553314 2.075469 0.150439 1.084465 -2.870713
1 -42.47792434692383 -14.09194183349609 -1.027373552322388 3.933377 1.092493 1.349226 0.1776289
1 24.45094299316406 15.28510093688965 -1.524278402328491 4.538932 2.163054 1.361197 2.934385
3 9.186856269836426 -1.215943813323975 -1.012115478515625 0.771074 0.770848 1.634518 0.1978435
2 -0.8916618227958679 -9.303251266479492 -0.601402223110199 6.027263 2.585895 2.486202 1.865815
2 -15.54638290405273 0.2778417766094208 -0.5031968355178833 6.520405 2.148866 2.58661 -2.867861
1 9.445022583007812 7.216858863830566 -1.119304060935974 3.68376 1.669888 1.398286 -2.140651
4 24.70451164245606 29.35379028320313 -1.813845276832581 1.580031 0.291124 0.870419 -1.385505
2 -14.88944339752197 2.719245433807373 -0.5653521418571472 3.42119 1.677577 2.573197 -2.871501
1 33.3492431640625 0.006294033490121365 -1.045374512672424 0.901094 0.343123 0.797355 0.3501152
2 -4.048886775970459 -8.478218078613281 -0.6081705093383789 3.907981 2.114326 2.37225 1.849731
4 15.84665679931641 1.85088312625885 -0.8306535482406616 2.051137 1.282689 0.95284 -0.8690954