4 -41.79053115844727 -4.97381067276001 -0.7707183957099915 2.251812 1.209625 1.550473 -0.03067357
4 -9.325902938842773 -7.790623188018799 -0.9446253180503845 1.806251 0.724081 1.544258 -0.03067419
6 -33.85718154907227 21.59091377258301 -0.8764365315437317 0.606636 0.671281 0.838392 -0.02481839
2 -39.70751190185547 23.53457832336426 -0.2694548964500427 11.158712 2.952063 3.204775 3.10662
1 -37.23583602905273 16.04336166381836 -0.7490962147712708 3.077506 1.523813 1.017451 3.110919
4 -25.12897109985352 -5.07510232925415 -0.8569963574409485 1.288758 0.667418 1.585651 -0.03067419
3 47.22763824462891 -13.55690288543701 -1.153032183647156 0.70625 0.492615 1.487229 0.006505219
6 3.762572050094605 18.16488647460938 -1.00903058052063 0.34588 0.289127 0.499343 -3.107451
1 22.81702423095703 0.1476851403713226 -1.047005772590637 3.095927 1.892866 1.852008 -0.03067419
4 15.48964881896973 -6.848121643066406 -1.129227638244629 1.685345 0.745856 1.506842 -0.03067419
4 -23.04868888854981 -1.432333588600159 -0.9123672842979431 1.733274 0.725216 1.536944 -0.9222825
3 25.0778980255127 27.46787834167481 -0.6271786093711853 0.269517 0.514623 1.177009 -3.129381
4 -18.06413841247559 0.5659814476966858 -0.9999716281890869 2.753732 1.039519 1.444587 -0.711338
4 -23.62482261657715 -6.783984184265137 -0.759329617023468 1.174678 0.654431 1.734141 -0.03067419
4 20.39899635314941 -8.030847549438477 -1.134140133857727 1.287293 0.52991 1.604323 -0.03067419
4 42.80293655395508 -8.348969459533691 -1.35729718208313 0.914198 0.860614 1.607415 -0.746165
4 -16.63251495361328 -2.512058973312378 -0.9444223642349243 1.754562 0.760991 1.546462 -0.4074716
1 -14.01125049591065 16.1794376373291 -0.8697702288627625 3.365263 1.703161 1.171781 3.110919
3 -17.91459083557129 25.98448753356934 -1.234314680099487 0.360172 0.488436 1.326341 1.804177
1 30.45237731933594 -4.364446640014648 -1.295835137367249 3.925618 1.998806 1.520218 -0.06802741
4 -0.4277493953704834 20.34905052185059 -1.293005228042603 1.084318 0.81103 1.373283 3.049296
4 4.982600688934326 -8.031723976135254 -0.9209446310997009 3.043419 0.933792 1.750124 -3.112495
4 -20.18678665161133 -0.06175966560840607 -0.9556763768196106 1.101802 0.67358 1.392401 -0.9156596
2 -9.548617362976074 22.46692657470703 -0.6208716034889221 11.207311 2.963157 3.420532 3.106989
1 -16.97660636901856 5.340201377868652 -0.8869094252586365 4.377282 1.888704 1.659448 -1.742898
4 -3.107073307037354 -6.495558261871338 -0.8937739729881287 1.736425 0.743418 1.627002 -0.03067419
4 0.5376246571540833 -5.584354400634766 -1.030481338500977 1.666682 0.729119 1.448467 -0.03067419
3 -26.9157600402832 29.03193092346191 -0.6662847399711609 0.446074 0.215979 0.357766 0.01109585
6 29.1202278137207 11.56352424621582 -1.1650630235672 2.559983 1.599559 0.537839 3.125881