1 13.24616432189941 3.496406555175781 -1.311801433563232 0.533599 1.240099 0.928587 -1.428805
2 -3.793172121047974 4.397273063659668 -0.6677592396736145 2.510408 2.436634 2.197152 -1.623206
1 -10.32517910003662 -4.492738723754883 -1.672595500946045 1.483073 0.988061 0.556551 -2.350261e-16
2 -41.69129180908203 3.240447282791138 -0.5672353506088257 0.606618 2.056439 2.258457 1.621143
2 -4.070801258087158 -2.958370685577393 -0.698711097240448 4.839427 1.166336 2.259403 -3.005726
1 1.205561518669128 -11.53071975708008 -1.056560754776001 2.280691 1.528556 1.562253 -1.438839
3 -35.84695816040039 -4.436341285705566 -1.436702847480774 0.722611 0.581949 1.368876 -0.09535877
2 -56.57521438598633 3.105249881744385 -0.5296019315719604 0.86651 0.700822 2.388173 -3.056634
2 -17.06966400146484 -7.917524814605713 -0.4558661282062531 7.351934 1.366935 2.75342 0.1551286
2 19.03000068664551 3.908470153808594 -0.3376322388648987 1.692546 2.179647 2.459945 -1.53728
2 19.05398750305176 -3.837976694107056 -0.4113942086696625 6.139187 0.63234 2.696857 -0.006651815
2 -51.29292297363281 3.232076168060303 -0.5832597613334656 0.46958 2.469489 1.916672 1.632748
2 -54.77952575683594 -7.102898120880127 -0.171063706278801 1.76674 1.871181 1.672652 0.0
2 11.67534160614014 -4.457582473754883 -0.525812029838562 6.354102 2.222821 2.556842 -3.104067
4 39.8140754699707 -1.898502230644226 -0.8261415362358093 1.212748 1.446076 1.146043 0.184417
2 -8.4287691116333 3.840114831924439 -0.6039908528327942 6.374004 2.323484 2.416258 0.02235228
2 9.601173400878906 3.63827395439148 -0.5403463244438171 1.84815 2.199111 2.305507 1.794168
2 -0.4382156133651733 -11.65734481811523 0.100689560174942 0.093918 1.013993 1.095887 -2.845045
2 0.462257593870163 -17.07122421264648 -0.4569945931434631 0.507377 2.351526 2.601982 -2.917887
2 7.207281589508057 -8.602917671203613 -0.6736050248146057 6.254915 2.737054 2.621662 -1.538293
1 -56.05666732788086 -4.861976146697998 -0.3659989535808563 1.030978 2.266423 2.062522 -1.624036
2 -16.87350845336914 3.253456354141235 -0.4996283054351807 6.261062 1.355659 2.719031 -0.00664357
1 -45.06325531005859 -6.50452995300293 -1.805365800857544 1.193669 0.855275 0.642692 0.05486067
1 37.731201171875 -3.17436146736145 -1.082192778587341 1.591052 1.746948 1.297515 0.1083057
2 -0.7886359095573425 3.225375413894653 -0.7399548888206482 0.940061 2.291061 2.009974 1.636013
2 10.36800956726074 -6.701633930206299 -0.608435869216919 1.764304 2.246387 2.566319 1.569736
6 -53.6882209777832 -8.89057731628418 0.3210161328315735 0.897093 0.91628 2.038014 1.617722
2 39.17455673217773 3.888695001602173 -0.1436858475208283 2.00709 1.161395 3.062248 -1.615452
2 -23.56068420410156 3.213791608810425 -0.4861161708831787 5.181592 0.405027 2.739585 3.084859
2 36.95103454589844 3.941559314727783 -0.1069408878684044 1.103033 1.788714 1.418289 1.662939
2 16.41360664367676 4.022367000579834 -0.302409440279007 1.466567 2.16663 2.286771 -1.585389
2 8.426837921142578 -17.02970886230469 -0.4621670842170715 6.394714 3.159231 2.760959 -0.8155835
1 -46.60657119750977 3.187947511672974 -1.513108491897583 4.074009 0.286693 0.563591 -3.122853
2 45.28442001342773 2.427860736846924 -0.1678557693958283 1.606847 2.087947 3.103229 -0.006421867
2 21.80989456176758 3.740725755691528 -0.2513756155967712 1.690931 2.025573 2.446795 1.584544
4 -32.44896697998047 -3.238538026809692 -1.352124214172363 1.187634 0.775567 1.380062 -0.08000616
2 -22.02065277099609 -4.09422492980957 -0.4673840701580048 4.901821 1.178002 2.873473 -3.11846
1 31.76148223876953 3.280398845672607 -1.139255404472351 1.598501 0.830631 1.117826 -1.391586
1 35.84296798706055 1.055641651153565 -1.266318321228027 0.766923 1.33863 0.819879 3.095183
1 -35.09952163696289 -5.773437023162842 -1.495082020759583 3.436887 0.523678 1.165095 0.05781825
6 33.85085296630859 3.992785692214966 -0.370557963848114 0.446233 0.289971 0.824892 1.801721
2 -15.50316905975342 -4.917667388916016 -0.5380876660346985 7.59054 2.80977 2.758653 0.05597711
2 26.3089771270752 4.0587477684021 -0.1700317710638046 1.535342 0.784248 2.66036 1.72427
2 25.88801002502441 -3.831444025039673 -0.2919506430625916 6.250663 1.098437 2.914087 3.12492
2 -0.0443900004029274 -14.5591344833374 -0.1614498794078827 0.30444 1.982522 1.80775 -2.968688
2 43.79079818725586 -4.762499332427979 -0.2829875946044922 4.458086 0.464306 2.990459 0.05729637
2 4.361213207244873 3.755490303039551 -0.642598569393158 6.472574 2.215737 2.254851 0.0518113
2 -31.13888359069824 3.330773830413818 -0.4432722628116608 7.307448 1.093462 2.848953 -0.05673341
1 30.76955986022949 -0.7816333174705505 -1.004169464111328 4.304455 1.839703 1.429961 -0.2820821
2 -0.3751581311225891 -3.890691041946411 -0.6367363929748535 1.523177 0.601124 2.020665 -1.449548
1 -0.1205811202526093 -5.430651664733887 -0.7308050394058228 0.370282 1.345337 1.13937 -2.87513