6 -7.679366588592529 -11.62000179290772 -0.1221438348293304 0.846438 0.14189 0.571925 -1.233958
2 11.73014068603516 -11.56352043151856 -0.5264724493026733 7.256997 1.642755 2.676934 -1.413031
2 1.618585109710693 -7.603681564331055 -0.6316127777099609 4.131639 2.207314 2.353854 1.926987
3 2.513790845870972 -4.18297004699707 -1.045864701271057 0.68057 0.391442 1.418853 -1.06048
4 14.3639087677002 2.849844455718994 -1.059379458427429 2.57434 1.458782 1.507606 -0.3997462
2 -0.8788120150566101 -9.340065956115723 -0.5843581557273865 6.125329 2.613763 2.454841 1.865147
1 15.90128803253174 7.960788726806641 -1.151816129684448 3.133207 1.550878 1.487384 -0.8307063
1 9.791049003601074 7.581214904785156 -1.048802137374878 3.987607 1.65274 1.229099 -2.119519
1 24.36063194274902 15.59926319122315 -1.420302987098694 4.232694 1.804496 1.156516 -2.870339
2 41.35636520385742 15.24603843688965 -0.4386464059352875 3.826183 3.511268 2.148893 1.720989
4 22.66886901855469 33.50479507446289 -1.646960735321045 1.625873 0.453475 0.814824 1.933399
2 26.25866508483887 5.561017990112305 0.03544948250055313 5.939092 2.295524 1.632226 -3.12975
2 2.193726539611816 6.987309455871582 -0.6147252917289734 6.206311 2.474065 2.400958 -2.055273
6 -32.92276763916016 -16.05769538879395 -1.483569622039795 0.179244 0.155712 0.279883 -2.878152
2 46.0155029296875 21.07874488830566 -0.6589298248291016 5.379891 2.047922 2.231907 1.72877
6 24.22793006896973 0.4588399827480316 -0.8170415759086609 2.728165 0.719733 0.269503 -0.03106799
2 -5.965865135192871 -5.518970012664795 -0.5737772583961487 6.375741 2.389 2.331818 0.3051311
1 6.300712108612061 0.3852395117282867 -1.061269283294678 3.337693 1.785985 1.435159 -0.09165464
4 24.88039398193359 29.17734336853027 -1.785539150238037 1.249079 0.348001 0.780571 1.754169
2 41.1411247253418 1.001325845718384 -0.1631957590579987 1.854796 2.13935 1.59152 -2.879812
4 -0.9639657139778137 -3.177375555038452 -0.9544857144355774 3.138028 1.275561 1.457876 -0.06866709
2 -55.78185653686523 -19.83562278747559 -0.2668442726135254 2.378009 2.456194 3.145195 0.3325839
1 15.26110553741455 4.863471508026123 -1.127334713935852 2.547468 1.664187 1.442979 -0.7457582
1 9.994830131530762 18.04126930236816 -1.297638654708862 3.564282 1.838378 1.510908 -1.325199
4 13.18942451477051 9.486985206604004 -0.820018470287323 0.985574 0.227092 0.722704 -1.220279
1 33.42688369750977 -0.3022104203701019 -0.9367557764053345 0.887101 0.644338 0.578579 0.1182641
1 17.77532386779785 33.41488647460938 -1.120804190635681 4.46333 1.51986 1.433109 1.717041
2 11.06546497344971 -5.752849578857422 -0.5854246020317078 2.438405 2.330542 2.495819 0.2450587
1 -44.59228897094727 -20.51273918151856 -0.8706679940223694 1.814986 1.055779 1.578312 1.901729
1 4.267852306365967 3.937612295150757 -1.070164561271668 3.789947 2.057598 1.427814 -2.33616
1 59.24351119995117 7.182456493377686 -0.2403458207845688 2.246866 0.306549 1.469925 0.273634
5 -35.55375289916992 -15.45470809936523 -1.47957706451416 0.234735 0.217316 0.502014 -1.183446
2 -15.57759761810303 0.3354132473468781 -0.5852581858634949 6.405108 2.192063 2.752539 -2.872278
2 -22.71584701538086 -2.588895320892334 -0.3838555216789246 5.810587 1.947072 2.803454 -2.921747
6 -6.24807071685791 -9.386061668395996 -0.2546037137508392 0.748032 0.469911 0.386637 1.890928
6 23.39644432067871 11.87417411804199 -0.6379095911979675 0.269734 0.253195 0.29357 -0.2679982
1 12.47787380218506 0.4506961107254028 -0.9030672311782837 3.075493 1.724498 0.991543 0.1846281
2 -28.92693901062012 -5.132749080657959 -0.3163204789161682 5.925635 1.03349 2.849122 0.2754788
2 -3.980468511581421 3.215322256088257 -0.6732959747314453 6.004594 1.937604 2.320264 -2.840743
5 -31.55771255493164 -15.69166088104248 -1.5101717710495 0.262096 0.218859 0.461614 1.631827
6 43.97216033935547 6.774602890014648 -0.7844204306602478 1.595381 0.112358 0.869318 0.1640825
2 6.091018676757813 -12.25913047790527 -0.5925130844116211 8.222187 2.341685 2.593896 -1.369018
2 42.04407501220703 3.435436964035034 -0.1043208613991737 6.113247 2.292637 1.521451 -2.843783
6 23.67889976501465 25.27561759948731 -2.0257248878479 0.14779 0.134285 0.212018 3.134622
4 4.311293125152588 -10.26682376861572 -1.284042835235596 1.900131 0.451819 1.170074 1.719401
3 22.78542327880859 12.56296730041504 -0.7665003538131714 0.396392 0.490933 0.656391 -0.1519852
3 5.00846004486084 -3.266982793807983 -0.9514748454093933 0.72636 0.732519 1.677863 0.1462291
2 -34.08583831787109 -8.404350280761719 -0.2087751626968384 4.544673 2.147431 3.007465 1.337864
1 0.4327065944671631 10.34884548187256 -1.084448575973511 2.019956 0.944248 1.28555 1.708916
2 -14.89145278930664 2.737428665161133 -0.5705836415290833 3.49089 1.667653 2.583456 -2.839181
2 -36.41375350952148 -18.60591506958008 -0.3391668796539307 1.71674 1.945655 2.525244 1.81813
3 -6.953728199005127 0.5333380699157715 -0.870051920413971 0.546244 0.944188 1.743574 -2.964462
6 24.46172904968262 22.87346839904785 -1.950967788696289 0.184458 0.237 0.198226 2.13002
6 4.727231025695801 -3.822546243667603 -1.486322999000549 0.485377 0.37759 0.472139 0.1236266
1 29.7747917175293 -1.229372501373291 -1.270788431167603 4.082254 1.194171 1.489193 0.2518066
2 -0.9729447960853577 6.532138347625732 -0.7053561806678772 1.896812 2.017754 2.311952 1.792384
2 -47.19026565551758 -20.82424163818359 -0.1825964152812958 5.979427 1.247246 2.652415 1.898283
6 22.00986862182617 3.988919496536255 -0.6883318424224854 2.042737 1.695092 0.488034 -0.3914122
1 18.31428337097168 1.496580004692078 -0.8196113705635071 2.030999 1.496768 0.955191 -0.0387423
3 2.803847312927246 -5.262266635894775 -0.9482805132865906 0.595652 0.71209 1.686643 2.178147
1 -44.82476806640625 -14.59179306030273 -0.8419670462608337 2.031431 1.221297 1.540833 3.131816
2 -14.98592281341553 -8.530414581298828 -0.4490341544151306 5.525937 0.626634 2.634691 -2.75356
5 -31.53590202331543 -14.40152740478516 -1.485411643981934 0.157114 0.235519 0.451444 0.1917759
4 -21.30254554748535 -11.26004409790039 -0.9603534936904907 0.996201 0.572932 1.533685 0.4614772
2 -11.09368419647217 3.451174736022949 -0.2273517847061157 0.360483 2.259518 1.752771 1.883632
2 12.75435543060303 -2.432992458343506 -0.55647873878479 6.257468 2.257267 2.521372 0.1921184
6 24.30125999450684 11.65165710449219 -0.5838615298271179 0.431143 0.4324 0.170536 0.2205111
2 26.44038963317871 7.731204032897949 -0.0109725333750248 0.35631 1.893686 1.719491 0.3570933
1 34.69289398193359 4.356743335723877 -1.125125288963318 0.326515 0.871346 0.879377 0.2402826
2 -4.06638240814209 -8.477570533752441 -0.6050446033477783 3.919505 2.084705 2.369539 1.84792