4 13.25661659240723 -2.990333318710327 -0.9705142378807068 1.6034 0.658759 1.614742 -0.02916825
4 5.327462673187256 -2.901297569274902 -0.936748206615448 1.890254 0.701651 1.639198 -0.02916825
1 32.35594940185547 15.10052394866943 -1.562390089035034 4.114467 1.451647 1.370959 3.141592
2 7.319849014282227 15.7535400390625 -0.4164960980415344 11.863097 2.98339 2.608077 3.11597
4 1.443482518196106 -4.712026596069336 -0.894253671169281 1.726529 0.837709 1.646597 -0.02916825
4 -27.92586898803711 -5.416853427886963 -0.7295042872428894 1.07103 0.605173 1.683605 0.02576517
2 -45.44550704956055 24.97882843017578 -0.1990220546722412 7.342491 2.660095 2.739895 3.134683
6 -31.52382278442383 19.67556953430176 -0.8847507834434509 0.725228 0.397549 0.325207 -3.110114
3 33.41535186767578 26.4335823059082 -1.700078010559082 0.540811 0.602005 1.629128 -3.122074
1 24.09352874755859 9.373610496520996 -1.299188733100891 4.158881 1.879311 1.219262 -2.431226
3 -18.19279861450195 29.37304878234863 -1.020076751708984 0.224799 0.336464 0.670931 2.97079
4 13.35798072814941 -4.422386169433594 -1.000586867332459 1.682596 0.694578 1.534498 -0.02916825
4 19.63101577758789 -5.822393417358398 -1.051680088043213 1.382362 0.570345 1.424729 2.263856e-16
1 54.60922241210938 -5.364306449890137 -1.190211415290833 2.397683 1.140352 1.156025 -0.04002227
4 8.731215476989746 -4.222537517547607 -0.9348398447036743 1.484074 0.653996 1.510797 -0.02916825
3 25.44183349609375 26.71224021911621 -1.744850277900696 0.484986 0.500626 1.237479 3.083302