2 -13.4018144607544 -5.978535175323486 -0.5271443724632263 6.19498 2.562263 2.558709 1.466396
2 25.28507995605469 6.239821910858154 -0.5980962514877319 1.857653 1.167025 2.826586 -3.121174
2 -24.25341987609863 -1.826838612556458 -0.4405403435230255 5.993545 2.240551 2.929054 1.494188
5 -10.30459022521973 -2.871201992034912 -1.482813477516174 0.333086 0.339121 0.666817 1.473952
2 9.123815536499023 -6.11915397644043 -0.5782560706138611 5.635131 1.98823 2.560426 3.090247
2 -7.338760375976563 5.110410690307617 -0.6631743311882019 6.148513 2.634171 2.495344 1.031982
2 -31.26208114624023 2.355031967163086 -0.4563426673412323 2.376795 2.315078 2.891249 -0.04468352
1 -37.3926887512207 5.405725002288818 -1.170566558837891 3.290547 2.390099 1.434664 -0.04468352
1 -6.66827917098999 -5.404575824737549 -0.910410463809967 3.196563 1.844678 1.777021 1.464683
5 -10.98208904266357 -1.287086129188538 -1.495423913002014 0.266061 0.291948 0.654634 1.473952
2 52.61313629150391 -5.283613204956055 0.1029097735881805 1.920181 1.881566 1.266398 3.006739
2 55.12073516845703 -3.632481336593628 0.09623695909976959 0.329181 1.976829 1.306647 -0.1348564
5 -16.47150421142578 -2.733859062194824 -1.504037857055664 0.146528 0.163202 0.569322 1.505629
2 4.459839344024658 -6.783650875091553 -0.5908230543136597 6.282708 2.456954 2.362539 1.463794
2 -1.051705837249756 6.29469633102417 -0.7208063006401062 6.432961 2.569813 2.412534 -0.1053419
1 -45.8189697265625 8.8547945022583 -1.114462852478027 2.245463 2.019191 1.470342 -0.2221096
2 1.67492938041687 8.813082695007324 0.03638935461640358 2.768083 2.711895 1.195247 -1.784464
5 -8.710283279418945 -2.913387775421143 -1.516035795211792 0.308668 0.242724 0.591082 1.473952
2 19.47860145568848 -2.983347415924072 -0.4277285635471344 4.821299 1.451296 2.765483 3.006742
1 41.70542526245117 -3.291540145874023 -0.9794559478759766 1.622492 1.578062 1.331556 -0.1348509
1 42.96261596679688 2.214044094085693 -0.7290164232254028 2.83704 0.923884 1.397057 0.7905064
2 13.57241535186768 5.350179672241211 -0.5514025092124939 6.032222 2.011471 2.719621 3.003763
1 17.85601425170898 0.9224938750267029 -1.128843545913696 3.31478 1.81328 1.441996 -0.06267025
5 -20.75137710571289 -1.783184051513672 -1.533181548118591 0.204571 0.247569 0.545799 -1.568937
4 23.78395462036133 -2.249098539352417 -1.133016228675842 2.362841 1.438169 1.409355 -0.1348506
2 -48.40732574462891 6.596490859985352 -0.03068657033145428 0.380433 2.239948 2.182768 2.919483
5 -6.873959541320801 -1.860011339187622 -1.506573677062988 0.234255 0.219766 0.592502 1.554825
6 30.68329238891602 2.90528416633606 -0.5436442494392395 1.49665 0.657113 1.849917 2.654369
2 0.8322094678878784 -6.584271907806397 -0.8450397253036499 3.061676 1.885628 1.850932 1.614735
5 -17.62186813354492 -3.685076951980591 -1.651871800422669 0.544554 0.355134 0.380932 1.456719
5 -17.77352523803711 -2.736186027526856 -1.577496409416199 0.277704 0.181266 0.502719 1.567405
2 -1.451113343238831 -6.6280517578125 -0.6361051797866821 5.180606 2.444606 2.287531 1.614735
2 5.641857147216797 5.68567705154419 -0.6763833165168762 6.343836 2.365596 2.476045 2.912352
5 -11.65087795257568 -2.887270927429199 -1.510947346687317 0.260277 0.279869 0.592129 1.473952
2 25.13687515258789 4.034317970275879 -0.4603113234043121 6.22742 2.441212 2.880058 3.002977
5 -15.00651454925537 -2.678348064422607 -1.50859546661377 0.236981 0.25724 0.617216 1.563042
3 39.73806762695313 1.74023973941803 -0.6722411513328552 0.322413 0.377506 0.792824 2.612222
5 1.605580687522888 -4.429095268249512 -1.490368843078613 0.335206 0.322524 0.614945 1.614735
5 -7.390243053436279 -3.030922174453735 -1.466448664665222 0.366811 0.336234 0.675552 1.466396
1 -21.7041187286377 -3.31038498878479 -1.084711909294128 2.92477 1.774675 1.556617 -1.589665
5 0.6770985126495361 -4.648890495300293 -1.480275392532349 0.374467 0.262752 0.660579 1.614735
6 -37.13466262817383 0.8725164532661438 0.1502489894628525 0.480593 1.311449 0.868239 2.919483
2 -4.04525089263916 -5.714715003967285 -0.633602499961853 3.802039 2.53264 2.254629 1.614735
1 43.2806282043457 -1.611727833747864 -1.147810101509094 1.332407 2.020506 1.213383 -0.1348512
2 4.775182723999023 11.31310367584229 -0.6626688838005066 7.264718 0.766283 2.864551 1.43946
3 37.70391845703125 2.101372480392456 -0.7213999629020691 0.197111 0.598288 0.559804 2.612222
6 38.03963851928711 -4.45646858215332 -1.002278089523315 0.349615 0.133626 0.459968 1.144615
6 -39.77720642089844 1.324855446815491 0.8337192535400391 0.224683 0.564606 0.153404 2.919483
1 -42.38265991210938 10.74582195281982 -1.562467217445374 1.010238 1.514661 0.908374 2.915703
2 10.09641456604004 -3.629520654678345 -0.6011688709259033 6.476681 2.600286 2.577478 -3.129236