6 -7.668951988220215 -11.62382411956787 -0.1181999295949936 0.760915 0.139667 0.564345 1.882965
1 59.21257400512695 7.507131099700928 -0.3826299905776978 2.105983 0.190768 1.072241 0.2758494
1 12.45769786834717 0.4777985513210297 -0.8889023065567017 3.044101 1.791427 0.962247 0.1136096
1 9.494504928588867 7.286268711090088 -1.116842389106751 3.850301 1.674321 1.391309 -2.140156
3 6.171521186828613 -2.699714660644531 -0.9514465928077698 0.585967 0.726335 1.674222 0.2080841
2 -34.00020217895508 -8.32476806640625 -0.1781954765319824 1.963644 3.984105 2.873744 2.937038
4 13.41052341461182 4.361206531524658 -1.063709378242493 1.743702 0.747189 1.593917 -0.9947892
2 6.184924602508545 -12.21890926361084 -0.5881367325782776 8.193863 2.332395 2.58344 -1.376374
2 1.627218961715698 -7.607665538787842 -0.5905031561851501 3.927781 2.098091 2.282336 1.92447
1 28.3841667175293 10.51336479187012 -0.632005512714386 3.939378 1.402159 0.866725 3.10606
2 12.73495483398438 -2.306857824325562 -0.5698860883712769 6.326866 2.111014 2.548218 0.202569
2 -10.9842414855957 3.409742116928101 -0.3717195093631744 0.266587 2.112705 2.046508 1.920932
2 -1.030973672866821 6.497313976287842 -0.7096139192581177 1.88247 2.025186 2.322873 1.81627
4 -15.07423305511475 -7.530861854553223 -0.9851375222206116 1.167932 0.737948 1.569389 0.3882671
3 -10.24776458740234 -1.157288193702698 -0.9165260791778564 0.784156 0.644732 1.699843 -2.369445
1 10.55955982208252 15.37022209167481 -1.269715666770935 4.442369 1.738266 1.454536 -1.314848
6 4.270615577697754 -9.962221145629883 -1.654608368873596 0.85464 0.248038 0.492772 -1.374051
1 0.3492732644081116 10.28131675720215 -1.094513416290283 1.941532 0.767801 1.306013 1.60194
2 -36.39480972290039 -18.91677284240723 -0.4644870162010193 1.552832 1.850462 2.165752 1.927701
1 6.291111946105957 0.4012938439846039 -1.065775632858276 3.421051 1.743763 1.471618 -0.09897982
1 29.64280700683594 -1.141863703727722 -1.293862462043762 3.769511 1.271664 1.461688 0.240253
3 2.476209163665772 -5.252499103546143 -0.9352943301200867 0.562284 0.862418 1.695082 1.850522
2 -14.88571643829346 2.726104497909546 -0.5745190978050232 3.396661 1.719114 2.595839 -2.857146
1 15.79114151000977 8.006446838378906 -1.134107708930969 3.14905 1.418538 1.449169 -0.8321464
2 -4.090505599975586 -8.472232818603516 -0.6082127690315247 3.921637 2.03892 2.375708 1.840678
2 -4.035582542419434 3.190626859664917 -0.6693304181098938 6.02662 1.954066 2.316429 -2.845415
2 11.41524314880371 -5.577038764953613 -0.5912700891494751 3.052167 2.243268 2.506951 0.278704
6 33.33217620849609 -0.04689070954918861 -1.064513564109802 0.788459 0.47179 0.782733 0.168422
2 45.88449478149414 21.27046585083008 -0.6430088877677917 5.485401 2.062447 2.198466 1.725003
4 24.60906791687012 29.27093124389648 -1.781904697418213 1.32452 0.403918 0.788999 1.984354
1 4.208849430084229 3.94431209564209 -1.078936100006104 3.772683 2.030716 1.426068 -2.353269
1 21.86401557922363 4.405375957489014 -0.842188835144043 2.340532 1.468516 0.763271 2.696685
2 41.11606216430664 1.172029376029968 -0.1667122542858124 1.934064 2.142634 1.596779 -2.878247
1 15.40187454223633 4.712381362915039 -1.105179071426392 3.178242 1.730812 1.393947 -0.7395235
6 18.41891670227051 1.369445085525513 -0.5744730830192566 1.311461 1.113183 0.45865 0.08660512
2 11.92533206939697 -11.51022529602051 -0.5471479892730713 7.329076 2.036111 2.714164 -1.408087
2 40.92317962646484 15.42825031280518 -0.4139269292354584 3.937143 2.827651 2.09498 1.727668
2 2.156333208084106 7.070016860961914 -0.6616443991661072 6.314642 2.44074 2.495467 -2.053354
2 -0.9077958464622498 -9.353426933288574 -0.5713108777999878 6.032164 2.733551 2.425071 1.883769
5 -31.46965026855469 -14.53531265258789 -1.483007788658142 0.144236 0.17331 0.443616 0.3688379
2 -15.084303855896 -8.609989166259766 -0.4461868703365326 5.719215 0.736377 2.63613 -2.727704
6 5.938758373260498 -3.243109226226807 -1.467126131057739 0.564014 0.222793 0.53438 0.5453534
3 3.44094443321228 -3.739253759384155 -1.051028728485107 0.603525 0.697353 1.45833 -0.1506893
5 -35.54465484619141 -15.60615253448486 -1.474845409393311 0.310937 0.361724 0.515129 0.317528
2 42.01388168334961 3.669245004653931 -0.1125899776816368 6.033426 2.275479 1.534626 -2.842133
6 23.37344551086426 12.23634147644043 -0.766639232635498 1.501934 1.85376 0.657357 0.3308883
1 -44.47459030151367 -20.81339645385742 -0.8660531044006348 1.830213 1.117605 1.571464 1.934727
6 24.55680084228516 0.4054249227046967 -0.903166651725769 3.213833 0.823797 0.111229 -0.07528947
2 -15.49723243713379 0.2660239934921265 -0.5103868246078491 6.298292 2.103657 2.595666 -2.872618
4 -0.2819263935089111 -3.404124021530151 -0.9745970368385315 2.994037 1.296476 1.513387 -0.1302384
6 -6.112922191619873 -9.342439651489258 -0.2212812006473541 0.750744 0.169252 0.289785 1.867992
4 15.37800979614258 2.167114734649658 -1.022294163703919 2.424375 1.239075 1.375398 -0.7500597
2 -5.893351554870606 -5.530779838562012 -0.5772352814674377 6.266572 2.361343 2.345716 0.3139634
1 17.5408992767334 33.47079849243164 -1.355589151382446 4.476161 1.712877 1.90427 1.73879
1 24.24142646789551 15.64358997344971 -1.43668270111084 4.242692 1.815912 1.180074 -2.926474
2 26.39324951171875 5.634205341339111 0.005178274586796761 6.05288 2.131231 1.778392 -3.128901
1 -40.62313461303711 -13.84777450561523 -0.8350375294685364 4.233718 1.984646 1.601245 -3.007337
2 -47.09945297241211 -21.00440788269043 -0.1651806533336639 6.065609 1.247838 2.617674 1.909177
2 26.31341552734375 7.866189956665039 -0.2453224807977676 0.332769 1.868989 2.186081 0.3501699
2 -28.91695594787598 -5.287556171417236 -0.3090785145759583 5.892452 1.158058 2.833705 0.2725627
2 -22.75222396850586 -2.747506856918335 -0.3640918135643005 5.877175 2.164427 2.800797 -2.935182
3 28.83473205566406 32.8780403137207 -1.132775068283081 0.193091 0.324606 1.123124 2.047524
2 -55.55205535888672 -20.03161811828613 0.170846089720726 1.963838 2.450574 2.15819 0.356094
6 34.64170837402344 4.516860008239746 -1.01316511631012 0.338634 0.606545 0.591322 0.2137477