2 -10.87792491912842 -2.790990352630615 -0.6307004690170288 6.606344 0.933686 2.565939 -3.089018
2 1.627295613288879 -8.286186218261719 -0.6560138463973999 7.816779 1.150894 2.578502 -1.599361
2 11.90416049957275 6.804280757904053 -0.4274572730064392 2.153501 2.365447 2.349007 -1.456703
2 13.99946117401123 -3.105969905853272 -0.76906818151474 4.650792 0.919361 2.006274 -3.053657
1 -9.235926628112793 6.639219760894775 -0.5705870985984802 1.66347 1.340621 1.08591 1.63401
4 10.46182918548584 3.217247247695923 -0.981471836566925 1.532314 0.705624 1.535389 3.090268
4 -26.41838264465332 -0.6710835099220276 -1.20578145980835 1.228488 0.763227 1.494517 0.05959102
2 -2.293017625808716 -7.785342693328857 -0.6064469218254089 4.451592 0.512507 2.379793 1.562611
2 -24.63900184631348 -4.500281810760498 -0.3388411402702332 4.694861 1.290578 2.819856 -3.054806
1 36.43669891357422 10.29685783386231 0.6941457986831665 2.015514 0.593786 1.259442 1.817744
2 -0.320783793926239 -5.582326412200928 -0.7020202875137329 2.201662 2.009875 2.339369 1.52255
6 -23.57486343383789 3.66973876953125 -0.5678321123123169 1.686712 0.478545 2.697543 0.07569519
1 38.5557746887207 5.385387420654297 0.3399899005889893 1.686236 0.817574 1.528869 -3.064054
1 15.89525318145752 -1.233249664306641 -1.046923041343689 2.980794 1.518058 1.407289 0.1147682
2 3.622432947158814 8.189597129821777 -0.6371950507164001 6.189786 2.210672 2.45321 1.83064
2 14.34351825714111 6.277871131896973 -0.4804855585098267 2.795452 2.625473 2.512498 -1.542654
2 25.82107162475586 7.557537078857422 -0.1519796401262283 1.975945 1.613398 2.354369 -1.642763
4 27.87189483642578 2.968663930892944 -1.004508256912231 2.100462 1.135352 1.497243 -3.027957
2 22.15875434875488 -3.380584955215454 -0.3356562256813049 5.832929 2.428596 2.72044 0.0839569
2 3.619879961013794 -2.854465007781982 -0.6629256010055542 6.097622 2.572512 2.273859 -3.126819
1 11.76888751983643 0.1539448946714401 -1.017459034919739 4.265487 2.212595 1.430313 -0.121643
4 33.31983947753906 2.914668798446655 -0.8330304026603699 1.280879 0.560304 1.283114 3.07671
2 -31.12760734558106 3.748566150665283 -0.6343622803688049 5.998452 0.941788 2.912731 0.08347525
1 9.555932998657227 5.676688671112061 -1.018770575523377 2.617766 2.099232 1.454531 -1.453398
2 -3.165905952453613 -3.132981300354004 -0.6321231722831726 6.220567 2.437687 2.200167 0.02089542
2 47.11977767944336 4.851291656494141 -0.1573642492294312 2.245847 1.61506 2.945444 -0.4082406
2 16.93428802490234 6.090826988220215 -0.4418287873268127 2.122316 2.310786 2.584384 -1.567532
2 -18.23406219482422 4.102077484130859 -0.4602398276329041 6.330873 1.091415 2.826118 0.07410508
2 -13.44344615936279 6.63107442855835 -0.5662550926208496 5.916284 2.187098 2.675695 1.818459
1 59.97978591918945 2.363463401794434 -1.013348817825317 0.446232 1.61192 0.932742 0.1218156
1 -6.093870639801025 5.767483711242676 -0.1441818922758102 2.163453 2.417817 1.348613 -1.489713
2 6.59859561920166 6.364522457122803 -0.6727318167686462 1.938625 2.57952 2.479032 1.702928
2 -52.23440170288086 2.962296962738037 -0.6683875322341919 4.037488 0.904198 3.005104 0.04314482
2 56.00457000732422 -3.582523584365845 -0.5602928996086121 4.986245 1.359395 2.605079 -2.947586
2 -23.42434692382813 -2.605418205261231 -0.4438343048095703 1.86479 2.305597 2.992471 0.1032375
1 -4.438311576843262 2.403016090393066 -0.9519129395484924 4.247972 1.833903 1.776061 -3.097507
2 -3.520831346511841 6.184607028961182 -0.6585551500320435 3.356299 2.164568 2.318773 -1.502728
4 18.18374443054199 3.196770191192627 -0.7879675626754761 2.88306 1.066362 1.839941 3.003502
2 -0.7746970057487488 5.192797183990479 -0.7300592064857483 1.695171 2.188137 2.277477 1.64434
2 -39.03810882568359 2.950255155563355 -0.7151554226875305 5.306758 0.879154 2.713833 0.1076808
6 -28.69733619689941 -4.774197101593018 0.0440291054546833 0.289159 0.49475 2.054115 -3.141592
1 42.30080413818359 -1.301398873329163 -0.9887084364891052 2.1336 1.069021 1.336187 0.03116538
2 24.30117225646973 4.919755935668945 -0.4145100116729736 5.121196 2.13831 2.941178 0.08002999
2 51.69347381591797 -4.236493110656738 -0.2462650835514069 0.920321 0.835905 2.012792 -2.947586
2 19.85345840454102 6.690314769744873 -0.6888633370399475 2.451827 2.118877 2.051652 -1.661437
2 23.19376373291016 6.924278259277344 -0.4776861965656281 1.154675 1.874158 2.519891 -1.675512