2 -29.79338455200195 -0.2587621808052063 -0.1425373107194901 1.826105 1.799886 2.92121 -2.871639
5 20.3812141418457 -0.5104150772094727 -1.777705550193787 0.28552 0.25401 0.557315 0.2837543
2 -9.50500202178955 4.523386955261231 -0.5927796959877014 2.962121 2.583892 2.377026 -1.357404
2 -0.04451125115156174 -8.912154197692871 -0.6374305486679077 1.227316 1.529472 1.016257 0.1501125
2 -20.01024436950684 2.938600063323975 -0.08746916800737381 2.896621 2.401498 2.019458 1.896933
2 18.74234771728516 -4.364865303039551 -0.614230215549469 6.002862 2.211906 3.02074 1.824859
4 -35.32645797729492 -4.16790771484375 -0.7488868832588196 2.648918 0.871354 1.554846 -2.719866
1 -34.80874252319336 -1.820042014122009 -1.084226846694946 0.688386 1.090615 0.828391 -0.8540574
5 19.15559005737305 0.725998044013977 -1.768598675727844 0.380434 0.256875 0.493666 0.3429693
1 12.97411918640137 1.764256000518799 -1.210376024246216 3.122048 2.07364 1.476975 0.178431
2 -44.12741851806641 -4.776345729827881 0.3305471837520599 2.199835 0.352881 2.000414 -2.901113
2 27.2928409576416 -1.205965757369995 -0.7325319647789001 4.638832 2.284496 2.889399 1.938122
2 1.687181353569031 8.07286262512207 -0.04966947436332703 1.749713 1.972378 1.171775 -1.294334
2 -21.63956260681152 -7.14947509765625 -0.1631254702806473 7.431015 2.296858 2.382046 -2.933779
2 -14.63114356994629 3.569754838943481 -0.3347023129463196 1.785384 2.102079 2.199985 -1.296615
2 39.83622741699219 6.767586708068848 -0.9037554860115051 6.097676 2.364627 2.764835 -2.747239
2 13.37709045410156 8.570833206176758 -0.5532103180885315 6.279119 2.424369 2.829046 -2.848632
2 -11.47931671142578 -6.057486057281494 -0.6563822031021118 6.14224 1.994729 2.073887 -2.923416
5 14.65252113342285 -2.721177816390991 -1.693850517272949 0.228906 0.27621 0.560755 0.2318559
2 -7.19766092300415 4.765581130981445 -0.6409015655517578 1.453431 1.347211 2.361655 -1.412199
2 -1.679957985877991 4.449749946594238 -0.6752974987030029 6.075221 2.348082 2.284161 0.2805841
1 -33.43054580688477 -6.412103176116943 -0.6430619359016418 2.628168 2.101263 1.70376 0.2452645
2 -15.1402063369751 -9.282206535339355 0.009768950752913952 4.476913 1.491495 1.741303 -2.943321
6 -41.48138809204102 -4.779210567474365 -0.1995310634374619 0.138046 0.432848 0.306146 -2.697779
2 -38.86760330200195 -2.556387424468994 0.1517756581306458 2.176939 2.206283 2.854617 2.019608
1 3.059711456298828 2.755245447158814 -1.099007487297058 4.478449 1.998063 1.466446 -2.970926
2 -30.44122886657715 -8.236373901367188 -0.05279448628425598 6.209237 0.470831 2.881813 -2.938988
2 6.736855983734131 -3.872225522994995 -0.6585952043533325 4.070408 2.411998 2.399842 1.898587
2 46.62212753295898 10.51412010192871 -0.8885473012924194 1.562761 1.270838 2.739045 0.4252685
1 -31.72379112243652 -1.307041049003601 -0.3089345097541809 1.176747 0.42528 1.713834 -2.752817
2 37.82151031494141 3.829334259033203 0.02555238828063011 1.710727 0.971034 1.147579 0.3264916
2 14.61140632629395 11.8016996383667 0.006310269236564636 3.72766 1.4774 1.385479 -2.784115
2 1.74312162399292 -5.917014598846436 -0.5430877804756165 2.07735 2.470738 2.056611 1.817891
1 -8.125899314880371 -3.003474950790405 -0.9805161356925964 4.200861 2.102824 1.41687 0.2196541
2 4.611130714416504 6.472943782806397 -0.4896479249000549 6.245331 2.587464 2.146498 -2.850079
1 24.68697738647461 -1.089860677719116 -1.267821669578552 2.398144 1.760944 1.729233 1.890802
5 15.96523952484131 -2.13779354095459 -1.701473116874695 0.331329 0.215735 0.51206 0.2543119
5 23.12572288513184 0.4907578229904175 -1.786925673484802 0.30668 0.290957 0.577248 0.2188029
6 -20.76494979858398 -9.039936065673828 -0.04359805956482887 0.790296 0.909349 2.085492 -2.567073
2 -27.03343200683594 0.0998457819223404 -0.3078596293926239 1.844874 2.332422 2.671587 1.824686
5 13.5517692565918 -3.187589645385742 -1.725447773933411 0.244121 0.203901 0.377831 0.3731498
2 -49.37880325317383 -12.06428241729736 0.2266924679279327 4.871427 1.908811 2.956653 -2.853023
4 -21.46294593811035 -9.146379470825195 -0.1113676130771637 0.468412 0.641769 2.026274 -2.597626
2 -21.87199974060059 1.042733192443848 -0.2320853024721146 0.498063 1.943076 2.443412 2.037478
2 -12.2182559967041 3.575576543807983 -0.3919789791107178 2.002123 2.365783 2.129583 -1.290224
4 43.30092620849609 11.09104728698731 -1.602410554885864 2.423137 1.015626 1.282465 0.4495973
2 -19.23502159118652 -9.286256790161133 -0.04588141292333603 2.401263 1.808235 2.090059 -2.947618
6 42.13258361816406 5.268970489501953 -0.5051584243774414 0.283584 0.769312 1.858723 -2.696331
5 21.85874938964844 0.06133129075169563 -1.848558902740479 0.293982 0.286757 0.435261 0.3125766
2 20.21958732604981 8.275126457214355 -0.5546333193778992 5.250845 2.385577 3.027257 1.380277
2 -59.51863098144531 -8.017704963684082 0.2629366517066956 8.88578 0.711598 2.51042 -2.931323
2 35.21356582641602 2.793251037597656 -0.6894198656082153 3.385003 1.963584 2.645311 1.84131
2 4.630149364471436 -6.532325744628906 -0.584140956401825 6.289161 2.157149 2.368414 1.815724
1 -16.68552589416504 2.317925691604614 -0.982029139995575 2.48367 1.895858 1.434805 -1.12675
2 29.28327941894531 1.005547165870667 -0.7973575592041016 1.519962 1.874499 2.693832 1.936666
5 19.09477424621582 -1.045116662979126 -1.772816181182861 0.188778 0.251646 0.50537 0.261046
2 -2.638593435287476 -4.107744693756104 -0.6440464854240417 6.092511 2.204306 2.230983 0.2724417
4 -41.78447341918945 -6.229685306549072 -0.7034115791320801 1.029007 0.585789 1.37459 -2.810132