2 19.24912071228027 -7.733847618103027 -0.5008583664894104 1.764259 1.996885 2.692171 1.584733
6 36.19015502929688 -9.87222671508789 -1.753877878189087 0.276755 0.156685 0.211747 -3.094689
2 -29.6754207611084 6.513721466064453 -0.4327399134635925 3.919238 0.77512 2.760403 3.058292
4 36.57618713378906 -11.70334815979004 -1.081054449081421 1.459016 0.796068 1.241575 -1.541962
2 -15.36142826080322 -1.863009333610535 -0.4934641122817993 6.365654 1.421814 2.659154 -0.1046849
2 27.33162689208984 0.2450596690177918 -0.5099471211433411 1.96296 0.960018 2.709613 3.119117
6 -26.85488319396973 6.411666393280029 -1.415742516517639 1.271908 0.354914 0.595532 3.052348
4 -24.75276947021484 4.999396800994873 -1.078591227531433 0.981728 0.730183 1.343644 3.010161
4 -8.852984428405762 1.763500809669495 -1.003915429115295 1.699025 0.81779 1.563928 3.089947
2 3.555077075958252 5.257681369781494 -0.6396210193634033 4.014012 2.259517 2.276108 -1.563368
2 6.329750061035156 4.281138420104981 -0.6659397482872009 2.93684 2.459227 2.338184 -1.582983
2 -8.231860160827637 -3.011956930160523 -0.6469247341156006 6.396748 2.400153 2.48507 3.039628
1 4.79123592376709 -3.155899286270142 -1.087555527687073 4.187795 1.864035 1.428505 -0.1169681
2 -42.54733276367188 8.036908149719238 -0.2133686542510986 4.175445 0.358769 2.469147 3.062832
2 35.67592239379883 -1.801662087440491 -0.334910124540329 3.437228 2.311888 3.065327 1.04722
2 41.95618057250977 -11.45038032531738 -0.5167747139930725 1.496641 1.324996 2.314386 -1.574595
2 -2.170854806900024 -7.146101951599121 -0.6974836587905884 1.855736 2.171121 2.368136 -1.716011
4 -9.831951141357422 3.207023143768311 -0.9890323281288147 2.008484 0.980658 1.592376 3.089947
2 16.06691551208496 4.369541168212891 -0.5181171894073486 3.959644 1.726625 2.59718 -3.074444
2 -3.950703620910645 7.639376640319824 -0.6112492680549622 6.245982 2.55307 2.340837 1.588271
2 -14.23269939422607 5.539844989776611 -0.6505783200263977 0.800314 1.792499 1.949694 -1.564651
2 -22.55167007446289 -0.9155022501945496 -0.3951937854290009 6.503352 0.848545 2.734425 3.084027
6 31.86083030700684 -10.09555530548096 -1.746670126914978 0.211994 0.194507 0.256815 -3.094689
2 -4.849926471710205 -7.41281270980835 -0.6588850617408752 4.223366 2.413974 2.431299 1.521325
2 50.95273590087891 -11.64553737640381 0.06517364084720612 1.372328 1.575892 1.312615 1.521022
4 49.70314025878906 -7.133536815643311 -1.348913669586182 1.818782 0.826994 1.339175 -3.086314
5 32.48280334472656 -8.485998153686523 -1.666878938674927 0.363804 0.327796 0.436003 -3.094689
1 -39.62619781494141 3.918513059616089 -0.9066556096076965 2.193339 2.108433 1.270692 3.09323
6 0.2874322533607483 -9.589404106140137 -0.8482917547225952 1.32388 0.775071 0.367706 -1.69271
2 48.15073013305664 -11.49355697631836 -0.4871850907802582 3.241614 1.409653 2.429616 1.555296
2 1.516643404960632 -5.159518718719482 -0.8328025937080383 5.385712 1.860147 2.035462 3.073956
2 1.242557525634766 6.730597972869873 -0.6448282599449158 5.288516 2.240905 2.309956 -1.563368
2 -48.16575241088867 8.650337219238281 -0.6075097322463989 1.954713 0.394224 2.604298 3.127061
2 8.9952974319458 4.000480175018311 -0.5976123809814453 1.857571 2.470087 2.373521 -1.615622
2 5.514392852783203 -8.02541732788086 -0.4830161333084106 2.465314 2.222283 2.132828 1.393555
6 -0.3280931413173676 -6.952666282653809 -0.5198127031326294 0.350479 0.324011 0.316622 0.0001700139
5 34.88284301757813 -9.925941467285156 -1.816413402557373 0.211684 0.214661 0.455875 -3.094689
1 21.43673133850098 -2.231952667236328 -0.9272723197937012 3.346144 2.147587 0.93267 2.959525
2 53.66746139526367 -9.134787559509277 -0.5632936954498291 5.564738 1.987943 2.649597 -2.985328
2 13.62852668762207 1.754338026046753 -0.5364660620689392 5.759286 2.22965 2.569877 -0.06626451
1 8.683534622192383 -0.9772359728813171 -1.067652702331543 4.249358 1.828943 1.484032 -0.2180665
2 8.437166213989258 -9.370033264160156 -0.458565354347229 1.240809 1.588208 2.263577 -1.635696
4 -38.4135627746582 6.150898933410645 -0.8984547257423401 1.820636 1.096889 1.813857 3.076534
2 30.54528617858887 -11.23601341247559 -0.5460262298583984 1.791703 1.911878 2.187004 1.568652
1 -1.246577620506287 5.159027099609375 -1.000399231910706 4.16828 1.894508 1.474397 -1.520818
2 39.60823440551758 -12.65883636474609 -0.5912589430809021 4.158113 2.213193 2.611525 1.607266
2 -23.64263153076172 7.298373222351074 -0.3726172745227814 3.249755 2.377758 2.856423 1.668596
6 -34.50734329223633 7.033017635345459 0.06815497577190399 0.625751 0.192775 1.025108 -0.1683086
5 33.30705642700195 -9.97948932647705 -1.732414960861206 0.333701 0.16336 0.449559 -3.094689
2 2.677118062973023 -9.622090339660645 -0.2265409231185913 4.723883 2.145921 1.73935 -1.631319
2 -11.43650531768799 6.075863361358643 -0.5566280484199524 2.724255 2.257794 2.490649 1.498155
2 10.16205978393555 -6.181119441986084 -0.5738189220428467 6.106396 2.435181 2.539436 -0.04590551
2 55.6683235168457 -11.39963340759277 -0.0669894888997078 0.909156 0.230413 1.651833 1.482954
2 -18.02457237243652 6.136692523956299 -0.3509608209133148 4.949426 0.97445 2.407715 3.103098
2 -1.346038341522217 -14.43144607543945 -1.087788105010986 1.190803 1.545705 1.654849 -1.705553
2 12.3588171005249 4.106820583343506 -0.5462575554847717 1.716752 2.546698 2.483732 -1.602734
2 -6.765548706054688 -6.251865863800049 -0.6543910503387451 1.994801 1.507279 2.444329 -1.617684
2 -38.46016693115234 -0.8046391010284424 -0.02110178396105766 8.059894 1.215712 2.117065 3.107574
2 -34.99131011962891 0.9066131711006165 -0.1923123002052307 1.796659 2.311473 2.934247 3.137195
5 36.58553314208984 -8.749942779541016 -1.761815071105957 0.317802 0.257511 0.240323 -3.094689
2 -6.406041145324707 5.45696496963501 -0.643849790096283 1.622297 2.112913 2.356745 1.724681
2 20.56728363037109 0.642570972442627 -0.4233951568603516 6.055957 0.558375 2.755093 -0.005663653