4 21.2937126159668 -6.617546081542969 -0.8678932785987854 1.596546 0.69633 1.641683 -0.03002728
3 4.485414505004883 -10.57076740264893 -0.7034475207328796 0.519025 0.483592 1.612684 0.003763599
4 47.9831657409668 6.384126663208008 -1.058898568153381 1.474938 0.66571 1.318918 1.668694
4 -52.54750442504883 -5.907219886779785 -1.093804240226746 0.999865 0.579677 1.316846 -0.1207767
1 32.45006942749023 -2.566656112670898 -0.9123402237892151 3.601519 1.885605 1.480703 -0.016065
2 31.36074256896973 22.99619102478027 -0.09877649694681168 7.85607 3.059523 3.658779 -3.04864
4 49.95808029174805 5.703024864196777 -0.9671232104301453 1.251445 0.445879 1.081148 1.668694
1 56.90829086303711 4.496626853942871 -0.8013086915016174 4.133233 1.629602 1.33539 -1.215304
6 53.09572601318359 7.995785236358643 -1.011226177215576 0.821496 0.441752 0.539902 -1.96115
4 -22.79067611694336 -6.358705043792725 -0.9831451773643494 2.301816 1.325533 1.647944 0.02557832
1 -2.631248950958252 21.56113243103027 -1.842977166175842 3.011897 0.486142 0.833861 3.126321
4 34.21203994750977 -5.220382213592529 -0.9356069564819336 1.383672 0.795902 1.437691 -0.01288247
4 -49.0871696472168 -6.675294399261475 -1.265382409095764 0.88772 0.493399 1.251042 0.07663461
4 21.83091926574707 -5.16446590423584 -1.01499879360199 1.579965 0.713777 1.336655 -0.03002728
4 -13.17773723602295 -5.793906211853027 -0.9909641146659851 1.767871 0.70335 1.636029 0.02565288
4 37.07465744018555 -6.621297836303711 -0.8971365094184875 0.945191 0.487617 1.274203 -0.06361066