2 -15.49741554260254 0.2763076424598694 -0.5067963600158691 6.355195 2.141793 2.597902 -2.861864
1 24.20083618164063 15.80895709991455 -1.436469435691834 4.261283 1.836153 1.182913 -2.818566
1 29.64215087890625 -1.059723854064941 -1.260168671607971 3.837835 1.158276 1.467916 0.2702566
3 8.187106132507324 -1.800678968429565 -1.015484571456909 0.926457 0.938034 1.635851 0.1431601
1 6.297756195068359 0.4209797978401184 -1.078207492828369 3.395154 1.801135 1.443755 -0.05532023
4 -11.99242305755615 -6.044236660003662 -0.9680665135383606 1.426235 0.7848 1.586498 0.325125
3 2.460530757904053 -5.188151359558106 -0.944322407245636 0.393017 0.79371 1.711907 1.685809
6 -35.54199600219727 -15.60278987884522 -1.349378824234009 0.279836 0.30303 0.251266 -2.795309
2 17.54255104064941 33.5540657043457 -1.367955207824707 4.616951 1.5868 1.926071 1.747065
2 5.949669361114502 -11.32257556915283 -0.5803902745246887 6.33463 2.334445 2.564148 -1.370914
4 24.69964027404785 29.29865837097168 -1.774777889251709 1.364787 0.377155 0.833101 -1.37668
2 -11.1708517074585 3.402404308319092 -0.2489374727010727 2.481879 0.426718 1.799772 -2.801839
1 -33.31447601318359 -12.64636325836182 -0.8472809195518494 4.150723 2.032052 1.719105 0.1921802
2 11.21138668060303 -5.65479850769043 -0.602672815322876 2.670667 2.246218 2.530141 0.2782235
1 33.33328628540039 0.01680547371506691 -1.062732696533203 0.851025 0.363007 0.83041 0.2821536
6 -7.67279577255249 -11.62672233581543 -0.1323293745517731 0.722634 0.088019 0.547014 1.930541
2 -14.89896869659424 2.698214292526245 -0.5641171336174011 3.405854 1.709708 2.57513 -2.848113
6 18.39350128173828 1.34436845779419 -0.560713529586792 1.766085 1.438615 0.42976 -0.7937811
6 22.43441963195801 33.43471527099609 -1.416260123252869 1.27826 0.159242 0.272974 -1.32597
1 -45.24342346191406 -14.63559627532959 -1.033470511436462 3.749437 1.172943 1.298459 0.194984
2 -15.03563117980957 -8.64508056640625 -0.4418506324291229 5.65819 0.597077 2.621573 -2.73407
6 4.271052837371826 -10.05411720275879 -1.663792967796326 0.822897 0.165122 0.489124 -1.356169
2 -22.71602821350098 -2.730442047119141 -0.3629670739173889 5.857819 2.325362 2.82033 -2.945417
2 -0.8536602854728699 -9.328933715820312 -0.598961591720581 6.106007 2.607452 2.482819 1.87354
2 -36.40251541137695 -18.80523300170898 -0.344092458486557 1.612149 1.783427 2.586647 1.94972
2 42.05163955688477 3.653117179870606 -0.148727685213089 5.950933 2.300699 1.607669 -2.861459
6 -2.96944522857666 -7.680790901184082 -0.02190756984055042 0.642767 0.569924 0.700044 1.886993
1 15.61116600036621 4.571063995361328 -1.139690518379211 3.655443 1.78252 1.467839 -0.7446752
6 -6.636231899261475 -9.903815269470215 -0.234627366065979 1.500384 1.51375 0.32943 1.895784
3 -10.69558143615723 -4.635210037231445 -0.8850403428077698 0.479282 0.717629 1.656111 -2.334444
2 45.8291015625 21.30702972412109 -0.6480103135108948 5.570225 2.082023 2.208405 1.7275
1 28.15880012512207 10.76903820037842 -0.6984391808509827 3.392285 1.099555 0.740692 0.1640332
2 2.155984878540039 7.01361608505249 -0.6212770342826843 6.204364 2.402783 2.413799 -2.05467
2 -55.53263854980469 -20.10186386108398 0.3118727505207062 1.862496 2.419683 1.875098 0.2700145
1 -44.46523666381836 -20.96333694458008 -0.8698951005935669 1.558827 1.036838 1.577679 1.995209
6 7.56173038482666 -2.560934782028198 -1.498582363128662 1.525774 0.777209 0.672548 -2.852006
1 9.511310577392578 7.340713024139404 -1.131259083747864 3.806505 1.642513 1.420161 -2.039344
2 -46.8533821105957 -21.12951850891113 -0.06262293457984924 5.676325 0.964429 2.385208 1.905686
2 41.15254592895508 1.128025054931641 -0.1482360810041428 1.871615 2.049428 1.55949 -2.875529
2 1.723097443580627 -7.916152954101563 -0.6451873779296875 4.588156 2.112398 2.400586 1.926251
2 26.30187797546387 5.609466075897217 -0.07480087131261826 6.31291 2.096859 1.937787 3.137889
2 -4.070741176605225 3.314996242523193 -0.6741628050804138 6.010045 2.02458 2.324836 -2.835669
1 4.211029052734375 3.958019971847534 -1.073952913284302 3.791763 2.050081 1.427779 -2.361044
6 28.91856193542481 2.520138025283814 -0.6423937082290649 0.48327 1.357108 0.236964 -2.84952
4 15.65260601043701 2.026878356933594 -0.9019894599914551 2.213247 1.247888 1.101581 -0.8396372
4 14.19764804840088 3.54600191116333 -1.061546802520752 1.771076 0.718876 1.555886 -0.8147312
3 5.328221321105957 -3.377088785171509 -1.095922231674194 0.793301 0.521082 1.436757 -0.06391793
1 12.46086978912354 0.4572818279266357 -0.8978207111358643 3.077622 1.647443 0.979675 0.1784151
6 34.67585754394531 4.454254150390625 -1.003413438796997 0.296311 0.754257 0.638436 -2.970981
5 -31.47934722900391 -14.57439517974854 -1.479040026664734 0.191374 0.233442 0.460089 -2.798208
1 24.60237693786621 12.55185317993164 -0.7769601941108704 4.185968 1.80492 0.67889 0.2038646
1 22.17364692687988 4.210719585418701 -0.8646819591522217 2.280873 1.382882 0.787114 -0.3870645
6 24.55066299438477 0.4019594490528107 -0.8102827668190002 3.236887 0.600555 0.309756 -0.1431499
4 0.317620575428009 -3.49997353553772 -0.9927998781204224 2.955956 1.280244 1.536997 -0.1626966
2 26.33425903320313 7.847169399261475 -0.009966446086764336 0.370967 1.857717 1.71451 0.3299429
2 -28.57746887207031 -5.179318904876709 -0.3137968182563782 5.197969 1.017656 2.831229 0.3076969
2 12.75419044494629 -2.278256416320801 -0.5634475946426392 6.361619 2.093369 2.5344 0.2037942
1 0.2325365841388702 10.32420539855957 -1.098997235298157 1.754407 1.234901 1.374961 1.982894
2 40.4782600402832 15.32194423675537 -0.4100061058998108 3.933515 1.863616 2.087361 1.745596
1 10.73074436187744 14.86235046386719 -1.290132880210877 4.458539 1.813308 1.526674 -1.306962
6 9.461509704589844 19.5594539642334 -1.663742184638977 0.219789 0.269297 0.591566 -1.377537
2 -5.902411460876465 -5.526215076446533 -0.5867795944213867 6.248545 2.348233 2.36151 0.3152151
2 -33.50559616088867 -8.232782363891602 -0.2384190261363983 3.252335 1.052954 2.972989 1.433554
1 59.24240112304688 7.521170616149902 -0.3982783854007721 2.126884 0.25717 1.103514 -2.813923
2 -0.9989442229270935 6.546622753143311 -0.7182908654212952 1.924296 2.081953 2.338742 1.806238
2 11.66328811645508 -11.03387260437012 -0.5433545708656311 6.312792 1.595243 2.705654 -1.399415
1 15.85433959960938 8.132495880126953 -1.171031594276428 3.032883 1.686477 1.52152 -0.858557
2 -4.037453651428223 -8.557832717895508 -0.6068391799926758 4.055053 2.08595 2.370585 1.853921