2 6.484340190887451 -3.335231304168701 -0.590724766254425 6.291233 2.512545 2.330056 -3.059062
2 14.16065311431885 3.334658145904541 -0.5283143520355225 6.290616 1.145882 2.622256 0.03097325
1 47.09770584106445 0.6007220149040222 -1.291261792182922 0.630455 0.943274 0.535696 3.100701
2 -14.05257320404053 3.941229581832886 -0.5638000965118408 6.226169 0.682779 2.550469 3.119123
2 -42.52826309204102 4.4635009765625 -0.5411782264709473 4.752048 0.619594 3.062283 3.097983
2 -27.11668014526367 4.09705114364624 -0.4560917615890503 5.433753 0.538358 2.897927 3.106095
2 6.127619743347168 4.423397064208984 -0.6278189420700073 2.047778 2.586808 2.285266 -1.651292
1 -25.41755867004395 -5.5284423828125 -1.073352098464966 4.098563 1.543573 1.657008 3.098883
1 -46.9472541809082 -3.552026033401489 -1.168522477149963 3.901191 1.716837 1.367307 -0.05498705
2 21.43118286132813 -3.786879301071167 -0.3836295306682587 6.163712 0.783224 2.817542 -3.126071
3 -24.76504516601563 -3.612787485122681 -1.188068628311157 0.457917 0.752795 1.458926 3.096772
2 49.23395538330078 3.293542146682739 -0.3110210001468658 1.669339 0.922985 2.09552 -1.485608
2 9.152071952819824 4.18589448928833 -0.5954667925834656 2.507644 2.535161 2.429055 1.585702
2 -35.92276763916016 4.07953691482544 -0.8815983533859253 5.325146 0.381804 1.990827 3.14001
2 -11.78133583068848 -3.999120712280273 -0.5855811834335327 6.17222 1.556123 2.464674 -3.080671
2 55.27262115478516 1.90326726436615 -0.3068121075630188 1.72762 2.055619 3.072238 0.01157806
1 38.69026947021484 -0.6782107949256897 -1.096925497055054 1.366644 1.806071 1.316327 -0.04083396
4 -27.35169410705566 -2.305781126022339 -1.168969869613648 1.172631 0.770998 1.263242 0.01258268
2 28.95074844360352 -3.841118097305298 -0.3478525876998901 6.189446 0.515284 2.814231 -0.01710029
4 -48.09907913208008 2.413094997406006 -1.161614656448364 1.3269 1.071759 1.31716 0.01258269
6 55.79615020751953 -5.116534233093262 0.004016510210931301 0.4553 0.232224 1.039576 -3.075566
2 -6.918642044067383 4.289819240570068 -0.6361212134361267 6.285274 2.51283 2.369497 -0.03637654
2 35.84664535522461 -3.913126468658447 -0.357013463973999 6.354657 1.03144 2.950942 3.115293
1 47.92939376831055 -3.854542016983032 -1.442263007164002 2.270616 2.040568 0.931106 0.0660267
1 -34.711669921875 -5.889007568359375 -1.586074590682983 0.48379 0.877387 0.903275 0.2104996
2 -46.71555709838867 4.37915849685669 -0.568834125995636 1.110898 1.013084 2.252833 3.081591
6 -55.39066696166992 4.347754001617432 -1.015498876571655 0.802171 0.519514 1.534777 -0.06000132
6 43.85586547851563 3.643689870834351 -0.4540691077709198 0.250051 0.122914 0.252426 -1.485608
2 -47.09175491333008 -6.319502353668213 -0.5626204609870911 6.426997 2.509014 2.932179 -0.0130749
2 -5.172998905181885 -4.248870372772217 -0.6340859532356262 6.336703 2.225768 2.264469 0.03977541
1 41.78056716918945 2.956745862960815 -1.327077627182007 1.487963 1.064421 0.996745 -1.483863
2 -37.30947875976563 -7.977878570556641 -0.119271494448185 5.510579 1.214206 1.865693 -0.1499608
6 23.02995109558106 3.382957696914673 -1.577595829963684 0.26667 0.730404 0.155826 -1.587237
2 4.651218414306641 -5.953900814056397 -0.8560931086540222 1.290049 1.830851 2.062047 -1.501043
2 28.63033294677734 3.454319953918457 -0.5581931471824646 0.677305 0.920024 2.189642 1.558445
2 26.03081512451172 3.439129114151001 -0.7123590707778931 0.457712 0.930512 1.626611 -1.614852
2 1.368607640266419 3.752312183380127 -0.6758384108543396 6.060697 1.486714 2.218748 -0.03299944
4 45.16956329345703 -2.562435150146484 -1.030014157295227 2.15965 1.076569 1.407054 0.2519109
1 46.31734848022461 3.457828998565674 0.03082755208015442 1.023711 0.61214 1.355441 -1.476983
3 -58.21561050415039 -3.086071491241455 -1.246787071228027 0.336083 0.389 1.173239 -0.1650045
2 2.618999719619751 -7.36107349395752 -0.5188953876495361 5.952525 2.139891 2.133592 -1.484021
2 31.78084373474121 3.476958274841309 -0.3764625191688538 1.491731 2.041252 2.359465 -1.579465
2 19.10515022277832 3.081573009490967 -0.3255845308303833 0.976235 1.038916 2.44807 1.777712
2 -20.56392288208008 4.212973594665527 -0.4581449627876282 6.166328 1.460464 2.787393 -0.0589208