2 -23.89231491088867 4.239904403686523 -0.3407991826534271 6.054422 1.104472 2.875144 -0.0734325
2 -24.07444572448731 -5.948852062225342 -0.3242458701133728 0.831505 1.782498 2.096867 1.453596
5 -29.52938079833984 -3.542434692382813 -1.48250150680542 0.155591 0.129506 0.378955 -1.567543
2 44.07928848266602 -14.21680641174316 -0.3115127384662628 1.978914 1.858135 1.51393 -3.132314
2 32.52060317993164 -2.786925077438355 0.05735887959599495 0.391079 1.987145 1.815745 0.02259967
2 55.41783905029297 2.943628311157227 -0.4056516289710999 5.574125 2.0219 1.797399 1.356574
2 -56.62264633178711 -2.210034370422363 -0.09343955665826797 6.969583 2.528551 2.510325 -0.05964691
6 -11.72028350830078 -6.677102565765381 -1.418164968490601 0.24234 0.257892 0.384494 3.099898
2 -17.17234992980957 4.596595287322998 -0.4795328676700592 5.819582 2.238911 2.62562 2.989419
2 13.91524314880371 -10.28287410736084 -0.5279110670089722 3.457601 2.465437 2.714767 -0.07078944
1 39.12451171875 -8.608792304992676 -1.169901490211487 0.337279 0.88103 0.703441 -0.444154
5 -33.10528182983398 -4.681056022644043 -1.455695509910584 0.167548 0.446449 0.441158 -1.567543
2 -4.11775541305542 9.042678833007812 -0.6951165795326233 6.472981 2.299024 2.562606 1.563404
2 12.67822742462158 -14.64439296722412 -0.5414425134658813 4.759856 2.343748 2.8315 -1.772238
2 -9.553723335266113 4.739706993103027 -0.59880131483078 6.617039 2.131006 2.437342 3.073378
4 4.24754524230957 1.90518057346344 -1.026550650596619 1.530909 0.661287 1.534986 3.076481
2 0.8335781693458557 -9.371936798095703 -0.6775338649749756 6.174255 2.489416 2.278628 1.488787
2 14.79475402832031 -13.35017395019531 -1.224321126937866 0.825181 0.673278 1.493359 -1.723183
6 -38.3872184753418 -4.69598913192749 -1.510056376457214 1.599017 0.304812 0.463474 -0.1287834
2 3.808938503265381 -8.993488311767578 -0.631606936454773 4.719437 2.164955 2.409178 1.526007
3 6.042658805847168 -6.95975399017334 -0.5930895209312439 0.393326 0.788789 0.848198 1.375033
2 2.300167322158814 3.855894327163696 -0.6911004185676575 6.08818 2.487229 2.284955 3.110383
2 1.096349000930786 11.03077793121338 -0.4035761058330536 1.019543 0.944706 1.323905 3.071373
2 -0.9388909339904785 7.849258422851563 -0.6851005554199219 2.244222 2.270828 2.49949 -1.650284
3 0.7856329083442688 15.00121974945068 -0.746705174446106 0.608326 0.336226 1.821766 -2.092534
2 7.132801532745361 -10.77028465270996 -0.4959438741207123 0.604879 2.223899 2.373309 -1.766559
6 6.035553455352783 -4.147098064422607 -1.571150064468384 0.584998 0.305476 0.291756 -3.009528
2 -43.98531341552734 -5.048624515533447 -0.9563953280448914 2.157482 1.214726 1.680135 1.561681
2 31.73139190673828 -4.884965419769287 -0.04245753213763237 6.258147 2.145384 1.753595 2.793534
2 -46.22178268432617 -4.244368076324463 -0.2367498874664307 5.941137 0.926748 2.773355 1.563188
2 -7.328599452972412 6.985642910003662 -0.6656360030174255 2.189794 2.116467 2.5151 1.492978
2 40.22148132324219 -0.6526765823364258 0.7219691276550293 1.230507 1.266187 1.754949 3.099898
4 19.28285598754883 -3.118215322494507 -1.057342767715454 2.775662 1.17791 1.541406 -0.8970048
3 5.360119342803955 -4.246139049530029 -0.9598644971847534 0.652076 0.704803 1.666383 -1.392107
1 33.02251434326172 -11.89872741699219 -1.362570762634277 3.461055 0.395234 1.088758 -0.1256567
2 -30.85880470275879 2.142172574996948 -0.2564932405948639 5.818257 2.356822 2.966466 1.141149
6 39.72047424316406 -11.23424530029297 -0.4517810344696045 0.667218 0.195204 0.226542 -0.07894294
3 11.04585933685303 2.06442141532898 -1.011756420135498 0.52677 0.664459 1.716951 2.984808
3 4.845863342285156 -5.14555025100708 -0.7650249004364014 0.306615 0.441104 0.714865 -1.392107
1 31.21825790405273 2.431723594665527 -0.8507305383682251 1.925069 1.064089 0.585622 -0.6540277
1 10.3371524810791 -2.41160249710083 -1.097696185112 4.592931 1.799426 1.467006 -0.3701092
2 -26.52889633178711 -6.148838043212891 -0.4043569564819336 1.416044 2.135118 2.743038 1.453596
5 -31.33017730712891 -4.660239696502686 -1.594492435455322 0.203874 0.165417 0.395644 -1.567543
2 -0.889137864112854 -6.994760990142822 -0.1399086117744446 2.859101 0.304906 0.696477 1.488787
2 -12.3294038772583 -4.48489236831665 -0.549463152885437 6.267379 2.259496 2.452543 -3.089947
5 -30.02787208557129 -4.752355575561523 -1.524559020996094 0.245359 0.249504 0.399202 -1.567543
1 22.42341995239258 0.98313969373703 -1.187636256217957 3.099806 1.120207 1.475689 -1.200629
1 20.85624694824219 -1.34335994720459 -1.150343775749207 2.036742 1.66773 1.496217 -1.124229
1 37.11358642578125 -12.92487239837647 -1.203423142433167 2.640087 1.098318 1.487364 -0.1112974
1 36.79970932006836 -1.355675220489502 -0.6106447577476501 0.510715 1.375339 0.757876 3.066725
1 14.08409690856934 3.40153980255127 -1.231314182281494 2.693058 1.643109 1.306701 -1.83007
1 33.22473907470703 4.797430992126465 -1.408159732818604 4.194129 0.813344 1.14943 3.000563
4 3.024401664733887 -3.644357681274414 -1.013920664787293 2.991076 1.226898 1.563094 -0.4713881
5 -33.72587203979492 -3.182317733764648 -1.47950029373169 0.253755 0.283563 0.430506 -1.567543
2 8.129149436950684 3.317925930023193 -0.6325666904449463 1.94839 1.939666 2.432187 -2.470027
1 22.57974243164063 -5.759292602539063 -0.740302562713623 1.686234 1.413658 0.646516 -0.3391661
1 -29.01813125610352 -6.007920742034912 -1.326647639274597 0.875184 1.60623 0.861131 1.454129
2 48.1757698059082 -0.8225600719451904 -0.3114270567893982 4.003405 1.930826 1.999333 1.327603
6 26.78550720214844 -8.918307304382324 -1.095758318901062 0.151186 0.268079 0.204588 -0.2976057
2 45.790283203125 -12.1164665222168 -0.02041559480130673 5.943475 2.223718 1.449606 3.113478
2 16.03210258483887 -7.515132904052734 -0.4986456036567688 6.056259 2.173947 2.73762 -0.1672083
2 -2.50078272819519 -4.023728847503662 -0.6722778677940369 6.056463 2.230457 2.197101 -0.04056299
6 33.06634902954102 -8.636500358581543 -0.4220694601535797 0.222518 0.881472 0.042087 -0.2644642
1 16.71056175231934 -4.930694103240967 -1.123751521110535 3.108727 1.725569 1.43578 -0.1943182
2 -35.66903305053711 -6.580447673797607 -0.3924991488456726 3.259218 2.097217 2.931279 1.453596