2 -0.2855376601219177 3.387816905975342 -0.7286995053291321 6.161654 1.518206 2.235452 -3.121591
6 38.69088745117188 -9.562459945678711 -0.09804903715848923 1.02239 0.610102 0.509635 2.282188
1 37.10058975219727 -6.607531547546387 -0.7424034476280212 0.441829 1.037198 0.984838 -0.3398658
2 30.10640907287598 -0.9732111692428589 0.2273757755756378 0.371773 1.952162 2.02883 0.04075556
3 2.620960712432861 -4.921135425567627 -1.021862387657166 0.475338 0.606375 1.420601 1.756285
6 -38.45194244384766 3.165065765380859 0.2476888447999954 1.720018 0.168971 0.250224 -3.092768
1 30.40021133422852 7.174942970275879 -1.174286127090454 4.392187 1.839854 1.160292 3.105835
2 11.96861934661865 -9.403526306152344 -0.482360303401947 3.27182 2.223763 2.468635 -0.02064382
2 6.435975074768066 5.148961067199707 -0.6277914643287659 5.414633 2.479081 2.262394 -2.343361
4 16.95562171936035 -1.929905652999878 -0.8409896492958069 2.742979 1.453375 1.545676 -0.7583978
2 -1.008504271507263 -7.761965274810791 -0.6454426646232605 3.052544 2.63147 2.339905 1.596513
2 -10.78346633911133 6.367240428924561 -0.6841886639595032 3.294685 2.021984 2.624807 -3.10005
1 20.10841369628906 2.394016027450562 -0.9709509015083313 3.037926 1.563372 1.390481 -1.136755
1 34.74472808837891 -10.94328880310059 -0.4736993908882141 1.338537 1.039544 0.958845 3.042462
1 14.62077617645264 -3.912356615066528 -0.8072696328163147 3.045446 1.597632 1.167855 -0.07475939
1 30.87849998474121 -10.38669681549072 -0.862428605556488 4.22796 1.004368 1.381411 -0.02212895
1 40.61405181884766 -13.85675716400147 0.5330039858818054 1.796269 1.757219 0.877507 -0.08935362
1 11.0464563369751 3.760961294174194 -1.063068628311157 3.933565 1.808484 1.373588 -1.934484
3 29.17787933349609 3.230116367340088 -0.1688143014907837 0.271899 0.244445 0.361733 -2.927811
2 -6.846744060516357 7.215921401977539 -0.6717099547386169 3.085516 2.127106 2.473334 1.612714
4 0.8356819748878479 -3.590701341629028 -0.9769763350486755 2.96326 1.331641 1.510961 -0.3241279
2 10.77406787872315 -13.94389057159424 -0.4391546249389648 4.969468 2.029366 2.633595 -1.717367
2 46.26482009887695 1.801910996437073 0.2462289482355118 4.148229 2.813778 1.949437 1.44478
3 28.01486015319824 4.774065494537354 -0.411365419626236 0.262176 0.45809 0.949163 -0.5748235
3 3.273496627807617 -3.81049919128418 -0.9190191626548767 0.60135 0.829185 1.688979 1.95479
2 13.9574146270752 -6.632342338562012 -0.4441533982753754 6.099513 2.187828 2.477088 -0.1001581
2 -3.599539756774902 -8.669942855834961 -0.6048199534416199 6.305934 1.56594 2.507967 1.5289
2 -19.43366432189941 3.461862564086914 -0.5850786566734314 4.877917 1.910332 2.854614 3.066363
6 31.23366546630859 -6.813551902770996 -0.1885077953338623 0.536329 1.460295 0.407818 -0.1856462
2 29.46269607543945 -3.112935543060303 0.4540629386901856 6.245789 2.150801 1.724272 2.832607
2 -33.49933242797852 0.0742725282907486 -0.64344322681427 6.31955 2.337482 3.043181 1.143592
2 -26.58317947387695 2.792203426361084 -0.6779630780220032 6.021008 1.091053 2.82504 0.01033511
1 18.61252212524414 -0.4430796205997467 -0.9275285601615906 2.602619 1.677812 1.404263 -1.026896
2 -12.28225231170654 4.167482376098633 -0.6278554797172546 6.653693 2.189816 2.657223 3.119792
2 -4.664987564086914 -4.155482292175293 -0.6609863638877869 6.151124 2.334539 2.358122 0.02247187
1 18.52680015563965 9.087581634521484 -0.6624523997306824 1.766786 1.941624 0.512695 2.928667
2 44.8002815246582 -9.431503295898438 0.4142263233661652 7.200442 2.69871 1.705762 3.12466
2 -28.22133255004883 -7.399572372436523 -0.6481220126152039 0.841519 1.482621 2.042459 1.578635
2 1.906618714332581 -9.502982139587402 -0.6003652215003967 6.125433 2.097584 2.524767 1.599052
1 8.750801086425781 -1.94292950630188 -0.9938847422599792 3.89802 2.069116 1.444232 -0.3211776
2 42.12627792358398 -11.68352317810059 0.2766470611095429 2.013351 1.793475 1.44233 3.058511
3 7.16780424118042 2.678082227706909 -0.8823882937431335 0.674719 0.789074 1.709768 -2.886223
5 -35.07902908325195 -6.55536699295044 -1.955164432525635 0.158321 0.169188 0.490331 0.3129567
1 -45.92569732666016 -7.482879638671875 -1.548067808151245 1.934391 0.819529 1.114774 1.646803
6 -32.15449142456055 -6.43633508682251 -1.905979156494141 0.273533 0.236783 0.198347 -0.06149541
2 -14.35364151000977 -4.766782760620117 -0.5777025818824768 5.815162 1.394946 2.729489 -3.038556
2 37.52352905273438 1.526966333389282 0.8768499493598938 1.050123 1.20454 1.241333 3.141592
2 5.16124439239502 -11.15546131134033 -0.5736208558082581 2.15064 2.240727 2.461962 -1.670153
1 34.50912857055664 1.016571640968323 -0.1480938196182251 2.096994 0.59632 0.614378 -1.647676
1 20.34161376953125 -4.434366226196289 -0.5414627194404602 1.498871 1.493429 0.822217 -0.2710953
1 -26.50411987304688 -7.187466144561768 -1.224658131599426 1.123226 0.357709 0.876711 0.08039308
2 -37.62005996704102 -8.602805137634277 -0.9081535339355469 3.241687 1.933298 2.616923 1.560751
2 52.72196960449219 6.069785118103027 0.1551405191421509 5.435335 1.993769 1.934802 1.44023
2 12.96065330505371 -13.08146286010742 -1.414539813995361 0.524191 1.136833 0.51209 3.141592
2 -48.43414306640625 -6.932291507720947 -0.8329265713691711 5.626655 0.854402 2.813703 1.608289
3 4.041441917419434 -6.612781524658203 -0.9167019724845886 0.423086 0.826966 1.697751 1.526315
6 -31.76138687133789 -5.288084506988525 -1.868679523468018 0.303306 0.236997 0.203653 1.44829