1 15.90046501159668 3.901909589767456 -1.133760929107666 2.541897 1.64921 1.429888 -0.786781
1 2.343331813812256 -33.99006652832031 0.4721157550811768 0.618351 0.900211 1.04254 1.592434
1 59.79555511474609 3.741011142730713 -0.2300865948200226 2.500025 0.3662 1.455373 -2.977537
2 11.33524703979492 -6.551017761230469 -0.5846989750862122 2.692745 2.474975 2.529727 0.2085119
2 -22.40796661376953 -1.419058322906494 -0.3625843226909638 5.779827 2.140591 2.779593 -3.010319
1 35.25558853149414 2.321598291397095 -1.127409934997559 0.37026 1.040897 0.866846 0.2171014
1 16.52138137817383 6.89042329788208 -1.155675888061523 2.986538 1.289379 1.475584 -0.9351555
2 -15.10769748687744 1.126419067382813 -0.521915853023529 6.489231 2.104301 2.58804 -2.919412
1 1.6890789270401 9.939087867736816 -1.086285948753357 1.425401 0.685122 1.107767 -1.716343
4 26.87374687194824 27.6749382019043 -1.814967632293701 1.584208 0.452912 0.898045 1.675241
2 -56.38254165649414 -16.89501190185547 -0.2614515721797943 2.455314 2.12903 3.019958 0.1980461
3 3.88712215423584 -3.662117958068848 -0.9475791454315186 1.396533 0.808305 1.640192 -0.1137969
3 -4.704471588134766 1.597201108932495 -0.9139400124549866 0.95518 0.80861 1.696449 -2.914967
2 -15.09358024597168 -7.847383499145508 -0.4308466017246246 5.75427 0.942748 2.571823 -2.799973
2 -14.27861213684082 3.534900188446045 -0.563637912273407 3.4216 1.759491 2.542986 -2.882633
1 11.44158744812012 17.30413246154785 -1.640427708625794 0.671785 1.579441 0.633825 -1.474996
6 24.41684341430664 10.3940954208374 -0.6401891708374023 0.312741 0.215065 0.29808 0.0
4 16.78832817077637 -47.05735397338867 1.321957349777222 1.186838 0.503081 0.672598 1.944173
1 28.63641357421875 8.707732200622559 -0.8314577341079712 2.444093 0.770686 0.510882 -3.088549
2 1.311202049255371 -6.932092666625977 -0.6322251558303833 2.271529 2.143667 2.290921 1.828404
1 12.98137664794922 -0.3635365664958954 -0.9096285700798035 3.285785 1.628887 1.034436 0.1345731
4 4.133813858032227 -10.40379142761231 -1.289427638053894 1.629688 0.506379 1.144424 -1.521943
2 27.23187828063965 6.156600475311279 -0.0070464126765728 0.42986 1.873596 1.731659 0.2816685
2 -5.792762279510498 -5.279553890228272 -0.5864959359169006 6.174347 2.504889 2.339936 0.2466071
2 1.877506613731384 -28.23163604736328 -0.2895771861076355 5.402894 0.539454 0.67937 1.694399
2 -0.06392267346382141 6.581693172454834 -0.723640501499176 2.048527 1.866797 2.346752 1.76597
3 3.183099746704102 -5.538584232330322 -0.9229723811149597 0.481028 0.832168 1.680435 1.794902
2 -28.81417465209961 -3.639716625213623 -0.3056868314743042 6.039993 1.129156 2.894889 0.248257
2 2.034789085388184 5.20623779296875 -0.7034586071968079 2.505185 2.456186 2.322933 -2.11174
2 26.95793342590332 3.891916275024414 0.007379006594419479 6.222683 2.103086 1.628756 3.05255
6 33.79740905761719 -2.100035429000855 -0.8585965037345886 1.035529 0.304261 0.409044 0.2171014
1 11.05307579040527 7.247405529022217 -1.139999866485596 3.75575 1.68621 1.418161 -2.099219
1 11.88327503204346 -15.57399749755859 -0.5572628974914551 0.478029 1.556054 1.794122 1.593475
2 2.885605335235596 -41.35795974731445 1.556798458099365 7.24347 1.006219 0.598368 1.655409
2 -34.23815155029297 -6.944281101226807 -0.168035700917244 5.108624 2.094001 3.054937 1.234576
1 4.945734024047852 3.677421092987061 -1.086105942726135 3.761236 2.140415 1.464975 -2.275664
1 -45.26367568969727 -18.08257102966309 -0.9004886150360107 1.902061 1.067847 1.629608 1.766891
3 2.149187326431274 -4.332079410552979 -1.044552087783814 0.36326 0.660761 1.413158 -0.3505321
2 47.51347351074219 18.37698364257813 -0.5049229860305786 5.529967 2.0531 1.929104 1.678374
5 -31.93150520324707 -12.65841197967529 -1.454402923583984 0.345118 0.217176 0.48574 0.273828
2 42.82619857788086 0.9825427532196045 -0.002045643050223589 5.418619 2.390062 1.319772 -2.939613
1 5.62445878982544 -16.11689758300781 -0.5042811036109924 1.288282 0.920365 1.838283 1.723616
2 41.48400115966797 -1.418944358825684 -0.1424662321805954 2.049206 1.944674 1.558454 -2.964382
3 23.94505310058594 11.27733898162842 -0.7899376153945923 0.447185 0.520948 0.678851 -0.2348438
5 -36.02236175537109 -13.51168346405029 -1.470239639282227 0.320641 0.240032 0.556076 0.273828
2 -3.339408874511719 3.07505989074707 -0.6958664059638977 6.002321 1.359144 2.28963 -2.900415
4 14.75920486450195 1.966644644737244 -1.099631428718567 2.544693 1.410498 1.437471 -0.5790345
2 11.54847145080566 -11.75006866455078 -0.527497410774231 6.17572 1.975501 2.703227 -1.490354
1 18.83123207092285 0.3542011678218842 -0.8524628281593323 2.337709 1.449425 1.009501 -0.1956377
4 -24.46119499206543 -11.46848106384277 -0.9512919187545776 1.161223 0.721784 1.418005 2.637821
2 -4.142880916595459 -8.439042091369629 -0.6042033433914185 4.158761 2.048055 2.377825 1.797107
1 22.53501129150391 2.789579391479492 -1.143540382385254 2.233137 1.492365 1.388283 -0.6230175
2 41.75173950195313 12.69559860229492 -0.4503046274185181 3.869425 1.916393 2.176879 1.694809
2 -47.90361785888672 -18.19737243652344 -0.1220941171050072 6.152081 1.230299 2.717064 1.851516
4 24.95297813415527 32.07484817504883 -1.810548782348633 1.626015 0.522789 1.12915 1.783422
2 -10.28976440429688 4.029998302459717 -0.152726337313652 0.279749 2.068887 1.575014 1.837786
1 6.623283386230469 0.1056642979383469 -1.063361048698425 3.184444 2.130872 1.437978 -0.1113457
2 5.572206020355225 -11.80854320526123 -0.5768406987190247 6.620746 2.253174 2.571361 -1.470586
5 -32.00310897827148 -13.95503997802734 -1.484296917915344 0.306182 0.37624 0.491137 0.273828
2 12.99529266357422 -3.248329162597656 -0.5495367646217346 6.31563 2.294748 2.535382 0.1345752
4 12.61154460906982 11.54421043395996 -1.218517422676086 1.602348 0.616087 1.497439 -0.5972428
4 -0.6813051700592041 -3.225982427597046 -0.9642944931983948 3.04661 1.236031 1.477403 -0.1021198
2 -36.98308944702148 -16.71619033813477 -0.3989093005657196 1.986478 1.940522 2.801667 1.78269
6 25.36340141296387 -1.222900986671448 -0.8312393426895142 2.920392 0.838631 0.240832 -0.1414236
1 25.57194137573242 13.95649814605713 -1.479914784431458 4.396297 1.654397 1.244272 -2.994261
1 1.121493935585022 -17.98665046691895 -0.8560208082199097 4.970158 0.796922 1.471581 1.653071
2 -0.9813821315765381 -9.412766456604004 -0.5980755686759949 6.292427 2.618937 2.480273 1.813814
6 20.8022403717041 30.36885452270508 -1.437040567398071 0.534265 0.403685 1.406823 -1.670242
6 25.32691192626953 10.178955078125 -0.5622364282608032 0.521408 0.348619 0.20899 -0.2348438
1 29.90811729431152 -3.081096649169922 -1.26239800453186 3.745526 1.337039 1.449617 0.1789009