4 -4.963754177093506 -6.804134845733643 -1.033901691436768 1.725051 0.822967 1.445086 -0.001077194
4 7.007517814636231 -8.913494110107422 -0.9826247096061707 1.694177 0.675768 1.649865 -0.001077194
4 -26.28930473327637 -5.404303073883057 -0.9668779373168945 1.369695 0.786368 1.479956 -0.001077194
1 34.46066665649414 -4.235198974609375 -1.524700403213501 3.770904 1.869625 1.081994 -0.001077194
4 -40.30149078369141 -5.805471897125244 -0.9353321194648743 1.0831 0.556106 1.311755 0.01909595
3 23.7985897064209 -12.96515941619873 -0.873311460018158 0.62495 0.60362 1.536221 -0.001077194
4 -17.97005081176758 -7.645839214324951 -0.8841964602470398 1.680122 0.646311 1.599271 -0.01981289
4 -51.56859970092773 -7.40315055847168 -0.7561402916908264 1.777187 1.10318 1.337796 -0.02345024
1 -43.13567352294922 0.4073375761508942 -0.856922447681427 4.13268 1.811655 1.643396 -0.5769433
4 34.51471710205078 -9.544564247131348 -1.382138252258301 1.17657 0.689122 1.376851 -0.001077194
4 37.32585525512695 -8.151700019836426 -1.186976552009583 0.900201 0.764943 1.480053 -0.001077194
4 -34.87316131591797 -6.017218589782715 -0.9443345665931702 0.906918 0.583356 1.476669 -0.09204284
4 -34.87338256835938 -4.429376602172852 -1.076883316040039 2.534662 1.037733 1.410167 -0.2052951
4 -41.14460372924805 -7.400872707366943 -0.7240412831306458 0.912792 0.524973 1.411551 0.01909595
4 -38.296142578125 -9.029688835144043 -0.9927226305007935 1.068365 0.568195 1.466208 -0.02377087
1 26.78307342529297 -0.07054273784160614 -1.181094527244568 3.074701 1.995898 1.485441 -0.001077194
4 -32.02620315551758 -6.931575775146484 -0.7556032538414001 0.973523 0.359747 0.842345 -0.001077194
4 -35.88033294677734 -8.19716739654541 -0.8302386999130249 2.031357 0.769551 1.683041 0.01909595
4 10.65093898773193 -7.011652946472168 -1.120137453079224 1.749384 0.73117 1.503281 -0.001077194