1 17.02720642089844 -0.2209201157093048 -1.097068667411804 4.266516 1.853326 1.461323 -0.20343
2 -8.336151123046875 6.548166751861572 -0.5978702306747437 6.322688 3.193401 2.458557 -0.1010219
6 -47.25651931762695 1.865683913230896 0.4682424366474152 0.669628 1.330702 1.150643 3.015055
6 1.771554112434387 -8.454572677612305 -0.3102092444896698 1.949831 0.724331 0.235159 -1.630849
2 46.64947891235352 -7.120991230010986 -0.0265984833240509 5.669755 2.109846 1.446437 2.752048
1 36.32523727416992 -3.766584157943726 -1.232795715332031 3.982195 1.486757 1.075042 -1.12381
2 -11.90469264984131 -4.957299709320068 -0.5849445462226868 2.290543 2.210799 2.492554 1.55166
5 -22.66880035400391 -2.413567781448364 -1.55120587348938 0.168114 0.199479 0.563931 3.03874
2 -14.99638175964356 4.819083690643311 -0.5077479481697083 5.716235 2.22524 2.593391 1.05181
2 -1.988285541534424 5.271504878997803 -0.6513742804527283 6.103924 1.788407 2.317595 2.90577
1 18.89834785461426 7.812891483306885 -1.168533325195313 2.087776 0.794756 1.291646 3.086094
1 -46.03231811523438 5.365395069122315 -1.117453813552856 4.414852 0.746369 1.528374 0.03057196
2 23.45989227294922 2.300315141677856 -0.582240879535675 1.604667 1.410833 2.457731 -2.49518
2 12.3872766494751 -3.995574712753296 -0.5619310140609741 6.123878 2.150373 2.561928 -0.09271325
2 -31.59662437438965 -1.42275869846344 -0.317666232585907 6.233831 1.798253 2.841458 1.500784
1 3.468122720718384 10.38681983947754 -1.079690217971802 4.27349 1.82409 1.697712 1.462035
4 38.31821441650391 2.961004257202148 -1.092750787734985 1.733564 1.105441 1.676587 0.6917827
6 -56.05288696289063 7.004684448242188 0.1643918603658676 0.222615 0.899798 2.064533 2.958681
4 -3.183173179626465 -12.4011116027832 -1.379493236541748 1.600571 0.36208 0.604483 1.521165
1 -6.79672384262085 -6.151554584503174 -1.030022859573364 1.928466 1.727411 1.558154 -1.44921
3 -17.88830757141113 8.024345397949219 0.6171898245811462 0.178713 0.232322 0.482388 -0.0761264
1 7.812314033508301 11.19938373565674 -0.4165215492248535 2.141343 0.246447 0.588518 1.364608
5 -18.0056324005127 -2.737349033355713 -1.468473672866821 0.298891 0.292911 0.57849 3.03874
4 27.47906494140625 0.9587361812591553 -0.8408359289169312 0.715939 0.373658 0.713707 1.919745
2 -21.17557144165039 -5.677652359008789 -0.3829029500484467 6.014503 2.44556 2.81948 1.438349
5 -7.054791927337647 -4.723806858062744 -1.523743271827698 0.257728 0.159131 0.560612 -3.005638
5 -18.67057609558106 -1.100382208824158 -1.451379179954529 0.251426 0.206568 0.46844 3.03874
1 5.211071491241455 9.72539234161377 -1.221085667610169 2.03755 0.528595 1.388554 1.347228
5 -25.47723388671875 -2.390892267227173 -1.552968144416809 0.273982 0.220474 0.461968 3.03874
1 -44.73624420166016 1.54771101474762 0.2591210603713989 0.450221 1.314935 0.797517 -0.197636
5 -14.5697078704834 -1.762083888053894 -1.432836294174194 0.272512 0.19458 0.524075 3.03874
5 -6.046683788299561 -4.576424598693848 -1.526904344558716 0.228072 0.287477 0.592377 -3.005638
5 -16.39852523803711 -2.769752740859985 -1.560728549957275 0.217392 0.188979 0.408371 3.03874
5 -15.09477424621582 -2.889800310134888 -1.504423141479492 0.335389 0.289537 0.551019 3.03874
3 30.17724990844727 0.4642312228679657 -0.6334483027458191 0.329754 0.651406 0.613264 3.001169
2 -3.156854391098023 -7.105499744415283 -0.6454285383224487 6.444478 2.327291 2.435358 1.484994
2 6.076197147369385 5.146533012390137 -0.6257063746452332 6.222198 2.296556 2.396682 3.002088
5 -24.13249588012695 -2.412248373031616 -1.466595768928528 0.18606 0.180823 0.444044 3.03874
1 -14.2222490310669 -4.621886253356934 -0.9907681345939636 1.632812 1.599057 1.634707 1.543786
1 10.26434803009033 -5.340795993804932 -1.171956419944763 0.931524 0.270505 0.734916 3.004653
2 -38.66651916503906 3.078158855438232 -0.1644280254840851 2.087928 2.310705 2.548892 -0.01327253
2 -0.3934904336929321 -6.046296119689941 -0.6778673529624939 1.743582 2.229025 2.216058 -1.671978
4 16.83442878723145 -3.269617319107056 -1.173271894454956 1.800995 1.151075 1.327754 -0.301996
6 20.12563514709473 -4.528099536895752 -0.5054274201393127 0.286935 0.120638 0.353352 -0.06561987
2 2.635623931884766 -3.942801237106323 -0.6726590394973755 6.254188 2.348255 2.262596 -3.134073
4 34.33334350585938 -4.534193992614746 -1.152371644973755 2.48976 1.324434 1.524759 -0.9629286
5 -19.32695007324219 -2.699853181838989 -1.539739370346069 0.331824 0.166995 0.290958 3.03874
1 -28.92168807983398 -2.483493566513062 -0.985939621925354 2.536963 0.928683 1.430236 -1.642716
2 -9.364233016967773 -7.274092674255371 -0.5806066989898682 6.160309 2.768916 2.489664 -1.555088
2 14.06824779510498 -7.008358001708984 -0.4987597465515137 4.333673 1.894429 2.608621 -0.1481746
3 5.950595855712891 12.16366863250732 -0.6609734296798706 0.391569 0.502667 0.919301 0.8339828
2 17.85246658325195 6.02419376373291 -0.5084009170532227 2.103122 2.212943 2.808014 3.078798
1 47.39838027954102 -4.968492984771729 -0.028755197301507 0.490954 1.879757 1.418939 3.057137
1 30.79038429260254 -5.630589485168457 -1.223605871200562 1.287333 1.598848 1.251244 -0.2323604
2 17.61849975585938 3.495973587036133 -0.4856115579605103 6.130613 2.493837 2.800861 3.041662
6 -50.02864074707031 5.627158164978027 0.01318336091935635 0.323714 0.488286 0.330063 -0.001397049