1 9.462823867797852 7.252476692199707 -1.107497096061707 3.750945 1.666288 1.372382 -2.138674
2 -15.57209396362305 0.2740373611450195 -0.507759153842926 6.462382 2.100163 2.600153 -2.863686
2 -33.95270156860352 -8.205881118774414 -0.05445820093154907 3.655531 1.889937 3.045349 1.39522
2 26.27651405334473 5.580849170684815 0.01794515177607536 6.222623 2.164382 1.749951 3.12292
2 -5.953833103179932 -5.564940929412842 -0.5785255432128906 6.373092 2.361421 2.344002 0.3205674
1 15.78679943084717 8.0252685546875 -1.16557240486145 3.088973 1.444111 1.509809 -0.8624368
2 -1.022004842758179 6.546309471130371 -0.7283778190612793 1.934372 2.035682 2.358489 1.805404
1 0.2119963616132736 10.19214630126953 -1.156213521957398 1.76595 1.073258 1.478623 -2.042534
1 17.55084991455078 33.54484939575195 -1.365064024925232 4.591502 1.56346 1.923151 1.744499
2 -14.88563537597656 2.709915161132813 -0.5745704770088196 3.398362 1.692255 2.59762 -2.863686
5 -31.52327919006348 -14.52869987487793 -1.488078355789185 0.115165 0.254989 0.437783 1.796079
4 0.1185343489050865 -3.495699882507324 -0.989398181438446 2.954188 1.31532 1.529617 -0.1934497
2 -22.65975379943848 -2.716430425643921 -0.358892172574997 5.792094 2.203024 2.810829 -2.951956
1 4.19075870513916 3.954846143722534 -1.089047074317932 3.793615 2.028976 1.398834 -2.387002
6 24.56604766845703 0.5389536619186401 -0.8151983618736267 3.11935 0.692174 0.263274 -0.01099641
1 24.26836585998535 15.60330486297607 -1.495609760284424 4.274006 1.780486 1.309127 -2.949754
1 -37.95127487182617 -13.45144748687744 -0.811653733253479 4.093533 1.958128 1.588442 0.1529446
2 10.99979209899902 -5.721760272979736 -0.6022207140922546 2.207314 2.264435 2.527799 0.2629905
6 18.47422218322754 1.326670408248901 -0.5380820631980896 1.405815 0.934019 0.319153 -0.01099641
1 21.94159698486328 4.24654483795166 -0.8515753149986267 2.244822 1.449728 0.773766 -0.4387369
6 4.381659507751465 -10.21208477020264 -1.678784251213074 1.057133 0.295224 0.438693 1.767963
3 6.657107830047607 -2.581380367279053 -1.00530743598938 1.105525 1.096339 1.660076 0.1131259
2 -28.93524360656738 -5.281641006469727 -0.3222760558128357 5.937153 1.096122 2.829275 0.3010791
2 -37.04433059692383 -18.89620780944824 -0.4050206243991852 1.885575 3.083372 2.690109 1.825196
6 24.3122615814209 22.98845481872559 -1.948476314544678 0.166188 0.160617 0.202315 1.985124
3 2.477102994918823 -5.224140644073486 -0.9624626636505127 0.474839 0.766177 1.690772 1.926351
2 -0.9138712286949158 -9.333436965942383 -0.6163645386695862 6.081565 2.609483 2.515692 1.872802
1 15.51180648803711 4.66041898727417 -1.141699910163879 3.397579 1.817056 1.471431 -0.7484792
2 -4.017984390258789 3.197283506393433 -0.6727220416069031 5.974646 1.8249 2.32179 -2.826533
1 29.66304016113281 -1.091929435729981 -1.276813268661499 3.8952 1.274252 1.498278 0.2899429
2 11.86764907836914 -10.88552284240723 -0.5404146313667297 6.061047 1.966445 2.700207 -1.396493
4 13.99446201324463 3.875793933868408 -1.075055122375488 1.770468 0.947172 1.597975 -0.7995704
3 22.77539253234863 12.86866283416748 -0.7926105260848999 0.499684 0.675043 0.62358 0.1702486
4 15.37971591949463 2.19017505645752 -0.8845723271369934 1.913755 1.341067 1.084495 -0.8921189
5 -35.4984245300293 -15.59766387939453 -1.481217980384827 0.214234 0.113348 0.48559 1.796079
2 5.982955455780029 -11.37393283843994 -0.5811139941215515 6.456411 2.28069 2.562818 -1.379099
1 6.323733329772949 0.401713639497757 -1.097746014595032 3.401181 1.761622 1.435908 -0.07574306
1 -44.55338668823242 -20.74493789672852 -0.8790987730026245 1.848116 1.048932 1.51502 1.883847
1 -6.908297538757324 -10.50556755065918 -0.1338424980640411 2.626209 2.335994 0.594846 1.832826
2 45.86904144287109 21.31457328796387 -0.6239608526229858 5.569734 2.02462 2.160344 1.72872
2 -46.8696403503418 -21.56214141845703 -0.2298594266176224 6.763071 1.048304 3.230128 1.899648
1 12.45837020874023 0.4553790390491486 -0.916741132736206 3.044303 1.711994 0.948871 0.1622306
2 2.176183223724365 7.041861534118652 -0.6622716784477234 6.285304 2.557531 2.496177 -2.046808
2 28.2408504486084 8.557046890258789 -0.07112652063369751 4.369531 1.836614 1.837172 0.3616694
1 59.11906433105469 7.490040302276611 -0.2170889228582382 2.21912 0.216172 1.414044 -2.764541
3 4.103528499603272 -3.506041288375855 -1.089810013771057 0.418196 0.688127 1.443878 -0.1488139
6 28.17707443237305 10.72519397735596 -0.6919141411781311 3.337807 1.071252 0.727388 0.1033897
6 23.23092269897461 11.71474075317383 -0.5549367070198059 0.15466 0.117931 0.142523 1.260658
1 -48.56511306762695 -14.65139198303223 -1.081625580787659 1.74036 1.722638 1.293534 0.2763171
6 23.51740455627441 25.41201972961426 -2.024415254592896 0.204639 0.074721 0.200639 1.985124
2 1.691784858703613 -7.809414386749268 -0.6295926570892334 4.408042 2.105447 2.388014 1.926351
2 42.01282119750977 3.685618400573731 -0.1335636228322983 5.867929 2.24322 1.578218 -2.881767
2 12.66532230377197 -2.415766954421997 -0.5663440227508545 6.17691 2.319326 2.540103 0.1988154
2 -15.16288948059082 -8.642545700073242 -0.4447658061981201 5.877562 0.753039 2.627826 0.4140125
3 -10.5373067855835 -2.700692176818848 -0.8960440158843994 0.959261 0.849343 1.731774 -1.403012
2 41.14713668823242 1.180989861488342 -0.1528590619564056 1.86817 2.145414 1.568985 -2.881767
2 40.93600845336914 15.4221134185791 -0.4257377088069916 3.914357 2.840663 2.118931 1.72872
2 -4.095805644989014 -8.48198413848877 -0.6076772809028625 3.812972 2.063779 2.37403 1.828171
6 22.6252498626709 27.97103500366211 -2.114827632904053 1.381022 0.227171 0.232317 2.25187
2 -11.13627338409424 3.407096385955811 -0.3783028423786163 0.355036 2.24886 1.993764 1.909518
6 24.23093986511231 11.76037216186523 -0.5805726051330566 0.312442 0.462301 0.143324 1.260658
6 34.66389083862305 4.4906325340271 -0.9422219395637512 0.353582 0.706835 0.517253 0.2598255
1 10.65289497375488 15.05048847198486 -1.3048415184021 4.439385 1.761902 1.54213 -1.312716
1 33.36283493041992 0.01600043475627899 -1.062103629112244 0.83949 0.379388 0.794247 0.2304853
2 -55.65283203125 -20.14255714416504 0.6481856107711792 1.559185 2.367447 1.202221 0.3270616
4 -13.62963104248047 -6.722689628601074 -0.9563536047935486 1.138926 0.796641 1.598279 0.4708158