1 -56.94989395141602 2.336715936660767 -0.4542796015739441 1.228238 0.296019 2.345966 -3.064892
2 25.10734939575195 5.104794025421143 -0.3244432508945465 5.315239 2.199635 2.82064 0.107099
2 14.90526866912842 6.346234798431397 -0.05504486337304115 2.419395 2.160395 2.057246 -1.448766
1 37.28427886962891 10.18964767456055 0.823398768901825 0.158547 0.913152 0.549539 0.2254888
2 -3.052481889724731 7.584403991699219 -0.5973217487335205 6.260515 2.374919 2.413202 -1.447361
1 -8.52184772491455 5.868230819702148 -1.008572459220886 3.022866 1.823556 1.598288 -1.439281
2 39.16176986694336 5.563460350036621 -0.3830103874206543 1.891065 0.694174 2.800228 -3.121171
1 4.70525074005127 2.784927368164063 -0.933336615562439 4.342337 1.976661 1.694747 -3.069593
4 -32.74276351928711 -1.24910032749176 -1.210570931434631 1.133953 0.672949 1.117946 -3.086523
2 -10.07978057861328 -2.88840126991272 -0.5776070952415466 6.491932 1.064127 2.390235 -3.065238
2 14.91042709350586 -2.967415571212769 -0.8067402243614197 4.039175 0.896121 1.943852 -3.06167
2 -30.43642234802246 3.576980113983154 -0.4506749212741852 6.019616 1.130275 2.783373 0.04308653
6 10.0986270904541 6.4049391746521 -0.4298250675201416 0.282615 1.392828 0.146505 -1.396861
2 -22.58683586120606 -2.716009140014648 -0.4395373463630676 1.734847 2.325701 2.799258 -3.0065
2 30.72960472106934 4.871296405792236 -0.2199444174766541 1.10294 0.317457 2.346639 0.06124428
2 -1.302793383598328 -8.72092056274414 -0.6617778539657593 4.336314 0.175395 1.557002 -1.579474
1 16.12388038635254 -1.138553380966187 -0.9747702479362488 1.766013 1.384141 1.216557 0.1626509
2 4.229848861694336 8.015480041503906 -0.5947349667549133 6.068397 2.008081 2.394936 1.872949
2 -24.34164428710938 -4.740001201629639 -0.2553727030754089 5.513937 1.215879 2.820263 0.130562
2 -38.85818481445313 3.136579990386963 -0.5696375966072083 5.985851 1.221718 2.829352 0.02042212
1 20.86445236206055 6.560934543609619 -0.5215345621109009 1.554218 1.199747 1.494382 -1.560258
2 2.835047006607056 -7.871085166931152 -0.6265040636062622 7.071961 1.265846 2.511109 -1.595482
6 39.89433670043945 3.000833988189697 -1.129230380058289 0.315981 0.307593 1.31155 -3.123463
2 12.44281673431397 6.813583850860596 0.03829766064882278 2.279305 2.273712 1.408641 -1.376436
4 16.48164939880371 3.421444177627564 -1.032447218894959 1.542812 0.736597 1.517797 2.8837
2 17.64480209350586 6.148552894592285 -0.4468766748905182 1.956871 2.145295 2.67389 -1.524251
2 0.01172090601176024 4.791332721710205 -0.6955642700195312 0.859141 2.32403 2.206296 1.633482
2 -49.07586669921875 2.858716487884522 -0.5192204117774963 4.632976 1.194664 3.025174 0.05506968
2 -23.89474105834961 3.578787088394165 -0.4085453152656555 4.443267 0.801291 2.603346 -3.051633
1 12.08413505554199 0.08828426897525787 -1.037495732307434 4.406645 1.740589 1.444503 -0.2603136
2 23.74135398864746 6.923720359802246 -0.3844649195671082 0.93593 1.908833 2.112769 1.616636
6 -0.494106650352478 -3.50567889213562 -0.3252365589141846 1.042937 0.974461 0.958684 -3.059997
2 27.59124946594238 7.964822292327881 -0.1582941561937332 3.763633 1.657568 2.436307 0.2371647
1 37.99692535400391 -1.106366634368897 -0.7302504181861877 0.851262 1.129711 0.976612 0.04240385
2 -5.432923793792725 5.755107402801514 -0.6421616673469543 2.5331 2.411294 2.314337 -1.488712
2 7.433341026306152 5.78980016708374 -0.2625591158866882 2.308086 0.604668 1.674148 0.138911
2 47.88217163085938 5.247920513153076 -0.1445433795452118 2.304178 1.4052 2.904104 -0.3514243
2 22.87991523742676 -3.186222314834595 -0.3246351480484009 5.833093 2.165942 2.756977 0.1098125
6 -27.96824645996094 -4.913595199584961 0.169520691037178 0.282005 0.49635 1.970476 3.141592
2 4.370863437652588 -2.781338691711426 -0.6481297016143799 6.152536 2.334598 2.283105 -3.111225
2 -17.57826042175293 3.872864246368408 -0.4710350632667542 6.038563 1.193687 2.772891 0.08984093
2 -3.393729448318481 -2.655884742736816 -0.6725406646728516 4.253707 1.041449 2.220885 0.02992834
2 -12.70260238647461 6.50906229019165 -0.5439318418502808 5.757929 2.259158 2.58463 1.829618
4 26.97551727294922 2.723067045211792 -0.8209311366081238 2.882211 1.096572 1.802207 -0.02169258
2 0.3828991949558258 -6.830955982208252 -0.4718497097492218 4.544987 2.110754 1.884433 1.558394
2 54.09275817871094 -3.647993803024292 -0.3500465750694275 4.273983 1.255808 2.219013 0.04240385