4 -25.86079216003418 -6.200006484985352 -0.9586207270622253 1.203649 0.661513 1.487983 0.02129213
3 43.22268676757813 26.94978332519531 -1.730767846107483 0.421703 0.389943 1.219746 0.0007563964
4 19.57920837402344 -7.139096736907959 -1.06123423576355 1.302846 0.650294 1.523599 -0.01317926
4 11.90972805023193 -7.322481155395508 -0.9963958859443665 1.781919 0.575317 1.635075 0.01231551
3 41.41375350952148 27.36123085021973 -1.690679311752319 0.319275 0.500615 1.216237 0.006765611
3 43.24995422363281 26.26629066467285 -1.71971595287323 0.281832 0.392147 1.220682 0.007423691
4 -22.00680541992188 -7.694494724273682 -0.9081801176071167 1.206271 0.578994 1.512732 0.05380597
3 -55.40603637695313 -11.56949901580811 -0.3817669749259949 0.269061 0.434987 1.051333 -0.05682005
4 49.62508773803711 -4.959617137908936 -1.331826567649841 0.921425 0.363089 1.325377 0.04398477
4 -0.8287156224250793 -5.114421844482422 -0.8154836893081665 3.214156 1.165529 1.886443 -0.005924075
4 -59.18821334838867 -7.169837951660156 -0.6036457419395447 1.52873 1.047348 1.538896 -0.01404871
4 -5.801573753356934 -7.239890098571777 -0.8802383542060852 1.682907 0.723625 1.745542 0.02040219