2 -7.586394309997559 4.983570575714111 -0.6359941363334656 6.526809 2.23482 2.409199 3.038506
2 16.01778793334961 -15.03099250793457 -0.4345551133155823 4.039612 1.151153 2.744628 -1.70651
2 -4.847317218780518 7.895348072052002 -0.7033937573432922 3.902856 1.136814 2.528947 1.47413
1 42.29840087890625 -9.934351921081543 -0.969451904296875 3.608639 0.961064 0.879437 -0.1776938
2 -24.90722846984863 -5.765535831451416 -0.4323430955410004 1.927007 2.231083 2.880478 1.571412
1 -42.02383422851563 -3.915427923202515 -1.142394065856934 2.206608 0.536188 1.406589 1.518633
2 15.53994274139404 -10.66367530822754 -0.4337959885597229 3.68924 2.394098 2.647534 -0.1175805
2 -59.46173095703125 -0.530866801738739 0.3606458604335785 2.922034 1.164381 1.066344 -0.07556494
6 7.774086952209473 -4.355113506317139 -1.643714070320129 0.317063 0.161117 0.290085 -0.3159993
6 38.80673980712891 -1.658551454544067 -0.3542962074279785 0.764872 1.054898 0.157357 -0.3574184
1 11.1977424621582 -2.346055269241333 -1.067451357841492 4.352364 1.90961 1.454661 -0.3573086
2 1.018260836601257 8.696067810058594 -0.7430818676948547 3.920236 2.298328 2.553918 -1.595999
6 -15.12022590637207 7.030283451080322 0.1033835858106613 0.312178 0.282554 1.387501 3.099898
1 20.97979927062988 -3.774831056594849 -0.7475971579551697 2.492893 1.133347 0.842081 -1.065101
3 7.053125858306885 -4.286362171173096 -0.9380508065223694 0.432256 0.824434 1.701071 2.004932
5 -28.36904907226563 -4.024673461914063 -1.543953776359558 0.369086 0.435731 0.614842 -0.1285647
1 40.81841278076172 -12.44349479675293 -0.329780250787735 0.855924 0.599539 0.573679 -0.09007036
5 -29.69907951354981 -3.906038284301758 -1.526811480522156 0.277662 0.202871 0.433247 -0.1285647
2 -1.979248881340027 9.372061729431152 -0.7093105912208557 6.925545 2.193485 2.576951 1.545124
1 28.57310104370117 -9.611176490783691 -1.373330235481262 1.055044 0.847195 1.012024 -0.186316
2 -8.210371971130371 -6.262263298034668 -0.4435142278671265 0.430101 1.799357 2.15438 -1.613929
5 -31.2691535949707 -3.888452529907227 -1.533620834350586 0.212927 0.273353 0.606357 -0.04716172
2 47.15846252441406 -13.26647090911865 0.003462452674284577 5.914497 2.015373 1.403265 3.077637
3 13.46486759185791 1.6318598985672 -0.970082700252533 0.465753 0.72409 1.716761 3.094198
6 33.10075759887695 1.315114378929138 -0.6153936386108398 0.800052 0.599033 0.491831 -3.11806
2 -10.61880970001221 -4.261924743652344 -0.549311637878418 6.419682 2.403455 2.449347 -3.119572
1 -10.16242027282715 -6.897479057312012 -1.509381771087647 0.419518 1.346273 0.604881 3.140978
2 33.47546768188477 -5.832164287567139 0.1109970211982727 6.326817 2.162485 1.856321 2.751402
4 7.768589973449707 1.613131284713745 -1.01654839515686 1.866988 0.741515 1.565059 3.005044
2 -29.06563568115234 3.104820728302002 -0.3056095838546753 5.664296 2.361112 2.998412 1.100644
2 17.61751556396484 -7.967841148376465 -0.4421954452991486 6.084856 2.224171 2.726391 -0.1863901
1 22.7264461517334 -2.176517009735107 -1.082718968391419 2.550418 1.6691 1.459154 -1.150982
2 4.191473007202148 11.62870025634766 -0.5527292490005493 2.730831 2.568031 2.444736 3.004316
2 14.14987754821777 -14.12924861907959 -0.4762232005596161 3.024455 2.13941 2.768035 -1.795438
5 -31.98865509033203 -2.315732717514038 -1.489483833312988 0.267999 0.224313 0.453989 3.013028
2 8.878401756286621 -10.93293476104736 -0.02872617170214653 0.314016 1.728896 1.518597 -1.768076
2 -22.10710906982422 5.136655807495117 -0.3524088263511658 6.232766 1.759049 2.928074 -0.08775296
1 35.15227508544922 4.545295715332031 -1.34076738357544 4.43611 1.413536 1.227441 2.928118
3 6.413468837738037 -5.328062057495117 -0.830629289150238 0.347769 0.571285 0.960609 1.542555
4 4.633120536804199 -3.70245361328125 -0.9798185229301453 2.597089 1.218161 1.545103 -0.4559017
2 56.84273910522461 1.452165007591248 -0.1306018978357315 5.844048 1.25437 1.728179 1.352861
1 24.27652168273926 0.4583579301834106 -1.13167154788971 2.99007 1.243344 1.455467 -1.270603
2 -0.7769826650619507 -3.881323337554932 -0.6777315735816956 6.420436 2.102189 2.178301 -0.07210452
2 -52.40047454833984 0.2420956045389175 -0.4111877977848053 2.186731 0.800106 2.626091 -0.1112323
2 5.512418746948242 -8.503702163696289 -0.59848952293396 3.52492 2.391696 2.406593 1.499071
2 9.91895866394043 3.149160861968994 -0.6081865429878235 2.068533 2.159641 2.465719 -2.442437
1 32.73879241943359 2.422746419906616 -1.057888746261597 0.614873 1.099899 1.381403 2.855064
2 45.40410614013672 -15.43963623046875 -0.03869782015681267 1.973809 2.139371 1.449442 3.077637
1 35.13718795776367 -12.87591075897217 -1.516560316085815 1.448496 0.259989 0.762787 -0.173943
1 38.54860687255859 -13.77045822143555 -1.072727203369141 2.614586 0.683726 1.54449 -0.1863336
1 -27.21559524536133 -5.083413124084473 -1.265520453453064 0.332996 1.156911 0.812991 -1.720062
2 41.95511627197266 -1.710482001304627 0.8268178701400757 1.682005 1.20906 1.618116 3.141592
2 -34.11737060546875 -5.925330638885498 -0.4886764585971832 3.709113 2.205967 2.867959 1.482466
1 23.80421447753906 -6.192149162292481 -0.7632099986076355 0.478961 1.513336 0.715179 -0.09376422
2 -22.44706916809082 -5.620965480804443 -0.4873486757278442 1.173394 2.497797 2.554583 1.625576
2 -44.5911865234375 -3.11903715133667 -0.2532841861248016 6.097981 0.908546 2.836668 1.536189
2 4.138320446014404 3.624888181686401 -0.6751589179039001 6.121367 2.238283 2.333274 3.077235
2 36.14571762084961 -3.828160762786865 0.2040098458528519 4.339665 2.062588 1.562366 -0.05265163
5 -27.79996490478516 -2.812307357788086 -1.606050491333008 0.239103 0.239222 0.415974 -0.1285647
2 -15.35370063781738 5.030341148376465 -0.5105369687080383 5.955214 2.461334 2.684425 2.963404
1 16.19306182861328 2.597860813140869 -1.318221211433411 0.740888 1.405117 0.854477 -1.271579
3 7.605448722839356 -7.107766151428223 -0.9342699646949768 0.370247 0.835446 1.729089 1.562715
2 49.99916076660156 -2.136650323867798 -0.2621556222438812 3.925931 1.865626 1.880516 1.337836
2 3.075618505477905 -7.41307544708252 -0.2085079401731491 1.883083 1.929384 0.989158 -0.08976297
6 34.6677131652832 -9.783817291259766 -0.4001885950565338 0.544412 0.838714 0.329973 0.05413951
1 17.76546669006348 -5.187970161437988 -1.03096354007721 1.969745 1.605386 1.356272 -0.1437215