4 -32.35223007202148 5.2400803565979 -0.7541976571083069 1.068405 0.802847 1.463576 1.092506
6 -40.11911773681641 36.46849060058594 -2.154233455657959 0.709081 1.380025 0.485284 -1.203998
3 -31.7075252532959 6.484814643859863 -0.7512408494949341 0.571098 0.384399 1.14009 1.092506
3 -27.09820365905762 17.13689231872559 -1.514774799346924 0.347727 0.80414 1.374641 -0.0298214
1 2.624988555908203 15.48379802703857 -1.364375591278076 4.297615 0.579927 1.508247 3.102532
3 -31.01573181152344 -12.45230484008789 -0.7099424004554749 0.412954 0.719468 1.047553 0.08900405
3 -26.79643058776856 18.02214813232422 -1.443633079528809 0.332637 0.500346 1.561841 -0.3580374
4 -0.573477029800415 -9.082911491394043 -0.5301856398582458 0.749635 0.398739 0.527269 0.2059291
3 -26.32897758483887 17.27351951599121 -1.508263111114502 0.449936 0.614602 1.316007 -0.3040889
4 -31.76058769226074 -7.134337902069092 -1.141258120536804 1.969431 0.818214 1.425852 0.009149997
4 -15.11694812774658 -6.308717727661133 -1.059710025787354 2.277507 0.797453 1.585732 0.009149997
4 -42.27396392822266 -7.29659366607666 -1.165749073028565 0.851036 0.770139 0.98651 0.009149997
3 -31.1076545715332 7.425709247589111 -0.428661048412323 0.535695 0.250752 0.490889 1.092506
3 -30.89513778686523 -13.14278697967529 -0.6239504218101501 0.367285 0.545151 0.874087 0.08900405
4 17.02480888366699 -8.535951614379883 -1.165588736534119 0.797589 0.756549 1.316155 -0.03622474
1 15.60330390930176 20.52724266052246 -1.580177664756775 4.297135 1.546387 1.477244 3.118587
6 -43.14873886108398 35.74422454833984 -2.361361265182495 0.759386 1.167118 0.727495 -0.8474283
1 -6.240443706512451 20.52352523803711 -1.702789068222046 1.330863 1.366938 0.817759 3.139243
4 14.06343841552734 -3.323195457458496 -1.022738456726074 1.229738 0.763646 1.573078 0.02331723
2 19.66812515258789 -5.697901248931885 -0.4234944581985474 12.129123 2.866499 2.710425 -0.03965399
4 10.88183784484863 -7.503960132598877 -0.9437889456748962 2.989958 1.248277 1.802972 -0.1675844
4 -8.400250434875488 -8.644200325012207 -1.00490415096283 1.957249 0.657665 1.643522 0.1378698
1 -39.16492080688477 25.30215454101563 -1.660669922828674 4.274419 0.534868 1.095884 -1.987471
4 10.71643829345703 -9.836651802062988 -1.030537128448486 1.59726 0.7013 1.625565 -0.04033311
4 8.23305606842041 -9.433507919311523 -1.036179900169373 1.736409 0.670143 1.631767 -0.04033311
2 36.51299285888672 -6.428652286529541 -0.7772638201713562 4.092393 0.276351 2.22091 -0.01033283
4 -47.19230270385742 27.00160980224609 -1.959065914154053 1.339749 0.306008 1.284452 -2.540562
1 38.18939971923828 0.4757785201072693 -0.9679518938064575 1.101782 1.753608 1.217789 -0.01033283
1 0.5305317640304565 -3.07002329826355 -0.7763695120811462 3.938554 2.078579 1.395905 0.009149997