2 -52.81245422363281 23.36492156982422 0.369586855173111 7.631134 2.771703 2.939049 3.118166
1 8.981563568115234 15.40310001373291 -1.571413397789002 1.196882 1.574348 0.794288 -3.043453
4 -17.05155372619629 -7.708281993865967 -0.8709497451782227 2.75861 1.113793 1.692972 3.123384
4 -21.21907234191895 -4.496016025543213 -0.9385805726051331 1.392194 0.895885 1.531787 -0.01820847
4 -45.57590484619141 -5.667016506195068 -0.6626724004745483 1.451439 1.164284 1.527523 -0.01565676
4 43.73004531860352 -10.27734184265137 -1.721566319465637 0.695836 0.528499 1.138424 0.09396499
4 6.841912746429443 21.50534439086914 -1.399160623550415 1.159281 0.60082 1.411631 -3.115306
3 35.67204666137695 -13.67891311645508 -1.175625205039978 0.416285 0.568019 1.470109 -0.0761936
1 34.21537399291992 -4.737560272216797 -1.476032137870789 3.994092 1.828322 1.703233 -0.01804517
4 41.19876098632813 -8.441237449645996 -1.634078145027161 0.969049 0.701314 1.551978 0.09396499
4 -26.60566139221191 -2.060136556625366 -0.9013274312019348 2.67579 0.764085 1.535569 -0.3716786
4 -1.425165772438049 -6.558164119720459 -1.061425924301148 1.651105 0.896807 1.48482 -0.01983601
1 1.232125759124756 10.50628471374512 -0.8337845206260681 4.164924 1.857531 0.826711 -3.043453
4 14.16739559173584 -7.042421340942383 -1.236401081085205 1.74714 0.765787 1.437685 -0.01804517
4 -28.094482421875 -3.547953367233276 -0.8622370958328247 0.970708 0.614168 1.39021 -0.0182083
6 -31.89145278930664 -6.790308952331543 -0.07745970785617828 0.240128 0.299377 0.443973 -0.01820847
4 14.52619743347168 -8.81151008605957 -1.174646496772766 1.620611 0.667971 1.61139 -0.01804517
6 -47.18259429931641 16.21751976013184 -0.3212160766124725 2.696643 1.184135 0.379545 -3.129556
2 -24.29657363891602 22.4581413269043 0.1261368542909622 11.170821 2.869272 2.396369 3.128631
1 -30.89565086364746 3.419853210449219 -0.8165594339370728 4.167272 1.710294 1.651678 -1.267109
4 -9.976789474487305 -6.818734169006348 -0.8801196813583374 1.681043 0.666911 1.619839 -0.01820847
4 -31.7414665222168 -4.309197902679443 -0.7974056005477905 1.158275 0.527552 1.567685 -0.01820847
1 24.74710464477539 -0.0840742364525795 -1.250659584999085 1.564923 1.819271 1.683854 -0.01804517
4 -27.37794303894043 -6.127798080444336 -0.8091109991073608 0.976633 0.555931 1.659252 -0.01820847
4 -23.93466567993164 -7.913009643554688 -0.8998028039932251 1.650654 0.696581 1.561812 -0.01820847
6 -23.04488563537598 20.09005355834961 -0.6431958079338074 0.606684 0.377033 0.651004 -2.89313