3 28.8564338684082 32.81671142578125 -1.006985902786255 0.30189 0.558364 1.360997 2.48089
1 10.72693538665772 14.99646663665772 -1.293532609939575 4.413435 1.880152 1.523635 -1.290988
4 24.70431518554688 29.37296295166016 -1.813698768615723 1.688191 0.520337 0.833254 1.893979
2 26.36867904663086 7.860642910003662 -0.006777502596378326 0.360035 1.856924 1.708765 0.3559328
2 45.86042785644531 21.30577087402344 -0.6541886925697327 5.565617 2.014956 2.220607 1.723136
6 22.69142723083496 27.91945266723633 -2.107944488525391 1.195663 0.173029 0.229655 2.020052
1 12.43540382385254 0.479361891746521 -0.9147831797599792 2.920866 1.898115 1.013775 0.07917526
4 -13.06411361694336 -6.452915191650391 -0.978082001209259 1.248705 0.766381 1.534656 0.4477968
5 -31.51583480834961 -14.51369857788086 -1.482651233673096 0.254559 0.185423 0.471498 0.2987175
6 6.786670684814453 -2.79220461845398 -1.501758575439453 0.429254 0.093229 0.274126 0.06360687
2 41.82588577270508 3.630505561828613 -0.1130530163645744 6.352263 2.192268 1.536601 -2.838496
3 2.497047901153565 -5.282849311828613 -0.9452323317527771 0.659722 0.879105 1.714162 1.799701
1 9.458884239196777 7.251394748687744 -1.11022961139679 3.710888 1.624547 1.379555 -2.122797
2 12.76638793945313 -2.361227512359619 -0.5571109056472778 6.350827 2.260433 2.52096 0.2022109
1 21.96550369262695 4.241659164428711 -0.8583402037620544 2.349513 1.394951 0.783276 2.750875
1 15.49001502990723 2.179228067398071 -0.9158098101615906 2.160052 1.280538 1.138929 -0.7622342
2 -22.6526050567627 -2.707743883132935 -0.3681470453739166 5.810695 2.270684 2.827869 -2.968466
4 14.04325485229492 3.724730730056763 -1.06782066822052 1.688021 0.749407 1.570932 -0.7722879
2 -28.94103050231934 -5.295680522918701 -0.3177990913391113 5.958053 1.132712 2.821824 0.2937108
1 29.65280532836914 -1.06495988368988 -1.249768853187561 3.862148 1.184252 1.430845 0.2351472
2 -6.899811267852783 -10.47190475463867 -0.1333345323801041 2.494315 2.340546 0.59289 1.8557
1 6.313616752624512 0.4271230399608612 -1.062831521034241 3.459822 1.7779 1.427333 -0.0707638
1 4.20341682434082 3.949655294418335 -0.9250115156173706 3.787846 2.074081 1.727505 -2.370113
2 -46.94548797607422 -21.25175857543945 -0.3071842789649963 5.775611 0.981073 2.874149 1.890873
2 -55.66779708862305 -20.0836296081543 0.6369418501853943 1.485899 2.539665 1.22354 0.2962826
6 24.14827728271484 11.74826717376709 -0.5777862668037415 0.213175 0.354745 0.145608 0.2175192
1 28.24997711181641 10.60165977478027 -0.6994402408599854 3.614453 1.219556 0.682426 3.133086
1 -44.51061248779297 -20.71525573730469 -0.8841433525085449 1.856734 1.05793 1.606165 1.83679
4 0.1418941468000412 -3.455227136611939 -0.9772235751152039 3.003826 1.229821 1.509429 -0.2186049
2 -4.055275917053223 3.200724124908447 -0.6707802414894104 6.053406 1.901631 2.317236 -2.835763
1 59.07106781005859 7.484060764312744 -0.3732051253318787 2.318507 0.204786 1.052422 0.3322571
3 -10.51661014556885 -3.392210483551025 -0.9017665386199951 0.76003 0.875497 1.730858 -2.178401
1 35.77950668334961 4.830748081207275 -1.003464102745056 2.722698 0.688098 0.592095 -2.868349
3 22.80592727661133 12.85890579223633 -0.7881568670272827 0.625876 0.685065 0.63831 0.346021
5 -35.52322006225586 -15.59829807281494 -1.482827305793762 0.276329 0.186095 0.494019 -1.270029
2 -4.074758529663086 -8.4716215133667 -0.6083957552909851 3.898256 2.069221 2.37382 1.84493
1 24.26474761962891 15.63856029510498 -1.44843339920044 4.296096 1.759979 1.141765 -2.933515
2 -5.966687679290772 -5.521988391876221 -0.5781509876251221 6.379434 2.33673 2.340105 0.309726
2 11.2092866897583 -5.646616935729981 -0.5999010801315308 2.715365 2.256876 2.524249 0.2781206
2 40.92616653442383 15.393479347229 -0.4294272661209106 3.887936 2.846779 2.125367 1.717386
2 -10.99470806121826 3.3780517578125 -0.2769384682178497 0.31132 2.110555 1.854019 1.927027
3 4.367583274841309 -3.680551767349243 -1.056946992874146 0.513166 0.717343 1.462931 0.01111991
2 -0.9543567299842834 -9.379097938537598 -0.5737472176551819 6.141989 2.69923 2.433928 1.86821
1 17.5396728515625 33.66349029541016 -1.367516994476318 4.824337 1.613087 1.924354 1.751198
6 18.49141693115234 1.529400825500488 -0.558326244354248 1.554934 1.347693 0.379675 0.0003741661
2 5.938525676727295 -11.55492496490479 -0.5794673562049866 6.84097 2.210187 2.563041 -1.393955
2 1.80667507648468 -8.023902893066406 -0.6094380617141724 4.896845 2.091987 2.317428 1.932184
2 -15.56761169433594 0.2601233422756195 -0.58347088098526 6.448905 2.328682 2.750523 -2.86909
6 -47.10005569458008 -14.83141231536865 -1.025760889053345 1.625205 0.842335 0.682056 0.1278969
2 26.36802291870117 5.545413494110107 -0.0542706586420536 6.076638 2.186272 1.89453 3.11389
1 -36.36432647705078 -13.17120265960693 -0.8538457155227661 4.188597 1.915557 1.692043 0.140912
2 -36.44617462158203 -18.79676628112793 -0.4861690700054169 1.695684 1.9117 2.261162 1.822428
2 -14.33193016052246 2.884291887283325 -0.5737425684928894 2.24387 1.661589 2.593795 -2.868239
2 2.198285341262817 6.965932846069336 -0.6157862544059753 6.124526 2.421112 2.404157 -2.065512
1 0.2384688556194305 10.32868194580078 -1.097425222396851 1.772269 1.193081 1.364292 1.971905
2 -34.03639602661133 -8.185791969299316 -0.2416602671146393 2.041411 3.453702 2.937507 2.965218
2 -15.1360387802124 -8.660689353942871 -0.4415885508060455 5.868014 0.663419 2.622256 -2.750918
1 33.35108184814453 -0.04193300381302834 -1.05521035194397 0.817041 0.588249 0.816187 0.03092649
3 7.206929683685303 -2.27585768699646 -0.967486560344696 0.6599 0.872113 1.615541 0.07321649
1 15.50653553009033 4.649187564849854 -1.105832934379578 3.401663 1.762548 1.400239 -0.7479078
2 -0.9996445775032043 6.510551929473877 -0.7113774418830872 1.865876 2.085907 2.32362 1.826265
1 15.82433032989502 8.068610191345215 -1.141748309135437 3.108959 1.54728 1.463343 -0.8518962
2 11.84675788879395 -11.01964664459229 -0.544481098651886 6.305724 1.924331 2.706801 -1.415533
2 41.08686065673828 1.124975323677063 -0.1471517831087112 2.009615 2.082655 1.557608 -2.872281
6 24.53870391845703 0.3731589615345001 -0.8211257457733154 3.277723 0.522014 0.286012 -0.2029078