2 -27.33557510375977 7.03436279296875 -0.3787735998630524 5.701702 0.750292 2.806262 -0.09676789
2 30.94122886657715 -0.3933853209018707 -0.4975445866584778 5.908567 1.027331 2.889783 3.06077
2 11.21546077728272 -9.909760475158691 -0.4918295741081238 4.291974 1.550707 2.438717 -0.1684496
2 -5.051773548126221 -6.291345119476318 -0.6867445707321167 0.954446 2.375928 2.457171 2.998333
2 14.03283882141113 3.830214977264404 -0.367542028427124 1.568397 2.627206 2.230776 -1.676525
2 -2.170689821243286 7.654036045074463 -0.6223033666610718 6.097062 2.439712 2.332323 1.552401
6 36.33943939208984 -10.51295280456543 -1.765257358551025 0.25559 0.192717 0.213962 -1.57646
2 2.992305278778076 7.168055534362793 -0.6040480732917786 6.202927 2.290381 2.380321 -1.591975
1 6.338321685791016 -3.226984262466431 -1.111659049987793 4.094367 1.938748 1.440884 -0.1397789
1 24.43884658813477 -2.928052425384522 -1.136327266693115 3.924963 1.88773 1.446342 2.832236
6 -39.21080780029297 0.2285611778497696 -0.4087620973587036 0.744998 0.359121 1.180452 0.02749266
2 32.08634948730469 -11.57997226715088 -0.6522811651229858 1.422093 1.679448 2.100265 1.565132
1 -18.09704780578613 6.775537967681885 -1.297099351882935 1.082981 1.65216 0.903776 1.598103
2 55.02328491210938 -10.2327127456665 -0.5697649717330933 5.21044 2.314159 2.66512 -3.099528
2 10.74066925048828 3.821926355361939 -0.4049964845180512 1.910173 2.268627 2.089679 -1.676525
2 7.090053081512451 -7.977153778076172 -0.1897075921297073 2.017781 2.23225 1.604448 1.387448
4 -32.81737899780273 6.159334659576416 -0.8302667737007141 1.613112 1.06933 1.704099 2.951638
1 -40.95848083496094 4.732163429260254 -0.8040104508399963 2.936795 1.926012 1.52618 -0.1377664
2 20.02003860473633 4.370733737945557 0.2860778570175171 0.226668 1.27335 1.295676 -1.207819
2 37.22718048095703 -2.547352075576782 -0.4356906116008759 2.986588 2.347898 3.08425 1.0536
5 33.36566925048828 -10.62660312652588 -1.744475483894348 0.152264 0.196477 0.453341 -1.57646
2 -9.614192008972168 6.66072416305542 -0.6199654936790466 3.564178 2.180048 2.504157 1.455941
6 -47.18931579589844 9.51248550415039 0.5495452284812927 0.174845 0.396731 0.936247 2.937501
2 22.01055526733398 0.1876487284898758 -0.3318552672863007 6.24249 0.645079 2.958039 3.061239
2 -13.52303123474121 -1.706276893615723 -0.50811767578125 6.011797 1.559833 2.56256 -0.1354213
2 8.112958908081055 3.979584455490112 -0.6349901556968689 2.598587 2.643838 2.368634 -1.676525
2 -12.47653770446777 5.638360023498535 -0.5458521246910095 0.800366 1.654441 2.060512 1.428878
2 -6.710651874542236 -2.878817796707153 -0.63343745470047 6.356136 2.46582 2.342203 3.006171
2 1.687847495079041 -20.81462860107422 -0.7415027022361755 2.576537 0.95522 2.194851 1.627605
6 46.19541549682617 -11.91801738739014 -1.846438884735107 1.013901 1.405059 0.587539 1.553214
6 37.66845321655273 -10.49720001220703 -1.827999353408814 0.222805 0.145608 0.219562 -3.091073
2 -4.667509078979492 5.8774094581604 -0.6787852644920349 2.486524 2.164719 2.329269 1.694932
2 4.170143604278565 -10.65918731689453 -0.1872634440660477 6.551907 2.190797 1.679201 -1.641734
2 49.88783645629883 -12.49864959716797 -0.6212286949157715 3.355031 1.990328 2.852386 1.494497
2 5.289855480194092 4.800692558288574 -0.6552536487579346 3.242385 2.326934 2.304714 -1.616953
4 -22.55953407287598 5.239736557006836 -1.07800030708313 1.376135 0.833085 1.430257 3.086051
2 15.44914817810059 1.516533851623535 -0.4986491799354553 6.09984 2.24249 2.612506 -0.08035354
2 11.64110565185547 -6.350439548492432 -0.3962203860282898 6.011678 2.340922 2.230285 -0.04070188
2 20.60383224487305 -7.988255023956299 -0.5837130546569824 1.629125 2.273893 2.651985 1.565132
5 34.71480560302734 -10.53851699829102 -1.809208869934082 0.244168 0.214329 0.467775 -1.57646
1 49.48231887817383 -8.243618965148926 -1.214519143104553 2.435407 1.08116 1.033338 -3.066306
2 0.4981887340545654 5.126181602478027 -1.02963399887085 4.189676 2.015819 1.511831 -1.60889
5 33.90355682373047 -8.935580253601074 -1.747861862182617 0.1144 0.130352 0.449348 -1.57646
2 -35.19059753417969 -0.04254502058029175 -0.1442476511001587 4.847123 0.610435 3.009085 -0.07709655
2 43.30099487304688 -11.88801765441895 -0.5312774181365967 1.015734 0.946273 1.943926 1.565132
2 16.86664962768555 4.114645004272461 -0.321527898311615 1.436991 2.325277 2.32023 -1.314056
1 38.26617050170898 -12.1744909286499 -1.141670346260071 1.654467 1.112907 1.317092 1.565132
1 8.124138832092285 -0.5731163024902344 -1.066270232200623 3.110282 2.115653 1.436219 -0.1529465
2 52.12989044189453 -12.50467014312744 0.07894205302000046 1.253046 0.971585 1.313265 1.494497
2 -3.415929079055786 -8.258966445922852 -0.6841187477111816 6.276668 2.453555 2.635278 1.496309
1 1.464078307151794 -8.69323444366455 -1.240327000617981 3.740903 1.476642 1.506124 1.369016
4 -6.522443771362305 3.189229965209961 -0.6675471663475037 2.049125 0.692427 0.887137 3.068454
2 -21.89486503601074 7.597587108612061 -0.400019496679306 2.952029 2.250147 2.814018 1.663953
2 -37.7968864440918 8.519946098327637 -0.6609140038490295 0.269901 1.308232 0.763681 1.438311
2 -42.177490234375 9.003246307373047 -0.3630259335041046 6.907054 0.632464 2.576571 2.990036
1 40.50859451293945 -13.5138750076294 -0.4520096778869629 0.734965 1.111192 0.848265 -3.090629
2 3.063081741333008 -5.333126544952393 -0.8364214301109314 5.356083 2.045815 2.041872 3.036589
2 -20.78155899047852 -0.5974116325378418 -0.4042279124259949 6.152968 0.77692 2.732911 3.052724
2 -32.77079772949219 7.539896488189697 0.2360625416040421 0.939406 0.263945 1.460778 2.983432
2 -0.6290818452835083 -7.35551118850708 -0.6990841031074524 2.291517 2.092982 2.346127 -1.736333
2 41.01513671875 -12.04099273681641 -0.5178127884864807 1.614213 2.234404 2.27257 1.562272
4 -4.464085578918457 1.963008642196655 -1.014663219451904 1.931591 0.902128 1.586446 3.068454
1 3.436020851135254 -14.91002464294434 -0.06661613285541534 0.94963 1.35328 1.604254 3.08554
1 4.044915199279785 -20.40351867675781 -0.6804189085960388 2.016618 1.307785 1.302921 3.129781
2 -14.86330795288086 6.588329315185547 -0.3846779465675354 1.465006 2.054768 2.304303 1.491458
6 57.35978698730469 -12.34901809692383 -0.3043015599250794 0.616408 0.688248 2.170851 -1.626979
2 -33.53514862060547 1.478010058403015 -1.101654529571533 2.20796 2.510448 0.968496 3.05287