4 57.22984313964844 5.68897294998169 -1.085121512413025 1.097342 0.503906 1.128019 -1.282439
1 34.80200576782227 -2.451558828353882 -0.9457334876060486 3.243601 1.830053 1.491977 -0.02068534
4 -48.98939895629883 -5.768857002258301 -1.055249214172363 1.089124 0.655285 1.316479 4.764902e-05
4 -10.34590435028076 -5.606878757476807 -0.8974204063415527 1.734208 0.613137 1.652348 -0.02068534
3 11.05971240997315 -10.67303657531738 -0.6257495284080505 0.444518 0.570573 1.55376 -0.03318302
4 55.073486328125 6.335307598114014 -1.060908913612366 1.486425 0.516205 1.135544 -1.300702
4 25.10543441772461 -5.11940336227417 -1.064362645149231 1.456406 0.784626 1.267436 -0.02068534
4 -45.56413269042969 -6.696376800537109 -1.047889351844788 0.985654 0.500177 1.39309 3.032816e-16
4 -19.33093452453613 -6.331621170043945 -0.8432866334915161 2.379078 1.361659 1.67516 -0.02068534
4 42.47110748291016 -6.602675437927246 -0.8850280046463013 0.918708 0.614188 1.129599 6.891883e-16
4 26.24005126953125 -6.514396190643311 -0.8980504870414734 1.468644 0.620201 1.577346 -0.02068534
4 37.73180389404297 -5.145340919494629 -1.093755602836609 1.286214 0.771114 1.285648 0.0