4 30.0709285736084 21.27799224853516 -1.531337976455689 1.281817 0.676721 1.606103 -3.064677
1 -16.95929527282715 16.82036209106445 -1.284366369247437 4.099603 1.615936 1.143117 -3.137998
4 3.959508895874023 -5.568430423736572 -0.9808027148246765 2.465906 0.561365 1.540626 0.02631803
6 36.73062133789063 47.16820526123047 -1.534390807151794 0.521184 0.171926 0.314903 -1.575855
4 35.32519149780273 -5.827087879180908 -0.9818433523178101 1.92054 1.223967 1.533764 0.02631803
1 36.58610916137695 33.13542556762695 -1.718361496925354 3.048201 0.592068 1.315684 -1.844479
4 36.90216827392578 -3.906397819519043 -0.9499844908714294 1.028085 0.741927 1.419115 0.02631803
4 9.810343742370605 -6.269641399383545 -0.999531090259552 1.49131 0.563205 1.543008 0.02631803
4 -58.02881622314453 -8.171783447265625 -1.142582297325134 0.930982 0.550864 1.155905 -0.03012711
4 -49.88741683959961 -6.326585292816162 -1.329792499542236 1.258969 0.969193 1.26664 0.02631803
1 16.12251472473145 22.25360488891602 -1.60674774646759 3.78208 1.895612 1.375115 -3.081292