2 -28.56233787536621 -2.254367113113403 -0.4649251103401184 5.963363 1.050975 2.821464 0.2346694
1 9.95598316192627 29.30143165588379 -1.556396842002869 2.008693 0.761508 1.267662 -1.693005
2 -21.5323371887207 -0.1477906107902527 -0.4301482737064362 4.54003 1.9011 2.821179 -3.049301
4 -0.5224915742874146 -3.421416997909546 -0.9728519320487976 3.00525 1.300211 1.515264 -0.2373449
2 -40.77689361572266 -4.103977203369141 -0.4086423218250275 3.808118 0.395126 2.934428 -2.904256
6 23.33808517456055 0.3533655405044556 -1.607427597045898 0.346563 0.241816 0.278202 -0.008185755
2 -35.1610221862793 -6.686322689056397 -0.3363969624042511 6.203926 2.500526 2.934205 1.291473
1 35.72371673583984 0.4046557247638702 -1.139023780822754 0.420836 1.174438 0.863476 -0.01022168
2 13.10239410400391 -3.925936698913574 -0.5295969843864441 6.260623 2.17777 2.512399 0.08646978
2 0.6856333017349243 6.50290060043335 -0.7619376182556152 1.917627 1.490601 2.423249 1.725677
1 17.35070991516113 5.985531806945801 -1.126050710678101 3.136888 1.525252 1.405348 -0.9937471
6 -32.24651336669922 -11.64562606811523 -1.545517802238464 1.434999 0.285924 0.276968 -1.658215
4 52.30031204223633 -6.233788013458252 0.4290457367897034 1.450545 0.618793 1.384825 0.001374066
2 27.52350997924805 2.380413770675659 0.0875973328948021 5.938678 2.191841 1.918669 3.048761
2 41.95090103149414 10.33882331848145 -0.2512199580669403 3.882842 0.447647 1.773582 1.613301
3 1.727622747421265 3.144278049468994 -0.9485927820205688 0.829911 0.799322 1.740012 -2.392155
6 2.536979675292969 -3.065528154373169 -1.606097936630249 0.269311 0.282586 0.309892 2.431921
3 24.65545654296875 9.838655471801758 -0.7261906862258911 0.316297 0.518366 0.978758 0.06148479
2 42.93911743164063 -1.216098427772522 -0.03060311451554298 5.91998 2.091842 1.369706 -2.981946
2 -1.191865086555481 -9.343337059020996 -0.5958585143089294 6.038711 2.559849 2.473493 1.754428
4 28.76399230957031 26.17347145080566 -1.731450319290161 1.672492 0.585234 1.031762 1.596591
2 -4.322278499603272 -8.51007080078125 -0.6082403063774109 4.294398 2.213309 2.394768 1.741291
6 26.1796875 8.738349914550781 -0.612423300743103 0.503354 0.492414 0.246499 -3.080108
2 41.65879058837891 -3.679170370101929 -0.009087794460356236 2.085845 2.098614 1.285539 -2.978537
2 -2.895051240921021 3.459977626800537 -0.6819955706596375 6.15444 1.724966 2.300961 -2.9509
4 3.933639049530029 -10.42517566680908 -1.295956492424011 1.166695 0.354657 1.101587 -1.510091
4 26.97966766357422 30.43387031555176 -1.655192971229553 1.250997 0.462173 0.800574 1.589903
2 -5.676589965820313 -4.968896389007568 -0.5878390073776245 6.128058 2.38109 2.330364 0.196336
6 22.61057662963867 2.123176574707031 -0.6976681351661682 1.35862 1.432705 0.221341 0.09748203
2 48.31732940673828 15.72012233734131 -0.3361166715621948 6.148097 1.298347 2.057517 1.581511
2 5.555532932281494 -11.85871982574463 -0.5679706931114197 5.872468 2.509048 2.553998 -1.488386
6 -36.31575775146484 -11.6506233215332 -1.541121602058411 0.297339 0.351881 0.381066 0.185384
1 -45.675537109375 -15.72032737731934 -1.031633377075195 1.948609 0.823815 1.327066 1.882966
3 3.213601589202881 -5.814388275146484 -0.9383469223976135 0.772749 0.823906 1.688873 1.833661
2 -48.1048698425293 -16.25716781616211 -0.1303915679454804 5.110107 0.966834 2.64967 -1.352494
1 26.62081909179688 12.65641593933106 -1.425521969795227 4.422836 1.766255 1.458238 -2.967381
1 19.05689430236816 -0.6789736747741699 -0.8261898159980774 1.824894 1.77647 0.967444 -0.03940991
6 28.18948745727539 17.49893760681152 -1.814895153045654 0.381743 0.558372 0.506728 1.554936
2 60.13055419921875 0.4884351491928101 -0.08621276915073395 2.647655 0.378806 1.160468 -3.014904
2 -15.17941284179688 -7.208236694335938 -0.4599208235740662 5.792036 0.940388 2.631986 -2.858014
1 16.3544979095459 3.093339920043945 -1.08008599281311 2.374994 1.69234 1.443824 -0.8436378
1 30.66361236572266 7.332169055938721 -0.3386178612709045 2.787553 2.104973 0.736134 3.141592
1 -30.98788452148438 -12.98759746551514 -1.426881790161133 0.284181 1.08751 0.865277 -1.658215
1 2.537815570831299 9.791513442993164 -1.2946937084198 0.949671 0.893758 1.316037 -2.618559
6 29.80803871154785 -0.90194171667099 -0.455549031496048 0.289372 1.329955 0.317513 -0.02395298
6 34.69697570800781 8.533465385437012 0.2921559512615204 1.011125 1.755617 2.274129 3.141592
6 39.78334426879883 -4.18700122833252 -0.3204157948493958 0.828171 0.90387 0.596809 3.121266
4 15.16655349731445 1.105638980865479 -1.013706684112549 2.572512 1.264489 1.550053 -0.6414645
3 1.567307114601135 -4.351243019104004 -1.037778377532959 0.5154 0.663315 1.456797 1.430823
2 -37.36597442626953 -14.94985389709473 -0.6402597427368164 2.171038 1.843831 2.510745 1.769124
1 6.998541831970215 4.139876842498779 -1.12304949760437 4.209947 2.059637 1.520279 -2.155096
2 -13.76843547821045 4.071101665496826 -0.6014872193336487 3.424599 1.366074 2.61108 -2.97339
1 14.33218669891357 11.07177829742432 -1.274286389350891 3.016364 1.709798 1.489034 -1.602359
2 11.31357383728027 -7.05172872543335 -0.5400978326797485 2.668667 2.156666 2.45284 0.1745738
1 13.130202293396 -1.119976758956909 -0.8483808040618896 3.082933 1.625026 0.92726 0.007977457
2 -9.762589454650879 4.541662216186523 -0.637550950050354 0.428048 2.130217 2.537346 1.805713
4 -13.65418338775635 -2.717397451400757 -0.9814522862434387 1.242931 0.761729 1.623919 -2.909924
1 40.82676315307617 -6.363345146179199 0.07743606716394424 2.381965 2.356243 1.167844 0.12123
3 2.061523199081421 -2.803233623504639 -0.7920058369636536 0.550191 0.565848 1.387601 -1.243151
2 -14.72751808166504 1.807709455490112 -0.5270219445228577 6.555307 2.041075 2.605414 -2.963779
1 29.89485931396484 -4.57329273223877 -1.266896605491638 3.558563 1.051149 1.437616 0.1684647
6 25.27921295166016 9.060640335083008 -0.5825493931770325 0.396595 0.499511 0.228182 -3.080108
6 -28.50308227539063 -12.17482280731201 -1.074459075927734 0.934981 0.196845 0.70058 -2.956209
2 27.83649063110352 4.519455432891846 0.1510473936796188 0.351895 2.015179 1.79177 0.1924535
2 11.27057838439941 -12.57057571411133 -0.504056990146637 6.380222 1.76225 2.68236 -1.506939
2 55.94987106323242 -5.65980339050293 1.762272119522095 3.23038 1.029 0.859725 0.001374066
1 34.06142807006836 -4.448661804199219 -0.8192282915115356 1.141591 1.263399 0.876148 -0.153328
2 1.265483975410461 -6.903977394104004 -0.6361204981803894 2.076524 2.074348 2.297333 1.790165
6 -34.47325134277344 -12.78193378448486 -1.495394706726074 0.636939 1.734298 0.725573 -1.658215
2 2.509152412414551 4.845650672912598 -0.7183259129524231 2.111539 2.485212 2.368674 -2.144248
1 6.934064388275147 -0.3776791989803314 -1.053655743598938 3.216456 2.126572 1.45106 -0.1162985