2 -28.91697502136231 -5.258562564849854 -0.3129971027374268 6.016134 1.040298 2.856744 0.3035532
6 24.39008712768555 0.4878737032413483 -0.8176979422569275 2.953234 0.523786 0.304876 2.980671
2 10.98152923583984 -5.701906681060791 -0.5814581513404846 2.313826 2.268904 2.489902 0.2689816
1 24.49523735046387 12.67300224304199 -0.784760594367981 4.041128 2.210865 0.689008 -3.089337
6 21.84651184082031 4.324480056762695 -0.8616823554039001 2.403386 1.299804 0.750878 2.779591
1 15.49567699432373 2.339514970779419 -1.029118061065674 1.996248 1.569199 1.372614 -0.7539232
3 3.80790901184082 -3.659435033798218 -1.081238150596619 0.424237 0.776647 1.456155 -0.2068402
5 -31.49104690551758 -14.5288724899292 -1.483158111572266 0.16658 0.100042 0.443687 -0.2347728
2 41.97835540771484 3.632415294647217 -0.008033029735088348 6.087894 2.382165 1.32813 -2.902003
2 -5.98047685623169 -5.504944324493408 -0.6050083637237549 6.382834 2.499348 2.39435 0.3150466
2 17.52419662475586 33.66646575927734 -1.344266176223755 4.835862 1.592669 1.881054 1.706557
1 15.84342575073242 8.147489547729492 -1.146010994911194 2.999192 1.634208 1.472526 2.304721
2 2.195622444152832 6.873292446136475 -0.6095514893531799 6.290033 2.298872 2.386233 -2.070484
6 18.51870918273926 1.276617288589478 -0.5704026818275452 1.522825 0.910542 0.378485 -3.12049
2 -22.71591949462891 -2.727612972259522 -0.3755973279476166 5.822425 2.203336 2.844808 -2.942661
2 -55.4915657043457 -20.15910148620606 0.1560341864824295 1.971557 2.418142 2.186005 0.1929923
2 12.70564842224121 -2.289669990539551 -0.5659335851669312 6.237751 2.203197 2.543026 0.1928342
3 2.481154918670654 -5.242705821990967 -0.9616822004318237 0.541212 0.818374 1.689458 1.77672
2 -38.34535598754883 -19.16611480712891 -0.5823293924331665 5.850501 1.763802 2.417124 0.1849751
1 28.20770263671875 10.5395565032959 -0.6119278073310852 3.532801 1.482387 0.889914 -3.035432
2 -4.045874118804932 -8.433816909790039 -0.6091529726982117 3.894175 2.103478 2.3761 1.83567
1 0.3175791800022125 10.27396488189697 -1.10686981678009 1.972635 0.717394 1.324608 -1.656659
1 -44.52096939086914 -20.74930953979492 -0.8796806335449219 1.836425 1.046195 1.597815 1.916618
2 11.68169116973877 -11.5105791091919 -0.5175006985664368 7.233225 1.713086 2.652973 -1.408094
6 14.28124809265137 4.211038589477539 -1.24098801612854 1.115681 0.127035 0.420958 -1.008751
2 -0.9263595342636108 -9.340993881225586 -0.6110582947731018 6.119741 2.731743 2.50415 1.881062
6 -6.664541244506836 -9.878325462341309 -0.2577589750289917 1.398305 1.61319 0.433825 1.935108
3 6.375461101531982 -2.747308492660523 -0.9954484701156616 1.139804 1.137651 1.646974 0.03446502
2 6.040678977966309 -12.33148956298828 -0.5896865129470825 8.317062 2.676941 2.578993 -1.36431
4 8.72923755645752 5.997753143310547 -1.421029210090637 1.070468 0.484084 0.772437 -0.2745908
6 34.67707824707031 4.397329330444336 -1.017337203025818 0.336784 0.577359 0.585906 -3.087846
2 -0.996931791305542 6.525325298309326 -0.6980920433998108 1.875924 2.068938 2.297011 1.794289
1 29.55337524414063 -1.11609673500061 -1.246131777763367 3.648818 1.141456 1.435054 0.2533328
2 -14.83712196350098 2.733771562576294 -0.5768005847930908 3.532056 1.758255 2.596816 -2.814894
5 -35.51846313476563 -15.58662605285645 -1.481612324714661 0.139342 0.242742 0.486779 0.4091559
1 -39.45841979980469 -13.65771198272705 -0.8747715950012207 4.199003 1.910796 1.695986 0.09566893
6 33.28024673461914 -0.05351486057043076 -1.065929412841797 0.713041 0.402643 0.776395 -2.915735
2 26.16542816162109 5.479110240936279 -0.06029529497027397 6.258203 2.438147 1.744835 3.119121
1 9.816370010375977 7.886398315429688 -0.7451791167259216 2.385671 1.580569 0.648907 -2.036066
2 -15.12865924835205 -8.643272399902344 -0.4601372182369232 5.985632 0.655227 2.659615 -2.749727
1 26.35227012634277 7.871279239654541 -0.005173629149794579 0.363392 1.798284 1.705686 0.3317788
3 -10.38379383087158 -2.013700723648071 -0.8923577666282654 0.956642 0.753538 1.735322 -2.265854
1 -7.681454658508301 -11.65804862976074 -0.1445945352315903 0.832196 0.090164 0.571532 1.913256
1 15.47567272186279 4.695732116699219 -1.123396754264832 3.239102 1.836841 1.434555 -0.7195118
4 13.66503620147705 4.061891078948975 -1.079954743385315 1.709415 0.719927 1.588278 -0.9235305
2 -34.01025009155273 -8.310004234313965 -0.1842454075813294 3.59622 2.010576 3.012439 -1.75708
4 24.68669700622559 29.23585319519043 -1.804195165634155 1.370066 0.409522 0.894197 -1.306919
2 40.88209533691406 15.37653636932373 -0.4140768945217133 3.876544 2.822385 2.095628 1.723685
2 41.10867691040039 1.196995496749878 -0.1396303623914719 1.881304 1.90677 1.542909 -2.853517
1 6.194412231445313 0.4300817847251892 -1.075539231300354 3.206518 2.031377 1.419231 0.0283728
4 -0.009038183838129044 -3.508990049362183 -0.9665499329566956 3.018264 1.324659 1.48104 -0.2286703
1 59.09687042236328 7.461008071899414 -0.3872998952865601 2.448247 0.214066 1.082846 -2.830019
1 4.198902606964111 3.931407451629639 -1.086202263832092 3.780342 2.03547 1.422427 -2.437027
2 -15.53221130371094 0.2885006070137024 -0.5128118395805359 6.485373 2.215682 2.611099 -2.862087
2 -4.036098480224609 3.25169825553894 -0.6627985835075378 6.011086 1.918476 2.301537 -2.83477
1 10.62296772003174 15.16281223297119 -1.2801753282547 4.438381 1.706521 1.469441 -1.310318
1 12.45534896850586 0.4710487425327301 -0.8937704563140869 3.000739 1.776946 0.971983 0.1138304
2 45.88275527954102 21.24278450012207 -0.6356891393661499 5.544791 2.038907 2.183487 1.725509
2 -46.79544448852539 -21.15637397766113 -0.1620436906814575 6.070144 0.788841 2.605238 1.908768
2 1.715545177459717 -7.841152191162109 -0.6297122240066528 4.461195 2.096717 2.388203 1.929415
2 -11.14222431182861 3.4248046875 -0.3511291742324829 2.264032 0.404255 2.003072 -2.789665
1 23.84355735778809 15.84556293487549 -1.528690934181213 3.825241 2.266236 1.374491 -2.453255
4 -14.28830718994141 -7.162140369415283 -0.9676781892776489 1.156756 0.707301 1.57968 0.2952904