1 15.78760051727295 7.995165824890137 -1.143858432769775 3.156018 1.42255 1.467221 -0.8478314
2 42.0242805480957 3.63853645324707 -0.1309630423784256 6.01963 2.321819 1.573815 -2.863102
6 22.89254188537598 27.6100025177002 -2.081041812896729 0.363735 0.183713 0.254507 -1.285112
1 10.81177043914795 14.55684471130371 -1.288524270057678 4.362379 1.824567 1.5408 -1.306535
2 -15.52954006195068 0.2610978484153748 -0.5068599581718445 6.435648 2.215241 2.599643 -2.859083
2 1.720821022987366 -7.83576774597168 -0.6329920291900635 4.501212 2.108231 2.351978 1.919595
4 24.67849731445313 29.2979679107666 -1.790578603744507 1.371441 0.392699 0.864601 1.818337
6 28.95187568664551 2.51988697052002 -0.6455286741256714 0.280659 1.446455 0.187025 0.2304815
1 0.3663725554943085 10.27606868743897 -1.093049287796021 1.988722 0.773334 1.359266 1.580165
2 5.872471809387207 -11.33178806304932 -0.5790834426879883 6.375354 2.295181 2.561596 -1.384917
2 -46.83641052246094 -21.05688858032227 -0.3350145816802979 5.807628 0.849094 2.901298 1.900149
4 1.263842821121216 -3.616025924682617 -1.003824591636658 2.898539 1.201242 1.532723 -0.1095529
1 15.67245197296143 4.479789733886719 -1.138313889503479 3.874997 1.86131 1.464811 -0.7367749
1 17.55625343322754 33.62903594970703 -1.366740942001343 4.804529 1.583868 1.925912 1.735654
2 -4.180772304534912 3.25157356262207 -0.6613550782203674 6.258479 2.105527 2.298221 -2.831888
3 7.468696117401123 -2.359293699264526 -1.11354124546051 0.890568 0.92812 1.437974 0.1168818
3 9.59170150756836 -0.5678156018257141 -0.9792788028717041 0.565132 0.880726 1.650362 0.2909149
1 4.184947967529297 3.967154979705811 -1.074376583099365 3.785685 2.057721 1.428488 -2.312809
6 24.18062591552734 11.75297069549561 -0.5730808973312378 0.338741 0.518197 0.226208 0.5508382
2 -33.95255661010742 -7.774459838867188 -0.2710754871368408 3.322173 2.049174 2.955111 1.441662
2 12.6776647567749 -2.318834781646729 -0.5570506453514099 6.132615 2.135087 2.521157 0.20509
4 22.4061279296875 33.55463790893555 -1.53784966468811 1.521203 0.23298 0.596178 1.818337
2 -14.86470603942871 2.707064867019653 -0.576428234577179 3.353005 1.722562 2.598494 -2.844918
5 -35.54058074951172 -15.60208511352539 -1.487630486488342 0.335304 0.287517 0.521063 1.934341
3 11.32052803039551 20.05726432800293 -1.348127961158752 0.490212 0.489793 1.485355 0.2385926
2 -55.59121322631836 -20.06256866455078 0.5047765374183655 1.774099 2.492089 1.487818 0.3162828
2 -10.96584892272949 3.412154912948608 -0.2824836671352387 0.276202 2.104378 1.865734 1.913689
6 18.47500610351563 1.463811159133911 -0.5725902318954468 1.476722 1.354152 0.40523 0.04119181
2 -15.11706352233887 -8.625617027282715 -0.4443743228912354 5.78826 0.691275 2.632023 -2.739554
2 45.91534042358398 21.28669548034668 -0.6361361742019653 5.578069 2.167783 2.184313 1.7577
1 22.52645683288574 3.99295711517334 -0.8403517007827759 2.263939 1.635066 0.906342 -0.1112963
1 12.45082473754883 0.456932544708252 -0.9092415571212769 3.051116 1.709619 1.002411 0.1562896
1 -44.50043106079102 -20.76925277709961 -0.8589897155761719 1.913157 1.085367 1.555897 1.927493
3 2.443967580795288 -5.149526119232178 -0.9457782506942749 0.354127 0.81164 1.694255 1.793667
6 15.07698631286621 3.52021861076355 -1.187309265136719 1.021717 0.378419 0.218001 -0.7777249
2 11.16790390014648 -5.689650535583496 -0.6002897620201111 2.636867 2.257041 2.524923 0.2690056
4 -11.22048377990723 -5.898163318634033 -0.9428908824920654 1.220744 0.739512 1.63109 0.2207405
2 -5.891764163970947 -5.542607307434082 -0.5835888385772705 6.269273 2.367658 2.35531 0.3215723
6 23.48913955688477 25.44048690795898 -2.031259775161743 0.278006 0.206145 0.300173 1.856481
1 -25.51394653320313 -9.965048789978027 -0.8866764307022095 2.455033 1.99055 1.528944 0.3799897
2 -4.04798698425293 -8.569920539855957 -0.6088319420814514 4.09908 2.069027 2.374497 1.839262
2 -22.70429611206055 -2.713342189788818 -0.3682850897312164 5.833638 2.078983 2.803081 -2.93914
2 -36.38286209106445 -18.84514045715332 -0.3294614553451538 1.645504 1.784662 2.541123 1.906179
1 9.515103340148926 7.266404151916504 -1.121776938438416 3.762512 1.648331 1.401752 -2.071088
3 -10.79840278625488 -5.250518798828125 -0.9047890305519104 0.673919 0.655267 1.675309 -2.887827
1 29.59927368164063 -1.141077041625977 -1.24624764919281 3.651708 1.283081 1.43663 0.2752585
2 11.89491653442383 -10.98145008087158 -0.5305709838867188 6.263875 2.086179 2.678716 -1.410238
2 26.28532791137695 5.637326717376709 -0.06614474207162857 6.230269 1.981466 1.918052 3.130131
6 24.2780933380127 22.9559497833252 -1.939854741096497 0.2594 0.223578 0.265316 1.856481
4 15.77094173431397 1.967884659767151 -0.795985996723175 1.703937 1.302887 0.882417 -0.8129988
1 6.305868148803711 0.3987294137477875 -1.080129265785217 3.408253 1.862734 1.453238 -0.05627614
2 -28.92667198181152 -5.29588794708252 -0.3178158402442932 5.953235 1.059934 2.856941 0.2833876
1 23.77743721008301 12.72752285003662 -0.7797608375549316 2.36682 1.516509 0.6817 0.5532384
2 -0.8886046409606934 -9.338418960571289 -0.6002659797668457 6.098825 2.603962 2.479873 1.865743
2 59.04229354858398 7.444587230682373 -0.3975480794906616 2.247472 0.192516 1.102115 -2.857023
6 9.500967025756836 -1.579841732978821 -1.352167010307312 1.55454 0.77009 0.934625 0.6144252
2 40.44950485229492 15.36835193634033 -0.4302897453308106 3.840833 1.859839 2.127823 1.742461
6 24.40051460266113 0.6096208095550537 -0.822465181350708 2.839763 0.789772 0.310706 0.01127267
1 33.4186897277832 -0.05401965975761414 -1.050812721252441 1.027222 0.384859 0.814736 0.2944028
2 -6.872505187988281 -10.52888679504395 -0.1470529437065125 2.429907 2.440274 0.62667 1.920623
2 28.44877433776856 8.616116523742676 -0.09698406606912613 4.790427 1.82805 1.893164 0.3396084
6 34.74530792236328 4.264770984649658 -1.015953779220581 0.276237 0.326128 0.598692 -0.2366651
4 14.4333963394165 3.36014723777771 -1.108287930488586 1.649059 0.613437 1.489412 -0.8057244
2 2.131013154983521 6.949716091156006 -0.6274598240852356 6.237267 2.416069 2.425545 -2.049079
1 -39.59096527099609 -13.66648197174072 -1.005240917205811 3.523946 1.3261 1.393232 0.1801053
1 24.20429611206055 15.76232433319092 -1.443267464637756 4.22649 1.802354 1.203009 -2.823081
2 41.14069747924805 1.143867254257202 -0.1486712545156479 1.853453 1.94577 1.560967 -2.847647
2 -1.00163733959198 6.563445091247559 -0.7093409895896912 1.946202 2.087335 2.321792 1.82716
1 28.36893463134766 10.75163269042969 -0.6954492330551147 3.860196 1.235139 0.742705 0.2006102