1 -33.28596115112305 -7.711770534515381 -0.8034389615058899 2.123334 1.893085 1.579896 -2.81165
2 -24.78873062133789 -0.6592089533805847 -0.3345690667629242 3.331559 1.505859 2.684845 -2.880695
4 -19.05336570739746 -10.0521183013916 -1.202330827713013 1.191087 1.225334 0.638696 0.1488775
5 16.28131294250488 -2.841456174850464 -1.681700468063355 0.174824 0.128536 0.426165 -2.766916
2 -14.07666110992432 -9.243593215942383 -0.06498677283525467 1.408485 1.910831 1.739977 -1.347966
2 -7.233965396881104 -8.78072738647461 -0.5975729823112488 4.335919 1.638228 2.407617 -2.827822
1 -42.79092025756836 -6.043030738830566 0.3870678246021271 1.868018 0.262362 1.092648 -2.901346
2 -16.35226440429688 -10.0226469039917 -0.2222524881362915 1.629603 2.48027 2.181218 -1.338805
1 -29.14670372009277 -1.966036438941956 -0.7222774624824524 0.317099 1.514117 1.508332 -1.288466
2 9.370108604431152 -3.48429012298584 -0.6300969123840332 3.615835 2.486998 2.463269 1.905459
4 44.6125602722168 11.28484535217285 -1.534900069236755 1.997867 0.751475 1.101881 0.4728358
2 21.46557807922363 -3.318444490432739 -0.6450740098953247 4.674754 2.490598 2.742441 1.89392
1 -32.14130783081055 -2.59685754776001 -1.358261227607727 0.401456 0.912455 0.774209 -1.528074
5 18.6146411895752 -1.795568108558655 -1.720047473907471 0.252824 0.330885 0.494549 -2.766916
2 7.226753234863281 -5.35114336013794 -0.6449359655380249 4.07572 2.360926 2.457579 1.840288
2 16.11471366882324 8.798386573791504 -0.4997844696044922 6.709175 2.130945 2.879749 -2.821037
2 22.66990089416504 8.414510726928711 -0.4072328507900238 4.640582 2.430812 2.912046 1.408438
2 32.08237457275391 1.3886399269104 -0.7026386260986328 2.092744 1.65842 2.771603 2.0509
2 7.183908939361572 6.424871444702148 -0.6046956181526184 6.087626 2.248968 2.516364 -2.841874
2 41.95352172851563 7.435069561004639 -0.7212633490562439 5.390888 2.288249 2.723432 -2.679764
2 -44.29449844360352 -12.38558673858643 0.1881647557020187 0.375607 2.183531 2.680951 -2.822657
2 -36.09309005737305 -3.316914796829224 -0.07881899923086166 2.150989 2.09362 2.665217 -2.71559
5 25.78194046020508 1.023062586784363 -1.75111198425293 0.344742 0.261884 0.469099 -2.766916
1 5.916745662689209 2.884677171707153 -1.084842324256897 4.30543 1.921361 1.443618 -3.033838
5 23.0382080078125 -0.03684026747941971 -1.675177454948425 0.298667 0.278543 0.42085 -2.766916
2 -18.38015365600586 -7.36568546295166 -0.4052420556545258 6.444252 2.255434 2.634031 -2.922779
2 -27.36119079589844 -0.8497850894927979 -0.2618485689163208 1.882429 1.391919 2.754373 -1.288466
6 -18.04519462585449 -9.538506507873535 0.001558560179546475 0.685957 0.248412 1.80659 -1.424733
2 -31.91460227966309 -9.796566009521484 -0.1172804534435272 5.030481 0.549795 2.729094 -2.946556
2 -7.019594669342041 4.694754600524902 -0.6449785828590393 3.541991 2.489702 2.340665 -1.331442
5 17.39161491394043 -2.416415691375732 -1.591028928756714 0.225363 0.255491 0.458341 -2.766916
2 -8.061208724975586 -6.192637443542481 -0.7265757918357849 4.913176 2.041263 2.053756 0.2613578
1 27.16160774230957 -0.6560806632041931 -1.268702030181885 2.500804 1.209662 1.615688 1.829608
2 -26.03872489929199 -8.445476531982422 -0.2105617076158524 4.478238 0.508275 2.795048 -2.946556
2 0.03523740172386169 -4.251588344573975 -0.6863775849342346 6.508224 2.567641 2.201034 0.30571
2 -11.11316871643066 -9.97860336303711 -0.05944596230983734 2.936739 2.261912 1.598391 -1.394275
2 -19.38153648376465 0.7013009190559387 -0.3420108556747437 0.543948 1.775434 2.430699 -1.060206
4 -36.51486587524414 -6.285625457763672 -0.9818080067634583 1.13789 0.886183 1.32642 -2.743229
1 -14.18737697601318 2.136610746383667 -1.032675266265869 3.170439 1.663629 1.467991 -1.205239
2 -17.55232429504395 2.684144973754883 -0.1908202618360519 3.361685 2.664133 1.998392 -1.252127
4 -30.91875267028809 -4.137251853942871 -0.9110328555107117 1.594476 0.923602 1.421674 -2.938957
2 30.12354469299316 -0.7386208176612854 -0.6486900448799133 4.855692 2.30036 2.849089 1.964348
1 12.82216358184815 1.526630163192749 -1.154438853263855 3.53003 1.963216 1.447789 0.2017591
2 -54.40630340576172 -8.488799095153809 0.1068511754274368 4.146463 0.45218 2.066114 -2.893281
2 4.671736717224121 -6.626795768737793 -0.5355263948440552 3.348045 2.541774 1.829022 1.812973
5 24.48627853393555 0.545068621635437 -1.72960889339447 0.166518 0.25254 0.300871 -2.766916
2 -12.05980491638184 3.279048204421997 -0.416002482175827 1.792927 2.218356 2.143705 -1.331442
2 40.26112365722656 4.42949914932251 -0.5104494094848633 1.684461 1.189593 2.36343 0.3673107
4 -38.40802001953125 -5.678400039672852 -1.004579782485962 0.765183 0.264879 1.004351 -2.746869
2 37.8094596862793 3.596121311187744 -0.5233896374702454 3.23724 1.932102 2.35241 1.861108
2 1.001330137252808 4.21735429763794 -0.689362108707428 6.161953 1.616167 2.258598 0.3430727
2 50.31703567504883 11.94956779479981 -0.6590859889984131 4.245668 1.402252 2.734948 0.4176322
2 44.38937377929688 6.199326038360596 -0.289666473865509 0.76914 1.1507 1.921863 -2.722107
2 -9.5330810546875 3.481148719787598 -0.6049430966377258 2.32129 2.161976 2.352679 -1.331442
2 -4.659942626953125 6.169590473175049 -0.6403108835220337 4.411059 2.24283 2.294676 -1.347113
2 -40.60250091552734 -5.35283899307251 0.04312139004468918 1.454341 0.341554 2.05832 -2.87199
1 -5.601074695587158 -3.08356523513794 -1.041399359703064 4.469102 1.947176 1.380506 0.1897862
5 21.77843856811523 -0.6291380524635315 -1.719144463539124 0.244882 0.204301 0.475721 -2.766916