1 35.22820663452148 0.4859021306037903 -0.5218369960784912 0.910389 0.844771 0.639275 0.06537534
2 -2.455759525299072 -5.521426677703857 -0.982914388179779 1.743684 1.438598 1.518788 -1.57195
2 22.01601791381836 6.802913188934326 -0.1806402951478958 1.931751 2.211275 2.417958 -1.41
2 41.59553527832031 11.03715991973877 0.6490440964698792 0.238536 1.079146 1.093812 0.2777104
2 -21.33670425415039 3.171904563903809 -1.116806626319885 1.759851 0.317202 1.067768 0.09100762
2 1.320576667785645 7.096654891967773 -0.6119043231010437 5.008208 2.290757 2.334477 -1.430716
2 -3.286335468292236 -7.397891044616699 -0.3876570761203766 0.674784 1.230966 0.777474 -1.647693
2 -52.50411987304688 0.7733978033065796 -0.5685811042785645 1.236287 0.425586 2.477386 0.1000415
1 16.02129364013672 3.409142971038818 -0.8727006316184998 3.901226 1.979017 1.637594 -3.092192
2 27.45191955566406 -1.845906734466553 -0.2241208702325821 5.844892 1.126978 2.84879 0.1354175
2 -18.03633499145508 -3.309503316879273 -0.5348426699638367 1.86266 2.328125 2.682436 -2.977592
2 28.10603332519531 5.860317707061768 0.4089996218681335 2.520609 2.198312 1.53512 0.1288633
2 9.01030445098877 -2.268848180770874 -0.5549929738044739 6.620486 2.178728 2.387332 -3.069807
2 30.62768173217773 8.288427352905273 0.03314995393157005 1.021875 0.886576 1.844738 -1.436418
2 -5.282693386077881 -3.561544895172119 -0.6695179343223572 6.251376 2.271238 2.279451 -3.043033
1 45.42928695678711 4.681379318237305 -0.7737790942192078 1.43615 0.894879 1.471539 0.03447519
2 19.36441612243652 6.907177448272705 -0.26096311211586 2.346995 2.230762 2.44704 -1.460968
2 9.212628364562988 6.574918270111084 -0.6191340088844299 2.335714 2.236485 2.485619 1.905195
2 -1.044832229614258 5.483352661132813 -0.6219009160995483 2.114253 2.359013 2.156602 -1.450444
2 11.78208255767822 6.349233627319336 -0.4136107265949249 1.063195 2.36355 2.276059 1.755705
2 -13.19123458862305 3.824764490127564 -0.5626699328422546 6.28604 1.656374 2.645388 0.1070954
2 -25.91662788391113 2.90207839012146 -0.5564953088760376 6.193386 1.214329 2.787255 0.08033177
2 -18.25126457214356 3.095330476760864 -0.449687272310257 0.751468 2.121533 2.596123 1.697195
1 21.21030044555664 -0.5220800638198853 -1.017025113105774 2.91666 1.429126 1.413968 -3.016323
2 42.24870681762695 3.342952251434326 -0.4945730566978455 2.713409 1.166708 1.382984 2.952736
2 -19.87112426757813 -6.065699577331543 -0.3612666130065918 6.685903 2.379883 2.734521 0.1680514
2 -34.31185913085938 1.869964480400085 -0.5802191495895386 6.237693 0.957426 2.892508 0.09173806
2 -8.407137870788574 6.512732028961182 -0.6088503003120422 6.335672 2.289594 2.463373 1.850572
2 43.73153305053711 6.855564594268799 0.1922781318426132 2.13761 0.605034 1.647258 0.1191581
2 -46.05192184448242 1.372386336326599 -0.7473627924919128 2.045491 0.984597 2.776437 0.01634901
1 25.89813232421875 3.735854387283325 -0.666924238204956 0.882203 0.507132 0.894321 -0.01556389
1 14.57637786865234 5.994449138641357 -1.027838587760925 2.266232 1.863086 1.370534 -1.402507
6 20.57488632202148 -2.040043115615845 -1.035233974456787 2.075411 0.275668 1.34238 -3.072088
2 52.31436157226563 6.844640254974365 0.278483122587204 2.317584 1.280474 2.285421 -0.2949817
4 -36.67985153198242 -3.030244588851929 -1.356386184692383 1.105678 0.758614 1.189409 0.02714366
2 8.080585479736328 -4.229458808898926 -0.08958276361227036 1.510376 0.151906 0.52195 -3.054253
2 3.28043794631958 -2.458973407745361 -0.6702816486358643 3.913991 1.108484 2.167784 0.06128088
2 4.191776275634766 6.347474098205566 -0.6247588396072388 3.664139 2.054536 2.284069 1.663907
1 -35.91563034057617 0.05620373412966728 -0.6401268243789673 1.037808 0.46013 0.565207 0.2274563
1 16.03241157531738 0.6470452547073364 -1.005584359169006 4.530105 1.874413 1.391339 -0.3306573
2 -22.55146026611328 -8.886988639831543 0.1978801488876343 0.307831 1.035555 1.646865 0.1983926
2 -58.76570510864258 0.4446379542350769 -0.6558058261871338 1.513467 0.646395 2.189375 0.1000415
1 -4.213407516479492 6.411757946014404 -0.9908553957939148 4.397482 2.163725 1.603134 -1.543941
2 16.97610664367676 7.033915042877197 -0.06772805750370026 1.841011 2.352945 1.904889 -1.460968