4 -58.91746139526367 -6.463239192962647 -1.352130889892578 0.755739 0.497828 0.843362 0.02615614
1 0.443179726600647 17.99178504943848 -1.605708837509155 4.210125 1.823906 1.586823 -2.993113
4 27.90854454040527 -9.480299949645996 -0.9092416167259216 1.763762 0.552883 1.564151 0.007650755
6 19.73277473449707 36.81036376953125 -2.601240634918213 1.56346 0.666066 0.659543 -3.039816
4 10.86581516265869 -7.621919631958008 -0.9615404009819031 1.80634 0.758282 1.617907 -0.01270756
4 34.76984024047852 -8.98932933807373 -0.9431713223457336 0.550628 0.452775 1.463133 0.007650755
4 36.62139892578125 25.12380981445313 -1.846926927566528 1.743523 0.804975 1.497062 -2.559192
3 16.0322380065918 33.53490447998047 -2.235397815704346 0.392643 0.252019 0.972679 -3.141592
1 23.23636436462402 -3.212474346160889 -0.9609636068344116 3.995724 1.972844 1.626944 0.02849716
6 -49.99446868896484 -6.853475093841553 -1.358059644699097 0.979727 0.649528 0.412263 0.01393682
1 55.88134384155273 -6.723215103149414 -0.4625512659549713 0.317796 1.127437 0.735344 0.0
3 22.76614952087402 -11.20041656494141 -0.762276291847229 0.613897 0.64567 1.704041 0.01437059
1 16.53804969787598 20.32430076599121 -1.741865992546082 4.089256 1.979962 1.431151 -2.495919
4 -35.04074859619141 -8.655211448669434 -1.178156733512878 1.04452 0.59683 1.428935 0.008579019
1 -26.39752197265625 13.43156051635742 -1.852078318595886 4.213444 1.506044 0.837462 -3.119571
4 -53.91799545288086 -7.705425262451172 -1.21734094619751 1.033755 0.315717 0.76185 0.02136964
4 -12.52523231506348 -9.110982894897461 -1.026655316352844 1.956017 0.636142 1.564146 0.006086429
4 -25.24265480041504 -7.16279411315918 -1.18651819229126 1.535045 0.747479 1.426062 0.004206376
6 23.79884910583496 31.54442977905273 -2.107797861099243 2.019026 0.521403 0.919517 -1.821127
4 -11.50689888000488 -6.956315040588379 -1.073401093482971 2.726056 0.807498 1.503584 0.01737941
1 30.92076110839844 -0.1491214334964752 -0.945536732673645 1.191749 1.765292 1.605046 0.0
4 15.51869201660156 28.04575157165527 -1.952349424362183 1.15485 0.658916 1.532393 -2.328202
4 -56.98746490478516 -8.92778205871582 -1.330028533935547 0.974201 0.554415 1.435028 0.02615614
3 -32.81288528442383 -13.24193859100342 -0.7236108183860779 0.34783 0.559416 1.349842 0.005309061
1 -12.91774368286133 15.75132465362549 -1.546257257461548 4.129128 1.814516 1.688796 -3.031892
3 22.85328483581543 -11.96467113494873 -0.7633492946624756 0.558801 0.546304 1.699223 0.01437059
4 18.45325469970703 35.73513793945313 -2.139777183532715 0.749458 0.513011 0.871104 -1.484099