6 -34.66781234741211 18.3632698059082 -1.2682284116745 0.350113 1.417612 0.280625 3.098721
3 -18.83144378662109 28.66341400146484 -1.037052631378174 0.512867 0.411076 1.389579 0.006943041
4 -0.484526515007019 -7.772409439086914 -0.9919278025627136 1.736779 0.845037 1.594262 -0.0996579
4 12.95120429992676 20.98101425170898 -1.370172142982483 1.096337 0.711034 1.381212 -3.081547
4 18.09758377075195 -7.913556575775147 -0.9890828728675842 1.098343 0.576953 1.741674 0.03876312
4 20.10085487365723 -7.483994960784912 -1.408888101577759 0.646321 0.301166 0.690145 -0.02033181
4 22.2270393371582 18.67423248291016 -1.498194456100464 0.777117 0.597006 0.974633 3.12514
1 5.771661281585693 16.10544013977051 -1.005429625511169 3.672902 1.929632 1.077905 -3.128115
4 -11.70553684234619 2.905808210372925 -1.030189037322998 2.788769 1.040484 1.495921 -1.111294
4 -24.48095703125 -5.151518821716309 -0.8329070210456848 1.368317 0.638525 1.62637 -0.006108236
1 -4.30268669128418 11.22609424591065 -0.8207209706306458 1.937762 1.43148 0.540615 -3.119771
4 43.01009750366211 -7.024439811706543 -1.261695981025696 0.696793 0.465227 1.396531 -0.4785605
4 0.3998935222625732 -6.382852077484131 -0.9376603364944458 1.70596 0.762951 1.645112 -0.0996579
3 -8.165160179138184 26.03156471252441 -1.276878476142883 0.55121 0.450404 1.631504 -3.009009
1 -8.482934951782227 6.18455696105957 -0.9294780492782593 4.443942 1.994132 1.66936 -1.985729
2 -1.365270137786865 22.03865242004395 -0.5038238763809204 11.133272 2.193045 2.952962 3.126086
4 -10.49601268768311 19.71660995483398 -1.404687285423279 1.726878 0.480212 1.461813 -3.07896
1 -14.97812271118164 15.25703430175781 -0.8487106561660767 2.965017 1.503065 1.161282 -3.130129
3 -53.49654769897461 -10.54106140136719 -0.4596939980983734 0.335623 0.396979 1.476447 -0.01359609
4 -13.37058544158936 2.385589122772217 -0.9699492454528809 1.167201 0.753149 1.521221 -1.181002
2 -31.73775291442871 22.97610664367676 -0.3676455914974213 11.513578 2.972509 3.622278 3.129961
1 -32.67778396606445 14.89465999603272 -0.7218100428581238 3.097441 1.690068 1.151031 -3.124898
4 -19.48506164550781 -6.960643291473389 -0.780627965927124 1.297362 0.672188 1.621022 0.02074647
1 21.23332786560059 1.042952656745911 -1.125427603721619 3.265883 2.077539 1.658572 -0.02004622
4 -41.21399688720703 -5.655917644500732 -0.7437711358070374 2.259614 1.183759 1.621806 0.002562548
4 -12.63884925842285 -0.2357510626316071 -0.9776906371116638 1.769839 0.806361 1.485971 -1.124369
6 -28.13436508178711 20.98324203491211 -0.890066385269165 0.468559 0.604772 0.514605 3.141592
4 23.54648590087891 -6.774858951568604 -1.173690676689148 1.152018 0.537744 1.532743 0.03876312
3 54.22340393066406 -12.21207141876221 -0.9548718333244324 0.183273 0.395141 0.89436 0.04783971
4 1.172083973884583 -5.004861354827881 -1.042903065681458 1.653585 0.649023 1.480564 -0.06647135
4 15.53787136077881 -6.247640609741211 -1.10363245010376 1.650113 0.587073 1.467744 0.03876312
1 27.16856956481934 -3.397303581237793 -1.219983100891113 3.764381 1.852962 1.537002 -0.01550215
4 -16.46798324584961 1.179522395133972 -0.9785172939300537 1.741175 0.803802 1.517857 -1.110139