3 -8.175461769104004 -10.71264457702637 -0.7719575762748718 0.751614 0.48783 1.563443 0.009048166
4 2.030235290527344 20.81016349792481 -1.454722404479981 1.051642 0.556429 1.325622 3.116674
4 -18.09258079528809 -5.984482765197754 -1.051691770553589 1.654029 0.542981 1.554001 0.02878676
1 28.51591873168945 -2.69350528717041 -0.9213308095932007 3.956174 1.842125 1.57033 -0.002139836
4 34.36328506469727 6.388172626495361 -0.925961971282959 1.572883 0.748233 1.332347 -1.430078
4 36.32101058959961 5.69858455657959 -0.9894190430641174 1.446947 0.47445 1.431492 -1.512439
4 -5.724315643310547 20.72202873229981 -1.394533634185791 1.189772 0.460567 0.997913 3.131866
4 28.37238502502441 -6.472554683685303 -0.9405248761177063 1.531695 0.497333 1.488304 0.07105806
2 49.62564086914063 23.08121490478516 0.386037141084671 10.487095 3.083592 1.966878 -3.102061
4 -59.02635955810547 -6.152505397796631 -1.27413284778595 1.055782 0.361467 1.157195 -0.01633161
4 28.01297760009766 -5.337542057037354 -0.9679558277130127 1.389229 0.790045 1.282197 0.1623173
4 11.77632522583008 -6.621361255645752 -0.9352389574050903 1.703816 0.560286 1.603683 0.003639207
6 37.96108627319336 7.17855978012085 -0.8129283785820007 0.545287 0.148357 0.965049 -1.329728
1 44.84189224243164 2.931013345718384 -0.8248276710510254 4.35254 1.732654 1.450245 -0.7202502
6 50.2056770324707 -6.066112995147705 -0.4708899855613709 0.404275 0.310654 0.631398 0.1422613
3 12.9883918762207 26.88862228393555 -0.8609209656715393 0.685804 0.607379 0.52126 -0.001468722
4 50.96060562133789 -7.381252765655518 -0.8457440733909607 1.463709 0.83881 1.355141 0.129388
4 -28.9326057434082 -6.341543674468994 -1.029187202453613 2.222809 1.159815 1.590037 0.02871053
4 -2.744085311889648 19.81474494934082 -1.233945727348328 0.787784 0.454524 0.747506 -3.130259
4 -55.28101348876953 -6.990270614624023 -1.178163886070252 0.90649 0.322732 1.083357 -0.01633161
2 19.68842315673828 22.8957405090332 -0.04123635217547417 11.136099 3.119011 2.601938 -3.12029
1 45.76800537109375 10.94216537475586 -0.8867383599281311 2.371713 1.665565 1.544207 -3.101949
1 3.579024791717529 22.3527889251709 -1.349115967750549 2.649515 1.672496 1.243532 -3.140516
4 39.72914886474609 7.854878902435303 -0.9629908800125122 1.493843 0.875362 1.223006 -1.844279
4 15.96401977539063 -5.516419887542725 -1.020253896713257 1.483625 0.697367 1.418844 0.003639207