2 -44.62825775146484 4.942496299743652 -0.717747688293457 2.713731 0.330707 2.752514 -0.03242776
1 35.77614212036133 -1.358381986618042 -0.9447999000549316 1.902468 1.88526 1.407081 -0.002106015
1 19.94807243347168 3.0335693359375 -1.324290990829468 0.383573 1.025339 0.628435 -1.583401
2 3.299805879592896 -3.43074107170105 -0.6314896941184998 6.248989 2.377826 2.202268 -3.053755
6 40.65231704711914 2.879570960998535 -0.3024852573871613 0.205835 0.362292 0.550047 0.103274
4 -54.52889251708984 3.162836074829102 -1.269329309463501 1.300135 0.942448 1.083042 3.052354
2 -30.33106994628906 4.539432525634766 -0.6166179180145264 5.538665 0.483308 2.883154 3.074998
1 -38.17206192016602 -5.288193702697754 -1.643134713172913 0.530536 0.868422 0.501696 3.109165
1 -28.69613456726074 -5.043832778930664 -1.139313697814941 3.912671 1.227888 1.796677 3.13045
1 44.14658355712891 -4.599963188171387 -1.053043246269226 1.353824 1.896766 1.393811 0.1574362
2 -35.16308212280273 4.639530181884766 -0.7425677180290222 2.654536 0.671393 2.641298 0.01488128
2 -49.81642150878906 5.082272529602051 -0.6092950105667114 0.967951 0.795804 2.171052 3.109165
2 -1.784368753433228 4.096550464630127 -0.6881895065307617 6.458718 2.396415 2.237282 -0.02296797
2 3.069246053695679 6.299493789672852 -0.6172978281974792 6.118681 2.544819 2.371353 -1.650319
2 -23.81006050109863 4.458663463592529 -0.5119815468788147 6.233664 1.227362 2.871894 -0.06781589
2 -15.14307975769043 -3.645444631576538 -0.5599732995033264 6.134081 1.053605 2.699749 -3.115361
4 42.75058746337891 -3.145996332168579 -1.036754369735718 2.274412 1.238763 1.402475 0.2878821
2 -40.70901870727539 -7.057348251342773 -0.01824935339391232 5.463297 0.619393 1.275826 -0.1293893
4 -29.11307907104492 -1.878341674804688 -1.223978042602539 1.149987 0.782022 1.428761 -0.03242776
2 -39.69438171386719 4.697441577911377 -1.637325167655945 3.828503 0.267118 0.949677 -0.03242776
2 11.16297245025635 3.061159610748291 -0.5477767586708069 6.707281 1.225702 2.426734 0.005258883
2 -0.7681775093078613 -6.710930824279785 -0.5706188082695007 4.617508 2.187252 1.963073 -1.49316
2 15.89112186431885 2.829444408416748 -0.3736294209957123 1.13 1.109324 2.295913 1.779022
3 -28.3966236114502 -3.347187042236328 -1.249045729637146 0.638243 0.6162 1.522464 3.012438
2 5.999646663665772 4.28839111328125 -0.6263805031776428 3.052392 2.392249 2.274314 1.592795
2 45.92036437988281 2.464417934417725 -0.02625144086778164 0.580221 1.398428 2.082283 -0.002106015
2 -10.03731918334961 4.237960338592529 -0.5893533825874329 6.32988 2.283419 2.55044 -0.04891179
2 -17.22885322570801 4.18867301940918 -0.5054370760917664 6.13148 0.631721 2.73408 3.065198
2 32.78504943847656 3.405076265335083 -0.1942057013511658 2.063206 0.592427 2.748748 1.527404
2 32.4300651550293 -4.580225467681885 -0.205587312579155 6.066188 0.940962 2.962821 3.098952
2 51.58260345458984 1.028804302215576 0.114092729985714 0.74962 2.243974 2.633315 0.03515768
6 -58.37204742431641 5.357383728027344 -1.248888492584229 0.610571 0.699496 1.500689 -0.005574757
2 1.166661143302918 -5.911965370178223 -0.0658230111002922 2.21969 1.285257 1.057213 -1.524581
2 25.53340721130371 3.157010078430176 -0.3386398255825043 1.308778 1.584993 2.313063 -1.563032
2 28.45115470886231 2.882157802581787 -0.2586794793605804 1.592344 1.792504 2.380143 -1.573116
2 22.93302726745606 3.036216974258423 -0.4956974387168884 0.828962 1.781093 1.92635 -1.570545
2 43.07752227783203 2.641446590423584 0.005877700168639422 0.446325 0.968267 1.263638 -0.002106015
1 38.37776184082031 2.492284536361694 -1.261509299278259 2.246163 0.653342 0.967088 -1.472221
2 18.06722640991211 -4.745705604553223 -0.3907740116119385 6.181616 1.893105 2.639934 3.139487
1 -50.14397430419922 -2.704500675201416 -1.354162931442261 4.230856 1.669094 1.418574 -0.1990572
2 -8.35129451751709 -4.23563814163208 -0.5754253268241882 6.203053 2.341893 2.401675 0.006316544
2 -49.54924011230469 -5.537303447723389 -0.81545490026474 5.991133 2.977014 3.13589 -0.2087798
2 25.59917259216309 -4.408007621765137 -0.2961535453796387 6.126431 0.556314 2.81829 -0.05091356
1 43.24217224121094 -0.06658148020505905 -1.282159924507141 0.865025 1.03362 0.743959 3.138531