4 -39.89073944091797 -7.456356048583984 -0.8013241291046143 1.142559 0.56958 1.528228 0.05680031
1 6.758935451507568 15.31680488586426 -1.182745099067688 1.904101 1.727418 0.832949 3.110816
6 -47.09654235839844 -6.37702226638794 -0.3875724077224731 0.358962 0.295768 0.599816 0.05680031
4 51.55887985229492 -6.062347888946533 -1.361530661582947 1.401622 1.221318 1.339751 0.06129603
4 26.32015991210938 -6.29108190536499 -1.233727335929871 1.013337 0.478762 1.53632 0.1546862
3 -32.05533981323242 -7.501914024353027 -0.755336344242096 0.790679 0.606792 1.55408 -0.006401244
3 -13.08929538726807 -9.480608940124512 -0.6248350739479065 0.459331 0.498347 1.551545 0.08428424
4 -54.67257308959961 -5.91701602935791 -0.7401844263076782 0.507093 0.497302 1.193623 -1.444265
4 51.6768913269043 -4.237881660461426 -1.579475045204163 0.514363 0.495568 0.897039 0.095538
4 20.2677001953125 -5.863130569458008 -1.11709189414978 1.697364 0.778131 1.616692 -0.04251272
4 -33.05403900146484 -5.105584144592285 -0.7267916798591614 2.638485 1.100349 1.812287 0.005322037