4 8.652969360351562 -5.657536029815674 -0.9820548892021179 1.732088 0.638419 1.602719 0.05355804
4 42.64776229858398 21.26836204528809 -1.621442914009094 0.597321 0.446023 1.140251 -3.085575
1 25.60190963745117 21.70428085327148 -1.648083329200745 4.292726 0.524599 1.217943 -3.078405
1 -0.1820199340581894 17.13976860046387 -1.317610383033752 4.582695 2.294027 1.305071 -3.123731
4 46.63512420654297 37.09847640991211 -1.858048796653748 1.732695 0.462604 1.019398 -1.603835
4 39.83906936645508 -6.014578342437744 -1.060525894165039 1.903515 1.230132 1.494767 -0.01982242
4 -45.55491256713867 -5.849340438842773 -1.184725284576416 2.188178 0.800669 1.189891 0.03354105
4 -50.90618896484375 -7.89557409286499 -1.088904500007629 1.063554 0.648067 1.251323 0.1380551
4 42.73677825927734 20.06558799743652 -1.612324714660645 1.063844 0.47461 1.130334 -3.085575
3 -52.74958801269531 25.31164169311523 -1.381942868232727 0.212339 0.284934 1.177419 0.07021467
4 14.32513904571533 -6.30513334274292 -1.059062957763672 1.340898 0.540254 1.425683 1.479682e-16
4 40.77166748046875 -4.087530612945557 -1.203311085700989 0.83912 0.534657 1.334767 0.042813