2 1.448649883270264 7.10642147064209 -0.6474251747131348 5.803894 2.303296 2.371634 1.626871
2 -21.01142120361328 3.373854875564575 -0.4205842018127441 0.655024 2.212516 2.601015 1.629432
1 13.32698440551758 0.270048052072525 -1.048943400382996 4.718404 1.743675 1.52228 -0.3450283
2 24.56793594360352 -2.644930839538574 -0.3524135053157806 5.806059 1.836624 2.933564 0.08226332
1 30.79732513427734 7.966994285583496 0.1943955570459366 0.586921 0.893375 0.953041 -2.951706
2 -23.05992317199707 -5.306499481201172 -0.3485507965087891 6.7035 1.590034 2.827105 0.1345839
2 5.965238094329834 -2.700937032699585 -0.6120944619178772 6.279156 2.598655 2.32806 -3.100511
1 10.58146858215332 3.112979412078857 -0.9379013776779175 4.142268 2.077275 1.759322 3.133718
2 6.065542221069336 7.715977668762207 -0.616109311580658 5.244183 2.266279 2.391409 1.869241
2 -51.44681930541992 2.194653749465942 -0.7606925964355469 7.141258 1.15339 2.782245 0.05016239
1 35.80539321899414 -0.5199331045150757 -0.6747807264328003 0.452594 1.003937 0.951347 -3.047526
2 40.73756790161133 5.927656650543213 -0.3146787881851196 2.06821 0.706542 2.699526 3.112053
2 -11.146240234375 6.435272693634033 -0.5710364580154419 5.921651 2.32668 2.521794 1.824751
2 -37.15596008300781 2.545802593231201 -0.5286736488342285 6.117757 0.944021 2.820432 0.04870648
2 -28.72530555725098 3.250357866287231 -0.5189826488494873 6.172161 1.062666 2.778537 0.09653167
6 32.66863250732422 5.249773979187012 0.03566386550664902 0.271977 0.27156 1.91055 -2.964395
1 20.82067108154297 3.656162977218628 -1.024277567863464 1.350385 0.681289 1.45934 -0.006440445
2 14.04721927642822 6.856789112091065 -0.1951470226049423 1.912888 2.014389 2.003586 -1.441462
2 -8.421048164367676 -3.006547451019287 -0.6281431913375854 6.60627 1.327721 2.354302 -3.043781
1 18.3664493560791 -0.9728299379348755 -1.111231923103333 3.024137 1.586104 1.570218 -3.082285
2 4.586747646331787 -5.753689765930176 -0.66802978515625 1.478771 2.996403 2.324069 -0.037791
2 19.30129814147949 6.435177326202393 0.221362829208374 1.680318 2.126329 1.461532 -1.595774
2 49.51089859008789 5.780915260314941 -0.1663375943899155 2.243311 1.439556 3.003868 -0.3690332
2 26.25953483581543 5.336518287658691 0.0179233904927969 4.333986 2.290658 2.151897 0.09186889
1 11.70993518829346 5.984869956970215 -1.051379799842835 2.421043 1.927518 1.500561 -1.403595
2 -0.9130091071128845 -3.127519607543945 -0.6142861247062683 6.353443 2.244872 1.996439 0.06816293
2 -1.344558596611023 6.331267356872559 -0.681654155254364 3.866232 2.266135 2.291871 -1.43419
2 -16.05773544311523 4.105674266815186 -0.5113175511360168 6.275949 1.919348 2.692086 0.09220618
4 -35.690673828125 -1.86597752571106 -1.253234028816223 1.115811 0.780105 1.539695 0.07682018
2 38.84861755371094 10.48454189300537 0.768875777721405 0.183459 1.088389 0.771267 -2.951706
1 16.98101997375488 -2.605525016784668 -0.9883890748023987 3.398934 0.623562 1.56902 -3.055516
2 -3.868508100509644 6.334490299224854 -0.6242022514343262 4.476992 2.360033 2.312978 -1.471201
1 -6.883463382720947 6.075333118438721 -1.036946535110474 3.540481 2.083179 1.725254 1.640872
2 28.00153350830078 8.015068054199219 0.283580869436264 1.108202 1.918226 1.264113 -1.431583
2 -20.90230369567871 -2.971077680587769 -0.4848877191543579 1.869884 2.463305 2.719126 -3.023845
2 34.10761260986328 3.05587649345398 -0.7108765244483948 2.594627 1.10687 1.519596 3.016245
2 9.189807891845703 5.95842170715332 -0.5695832967758179 0.787418 2.597594 2.426785 1.735182
2 16.46167373657227 6.608253479003906 -0.1333572119474411 2.657241 2.209471 2.01128 -1.411971
2 2.417442798614502 -5.551031589508057 -0.3595045506954193 1.885356 1.170342 0.685755 -1.626665