6 -35.37498474121094 -4.824803352355957 -0.370116800069809 0.22052 0.261816 0.329642 0.2426345
3 -22.0963306427002 26.36728286743164 -1.443721890449524 0.522406 1.1134 1.547503 1.536776
1 -36.1467399597168 35.18122863769531 -1.89875864982605 3.786877 1.722417 1.214489 1.970456
1 -40.6495361328125 42.47105407714844 -1.578933238983154 2.495099 0.656802 1.45424 -1.672115
4 26.28716850280762 -3.88584303855896 -0.9915637969970703 2.510679 1.118224 1.741704 0.06054416
4 -27.76119613647461 -3.501371145248413 -0.9694659113883972 1.166504 0.662484 1.451015 -0.05632802
1 -12.81461143493652 19.04928207397461 -1.324499845504761 3.185937 1.620464 0.936648 -3.028763
3 -31.32335662841797 27.64008522033691 -1.366508364677429 0.225931 0.269788 1.007376 -1.507002
6 -57.18402862548828 14.55972385406494 -1.061907768249512 0.486592 0.795291 0.818652 -3.109855
4 -22.20252990722656 -4.187562942504883 -0.9422122240066528 1.466869 0.620176 1.596719 -0.008206467
1 -23.0220947265625 12.05706977844238 -0.334992915391922 3.687222 1.740437 0.538094 -3.109118
4 42.71999740600586 -3.492287635803223 -1.13436770439148 1.166063 0.687119 1.153101 -0.004095802
4 -29.24460220336914 -4.227810859680176 -0.9257856011390686 1.489335 0.712203 1.584773 0.02125082
4 -25.66183280944824 -5.453287601470947 -0.9686989188194275 1.692492 0.755993 1.518016 0.07515118