3 41.79823303222656 28.82360458374023 -0.6956036686897278 0.291076 0.481044 1.675239 0.05545868
2 -22.86317253112793 22.64358901977539 -0.5036724209785461 11.167165 3.333652 3.749055 3.13827
4 -8.653007507324219 3.56670618057251 -1.077717661857605 1.18354 0.910514 1.579158 -1.487827
4 34.06522369384766 -7.349477291107178 -0.808844268321991 2.276327 0.590527 1.651561 0.1889271
4 2.564819097518921 -5.128106117248535 -1.015559077262878 2.232711 0.761742 1.414435 0.01694735
1 0.7802061438560486 7.458408832550049 -1.003528118133545 4.432944 1.894514 1.653213 -2.236142
4 -5.666289806365967 2.669960498809815 -1.053881049156189 1.773638 0.753776 1.547951 -1.312431
1 6.323375701904297 15.04294300079346 -1.151886582374573 4.045441 1.894202 1.711424 -3.124307
4 4.221416473388672 -6.170100212097168 -0.9054643511772156 2.177595 0.776252 1.674955 0.006661016
6 50.46394729614258 23.16471481323242 -1.088881254196167 0.139145 0.529632 0.528076 0.04398696
3 -10.19262981414795 28.53584861755371 -1.235222816467285 0.480991 0.54475 1.372564 -1.997353
4 27.26679611206055 -6.372447490692139 -0.9222580790519714 1.589673 0.659286 1.599741 0.0416442
2 7.260354995727539 22.74910163879395 -0.157168909907341 11.006328 3.174828 2.535935 -3.1157
3 -45.84878540039063 -11.15523147583008 -0.4975481927394867 0.198333 0.505641 1.013012 0.02530511
3 2.143731117248535 26.03706550598145 -0.9607376456260681 0.471086 0.271871 0.754904 -0.03260744
1 6.25839900970459 11.43215560913086 -1.133337736129761 3.780556 1.808491 1.315302 -3.102015
1 -16.63744354248047 17.9067440032959 -1.459539413452148 3.29264 1.656375 1.364598 3.123926
4 -3.51372766494751 5.283335685729981 -1.059310436248779 2.707636 1.032489 1.43743 -1.663492
4 -24.97726821899414 -5.605648040771484 -0.9764460921287537 1.464135 0.705333 1.613343 0.01108662
6 27.09693717956543 16.07076072692871 -0.8122237920761108 2.22977 1.620142 0.465125 3.098796
4 8.693946838378906 -7.591383934020996 -0.9930569529533386 1.78046 0.633309 1.525914 0.01077623
3 26.77923965454102 21.64081764221191 -1.002749681472778 0.432429 0.555225 0.636878 3.10047
4 -23.01256561279297 20.53061866760254 -1.479438185691834 1.61912 0.734239 1.561227 -0.00464851
4 15.79908752441406 -5.697722911834717 -1.024879455566406 1.745805 0.612776 1.502525 0.07765909
4 -41.00121688842773 -6.20253849029541 -1.000265836715698 2.231947 1.213406 1.541966 -0.01483975
4 -15.12545680999756 -6.892551422119141 -0.9006121158599854 1.679005 0.669169 1.767651 0.00199186
4 -4.874943256378174 4.868596076965332 -1.013837099075317 1.735322 0.854799 1.589504 -1.631101
1 -9.970190048217773 14.82182216644287 -1.119964838027954 4.709378 2.090084 1.880634 -3.110011
3 7.620029926300049 20.36595153808594 -0.9464494585990906 0.333631 0.510685 0.469143 -3.10787
1 24.59411811828613 -3.087014675140381 -0.9650210738182068 3.915693 1.841095 1.565988 0.03834431
1 21.2049732208252 1.342621684074402 -0.9418500065803528 3.464291 2.134977 1.632596 0.02252406