2 42.94906234741211 -0.3662375509738922 -0.1215329393744469 6.331903 2.600446 1.566668 -2.910465
6 34.4061279296875 9.154792785644531 0.2926280498504639 0.924718 1.768431 2.281881 3.141592
5 -32.24797058105469 -12.83789825439453 -1.493110299110413 0.30835 0.37758 0.533922 -2.949393
1 29.73631858825684 -0.4034740924835205 -0.5469679236412048 0.590443 1.290535 0.508021 -2.912373
4 26.27484703063965 31.08450698852539 -1.821610808372498 1.608518 0.519798 1.145718 1.697391
2 -15.18626689910889 -7.393653869628906 -0.4655641317367554 5.819105 1.200923 2.629664 -2.800943
2 41.75287246704102 -3.089663982391357 -0.1577134430408478 1.934579 2.014464 1.592441 -2.964882
2 13.11411666870117 48.29292297363281 -1.825216889381409 2.639137 2.20262 1.535252 1.611006
2 -5.693532943725586 -5.143059730529785 -0.5961111783981323 6.135218 2.481084 2.343401 0.2250049
4 3.981412649154663 -10.38506317138672 -1.190185308456421 0.389428 1.227064 0.925198 -3.129276
2 -4.770296573638916 -8.85888385772705 -0.639369547367096 4.715229 3.25859 2.365675 -1.399176
1 59.94209289550781 1.387597322463989 -0.2225476056337357 2.82725 0.317194 1.443411 -2.969492
2 -21.81670570373535 -0.4209427833557129 -0.4931090474128723 5.003762 2.034827 2.975493 0.0865614
1 -45.39945220947266 -16.92946624755859 -1.042332053184509 2.662307 0.912237 1.291773 1.899607
2 27.64262199401856 5.082455158233643 0.09805856645107269 0.335593 1.914005 1.902747 0.2311277
2 55.55755996704102 -4.751126289367676 1.196632623672485 3.141785 0.815742 1.742076 0.1902436
6 22.73609352111816 1.786707520484924 -1.205575942993164 2.680264 0.610142 1.494509 -1.013707
6 24.72922706604004 -1.747931122779846 -0.6033309102058411 0.141232 0.881552 0.152169 3.117752
2 -13.90847492218018 3.95853853225708 -0.6137077808380127 3.372252 1.843589 2.625618 -2.855896
6 12.72213840484619 17.17931747436523 -1.779090285301209 0.700481 0.391087 0.6924 -1.985844
2 2.348489999771118 4.897861957550049 -0.6877611875534058 2.294756 2.448014 2.306783 -2.206917
1 33.9119758605957 -3.603068828582764 -0.8283663988113403 0.944778 0.752371 0.894552 0.10901
4 15.03323364257813 1.351032972335815 -1.085668921470642 2.494267 1.314432 1.543649 -0.6484376
1 30.19870376586914 -4.120594501495361 -1.2638258934021 4.017044 1.208335 1.448538 0.1561081
2 -1.151966691017151 -9.313321113586426 -0.6153737306594849 6.345675 2.613649 2.524969 1.780751
3 1.569940209388733 -4.294475078582764 -1.046138763427734 0.703036 0.488336 1.441812 -0.09635012
1 40.77114868164063 -5.373802185058594 0.02812575921416283 2.230597 1.816726 0.888789 0.1256316
1 17.09198570251465 6.227449893951416 -1.15979540348053 3.137037 1.412278 1.483047 2.193323
2 -37.40572738647461 -15.5280179977417 -0.4917918145656586 2.253731 2.018573 2.847062 1.89246
2 42.47235488891602 11.10692596435547 -0.4123495817184448 3.888615 2.033824 2.109145 1.67547
1 19.42722320556641 -0.4215205907821655 -0.8003541231155396 2.957523 1.479342 0.920733 -0.1556173
1 29.50322151184082 7.521234035491943 0.05051695182919502 4.881707 2.315371 1.995027 0.1546749
6 -30.28264045715332 -13.26867008209229 -1.153549790382385 1.734297 0.195069 0.238996 -2.883457
4 -18.26901817321777 -5.505325794219971 -1.010469198226929 1.409457 0.77784 1.526178 -2.815701
2 13.00018978118897 -3.649194240570068 -0.540271520614624 6.181759 2.385466 2.534704 0.0771692
1 6.082902431488037 3.829603672027588 -1.110406875610352 4.074301 2.090472 1.535806 -2.298658
3 3.218642950057983 -5.798141002655029 -0.9497563242912292 0.832132 0.695567 1.716831 -0.09635012
1 16.23382186889648 3.196065425872803 -1.08339273929596 2.797144 1.690317 1.440141 -0.8869146
4 21.92441558837891 29.62935638427734 -1.250627160072327 0.725457 0.822315 1.667331 2.813426
2 -40.67050933837891 -4.780519485473633 -0.2534489631652832 3.814113 0.401809 2.561141 0.2684063
1 26.31976699829102 13.15671443939209 -1.410848736763001 4.5332 1.998006 1.477059 -2.859677
1 2.279807329177856 9.85188102722168 -1.319337844848633 1.194902 0.669625 1.364053 1.469681
3 0.3623389601707459 3.086958169937134 -0.872555673122406 0.587397 0.339421 0.708874 0.2323099
2 -9.903212547302246 4.384527683258057 -0.4110614657402039 2.12765 0.445957 2.077181 0.2124351
2 1.303585529327393 -6.99429988861084 -0.6531939506530762 2.229711 2.20293 2.334747 1.775721
4 -0.551031231880188 -3.232187032699585 -0.9818242788314819 3.041807 1.28532 1.566033 -0.09635012
2 11.31437015533447 -6.888169288635254 -0.5878500938415527 2.248302 2.787294 2.548188 1.736039
1 13.60208225250244 9.939131736755371 -1.328292965888977 3.160664 1.98845 1.423281 -1.978686
4 52.04589080810547 -5.266073226928711 0.3925271928310394 1.592713 0.885257 0.664826 0.1902436
2 -34.91830444335938 -7.215219020843506 -0.1919739842414856 6.178136 2.331234 3.170512 1.34671
2 47.68356704711914 16.67907905578613 -0.485886961221695 5.206137 0.633601 1.893203 1.642151
1 6.864393711090088 -0.2308065146207809 -1.081948757171631 3.160578 2.118733 1.537197 -0.1211626
4 28.26399421691895 26.65066719055176 -1.795459747314453 1.601694 0.585279 0.833803 1.650445
2 11.37953472137451 -12.25808620452881 -0.522031307220459 6.321547 2.04795 2.697313 -1.532145
2 0.5304461717605591 6.087869167327881 -0.7180625200271606 1.071343 1.683397 2.334039 1.763829
2 5.549617290496826 -11.9994707107544 -0.6305336356163025 6.232615 2.373003 2.626424 -1.490207
2 27.37180519104004 2.845919609069824 -0.3954041600227356 5.934005 2.257499 2.56444 3.046682
3 2.548819303512573 -2.786802053451538 -0.9346659779548645 0.851647 1.077624 1.681141 -0.09635012
1 13.06639385223389 -0.8247181177139282 -1.104782700538635 2.959553 1.823522 1.439489 0.05636978
1 9.231444358825684 30.07571220397949 -1.421319365501404 1.475821 0.553341 0.990802 -1.428625
2 -14.89071655273438 1.528448700904846 -0.5327309966087341 6.68941 2.102607 2.6046 -2.926405
2 -3.001903295516968 3.223432540893555 -0.7073946595191956 6.128141 1.406877 2.297919 -2.951464
1 25.48098182678223 9.462967872619629 -0.779462456703186 1.473898 0.817013 0.653873 2.983539
1 36.7198600769043 1.255424976348877 -1.134491682052612 2.837672 1.046176 0.870493 0.2362518
3 24.3946418762207 10.2414083480835 -0.7390375137329102 0.334671 0.599029 0.573024 3.141592
1 15.69812774658203 -47.32737350463867 1.452137589454651 1.095194 0.796713 0.88437 -1.157369
2 -48.15645599365234 -16.79427146911621 -0.08047568053007126 5.270083 0.928355 2.712548 1.804983
2 -28.62556076049805 -2.59316086769104 -0.3535943031311035 5.959847 1.111476 2.963511 0.1980456