4 31.56408882141113 -6.477670192718506 -0.7961848974227905 1.543851 0.637895 1.680899 0.02302732
4 47.43846893310547 -6.643237590789795 -0.8305792808532715 1.182613 0.527396 1.546418 0.02302732
4 41.15096664428711 -4.983659744262695 -0.8328676819801331 1.052314 0.561904 1.078189 0.02302732
4 -7.400566101074219 -5.541034698486328 -0.9641566872596741 1.803904 0.695091 1.575801 -9.063714e-17
1 36.32802963256836 -2.398674488067627 -1.173879146575928 1.068975 1.851146 0.928398 0.02302732
6 -15.46461009979248 15.70108032226563 -1.784827709197998 0.116103 1.209216 0.355649 -3.09359
4 -15.793532371521 -6.360335350036621 -0.8924534320831299 2.41484 1.307151 1.689308 -6.136888e-17
4 28.60703659057617 -5.127197742462158 -0.9684450030326843 1.590656 0.769916 1.391971 0.02302732
3 17.86615943908691 -10.69194793701172 -0.6584812998771667 0.718027 0.620813 1.553237 0.003795577
4 -45.43038940429688 -5.726724147796631 -1.097148537635803 1.132453 0.419903 1.338765 0.02302732
4 -41.88301849365234 -6.679088115692139 -1.217575907707214 0.902159 0.577308 1.334636 0.02302732