3 19.4551887512207 -12.88651466369629 -0.8657388091087341 0.749503 0.622691 1.62482 -0.006371503
4 -28.24512481689453 -5.644894123077393 -1.010009527206421 1.361277 0.690552 1.4528 -0.2823992
1 -46.63067626953125 -0.384928286075592 -1.079564452171326 4.050536 1.849905 1.368084 -0.319945
4 -43.53747177124023 -5.965581893920898 -0.6816989183425903 0.585991 0.546964 0.624831 0.01077172
4 -6.517257213592529 -6.909393310546875 -1.088969349861145 1.933943 0.726567 1.506445 -0.006634939
4 -33.78842926025391 -7.321488380432129 -0.9608469009399414 0.996146 0.525417 1.4736 0.004633811
4 -44.77138519287109 -7.390036582946777 -0.8060986399650574 1.06948 0.507701 1.451959 0.07524849
1 34.21113586425781 -4.102960109710693 -1.435485601425171 3.978094 1.809834 0.937748 0.001188221
4 -42.95298767089844 -8.21783447265625 -0.7693489193916321 1.41318 0.773324 1.399289 0.0522356
4 -20.78945159912109 -7.843916893005371 -0.9718003273010254 1.209684 0.540976 1.628995 0.01484909
1 26.23722457885742 0.03683311492204666 -1.1796875 1.172344 1.785229 1.462872 0.004756649
4 -53.60790252685547 -7.752585411071777 -1.043132185935974 0.614946 0.60599 1.014246 0.04070466
4 35.66088485717773 -8.276633262634277 -1.39060115814209 1.036554 0.810038 1.351142 -0.01558457
4 9.16855525970459 -7.102113246917725 -1.102000951766968 1.838603 0.711537 1.46985 0.01955984
4 30.9288387298584 -9.401371002197266 -1.29249107837677 1.245718 0.640896 1.378038 0.02393193
4 -37.79137802124023 -4.716994762420654 -1.142592787742615 2.385465 0.820434 1.375291 -0.2361915
4 -37.36057662963867 -6.579779148101807 -1.156489610671997 1.069869 0.553618 1.399689 -0.2443719
6 -43.90336608886719 -9.193426132202148 -0.735626220703125 0.201933 0.340338 0.742017 -3.104968
4 3.582834720611572 -8.970911979675293 -1.047243237495422 1.7144 0.609959 1.650335 -0.02287133