2 25.80656242370606 2.835721731185913 -0.5051571726799011 1.55269 2.457705 2.390365 1.487758
2 7.954309940338135 3.403881311416626 -0.6309195160865784 6.351876 1.989717 2.390437 0.0200003
2 -0.09995876252651215 4.116701602935791 -0.6342686414718628 2.003747 2.471737 2.110588 -1.635744
1 -31.61545753479004 -4.725887298583984 -0.8659104704856873 3.527284 0.820619 1.559657 -3.112728
2 22.66682243347168 3.258972406387329 -0.5183120965957642 1.436743 1.929765 2.500196 -1.585428
2 29.68884086608887 3.485989570617676 -0.3571934401988983 2.315956 0.235808 2.654633 1.8332
2 -37.85186767578125 4.56753396987915 -0.1313178092241287 0.528315 2.046145 2.546651 1.614462
2 -26.88255500793457 4.273043155670166 -0.222771167755127 6.193452 1.096796 2.973905 -0.04094819
2 13.91551303863525 -6.936465263366699 -0.6643176078796387 1.26744 2.027947 2.507359 1.479015
2 22.54130935668945 -4.585305690765381 -0.5225487351417542 6.126858 0.765924 2.897183 -0.03879675
2 -4.721330642700195 4.121965408325195 -0.6248249411582947 6.32591 2.320216 2.305491 -0.0203396
4 -30.78536796569824 -1.949766635894775 -0.9619850516319275 1.40506 0.720665 1.427953 -0.00597016
2 42.6605339050293 2.336411952972412 -0.543491780757904 1.451437 0.832743 2.324291 -1.191722
6 -46.46174240112305 4.980423927307129 0.453180342912674 0.396486 0.229537 1.76627 1.584544
4 40.5664176940918 -3.093003273010254 -1.490765929222107 1.636525 0.958001 1.233429 0.06384017
2 -33.25074768066406 4.462682723999023 -0.2676725387573242 5.423536 0.592714 2.869443 3.106914
2 -20.09799957275391 4.073543548583984 -0.3736211657524109 5.641911 0.479649 2.65131 3.078111
2 2.101902008056641 -2.650520324707031 -0.5574365854263306 2.278977 0.958224 1.872897 -3.083675
6 37.4685173034668 2.711129188537598 -0.6583863496780396 0.528903 0.404667 0.724884 1.664692
2 -52.83898162841797 5.089734554290772 0.0406668595969677 0.822215 0.792186 2.356865 3.112702
2 29.38034057617188 -4.67534351348877 -0.5666110515594482 6.215404 0.977326 2.925102 3.080182
1 35.43782806396484 2.067157506942749 -1.438342928886414 1.632338 0.735535 1.108863 -1.430968
2 39.98070907592773 2.564336061477661 -0.3729695081710815 0.988942 0.32482 1.516786 -1.438485
2 20.18919563293457 3.141099452972412 -0.4977387487888336 0.980996 2.377294 2.362988 -1.558146
2 -13.23490142822266 4.041256904602051 -0.4767642617225647 6.625841 1.843851 2.554421 -0.05047256
1 40.40095520019531 -0.3484324812889099 -1.295560121536255 2.084023 1.52955 1.52576 -3.07653
1 34.06930541992188 -1.58538281917572 -1.30236554145813 4.171111 2.115738 1.301931 -0.09751403
1 40.968994140625 -4.513702869415283 -1.509450197219849 1.097739 1.665807 1.256802 0.05900058
2 47.61001968383789 -6.255881309509277 -0.350278377532959 3.740683 0.376942 2.057499 0.06696364
2 -42.83805465698242 4.666501998901367 -1.109790444374085 0.262851 4.009908 0.636735 1.584544
2 48.46750640869141 0.9096730351448059 -0.4904947876930237 0.626994 2.198655 2.318257 0.04524351
6 -50.02939987182617 -6.839727878570557 0.2076206207275391 0.175281 0.421187 1.181636 3.088042
1 -41.40530395507813 -5.097850322723389 -1.247833371162415 0.84675 0.874481 0.548509 -1.624798
2 -44.22687530517578 -6.797602653503418 0.1975164413452148 4.329219 0.393788 1.12138 3.045174
2 -11.48576068878174 -4.227866172790527 -0.4486776888370514 6.535685 2.215518 2.389168 -0.001577327
2 -2.769551753997803 -3.540959596633911 -0.570914089679718 3.369181 2.087091 1.907804 0.02124296
1 16.89248847961426 2.99909520149231 -1.458618521690369 0.454116 1.082823 0.630241 -1.569892
2 10.44112777709961 -6.743364810943604 -0.6100987792015076 1.905578 2.287744 2.575067 -1.625782
1 -52.68473434448242 -2.698530673980713 -0.702376127243042 3.151104 1.571963 1.408127 -0.1108778
2 19.94109344482422 -9.752007484436035 0.05430702492594719 3.174687 1.472846 1.398357 3.002759
2 -3.882367610931397 -5.064920902252197 -0.4334254264831543 1.086824 2.143547 1.828381 -1.557715
2 15.06170463562012 -4.899210453033447 -0.5332369208335876 6.114675 2.218696 2.767997 -3.125757
2 -52.79086685180664 -5.339373588562012 -0.1253968477249146 4.808438 2.111065 2.741032 -0.04979192
2 2.960085391998291 5.58436393737793 -0.6269264817237854 5.903066 2.162619 2.296176 1.585151
3 -31.76975059509277 -3.257194995880127 -0.9883790016174316 0.548894 0.695841 1.451988 3.006583
2 13.04949188232422 2.931658506393433 -0.4657251536846161 1.321804 1.545291 2.273576 1.76828
2 -18.04576110839844 -3.602141618728638 -0.3790710866451263 5.851882 1.056145 2.608745 -3.094848